-787138365,-2028552708,1969157982,2031642640,1592850061,-1958050249,-125763769,-1711164389,1633674741,1556894840,1172835878,-746862993,1757580673,-2082720315,-1320419136,1383576904,1456314032,1681918659,-1849898863,-1859738087,1281195083,1014249855,-2117847992,1650745077,78006784,-745588885,-1963504779,-1192293840,1424441648,172306342,1788162432,1877282886,838039303,109660543,-2076392484,-1104401414,945668045,1830703931,-1029609603,1391664322,-2111341701,1497421078,-675628665,-2135843998,-1430841455,212914311,1030887239,1545630934,1758747174,-1174294584,1888235878,2011033460,-1682585024,612051349,12328539,2047925842,487311717,-197255885
1637811940,61551217,-1492342093,-1463578326,45202666,977441194,-1773859977,1358867602,1217255560,-1331541487,93515509,-1968691816,-1015911754,-573490182,-70033477,-809713079,914609114,2058141919,1961063602,-1696305795,1644110002,426512496,2010272422,-1513524217,1934348663,-1555275027,-1116519931,495575335,88108863,-2077465416,-808133402,-8540605,-1051683934,-382546139,535730509,-1392264746,-1264499040,-1929037163,1009136557,-1447904856,-1536502079,114392514,-1671250515,862624831
-222482853,-411347666,2056654229,1630597599,-411822381,-164903027,699601674,-673492123,1858581877,2040112421,1362424475,225052457,-606136133,588810519,-817833644,-1219463868,832023776,-1870358196,-1125518077,-1132018575,2091699892,1886814907,329839918,-2143880719,1212495790,738489831,-1726601402,-1925074002,-1243441337,-1929910357,-1683185125,-179183453,1688268165,-141026759,1288713363,533273466,-1401390379,-760892833,-1581839466,222595958,-905029347,254008588,-378322100,-971739245,-875752942,-1605383917,1902630794,-1291929622,1388299974,1391425838,372746121
1312799876,1311584836,-453738280,226428773,-1708301601,-1614476818,-1841338989,1094983767,23799560,1302223159,-1704295979,-852617300,1524738144,1212356515,432047210,-506455373,-608558514,1346593394,-1910747447,-1017894034,-151707823,-55331803,-1506332608,48958908,911264088,-422014911,1724063857,1449878201,-204248239,-419780782,1422503164,641504869,595851263,-460671182,119508605,1011909507,-349984240,543992715,-1186457416,767095235,1733890414,-139083111,-400360941,1100239394,334373333,-811484620,124911172,2111790481,214439589
1441515594,-881886764,274284536,747923511,1198241696,-1741420371,1874463991,134164713,-383882064,807077177,496494441,1637896834,-1114791803,64459672,-654461812,1911055564,2103788485,-141596973,484642600,-1070491004,-923330339,1952325882,1991020256,-790390759,1965112701,-1796468339,764981450,137851572,-1081125049,1095235101,-1866844862,630070136,1368741826,789160241,-1176893701,-1851016438,-1185018988,1790815085,1453850454,-1370570413,-2045318928,-1661431056,-398255114,-4084348,-798633651,-1703809794,-2003371628,1165152858,-200492456,-781283873,1586866191,-980575581,359297578,-909456634
1430589952,-1396247875,-1906033804,577847338,741848555,1565325468,2025101918,724250510,-1051667717,1836699865,1617276941,779277376,-1156844954,367497796,-1430231803,1916999389,407051208,-924502567,-1890098327,55934433,-637997278,-2070723974,846195357,1964614269,-1642341596,426967005,-391005908,367959725,1196422062,734094535,751907052,-298006391,1117858964,634795130,91560288,2082426586,-2116551519,-1739391125,-238312355,-801994000,1682353374,-646644937,-195520273,-1542120527,-1736058861,-2103974440,666945660,-1250484747,1408949902,-1859688429,-17485270,846468625,-378842590,35629876,459438206
-359883150,1142232573,-1762685627,1564750059,967799151,-1899600677,-153045066,-597714544,614115358,1069257051,1449285848,985395140,950125470,-1398326053,-170847711,-413228848,-1505809815,1164415620,1695232607,-2076023498,-264586790,1809765495,1030851803,1731015429,1005153262,-1767176122,-2114183493,1061323119,-577039026,1481078437,-1826019672,-1002589800,-367558772,-442895776,1741918896,-1767264080
278469264,-983046036,-265803965,-505280281,752356361,1069353829,-248788529,1472498603,2140616214,1028162995,-1817272682,-1131671324,717309544,1572615911,-106541899,86927745,-1657380790,-644510422,-1350186890,-1266095567,-1707666663,-1895519067,-532877087,1127840621,-1327250445,-434886364,-2044988776,782902715,1255964334,-648006155,-1811315740,-107831761,1230529036,-1137283050,1910001162,-899180747,-372565204,-1461344626
1030216078,-2120080318,1553417499,-2138274389,1551067544,-1559577974,260195596,1387299352,-287753007,-1236484231,451004528,1242735790,-1425259619,-1017775819,-401095824,345123153,2079902535,-2133563833,1208375289,2102480155,2143255621
1697695645,-734059408,-1507100481,-1429451912,-1595990085,203439694,-1500684462,-1581471381,-779222052,204318953,788346384,-849152888,698759776,-1278792842,-1096711733,1265600147,252567385,-1188116153,565841299,2100190252,148857270,-586096105,1427187324,-1423990973,-1364152669,1962771367,123621284,896132297,-426299600,1949089929,-1638813069,2001080747,1388018736,1429282875,-1297101020,-1324344581,1327098979,1708686454,1197027716,-5827216,1782276311,1504501704,2056400378,58345488,-1702628470,-460572320,1134226118
996895828,-1092158936,-1461175923,-1922050933,-456286205,1973612313,827458836,-1811718680,-1598087737,-106894135,-1667999924,-556827999,-1271607600,196681800,-372491378,377532329,-762090443,2062227757,-1653997274,-1338226497,103149335,549183723,396796437,-324980255,365453062,-1668435096,-1457368558,1668838402,-1660509534,-681431856,959347154,-475772678,767899269,1060176037,-1868193143,-463996227,-1820070304
1230509487,1318191567,-22469532,-1260460639,-1791216377,1467291383,1816525538,171381698,1711132380,-994825166,-492137419,-1950890706,1433924237,-1089437462,254502111,-1121871852,777587020,992494951,-739834895,-1376473422,1105803042
1735269808,1059215150,1088899125,1439969959,-1306170251,361815205,32550477,-905325333,-1605116972,-622668412,875385492,1262996383,-1706214912,53773079,692076445,1752784114,1347165038,1855395423,-1576376409,-564841234,2073285815,1094381095,1591544609,1050518437,1016966850,-491314599,1636664177,-1083569494,-727533278,2095968397,-1632340496,-90886717,-1039802692,-1561141790,-679562439,519264988,-919068500,693150225
-1750164163,1491802984,676999102,1510898187,1498836991,-1895548378,-1340903919,-73018922,1796449212,503659643,-923568251,6112565,1816685445,-2033913276,-292851201,1737766571,2129642776,-1029877303,-1908779998,-624103220,1418637394,887245854,499592161,1362471750,29157858,-909704244,-918504875,2102287397,-1972232897,-1290974799,1310357712,826530130,-627064357,-2110421980,2020367153,-115536292,-1838213224,581133404,-1883511943,2019510906,-419563909,-1097986542,1477073566,-543495472,-18061921,500733283,-1152564577,-845028111,12070251,-396757253,-1540139560,-1405225564,1325586695,602533488,-1905678441,-1722517525,-1347298549,-1409659157,666483182,-4052928,-845166215
2039651530,1998149665,1418781933,641667343,823945796,1796298191,-208904430,1333681195,236368950,-2095182767,-1377889192,780395578,1807202065,613621695,-702305053,-1831843170,1942709742,-1775892036,-738764602,309619553,1756275682,-422118845,-608068752,-237161058,-1347141995,1820360871,728291942,-623237601,-666468843,1674199252,1177854770,-1145157561,-839819801,1681602778,1488575642,-82452174,296665951,736909996,582768405,2003380506,848250161,-148603356
522630908,-1938859961,-1523388599,-698433798,-1051295110,1846670804,1433279700,-1817774256,-1503617022,1542917800,-1315951887,-862027210,-2025776336,-204120122,-1912377790,-784173798,993301361,-1828422605,-246607064,-975445487,1988067048,-107143152,-2115734204,100709132,-492030060,-1310514965,564783931,-504724407,-1078315343,-1729261743,2014841529,-465817077,-797236641,-407446105,-193550152,-895087220,687903105,67641401,-2012800510,2120478002,1187490279
-510298124,1368361985,-981599057,1101336079,944958852,-151720879,-888322840,759168431,-543600508,1790816704,-1873679241,1808030508,-1602712793,-568088983,62552894,640586062,-1527604796,-1364598955,-1773382534,-550494338,332603610,895431729,-1536399764,-2120238439,257679187,1940127297,1351659579,579479302,-590380788
-387333608,-324132854,-1820813931,519515001,1348574115,-1929453478,-681398475,-327797455,1094683788,493756401,584576560,-2062994971,1654061949,-570975452,-904561589,971188442,-73320649,1224046322,-892486513,251581666,-545212933,140908192,892810061,916129301,-353474774,-1421789563,1792240226,-475075903,-231212241,1837326370,-267823684,1621455774,1124091292,7605109
-2131867834,1084300691,-1541668466,1408657437,-1176110877,639656039,-2077830046,-629267084,159282729,-2086667646,-1295810594,-433729928,439083143,-1454695800,684034111,1867738596,187254168,1296102076,1418275232,1744746716,-580130081,1730129058,1043492052,-491559635,-1479335757,1893233382
-143908903,2072891512,329233788,-1406558915,-230168623,-611436017,1062931463,-1309855596,1878249732,444044431,-450864513,975102057,-524323944,284722740,275782669,-1454719676,-1913484426,-700405865,286193721,462409628,-2124510196,1416529439,1593902662,223846757,1838099533,1320606135,225141468,486821101,162082556,1037885889,373750759,-1754258200,-550048982,77536585
1530350025,-1374267139,406508157,-1969662839,-176897966,-1280006478,878451037,1466808540,1663163758,-83912220,-453550674,-8489306,1709185854,-1842003699,652512307,-644757679,-152917135,255768909,-1729929441,-1967042527,-936486184,583732330,1697873349
2025560632,1512794904,1466065809,-1702011205,-1133526942,1480738681,-711179717,-673246610,715118977,1122702310,2146194232,1658013855,773887922,1817749999,-1918088076,1201036679,101464282,725917088,422177854,-59243305,1335915954,-1314258682,243585156,-509041960,-316420570,-1804968975,-2076832449,252744660,-1662859553,-1226580998,-1261029840,-1538652748,1531636766,-932446009,1775095756,1949059050,-181228085,1460816013,1625774964,-756959856,-2001049395,1329766614,-2105969944,1634704849,1025782172,991403907,-1101879555,1848233607,700789779,-1565997036,838342030,1291953445,1124908170,10576167,509799088,1866123735,-1882571228,137403966,-310886103,-301074201,-778245532,-1288953403,-1959127519,1097104994,-150163962,894049106,191317017
-176838900,-2081913298,-1792296675,-789139154,971794454,1697336339,-354329547,944139688,2077400310,-1248636873,1593136672,1734030821,-147266428,-724785527,1477226820,1048189467,-1717308498,-2121106631,-1732344609,1998823254,1989694930
-1310122109,-1855255836,2075221583,1407805587,1829430464,1827438578,993861465,1111763457,-1654730206,441766774,966818316,467016740,-569909411,-1808254384,1113824195,-1435032089,9809350,1512256939,1190689962,-1758885679,-1260373243,564355497,1615999890,742984261,-1730180343,-1665398209,108868356,1856826629,-268468933,2115283548,198558616,-1557037321,-1128316682,-1754416816,-1787080826,-1306116308,-1871766219,13265516,762598269,107601949,-1026130035,1552171749,1038092467,-1026708937,-1044937122,1617406461,886053949,2045641369,365197893,205969252,1060505504,54925851,-1695618348,1164100570,-873144665,-534706030,876569221,-1310719975,-941513098,-1268066223,585098730,-1837656590,-41317921,914900467,-1141722583,1223841718,154566387,1048852568,-730730840,704594391,-2011156004,609105132,619464195,-19148083,1245726954,-961194961,-1682073018,827292989,1713264107
44189784,1625921624,-1101461314,1488247003,662089397,360936065,1190623018,1781791414,1994124127,1325296178,-1377399317,488825575,1972765974,-548392672,-743178482,-183108167,34010054,946707868,819544446,219015903,-1251132352,-1245270469,503215581,-1057397832,63181612,1594663865,1405502616,1400422868,-192005314,-903523046,-2043606731,-109778506,229905064,-1698881007,28761838,368287195,-1892645937,1226516389,-1172479357,514817531,-1580217023,1576114962,1980185932,-1382402418,134108389,1478389485,730385805,-2133613423,349502067,-1980848502,1257144333,1913188745,-1099719386,-1749484639,-2104054039,-606409785,345098416,-137709009,1921653157,404430574,-164053650,502003353,496716419,547582130,-1055307811,2037285399,-1987674856,1317291490,-987554997,1577926991,-1525622245,1686205351
2081933632,-71361408,-1298759411,-926579840,-37722527,396948420,616496323,1767190233,1679880713,1685043082,1875372830,-138781566,686627345,2008301671,-2017750941,748895287,806289079,1825634809,-590800059,2115086590,-1865069883,1884979774,161346476,752208542,-282580495,758802978,826192311,1468848721,-458440313,-564335783,248119556,1132134072,504696645,-1104959633,-9440210,1167225614,1012159109,626836508,713854103,-865505888,172909473,933165276,1971092070,-771524228,-1608868462,-1612684865,-2068883245,963262312,-212255270,-685298819,-1981093215,1264368150,-1834721628,1167092941,-1394140436,370930069,-1089212632,1692057846,530761252,164485641,1147031124,-664307803,1464700761,-598187618
981364225,-576502344,-667928135,-501575071,-2033326851,-245785003,-123271312,526467801,2145446124,-284604886,252159804,1119600173,-170123686,-1157132193,92698605,-1829623776,1232734232,540427467,-889790243,302998334,339548824,337859258,-1818851480,-2065888444,1197420667,-701862928,-1420695653,2033856958,-345295768,-102315026,-873642966,-1978744590,-1679354849,761507699,-1330110041,794274044,-499035955,1163804741,-652164879,-1847182534,1117175969,634648880,652233961,-818980887,-1994762850,390383183,1255124844,1882018320,691142067,566257033,16764,1226943900,351858696,38456158,-1766667584,-1523442740
630951907,-1418034130,1252940239,611429129,-252139510,1904284166,830657962,1071468976,925691687,1018931457,2134261087,1179735542,2023703727,-114240822,-1324458933,-1929884445,-224968126,-1435400787,-1613042993,-12993802,1191759338,-1856011379,-273992654,-2008248780,-334492507,159790107,1654503110,-1196513916,-1663338208
-1488510392,1824323898,-1118166331,-360127253,2065717388,424491248,1390434551,-1627247912,507597913,-1880952164,-1370143076,1802404335,162077329,-1020815649,-1130348069,-1589450332,-357492331,653127323,-1070279642,584327342,122460903,1518261703,-687292806,1536921082,899361552,-1720299643,-2094039579,-986888990,2019498947,72697716,-1777658807,-334653282,2002224194,-815950781,-2034624162,1200091898,1888445440,1100156806,-798533636,-611327415,-861287545,-1340746036,1688173466,1322291865,1045245851,683084272
547235367,-1303491937,-1159030097,1602708902,-306208491,1700606008,-2058485381,838792006,524246106,721254191,958720910,1304330515,249246713,1790746011,1370109505,1475942687,814539893,304614207,203738013,290548854,1798720387,-701082064,1419064370,1412784738,-1291550719,-1544704581,-2100694489,785176553,-1713900250,944476037,1777727890,2073449370,-1003545349,286272242,-221914615,741650824,-1762378230,1968314058,581266809,10292119,-1956220844,1273314586,196157493,1107583478,492893575,283779416,-185915822,-1327446037,1824743536,428401866,-84004303,-1874192171
-1221743321,744259676,1128429935,-1837154392,-657305219,-2128393066,2049911121,2073753536,-885296810,622330924,1817077948,-95299896,1590516246,160811409,41907862,782557876,1426022055,597105961,1786636979,-1684652143,-1095072425,-1334788252,67235925,2082779573,1113239552,1200627727,-2142558986,1245744952,-774397336,-505352474,-390848700,110744738,-1844606229,-1381850771,-565648788,-1309781787,-646778537,-391118337,322617755,1467620493,-1459343338,-792191961,-743409727
-1542792302,1384716846,-2045151337,484519485,-991314988,-1581062156,-1206405149,-137874503,880557166,-1982812413,1954775034,567002284,958559899,-1744470048,-448726906,-166566027,142686628,1714011300,1356301449,948487048,-443566716,885790924,1144465057,-1969694879,-1040012338,-1107148212,-1659341171,-632677962,549407438,241338345,1697114863,-1868170772,620631791,885067976,972389203,-234916917,560498268,2127591745,-710025617,561228404,302133992,-1704007432,825419948,602193553,-849820110,2120611374,1836895973,621761487,1669596164,854911572
-428967543,-1238264069,132266977,-1784540330,1521019589,1519289197,608850276,976724464,-327296669,-157653882,-1590763044,583725200,752269459,-1785800780,472614471,-384217966,-1274627449,-1798849980,1223250040,927141280,-308808343,1648303437,-147555539,-2052487629,-2020514929,158995404,372541280,-979568551,85996269,-1712210160,-730309923,1919849145,-465430581,-1932116648,1301099540,-1187595820,901093047,499080890,-1980725456,-438296179,22051259,-726055867,-1969612696,2114747114,1445717203,1985564010,-547559532,-529548772,689487257,40499095,-466435838,-1651820356,-876193214,293770276
1300379735,-1355764787,-1748371342,-1659466785,1783990572,-1685432456,359763025,1214088487,-1234413261,-1842711690,1852332706,151912142,1093431137,575462111,-929298371,707743639,-20687062,1122979048,-719858412,-881824269,-1183956921,1644481363,447744920,443168150,2040174265,-1629754328,720011867,2034758214,1004377869,1512837797,-239397898,65881077,1198220000,-452410510,-2001391316,-158486510,-626894427,272205848,2093085007,-1021610981,1423686053
1283212514,-1690800778,-239678137,-998397209,-213176705,1672292993,-2104285039,463722768,-1536416261,1243052263,187874030,1324100797,-677508665,-20773579,1992603953,-1360696994,-1992342888,682876844,-1087986727,-962835397,129498442,1645476440,1496903062,-2098132313,-231497983,-1800276895
1711931253,-1489315951,709936800,1122684118,1010777003,1861350943,1215112565,1752674508,358739573,852845576,1679207383,2055864201,-1677862820,-1106744831,1573397419,17770791,593640887,-605510786,403406681,-1351353268,-2145186719,1759167576
-1243996566,2090477740,-1586785111,1610418330,1156990017,922490260,-399882502,1173073204,-646254936,538078263,2035256480,-1004687458,1743499149,-1948133756,1452739682,1133748273,1693530938,-1482129101,1139220319,-1464304769,419875289,1040005364,1086126126,2127080616,-1528984262,2040964842,823236678,-2047450901,-1906622766,88432730,-1261553760,-934870912,-656078330,-1604141665,-1255341413,2089738404,1324897961,-450778015,1305301534,1739424500,1126643651,1408102662,705741315,-1686243842,866550420,1331268455,-1731671629,-1105974508,838324696,-115395897,-1097680115,-736537244,135919947,-2059657984,-591770741,-1683577275,-498160273,-1199405826,1700334503,723450579,-533961844,-1205230479
-427995459,-1247826441,-688450370,167400359,781650012,1424988311,-1511470282,134518,-30510584,437045668,-1459215223,1907264835,430109863,-978621774,-797854852,873862169,2094131078,-1339810323,1362937561,-753764967,1486096747,1763214246,-65480025,1517486880,-1821313302,-1382280178,2031249563,1589609768,1357066743,1936347456,1380174798,1172760302,1159499452,952079748,-618255441,-1464174507,1776556461
1645322810,-658445814,824429272,2088521875,-992145047,553281512,1414371969,631541935,1000430571,-572426852,1915013869,-2126181181,-1398082285,-1886752372,2012314494,86893234,232782867,981328372,1425135871,1798967135,-1718593943,-687345582,1077772097,154858167,34110872,-445008124,1334108134,-1706455051,1603728411,377439534,-1184906628,1807027745,-1958767210,192380129,-1384435251,1295662297,-1537788338,-1578553479,-1859622284,212345171,66405851,-922543035,-590111053,-724447327,902850843,785036653,402826116,787354679,1039548266,-294138096,585685741,411677098,2099103503,12164268,1335816088,389625530
1401135299,-958253662,713273490,-1110289494,-674794822,1848165555,877641037,1906523506,1516928771,1813290830,-323960132,1644529120,-518707842,2116123497,-1081455258,-2080774539,1701501468,1812856896,1432083407,-900021605,-267310139,-331707035,-723019267,1006802645,719705467,2101665563,-1249193673,-124934346,-719176257,-439802907,-632877041,1357095191,120391731,-660187303,2145865379,-229825533
1672279609,-1382247649,-1230739978,-1525166727,1568432067,1931598469,-378575161,541060992,-1631291321,2049919408,1537566433,-1732106968,-395943686,-1224676715,231249209,-137649380,1950898442,1161132492,1427646587,-770235330,794696690,1871579214,1814976390,-1957172461,-240627442,979334528,1285612827,520680797,-100474767,-2045573776,1701982928,1988707849,-658292490,-2128373923,1552682826,1335388491,2057638805,-338083716,391951274,836015879,1855234039,-337817863,188851271,-267511950,-506722741,1725757755,-1997313890,-1185296903,1337014874,571555180,-1042264442,-133755295,53484505,216446264,-1970033497,-1204084689,1462583293,-9936428,-315992020,1060574281
-306400191,28066231,-177024804,-574250285,-1053534767,-215061099,50493312,-1163808981,291402986,-954221774,-1654027878,-1201224352,1150196233,1263939535,1246850818,-494597734,-612611831,1452914801,1775190756,1718253885,124056229,1371838236,2134837995,-1718371016,429718075,1281421121,-1753695077,-785953382,-687549486,-500292236,679851262,786872938,2107866718,376440417,272860802,-676647497,385343042,1637148928,1187725601,1834973933,178699285,1289699335,759339202,-1564782742,1396927400,-1584247136,2083425759,-1490528176,105733960,-588712868
1718841756,1633495871,-216480666,-826755868,-411487625,1428143521,-1861035013,-41155616,-937530676,-1419325884,-774427623,-2003580027,282748442,-998126833,-2008667530,-193424509,-1742600310,1635959927,-861397581,1932079926,2069893955,-1454956985,-589268783,1691548166,-250070787,894699679,-1296631324,1820949009,-610815020,1712522558,336035845,600692999,376410974,-201655037,-1740321652,549440342,-668859905,-520705616,-322329729,1925225862,-1641210757,-887007247,-113836220,-2098008091,-1187828020,-1409333860,-841659490,-544733082,-1968608715,1172774970,450485206,2088099526,175335574,-1465489466,1607536696,1614759663,-94170878,381860276,-780083519,707386785,-587615858,978733108,-643910891,-422339761,-46112149,-1817837129,-101787210,-355192506,-1805973961,-1334563662,588442227,-147548908,-270894193,1643805601,1236264477,1934188071,-821570584,1822612814,971766657
1990960031,809930066,-1798363247,395311321,124895053,1848584412,873538788,-1663075067,-734332320,-2087859280,1251106400,2052916887,11778790,1473804659,-781919948,809363909,-559974740,-1900128475,-1239070196,-561254977,-290034297,-1184401171,-827078272,-270902765,1240741105,-1027782628,-2090935348,1752430162,-1895110441,1657062763,311082950,1719066612,1452807600,1172581255,587872524,-1220715912,351645649,-897468977,1543326076,717290959,861055999,-905867428,-312635928,1620567802,-530313915
1386689034,-234762511,-1934066680,1211014931,1284026293,58010566,1959115352,1708033195,-1233990323,-1132806134,-731346552,34328618,-863662215,-660063121,168088832,1149269309,-185724394,1316018094,-1006815664,-935944543,-1466663826,-494075733,1595287177,1000744681,-1724349271,-953643306,-2134216504,-301311617,1376663171,521737427,719043090,224673768,-489426625,1297365340,-1899810201,-2097283253,2004209883,1777875558,-1521237231,-964163021
1991704194,1914719804,1647389331,1173644363,244734086,676189131,950446090,110649369,1191076204,2023919464,1761218152,-89615904,1681460345,-736074787,809392241,-185183981,1611946401,-1534449758,-1383693600,1551095127,814402089,2048435894,2131479470,-1123795334,1147927438,480079281,-555605613,1647290276,-147223387,-878792166,117802957,-383206965,1510650115,-707204106,267612703,477393260,-812968290,-230165344
1935412087,-1286602316,1688387295,255993509,-178500214,-754400533,1112669237,-877139281,893689186,-2135036999,77284213,362309705,2079038349,-1163598587,-1371566952,-49138979,-427412124,1967377422,-278587953,97596341,1007247928,-906249845,-7207461,-1577238591,248381387,1422776084,201219996,-1335507562,-1758363134,-1164843328,-1646716184,-676603974,-1201313321,1528504590,-645564770,-1920198882,759871380,-214790904,-627910662,-1417788949,-1084896195,656160421
687368833,675966541,-103880849,1301674272,-1140843845,1348920741,1566328165,1729242792,177465208,-1466932543,-1199473631,-889155395,-686016425,-1971182292,1110889533,-108709351,1069172673,-1557916362,-526983949,-521863670,540581675,1011139811,584846339,1247378572,-925854820,-1103229915,1891497945,-1741737069,757892717,1724560462,-2107273234,-140813913,390524495,466020031,633468782,1769754038,-1253938030,-2047061275,-1501698534,-2062503899
-1934213274,1735373679,-203523801,-508019753,-1645675882,1297903624,1338286162,-1055645850,1534811695,361279808,147269999,191856313,-1275569599,219673371,550414993,-795487257,-1227244697,1927656549,227647336,-1245731715,-1443061701,445755675,-1385226794,-2057413507,-907849205,1328209674,-2006466621,-493070935,1752134860,-59043658
-1824551167,-1191525810,2041537148,-344245886,1887557769,-463223631,-46672390,1968196401,1062827854,252134423,2054864814,1456274558,249136555,-722052198,77523677,659549845,1744933832,-1589352064,-2005297227,368902114,2043169891,-616083795,-522471499,1460787871,1722098130,-1822969512,-1236530100,349984942,446252872,2001090305,-336458816,-1819094872,1241021014,-258610782,1498394705,1656463413,-566861643,1658534948,1772524958,-472741987,-1627029950,1117938196,-1060698042,565160607,258017097,-734597482,-271717423,136137345,2146112261,-1462636903,1832950481,-330920600,1184690791,-1219300788,-1455151804,108717801,-413159658,922466767,446665020,-781781537,234813111,636320046,1242497473,597486462,1481176686,-845027446,426239990,-2091659352,-1420694877,1149865368
2061907583,-1057331448,815531855,-1506791665,1007565626,-1622959397,842935517,-1932471679,1634063420,569185640,-592619814,677042880,646960226,-863252783,-396480065,-1928143025,-1595986532,-402491119,-5188455,-2089212959,-778614593,-432054978,-1102901511,-1521614527,1631159960,446974222,38085166,-252086159,1308704323,-1195290469,-993764939,154555414,1206963389,1985177706,1159870192,704871443,535267768,486808489,1411785750,-1763418254
1282925240,260235883,61053067,385922361,-368255510,-158849104,-1235669153,1359687072,-1987839861,793517787,27795012,2012862132,82491429,1344258059,1060961479,1126110685,-1833157633,1994142645,-825101107,-1648052625,-1013698330,-976833245,1536845307,1123832642,-986268369,397125663,-80028841,1595164032,861710587,1772672491,-1265092817,1164717248,1071859388,-735443597,-602719943
2012471288,622486213,343130875,784136670,1252960845,645949888,-367427987,-116262615,1679919284,769738763,255707867,-1173085899,487791881,-987502007,-2039671792,1344034451,-1582371382,-1803868022,840693680,-2137954573,-22567906,1633797636,-1616978715,-658443781,976266777,539637762,-1357848002,-1424127143,-1132424898,391079963,1260471763,376728091,379738437,-1127029337,2039262124,-1694615235,913510173,-909624721,158983779,-481043069,403084339,1978947235,1313351175,2122925193,1468906996,-1872541680,366391619,306024728,-1082348143,1497739409
1485912250,626548737,1888137158,-739724091,870835855,-125912501,-1564331004,1917439271,2053453665,-1314089467,-702617973,690383712,1651548918,2084147735,1127098110,-1591910663,-780261722,-1556501564,-1555052017,1356307502,740197676,1899029483,694062969,195800272,-1288491072,-1190824823,982876979,-2071147667,1397697636,1587632769,-1244807710,556666029,34573694,628897695,-1728890738,-1528546562,516640422,1196609754,1732683672,1448560755,-1583109439,-572412711,1911394539
1660632910,-1010002248,514920818,-1620003221,787190015,53807371,1105135049,2068089303,1102431627,1075692834,1330154038,1255268801,-593189182,1507465870,1989412314,-614365802,-610057503,363569892,264779043,1450492676,606912039,1570338240,559474564,-1047401575,-747689560,364386572,1213555816,833128618,-1262193824,-540429950,551791459,1261070710,-1874738294,1032992622,674431914,975499146,-1404118222,1169404856,1422102213,746077542,-1573107703,-1180514015,-1517825406,704654176,-1377271432,1837370828,926969388,-1252186424
281475328,146894589,441016140,-605046882,-128227028,768866256,-2042042722,1628654331,1303053866,1818112026,-1270241709,341324582,944767944,-72962533,-307081202,-1412167661,1075251331,-1457008561,-1448236067,258210855,1232223381,79346219,141682914,2007861773,2086651185,1579739141,-1843801035
-316264436,2075037267,-375383543,-1349521652,-1821535457,-1561905129,-622136051,-1222640950,-1755028309,658593946,1087959060,984439305,436948861,2041365591,-1943691785,-1448173572,-1112307853,671302970,805792697,-463586992,2054119998,1189723658,1138094316,1341423300,-538101656,165384482,1142579796,-1193812737,925946520,1777942119,-278787383,-1694030435,-216013035,2018405493,-834343327,-1599119990,991587208,-1831677669,2022767565,606051475,-820003067,531410185,766275587,-1973235142,227405899,-1754083641,-767012835,-1208974391,-6773685,-1600696087,-207217279,1583536041,1198088422,1526957952,-1891489727,-1305378317,-508346373,-25112365,786834371,1331062343
-804176561,1933435300,-591789348,1201609902,-1659485509,-1807591719,-711788328,-2097463165,1045622447,1030573847,-691714590,-208415998,-1279636410,-1377144204,-905772300,-1431361570,-1143869166,1092649294,1111080053,471549464
-1271403925,-1577797754,-2118196027,947542876,1072832353,369997979,-742985708,1865607783,897010488,-1031069874,-279389553,-1839316890,1593200461,2116250479,-1640874335,-122912947,1011690105,1070301023,144872536,-399132292,-22139279,-1573506146,-1238106262,-384745095,915973999,545329057,-861636227,-958021408,-1279141358,-2035074072,-2048861022,-2115024233,2029353858,1836122448,1497862690,-568861627,-1664940073,-73963099,-1650398851,663880452,-583034182,-409414277,1133992879,-1624467628,-679858611,917281597,73023157,2022818899,-1531288504,1047593862,297381198,-1995256278,-427803292,1203779247,347252486,-1983558710,2025677563,74313640,1900981359,-355612712,1848043248,246220811,992631729,-1560347419,520658380,1832464750,-1456811707,-1783357214,-839813335,-1135448072,-786312963,1010824146,958560338,375204406,-241370297,1337034177
819126831,18649777,-2041911308,811672398,-1201869899,-760048208,-720028319,1729135479,-1162628099,416493724,2093014625,1115790625,-1552781710,1680591870,-524844125,-1368188816,-742901051,-303678706,1529982052,2095989329,1483544648,1326567030,8369116,-1801754913,2039626364,38031196,1372211707,1461120520,1667928808,-1121900897,-208321707,711532144,-1446927316,-443206561,-2121599911,-2038650219,-614206892,-159769661,-289043511,-695309261,1497212017,-381942027,-1691410331,-1722617368,-1899418778,1246308209,1793615337,120898331,-104791553,-1664977281,-147768006,-556237286,-224077241,56195581,273519579,-347982718,1070844954
-1600895323,650750435,1593989368,-1782345985,-377685065,-1329506141,1709988124,-829906554,-1755502678,-342990558,9446860,-416689712,1188278793,875415327,-1706978062,-1421305638,-2098860800,-1929010855,750295532,-1892330992,-1547185070
-1641504865,490638798,661964688,1544587823,1923805138,843352099,1843213191,256680346,-552092744,1111934935,901832442,1497300460,-653354546,-1535235665,-996880752,-2109516211,2057866471,-688530450,1984885775,-1287663104,895150212,1471811103,685841610,-1775712316,-1338792343,-1243916015,-439364776,1140232060,1863123308,-1292754141,-1712772986,-1896592879,1004497295,381519041,317364110,-2057780329,-835312303,1445818670,-870024824,1938346926,-130272191,-1914689661,-249775072,-1183522774,706496211,-99143689,-15085688,1501128182,-322445450,-72849057,1603927984,1262791733,-370741019,-1900811528,1967828148,-1061026391,-1594716739,-1792033180,-699001194,-1070775208
2028385778,-1189760980,-1284029588,612288951,-292035806,111291739,-330388646,1789106989,1387819367,-1466318715,464409671,-1084820326,2016536878,-1073202368,2114251430,-2125126290,1586700063,-1176238521,136296997,-1540225872,801788834,357442741,1597817545,1144670550,-236763484,133346927,1715895383,1386320854,1605125018,-1865765406,-578950154
2010212805,-2141803282,251523089,-1906098691,623752376,1115045153,63760002,-1297037875,1359317271,-125970649,-522186516,-217100371,550947232,-1788777087,331766631,-1216753913,-1046038417,149974645,166095202,880723069,578168957,628846917,-1785328443,-1736945601,1393083241,1275789987,-1878029482,226661788,-608934022,1104299107
859587547,-1967529500,83842162,-1626662775,-1211738037,-1543993014,1656139526,-649249260,288714137,-1662878588,1126563863,523131686,-1997001631,548374945,-1636952051,-512748426,651931910,-869727953,1290467258,-1607242185,-91227450,893974969,308029321,1701750065,-2045003768,2106312592
-1333463507,-221248520,-159732530,1238251843,797505429,1782704469,-1562180200,-1028206495,1343777116,-1629962615,2090693794,-422404301,659201819,-790778119,50123767,-1455033862,1276700796,-1897265762,1496641018,885371914,-2076533797,139922644,310723239,431523261,-152787159,254515058,603217182,-679559767,-2055812332,976258842,-2060681886,329042197,-568400796,-392764463,198351453,2101780392,1780279208,-64005935,2059206695,948059747,-690457839,-824431971,-1728115065,1426218448,1084431005,1625553494,806607801,1496962939,-166669705,-1050875315,-724975759
92412829,-716376104,1747782176,704704551,-770582845,-1902797207,-590320523,1274011085,1943200119,1452152796,1437979430,-501147485,-1217928827,2056310287,2130885359,-497795397,-591273316,804639159,-1445510950,-758206433,1383639600,-1036162447,-598773055,2062642949,1425663394,2127238167,-1859476463,-263172287,-1392863586,1455586645,940362448,600320250,-1989647931,782064507,-737531680,-541523296,1154392971,-1255528556,174966148,-513513955,-1761775775,-32433994,61831971,1522488650,1878973717,805171099,613850444,1795854756,1397311609,1633838960,-1714259206,-1568986306,937649987,1504600045,891437336,1265142521
-988277595,884605254,1226075123,1404049019,2145383838,1143660765,-462129091,-159981478,-928975580,-1510951888,-777225008,-252930039,1358388953,-836269547,1080256704,2007572443,-2049602543,1578101667,-2062775375,-2036782433,-696317604,-47131588,752994186,354229576,-543686301,-598563379,1625467241,100787919,-398458633,545168724,-654860842,-2041253288,520906855,753044386,915911738,1518507923,489168401,-365898142,289580433,373337445,-601663941,756090201,-435678626,1337795270,139953187,733306862,1097870303,-1818050068,1265682516,1089363693,531184770,-1543208535,1106210874
-1793014889,1919027473,-1870046472,1643183261,1088821318,1123961183,1417435001,502345533,-308295742,-1746185704,-1587556411,-224485524,-1396956482,1656537968,689264021,1868399653,-451367392,-1358658835,-1671633880,-1888896607,2044947188,-2083285430,-175445161,-1514311463,-1019991646,1236486301,808155111,691327817,1863015523,589888955,20909342,-1100898571,440868081,-1978050597,-646773864,305004208,217471357,1116050297,-830439078,-1801575781,-1082303258,-2056766084,1207590695,1240751340,-713152985,-886790246,1468239634,578012912,-206945520,374259451,837605460,1111077458,365634104,868690204,391248991,-1956222307,-576122831,1585564406,960207154,-1991111938,961041405,-1039458722,-2008261393,-2079167410,-361292095,-918357586,1280663210,1147367248,303973048,889826725,-1693011837,-1454168266,1114760554,-83452533,414088950
-1824612068,-1518488168,1779061105,571244426,1180879242,-1130667114,-1160560602,-1552804685,793429971,-302713403,377959202,1995013889,-230506060,-1703574530,-721518946,1592495190,1860108280,-70400230,1321103509,-475922085,383764527,-1560313196,-1704025194,-1716103740,1477221789,222316,1943022298,-2053541673,-1764876939,1762819918,720563097,351021614,-267589049,-1794456845,-1185499240,-1276603717,911170230,838342343,-815071994,875055628,2004279149,-1790838068,-524738679,2099536847,421090386,9949885,1160957586,-1987075688,8499452,-1951121546,1675554040,-1082915614,-1138307997,28453522,1270144452,-1207370413,-1507973162,1597270102,-65058230,-1882736828,352056625
345814392,-1684582784,-101659570,370149683,1938124914,-1388123830,-2096577605,598090390,207864925,-200802396,913760429,1457330874,-1748736646,-1909763378,1796411957,511064637,-1372421257,1650940173,1642081201,-1725680901,-143389951,737092013,-1479372156,-249377357,-1152389987,1710028103,-714632439,-823570966,-881754952,336868935,1982369988,1363456015,999899388,693257640,-1942714918,-1370151457,259833572,1814196225,647857603,-759401206,565976978,1573201605,873412413,-1459545066,1450032351,-2032465466,-1458669181,-184262269,1261235124,350782715,963750078,212316464,1469749143,1632568962,-88853061,27257853,-653032568,-2020273945
-1086616144,-1941355506,-559501914,-1712437161,197840156,-1935128948,-78904338,-2052142701,-2035869057,1967552984,-508815449,1719391732,-2083938260,-423924723,-2071071562,-1389673789,-759781015,1241248160,1936378495,-1072939931,-92400742,1197517233,948419499,-1119955764,-1913705058,-476056669,-25795029,1213302065,-467621512,804858350,2093442939,-1681352961,-1873574862,-1336396237,1185571115,1761519634,1665271805,387306128,-2014625382,-334709216,-312849251,1533676597,762631428,-1587831433,1735776771,-219423945,-763567425,-697870616,2090225979,-1596857436,-2097259839,-1436991229,-1253490808,-1135234090,728389477,1017892995,-1428979764,1943802892,482408302,-1286667252,-1083781587,-1315292362,1607423051,1442535187,-676695563,966327567,710940828
-1828052550,225723761,-369067275,2082209323,1103922622,1497789668,1238606049,1512601972,2082798744,1007972983,-401953240,1805302612,-896891373,-838301997,741868628,767074692,1876424789,1427592332,-1374128526,1463955595,-1487412413,-1232371270,-1261079275,-2032539276,-1105148380,-961943864,-1519421793,-156219711,1850506116,409556619,1546657731,-197815137,98565978,-1420405866,-856166331,655661146,-924388499,778847947,1228109828,-1328366,-392657422,959646517,478173241,-866014289,2123472506,-1576475883,46830849,-158487534,-2054523638,376318522,1076820760,1618673036,1990981515,27875733
-854450029,1443602788,611266572,-1647070784,86629298,-937776795,-1633414002,12338791,1026375105,-1623217690,-2146892441,1510712787,-52228266,-358602961,-1091065644,-1536861386,-222926981,1334941722,175526618,526984763,631723936,-1535126281,-1205463981,-1106551154,-1878662445,-930017105,-870701240,-1106146400,1888007213,1563279403,432622726,626668715,1651787919,-938142730,-415306133,1451437300,1470005134,336390176,-2017780480,1576132687,-614086741,1573277285,-1639073972,-1502256152,57825735,1484658319,1156208103,435310399,1166751701,-1670186728,641190605,990159220,674226897,1187072019,-1187558796,-259770684,-1186792464,-2133964213,-1693674977,-1080257965,-1574877928,-1150573396,1844551540,1156644907,105100433,1501394401,1911934284,1565676420,-2143121411,-1519122370,366045642,-1692678843,603636357,-694927904,823400878,580957898,2062934613,-1659364589,914726122
-1119315639,-924642573,183879798,-1212639443,-870161176,-1407452587,-214840992,-259688596,-1752899184,-2085042969,950142246,936852856,-45607693,-2111410027,1215638343,1833093934,-403412031,-973487314,-1838003177,-464202568,-2024644954,641449543,-1009448749,-235646704,639300215,162458975,-181128972,-1973621053,255035303,-1801915837,1638162631,-574254857,-1936544513,460190644,1984787773,-528279377,-1584207474,-1636707770,-977082113,1907883596,1163112925,-448968822,1188851397,-710574250,-1894253465,-816622737,1959615720,-289708932,831859015,1792383972,1796128309,-959470631,1914450227,304915138,211360771,-793287816,1488080808,258143721,405296519,-703651814,1976409190,1312865704,-1139468186,-845677514,1287473183,1596411234,-1594569077,678198080
981637741,1676285242,1336880430,1051311870,-1046430403,1436356965,-1518727625,781010971,874373313,-629918402,-84042019,255417419,-1424669684,-1592046835,-282396627,386548042,-80858568,-957359806,1832149061,1695811138,514200711,-70831154,-1394334953,-108206277,-689503542,1760808621,-796806293,-1279921200,-1806928378,-4938297,-252094422,-686101210,-928120493,1788005880,159050200,706580250,-1604176633,148800365,1946707042,1850718393,602542100,-1933686479,1085624601,-1285347340,211264430,1347939847,-1645982466,-1095975788,378064176,-1765504391,1222651711,-1901824405,1819880000
-670919679,1923785420,1820109616,1929650822,-361640096,-2031227588,-1712953433,157458521,1906085043,-640333976,515217792,-869357790,1849269780,2131483738,-266542607,-470896827,1911996447,998015719,206978287,-810237526,-664185352,-663919764,-1908914479,1131312780,293626258,298042553,-1826113485,-214594160,635911215,931345484,1682586653,1804170008,918344482,739933633,-1701968797,-1140111655,-2047120164,1262757257,1349238862,-2116339798,1076443685,-815310118,176085371,-1857075041,-89507927,-2000579354,459938563,967365462,-1735384139,-1452257458,-1774377252,-1846584432,38636611,1056283097,-1225695874,-244545534,259864883,-733384864,953883593,1101943917,-314607909,37029901,-1185516763,682741996,-1279064895,903125700,-1077624854,-1591082356,1252502694,837763552,-1251819006,-906249951
1050408738,1171594189,-297767337,1740515422,1185274597,-1228711100,-1045462521,1333155182,1787902614,-1883770528,-613521461,890558144,-1455027612,-570573892,-1069704748,-834397400,-310655437,-795212679,-2046728966,96097036,273542613,-787735455,-754785772,-1152052954,-1541435269,2087318350,-734613367,-2075675768,-1033397399,2013483724,-1264826841,-1881614112,-1167663127,1932238589,765585458,-366254595,-1453063039,1197752765,1386652096
1981338983,-14670843,-1317745852,-37544904,-742414284,737859988,203749223,-1071934791,1021757144,-708549941,662853918,-1676228470,-568650290,107784408,-1727596808,-1300978535,1004169615,-1981278185,-367575113,-1689867703,-1051639989,-2032599884,1619645474,-1366990662,225365206,-1554020972,-268330471,-1560384947
590123381,1097690345,-577892250,1524507753,-552490413,-278790431,813647732,-364635533,-720710899,1949810725,-1088852178,-1133616392,-261813432,1260379841,1544770334,994894878,1181658515,1023456257,-283693214,197567656,2068646860,505099007,503037361,-731517264,375713217,-1753207684,-837644644,-224958061,-461777383,1081441267,-1054067946,-798204117,-377343627,-447188501,217512502,-1088446397,57463761,-1802760307,-362461382,-90194873,200697904,-338237579,437568462,1868070971
1115535308,444592782,-526323474,-2057313382,463802774,-1319639607,1926378606,-422834187,-900357816,-621011320,1667178174,-1598031876,841215133,1575147470,-628402746,1500609301,-30041687,-735821280,1759264906,355675332,-1049914579,-1887472825,-1924319842,-1487383544,119119405,-463991212,-470573863,776928517
43509731,-1638467511,1108803810,-1878083034,-263181660,579602534,-1924716556,399858719,-1649819625,325156745,2017446427,351745402,-1939013226,903870622,1581027692,16549355,-1822100072,1044784408,1525498640,456528673,-815620813,1405445669,660058731,-762050792,-1930881566,1305625891,608387712,-874782805,-1764519032,1126137681,-1450141293,1217741676,-606964044,-527329079,-219780337,3067832
1088694957,-1522107478,-346475515,940145298,865689760,1823228870,1386753661,-1806327901,1314871672,-1224158182,-1167180336,1501947202,-23175375,554033297,801184837,1057082903,-2070009308,-348908175,-2099095533,-763871153,769631095,1374100160,858299630,-1363226208,-601105705,423881186,490439395
1907368804,539777414,1463613032,1409746910,-745894931,-1845689405,1553501615,-533752445,178857565,-155129219,-1646108870,1240544631,-2112761228,768638477,1840524723,-517806060,1355775929,1980230177,-485425923,760013460,-266528082,1394265311,-1044093818,1067848919,859150661,256490576,2058629854,1396557667,11786899,505429499,1718630029,-434989653,1424248258,-165145392,347422752,-1977071469,-736783284,1860766024,-648695419,-826125005,2064946022,207261641,592129688,1476461531,1305716921
-86359299,1383826262,-1207699881,-231351737,-1461055185,961637491,1415772652,1850635197,-1052811559,1943173568,485352243,1958701753,-462712220,-1132234856,1934581164,1848478182,-1305119279,-365711264,-990658165,676317557,-884288825,1967544589,-998580237,-523634368,-161006609,-1819819544,-1174544796,486893874,-1559390337,-1407299691,1746064752,-750701595,263667477,530808913,-1948309836
1412745413,1584497018,1579466246,-136066798,-668349067,1022761300,1900392939,787271043,1112424551,-1683756791,1207760715,-1645845077,1958030359,1244089073,1900158055,-359495684,-1912477626,-1944825580,1924742922,553804980,1416764758,-1802000404,1668264446,830410814,-1489753896,1997300078
1768419289,702986083,2012539979,-1945671559,-327627657,-23615577,-319440014,-1428844252,-22827033,157649601,1196712409,946317843,-2100760523,2001229263,-748280195,1099689624,576326992,2092636359,-997895001,131788798
-230044028,1892994160,-645745223,1643774124,1772329505,244160390,2074553566,-197623176,-285014646,-1106606545,404069076,281637682,499324239,1552029837,11536204,951203729,-988723781,866072612,667996526,636301123,-1340488411,-1909619303,-466230188,2057257560,1829535621,35012284,738606779,206463200,758042442,-1741225784,-1938046473,1208867026,655812457,594275048,-1645839321,209692207,-1335145799,364569853,-581049942,584589670,-1890458499,-47837538,-1312314927,453226490,-1570793918,-712533408
2128894817,-644722965,1513724246,1317277963,-6852049,-789774582,225475291,-451678891,-1139697805,-17957264,1549223054,-1273325860,-60693407,-74598650,-93796706,-56751109,-1898774480,-1594054434,-1536077753,-1443168642,1445679685,-1154147452,408463515,-1793861877,-390352239,1206259866,1519144837,-257426464,1627274294,1652706211
-1320399170,-1736628624,1771537182,-315816750,-1114040796,-19675214,-1874915625,879557607,1806747072,-2028329201,1505404792,1492471483,998660642,-802308133,-1285223578,1836867951,-1065272398,-1370465390,-616063798,-1992154030,1686625508,-1329584649,-1390195475,1639562919,-1453750359,-1569038464,-1915983672,-354639446,246615592,2089570801,312351451,-244496427,54612653,-798201018,-641485251,-1710218145,-1356866847,-2079350059,1298341620,-1719302396,-674176453
1351934854,-1380485109,713007030,-2006466729,-20194353,2029703301,1765061316,-223383682,-1374199531,18027218,95415170,-1836161459,-1748470951,511493993,-803610068,-1972980292,-894214161,-2038799913,1811091922,2064568113,197967184,2006708743,298674763,-572137366,-696659921,-1657133628,-877097622,-2116642144,-489050679,1860263548,1410870128,-694368279,651014017,489807687,1042232000,-402369827,-1277359189,1116100390,1000457945,-48323460,-1183275097,-889042033,-2003094913,399866959,1038186290,1639851817
-837769524,1363475704,-1344343853,1265232902,-1995033090,-339165076,-1429999894,-17128128,1747132517,-1183396644,1616165579,-625111065,984902170,-1953854017,941525142,517209604,332872758,1321114705,-1785223371,1405784680,1280872052,1731285601,-2016641892,144032152,-1139587307,1702835817,-1658224047,-1172247035,-47844093,-1156606753,-1421212113,1412862848,-1933080519,-2038375734,183219046,1291531756,386182241,-1176009321,1537419205,-912521420,-1826248258,-999572436,-907142853,-814909313,-1743327156,-318839491,1090768794,-3855710,1764536613,-1650209057,546109086,832434646,1044130341,-1017562278,2037910574,-775167830,-1400141871,-144709822,2091904737,-462320070,1925415284,-1869456184,1859014851,-540603487,1058804618,-1072289715,-449047976,609631403,-156238750
