833810836|2047477702|-1640491671|-1663366623|1296402196|1772397535|2147437353|-249943122|-1770340249|-526062258|1843420613|2012995589|1392205097|-1160107531|1073583221|-457694616|1717192716|1558214030|11242757|1157437002|1114222243|1261723377|-775534136|-2053165003|355025533|495752594|-1988842804|-1532458771|-1154549898|501377870|-1509046705|-1167606058|2041369417|1775906406|-1139354512|1379994002|-95706520|952672203|763863593|-2096471058|-834951665|2023950747|-370229380|-270143490|-1973842026|-1929659925|-1158816532|-736364155|-1655218938|-452663865|2065304622|-1733805413|1740499695|-458213258|-1110255584|927221385|93671288|1369543425|1348364282|116604663|533680823|-351289354|1992827330|129054537|292591683|-468312215|1826783237|-1876235707|-1758835194
212078275|2005444088|417297495|578491294|1109574570|-1331588646|-1330769081|593167319|1508910471|1771746096|1137045818|1694482246|466351865|1699173297|64724665|1428237987|-523610009|-1864978836|1302326151|2113049994|1952814387
781261041|-1327728584|314773551|893685388|-1677959830|1925749142|1861616463|-1955283903|324767062|-450800265|-2122185056|1954871893|-1834746586|552983326|1292538489|-2119577950|-2099711836|550046722|-1673793297|-770055953|-779801713|1906901716|2077053581|310018965|1675917162|-1047951680|1430452804|1912185445|-1312869744|1337716467|-1106070368|-1814217783|1804024972|1493383773|1782320701|1714341928|-395914329|-345284681|210304376|1068184463
2063014343|281211752|243682701|-1361172892|-140004382|7571471|823841629|-2035383274|-1416193358|2022127052|-1483835318|836355822|1964029241|10213396|738431055|-1599801751|-249574891|-349445791|-865582851|1366119549|1324250373|-211649431|1737317537|1500906478|3633323|1366559891|-584234075|-306626591|-2034681709|-333856346|1747822646|1977415854|-1229764748|-1937362237|-236163033|353626618|-352160332|622081173|-820776684|1605467651|-1664730063|1632657094|1082053322|1774719549|1590746942|-1693387596|-412621850|277770526|1891681771|-1420352156|-1581806405|-20802250|-2034138743|-907028810|-1543828360|1896679809|1440172396|729378778|816833674|-1144423680|1233121010|1574393602|-1303374273|1825460101|446729668|-1905060263|-718137685|320230863
657873970|1108974799|147645142|809386182|908610180|-393957898|1936584806|-446722647|1129040278|580029538|1051791602|1466010504|-402402826|169372712|1796164769|-549129659|907927983|-514715048|1025588141|-1130514713|-1041100614|-1478835616|-518786579|1047679388|-1509197644|-1468195407|-230125649|968548352|-1094523951
605785035|-1791383649|-2074020080|-1267241067|1930300148|-1241858888|-1577301072|-2117129384|-832776111|-664743612|-1315230751|1534475212|-424291509|729903158|1516758719|-1004951093|-1468668248|-1477236477|-1757286533|-879339193|468114648|-1403752605|-907723813|1082685614|-980048497|16397145|-997943836|-698875243|-783359853|-576621199|1749734612|-732351084|215531990|1206868808|1442984277|1520576110|157196999|-1002469295|1717577968|262459509|1156830436|66633429|-731405121|548358188|1977125267
-851814554|-848694227|-2138774734|-750580855|1087211075|1166405709|623608684|-729420502|-1786400284|-565444867|2057710286|420113137|956289465|-1512133389|550780313|227068253|-645523702|302549768|211567065|-1507557602|2031708970
-1723946314|1791639512|332930285|-1444575529|1723434249|622685990|-2095222442|2066066314|-1864246990|731594721|-734196843|-2070290986|533780008|1664746401|-528981969|-1535440269|-1248847407|-2144375165|1929095038|577941717|2144447123|-1477389524|1150485340|1972086994|1010136618|1982634766|312462363|-155771257|-1553503813|749502185|-756991817|1548413052|545158953|-419150955
1502387206|934681511|1860763390|-300514608|-793836564|522271631|1900620142|281468658|-740434611|-1769052303|-2030174447|1097493351|-2058486079|516087405|-1166871114|942589266|1829129661|-55385659|-433567021|672577013|1735927355|-2135741011|-1295913525
407115929|1829284709|-559658382|846815780|720511425|-479095|1496627152|-1014794307|1580384649|-1798479961|552308516|1266974291|-1078946979|1516699154|-1983762644|-2092064474|-456110821|-1372826891|-379097181|-328873453|-1170782146|-54959190|-1270265589|2073044998|-2033256131|-271769268|-232082260|-544200532|1769863477|1340857226|-152500005|-2067342995|1094026693|-1858761538|1552176511|1334895513|259824441|323769149|-88963887|1644926944|1552944361|-854021136|-1367522206|1096465671|1942044643|1677607459|501676642|1777341913|-583832633|-1813157732|-1332524258|619762266|-776894990|-1343582225|-348917046|-102473662|1951742687|-765047280|1883436928|-627355991|-161900087|-682243286|-1717602424|-1963706114|-503687533|1218750382|-332228647|1712319805|1005241836|764850093|1427527392
-167905362|-264179862|-149928065|-1942467562|-213150841|-559481557|1540257880|738194610|615734234|-662533041|-1368061110|-1015017882|-1235518745|2089328037|-1863368389|-1458736464|-236716504|828432634|2069823000|836030227|265036798|481893363|20056345|1783896586|1261199244|-148395491|-233534135|-289283271|-541968669|2066573890|-93544891|-1784876314|1224302431|1373154558|260228419|1666313382|-433079216|227539089|-1019749803|-762582693|-1280826405|1151645173|1114156527|1822440541|-405139934|-826598605|-1272691034|-137046026|411734691|-1156192527|1726068538|-649853676|-239249443|-810958513|1882116310|1427595833|819091768|1522882036|1528903061|-184590923|1562355494|1213758307|1046974280|-647258345|-626752124|-1045038190|477163126|425464801
-128921155|318543267|-1914072198|-354963885|45019511|1808053461|-1524609432|-860206418|601418497|-1441081005|-1162511170|-1407276075|1110376670|-780855888|1338310610|-27420307|1610711718|861349383|-1805980877|-157163490|1339261210|2012419207|-1990711079
-1391710344|1888559665|2122362014|1766395815|-112425455|-1115228192|2054482669|-476153485|333707800|-679320695|-935360840|1949813194|-1657250117|-1922292284|1127967407|-1655480431|413287287|963351435|1168490926|-1841405623|897606568|-1998843840|1265795702|1665659063|-648414369|-1332632588|1362199199|1161917639|-1441720969|-925224475
-1684070995|-1650252054|394072905|-1890847199|668600141|-1106801824|-1982653879|1728990962|-18375203|-257902840|439173455|1158630077|-1397741369|1387147691|1650494084|-1128076455|1739104211|477802238|95540116|853637998|-229495163|216193079|-1094409804|-485489624|-140244541|59153122|-690214427|-1431442906|1753906107|-1564471052|988682617|866837944|-571454973|-526887392|-1392844074|147311178|-495592959|950263401|488084089|735564058|-1957972084|1832198648|-1311674306|-843097295|383541715|1038987823|-1554779939|-767009136|-1404337539|1235422205|-1136804937|1454633640|2123297553|722320243|244959443|-1267486705|-750242664|1208919191|1866324770|-1729308815|-154452607|1539278200|1444928266|584217540|1445577155|1765868930
1422060479|-1947707064|25814547|907845945|380155532|-2039142263|-291493811|-1272613476|-349886533|1456336757|-740410323|-583341416|390563450|339583639|-495743780|-2117717443|1614930947|1710748278|-1267663291|-732592028|-2014288555|517694783|-593023001|-826728717|488567846|1091102369|-140142357|-598996384|46435095|814346744|-1752772231|994112115|-1322610391|-1272137043|1646763334|1711442767
609220315|489393009|-2009851214|739185669|919482422|906706831|-119632517|-682600128|-1076707544|-208291836|555409772|-1487699930|1868616764|-619764332|1414719281|-255871200|-1661520961|-1297274823|1765646497|1049812461|205621156|-958823114|1498201923|-1390740518|-646812760|-593384853|-1818949870|72639791|1743755190|1263178475|-795633276|-1006615572|-458503029|-1503272757|432958664|2026796981|891315869|-633454532|-210865329|-667877111|-1366115527|-1690408996|2060859278|-1491178566|-1116757014|525814344|874508289|1785457817|1816779809|-1415623435|-979742862|1421813360|330175762|162371648|604738938|295881268|566879195|1154602179|-1728666808
-116331029|-2139493911|2106988705|-1170867669|568194977|-2078502460|-1375879897|-205414796|449034547|119068189|1209186781|2032131071|-1071931951|1969736396|-1240504598|-1508917401|-1147219703|100604234|-1001410148|1933181160|-2101854611|-1835519612|1383030448|508318549|-737908878|-948358159|1351855311|1946562127|1012806554|1712974054|793647964|1728808883|807804629|2018531624|-1155638932|312815700|-1738315228|1213586371|-663379691|-421672983|456471167|-1515279079|-1971453205|-1360692151|-838626823|-1391762627|-1307810361|177604565|-1270927583|-1025715327|-1689502006|596878132|1635770026
-1675606623|622779973|532233037|984796722|321104138|-965307311|340154349|871945022|736855957|-102207616|1727787004|1909861265|283160751|832679822|1736620573|-297086928|302379484|1043933118|-47070966|-400587496|-1300270013|1560717326|1589307064|844892054|955510383|-588560981|-1887832648|1489063381|19443283|-1032767833|-2108103456|586132408|1673904015|-278842136|-62770902|1376383210|339718641|-1588159389|2084860379|941872178|-1732721603|767211658|202935015|1054556171|1149466416|-81595133
-1335798669|1879887042|261416345|-864536740|1160851971|-1735084116|-1947313801|1903038231|-1778392513|1937735465|-169939566|995278937|-1370361553|-1401742593|-691809689|-40362728|2111343662|387959744|2106439910|1213713810|-964609535|902001485|1474566829|-1222130067|-1337950166|2020307355|-1976020615|255687967|1129384318|-286193223|313405913|-848986481|1663443445|-51866863|-1360585436|-1802810372|1223269313|595327725|-65552724|-488136162|155873697|497900093|1520429107|1017745034|400734838|1342612375|903823773|-380569766|2144387606|696757630|-1787248665|-1422427892|1183341407|1223957734|-1444800681|-651247958|278839183|-1950944265|708549877|-1226196949|698650323
1480608569|878203673|-716782051|829024784|-807084539|-1535927949|-1171734982|-1496977456|-1774700076|-344827180|58099747|-59603469|1166447156|-381893676|-699385198|2044553953|-1897659535|-243824723|287573208|-840831984
1290108961|907418349|898785924|-1841115511|-2107054181|1811074760|-1753320551|-1962053211|1591447956|-870814991|-1558832640|574085706|-460864200|-1265917357|256228102|881601508|-612262328|-1790793386|-228078564|946430233|901453889|199248941|342674579|1541323837|-894752834|182031979|1122146214|-215397621|-1459452390|93708252|-1852812611|-1311149680|-680586407|-2084416878|300710896|-1294880662|1914237512|1074740797|-1408836407|-928048590|-1617771806|-752956224|752379214|-1270928330|2141757172|2010246144|1552364349|1756233323|2131737860|1536786686|-1823651431|1616051873|246603119|692008999|563395685|-1867404552|-1435114031|-1610971414|1338266799|-609812590|336416424|2027664011|1482944719|-166491255|1093420859|316665911|-1410325264|-589471453|1930867640
-316088369|-953920188|1590847900|-2001504472|1327437762|1932935715|-83538345|-838488949|-2147367940|175653185|423902254|943160601|-991255025|844435605|779145571|1977621114|-806377551|881858315|-956133996|-1488627466|-1564094270|727694383|-352722592|-266948532|965679501|1957234469|-536734640|982971842|54304078|920762588|556868851|-253811843|1535308019|-927115901|1227032394
1442226726|1444729147|-283122330|303808860|2126717579|536859661|-523024817|2036918671|-1815174330|1571932445|-1709949144|1491015053|893494463|-1302581984|-1315106160|-1405293192|-1097777495|-1362440181|378724938|-1068638072|-1114151873|986054156|1168398111|-637634275|875866320|2133967805|126903042|-1722196457|514541694|-245317225|877953397|-1237150363|-979666622|335299236|1616124460|1141627868|-1702541262|-104166792|700508655|-548002231|-1321957626|1572310625|514233796|-463364151|197103064|2031324637|1434045516|2083436887|-1710631638|-1740751285|-449996435|971513509|-45634515|-1372815899|1691865137|-2127125456|1410371392|-341720594|-1743278355|-1365409138|-798891338|919974951|-352312923|1041134346|-422832676|-1898859641|-2139535698|113934706|287339065
1596135829|1067296558|2006326039|-1746208119|-453154753|-657423468|767623490|-1835446806|-1481148847|-485702277|-451031281|2035858970|2026631889|421927438|564269215|1933477978|2142512141|797095137|-1108337564|640755606|2076667323|-1812216503|1220706276|1041087452|-519400095|-1379963673|-467995459|-76024565|-377198345|591596422|2096964072|-625904438|98806730|-34737114|-1606570687|-684663876|-1633915486|-854466728|-764255930|1736439281|-2141114329|-582504756|513305375|963361439|-297894272|-1147382232|-992873251|537400081|1592122172|644021530|1357684742|-424370977|-1138808715|759082672|1802937425|-1519461538|1361440306
-129984851|1183943770|-785767667|273786752|1451629704|-1545071614|1216502549|-643847910|702025548|-1544014813|-879263499|-71096963|193385517|802390681|477134165|-1096243661|-84677599|-1998236927|-1119457153|-1699927459|-1273102288|1011419059|1374708294
522907117|-1451229713|1165986850|1852119852|1978112067|1008568661|1129554335|2134697199|762151028|913486490|-1249854728|-4368695|379218783|1437248888|-1948858881|-1873840655|-268003583|-110872090|-1720409793|896736361|65684541|-1864145783|-925940381|-836013929|-1674864417|1371167337|-776494887|-1962753516|-1831199266|243221480|2020608434|-995172414|233659873|51403503|1116498379|1348221731|1315989508|-1505316759|-60389071|423062761|765213403|-905227020|44178113|-265163064|2046778294|1103747285|-1932366065|-713548141|1945181734|-680110291|-619843191|2010898054|2138267584|-401833878|911856603|-690460960|445496352|-1529849857|-577074284|1091116213|-564560592|-1242523305|-732166648|-868843007|-425342038
-795953544|-1430678784|1418716122|-295063743|1451549296|-853072708|-1545383256|1422988432|827183216|1144658150|1708293845|-456973887|-2025669426|520911593|1440219781|842541600|-1720469286|-1440949700|462788861|-1031590172|-153036734|765359607|-561142612|-1536719125|1682854072|-1704456791|-757034641|297061801|-1521979439|364800871|1493669648|-2042737314|-1932096720|1920269096|840605711|-2086512505|-2102767901|1655702352|-1362667355|-676772202|-561312244|1580814986|-319051259
-443352637|-955156774|-5888540|-1109031706|-1110547909|-34287119|-787274181|35470495|-1557436893|-1406329149|1268098379|-343615915|-22367154|746404951|-1315499551|-188769657|-1935129707|1803440605|1847174107|-660732131|2065507580|-576544763|762115306|619901665|-1289104365|-410807411|-477306472|382923821|1548396958|-1050284772|-157354356|349634278|-108112777|37229134|8580621|404123048|1413512371|1979440143|917438916|790358594|704181508|550401580|1004082373|-228857500|1478631005|-1747573721|-411436592|652914071|-82877989|-2054750390|-330802733|94045548|-991501085|-332594690
965622008|791665543|-910494628|1653245515|-321856897|990453037|935529988|93241780|1529310830|1042407282|729243950|-1721482042|-840360306|-406275253|282944254|81717727|1995828342|-939302803|-1287576293|-853127710|-273082558|1692637935|548017281|-1790080894|-1291868031|1718914860|1876709782|746038464|2021022835|-773500946|-712051333|430742962|371284339|1329869512|657512613|2088428421|1515416242|1282442946|2098900651|-1598182204|114405925|-1575055045|-458847392|-90138663|-1087633984|1998845195|429008164|1518166228|-668898332|687925223|-1097701257|-21450901|-1217697003|1358748169|206844110|-124829375|29499631|-915180528|93272746|-535497622|-1953082278
-611474715|-1749322194|-1356990724|-489944227|-774142130|1758370317|-752694801|-1627740059|-285762440|-592405245|147462579|1543193691|-1944662833|-1300178675|1585956198|-2102450950|479868139|1115401451|-86112974|832974586|-1611132632|-1609917402|363766790|-1468256330|1137537141|896002900|1106878599|-342975218|14139500|1210662042|657484105|208924558|32671395|2033774705|939796537|2123102927|-1993942207|-1929490771|1208537438|-225253347|-1046513453|-2047820869|820897984|-963201191|-2027063968|-858620374|1319711655|-1287034335|37157050|-90974100|922667272|-223855315|-89488361|279411420|664089916|949130235|-1155096865|27103747|-1652841229|-227444050|539950278|1567290646|-51164313|-105192909|725971229|-2028586813
875166373|-397524123|-723736020|1840975398|641224690|973912357|1820161587|-1181919500|-956724034|-503453443|595165432|-596944211|-1707735161|-844813574|2063249823|1186216976|1153334793|-255935958|1358804566|812795361|699769571|503470963|-1333427051|-1154113575|-1137548935|-529982048|1766857127|-525279523|-915932132|445023932|-1460125846|1502733427|850356328|-1984511325|-1679271598|-1060847247|513773037|1827186389|1346272691|1609928694|991447825|-1008492659|1610768191|-704546658|167666741|-2125014510|-1089353012|643192560|-1918582507|-788512692|-466567846|1816375579|-759063436|1091508633|536237652|238483170|-2104194569|1271882977|-1876940266|-1106756653|-1295223215|-639090713|-1100367697|605806782|-804584032|-548868126|-1482814233|-965681051|-1512770538|42295115
-1980058768|-241869605|958145784|775166663|1059127203|-2007758030|-1473419158|1327069755|-1590786478|773667290|-1177864350|48956082|1595672083|-988060490|-662626119|104455815|1908081589|1196036271|1580869745|-872011223|-1425035663|179482073|109668614|-116581158|-68660385|2073229268|1070265866|-1295353421|179573803|-1008830348|2144850928|-1338929941|-125709048|-1434251100|-782165721|530725208|1647023587|1492298631|62098538|-1964844492|188852956|418545631|-1327082410|-1624244956|562857969|-1848474702|-208892868|553597046|-1842146308|-1992952278|2116735544|-652041814|-1744914721|-893377603|-2127617406|936290355|202741500|428263565|-1455778813|165435518|1528216043|274576656|-1804482005|2042514227|-2029323161|-1591371533|-1820184575|-1069628230|-1101458040|-1585309637|-547925893|897698048|-1474684617|318344877|-1336090609|-1188157574|705637853
-1126216823|-984824983|-1555011235|-1028776208|-1964646369|-1835164576|467142980|1909947652|67035330|-485074173|-343115201|1200710994|-1205396298|-1204394480|-1096883508|2100422642|-310650012|454607779|2017142068|515181649|-973131410|1542212277|1390513336|645417047|-2002513148|-1040258843|1049729546|471057868|676902773|-2062483333|326148862|-1430775305|1778185|1349657257|-485607039|817714056|-7543795|1085843987|-569143863|-1116044617|490236974|-906364528|-1219870770|172695468
-964598990|-1430629384|437908257|229602564|-513803389|-815382759|-1776327355|211941719|-183509743|-953729635|553342691|1820100205|-519462867|1503357439|-2127501117|1979468657|-506262802|-533051778|596432208|-196106462|-101040772|1773907472|1667580026|-1422359574|1474354826|491282583|-1137958435|250601775|-2140206044|430612050|1673243938|-1868030489|167646378|-181893483|1364614309|-1437542286|-918078437|924396988|-926252456|1528330147|-333246057|-270492067|-1379695898|1498722591|-810936034|-1240581700|391192347|-818110230|-1592799843|991701891|1766813570|-881572290|-2036515029|-955915086|383809103|2115139999|683725199
-1194169473|331853867|-1099112699|-1095647118|1390159677|1146953782|81216321|48539596|491474567|220797718|-762834252|-190592826|1951802897|1015984186|-666500595|826431776|1425878889|1718349185|-420265470|1567501802|528938075|599478472|534106959|878123318|-480074602|-2031993147|1546819326|-335417586|-706451057
22191849|-208509528|2132317349|-2002084467|1080984189|-1252637480|-1139209339|-746315554|1467202496|-1274046267|-1222469937|-75487656|-195800940|1755503583|157153017|-263668987|282151996|1042893840|724231027|453115|-323695329|-306782415|1408849932|1923123188|-1334269236|-64582977|-996158317|-1865505763|1990391870|-499723570|-454855999|1625928238|1056040544|1298912317|2026960470|2072363450|-1476080941|1036729898|-1160496255|-1328916793|1120423661|-1931874648|1047373700|-1575569503|851970821|-1668667729|-348422249|-616774677|1743262189|-1270576813|185027085|-1733711626|-1523765057|-1910154695|-1645896267|359991125|1432544988|439004998|-545717374|-1698406992|-1109763535|-811103848|-162607506|1383714008|-781333572|-2112157255|609684890|520259868|-559394738|-2067123439|-605619015|311069914|-1146498670
-641231185|102785112|1432066893|1563319518|-1194840460|-827520300|-1777731353|356472595|1751593534|2136047833|633055017|285351849|-190743329|2147230675|1290280519|-1580045838|857397611|1092495078|1018820641|-941817579|668507421|1536290042|-1357187387|-1630984635|1676770170|-1556040678|2023452472|-874701259|-1054607177|1562845694|-1893786506|-1697013301|-797499817|2067629542|-1101685066|1649354259|505370136|-1547574360|-693818639|-1662308490|1008439055|1521425420|1754410661|-1033165781|-442691311|-183646633|-300487723|-473607700|-1316052395|-209678555|-1190506155|-370140435|-927603881|-180932485|-1176136893|-793084407|640943358|-208644324|-1725151272|2124967486|-1378272000|-1033631461|397610080|-755454629|487627909|-1636474447
52502007|-1352651510|-1406945712|900224469|1953087653|-1999407224|-916424456|-1587050117|1679675493|1164237269|-1334809656|1451945551|474853980|-1092858295|-1571554857|745351444|1267969223|1759545763|1092340036|-1788653313|-1225221843|-413035730|-651437429|-672743818|-1254816300|2085763871|-1782527718|63341082|895384181|-115862719|1445986595
-136850382|1282395603|2006253235|236235610|-1034490681|-117561680|-1490359805|-752271885|-700382976|-1985758544|95626510|1765722235|-1631417750|-382963378|-1321296285|-1638955352|824082509|-1319543670|1773731132|-303733825|-788778024|-1949420784|49412814|-1496941734|-1556464738|2086258842|-707625758|-1394449813|926949953|-509400942|1462781348|-790856576|-1473262484|-1917110534|1854688442
401787398|363658128|1999967640|648910421|-315685213|1277492012|-200829166|-1637998302|-34501314|1508524909|-1365342158|-556026536|311776037|-2056647532|392767051|-1333099700|-1973993932|323032495|1914685517|-1184306484|1952963141|-1162076423|1788728155|-2146855397|-396463642|-1795479936|-1366432614|-286932679|-2030535091|-1174844664|-1043446708|1895182694|-1152671096|-1770686161|1933637148|-2107268887
1993754321|-1357120837|605528845|-1316412929|2145755309|1342412459|-1561639828|-306915592|-320393656|2055320153|-1269765265|1667161191|-1521053679|-871717007|-314622700|363864177|835247045|-1729032339|-150271502|-957355378
-793811089|-882735238|-90286724|-991113083|789028177|1575770494|1315435638|1246971542|-1075455495|-485543945|1569855397|-1731613402|-1661657871|-798032638|-1199414313|1920272663|866745654|-2131163349|1694216558|1198668335|1785537359|1411931118|-1227528550|1994529598|282742945|851469946|1804714186|1658126470|717096961|-1563185480
1543845974|-1388041333|1305019530|1387573666|-685346313|442966961|-579757225|1399878136|428486348|1170891670|-177808953|517408852|-466116172|1221090972|1678696907|-1198841364|-1919442765|-420363461|1326650591|733248559|1220250832|432344852|2047088787|-1667995403|139482176|927125573|-140828857|1969349112|-658705725|-864802818|-960464587|1343152002|-1157753779|1212047956|2021372339|1249896039|-557400599|2100803413|-210649927|232390966|-1601691430|-1344370340|1893333153|991598763|1434516483|-891964251|-1642395602|443539303|-954781816|-1310866397|1640810704|1056949474|1036281524|-546562160|-1695749852|1765188512|1023999004|759072454|-1847073855
325483525|526020173|82862641|-393223649|1167419650|1473057076|1211845693|-1736492173|-1455413535|695880740|-279509139|1083161687|-473485369|244684209|-1288131890|-108110509|-2093942886|625059827|-1593693451|-1551510672|1017782686|-1484214443|741392964|1809714480|455142498|-1800924500|605231467|1254230722|-875497507|-1110955893|744158257|1997440369|1547880915|15298005|-1684642188|1564416606|-409684867|1733693842|882431342|183954542|102302568|-494933498|1100761401|1226633605|-1666215268|-1608505601|493343380|1230200563|-1761659903|368006510|676333799|202697006|2065008382|2074183737|-1062017916|-1573270847|-734386589|138132047|-656377553|-2108569980|-2010361720|-611009028|-1284090656|660576525|63991222|-2027598466|-1286895930|-1772778138|751114437
-781741425|-1317394176|1923976709|-897340188|-2107714586|399975142|-1619418015|1034301358|-1324149187|-767288779|-271469375|-581276161|260007116|314687435|-28372048|-1662704072|-1289595176|-1796118723|2073035071|109116513|-1576379336|-1161809138|79704872|-791829630|1136381460|-1105440738|-2011341515|838322224|1046530032|1660810336|227630050|1390186602|288296168|-1821043504|-823007935|-1522219867|686849340|-2063071581|-636492771|-310315484|1868488719|851345343|-323034782|2054239885|-1446247061|-1929926035|1788813243|345519289|-610564984|652296268|-1409593987|1988285131|1302567502|-61808504|246739139|-741701245|-1730221033|958403916|608760281|-779473708|-382651720|2017377396|-1264064547|-259922509|-1466101311|1941358471|-1691087965|1872786737|1953079044|-2095610140|1810953433
-124101036|-361892806|1628407147|-613513215|1795470734|-195907523|-20797656|-1425984732|2054823133|619554710|-1158692955|202853236|-1070690504|-1118137574|-2112356767|-2134150038|-34144465|-170342594|1225124137|-1583391151|-1686907929|753141450|-1113797954|-94029286|318222947|553340109|1054730164|-869525903|87758596|-1380597296|1460772252|-269714933|-319716526|1913999438|826331237|-2085367999|1633502204|-251032477|-1089648129|-790465310|1028330269|-854793534|868085824|251234372|380574400
-146934517|-1196245860|1051794342|1334884510|2115789999|435016591|177060934|1919527050|1821095564|1638173448|-1215347692|-747264950|-667466757|-993061812|-1480571130|-1241183855|1237240175|1529899082|-1910569645|5824675|-1727638057|648219959|4227965|1633136134|-645182393|-839638694|-1531011438|-1571738759|466967510|-1226588380|968663213|-326099931|-920350263|1690242691|427956675|716746770|753658352|-210135177|-589037413|-1964692772|1589248336|-1485788700|-1339006946|391758245|354930434|1633480362|-808381232|734258253|25134938|832796146|572415646|2072536544|-1706291894|-1216817462|-1138603303|1575434320|-1021078008|-1268894732|1268398722|234008419|-2147065106|-1666631173|1637091528|-1715241234|-187386462|-1622840698|-1294428722|-315496381|-739417482|-487700240|-567428688|-68171033|876127505|-1559806953|-1332354105|-999912312|-1795613874|-1825621645
595004461|-956888476|-67400341|-1763848837|409539759|356012614|1848005859|-145656615|-1153760665|-1917209781|-1724744679|-1901418953|1297715240|-893105647|-1068476751|187285207|819134319|1371825567|-1049942771|-1991315442|1670909913|590683081|-2013717790|-993655732|1049655764|-1299824680|-861095161|-1898254247|-2106597223|1394122601|-171991920|-2117094175|965963609|-2100909675|-428085989|-420457422|637506998|154002514|1093354601|-1077288893|-2011654284|-145763304|-1847157456|364242167|757588848|1667709383|-1540585682|-566512989|1064003024|-1556559161|-706746751|1792888013|327895419|-2114664592|295883829|134086967|-1406804789|-533654612|-1918471137|-320017637|1525190017|-1697008165|-465447960|1056827063|1923624953|-344989706|1445930860|-1086342901|-2040920674|2127423222
-570003488|150091423|-1305949066|-154267999|-1116914164|289649378|376323735|-50835109|73619444|-2042057160|44577315|-258495671|-351562670|2063215570|2096986868|397004754|1198445880|676351220|-1720121706|355764420|-2097316523|-680765720|70753579|1681764196|-1235454603|2022220852|1278626959|-1558109499|-440498610|1415181582|-1694899780|-585150627|-1261237640|-1336880368|1709839470|1788091348|1650408637|-908002265|-960411383|1995394847|1898423955|-723515183
-343620659|-635211035|-1133788793|-1639862307|685505697|-1018451687|131848055|502375070|848031328|-1963682738|759821429|-107513886|1697190634|297786085|-1267313101|1694610023|2006522255|-518387133|914254000|1523957801|-92223333|1914608340|-1807870994|-373438457|649454642|216641618|-1249136409|-403493466|266874467|-1693509050|34200001|-309137515|139580534|1029855439|944343360|760693682|-1905205880|1706273185|-1263911557|388240843|-1278185894|-857579184|-166915630|1183468680|-721291675|-1931143986|-968162273|-482346873|1414765104|1634490162|-559032022|2026492360|64122598
-525446046|930391882|217864994|-30692333|-1338919222|1099146486|-2039566067|632402647|-2119452367|-161311812|-149170773|1210808918|-1825999450|1492744187|-1000109711|-586938472|-1902316503|-1741606362|-905009638|-864986718|-184004955
166225338|-939285256|-660430819|-205051402|-1178826989|-370261149|922759974|-91960802|-886906074|-1417061388|-957701227|-1750591937|-34191347|502761288|1328342904|2065779584|1574808839|-53808116|392328009|1268373046|-1037298732|-700854333|-1458049696|1233842754|650947395|1193932742|-1988156247|-1770820170|-231340280|-1755826548|1776238231|-1831571010|12091603|-882929365|1376079960|1840739773|1982404253|1000958238|-1148659894|-402800458|1428904516
1778042028|-2032395027|-193837478|1237638457|-364048232|-236215859|-143061959|1615586735|640419889|476231692|514994010|-422439586|-303969512|-1667777524|1413251558|-302730509|133147683|1528881796|-485304691|-1261701802|1880123728|-1845804193|-257655913|1004233519|1662086903|375205604|-1726885064|19539628|-2128569793|-1418317546|-2044093145|111565184|1208954578|-744396963|1710802289|77761838|-236850220|1454705765|1082641545|1634538374|487697424|-1184604603|-1568793436|-1728787600|-1168220812|-917028124|-988487613|-1805158936|1934302143|1844268695|4730385|-1242441912|-343979400|1155010831|-1278304786|1082796237|-240809439|2115161202|-1957913781|993107539|1764738220|-1703150906|1136265400|-224263069|-1595208402|1974945174|1749420218|136886895
