-1833857113,1179288401,-726068357,-257640465,-115837653,-907630158,-1054377137,-720262812,-1942864465,1570213481,1186298308,1739397870,347492696,1700437093,-77745911,-1051801973,-608008773,1359255374,-891546817,296811597,-401212493,-384923960,-1610799505,707643708,-1816426892,2133823993,654906301,-1863505798,-1140133920,1471844169,980678109,425894568,881438233,853429352,-274720058,-2080702584,-861348265,-2125213036,2098605222,1371598307,-639133446,-420074724,-782076395,-1010186835,-524422430,1534289951,-1727679092,1202309222,1210466302,-1510017639,1171993624,1547797442,1927244579,-1997965665,37557066,724318859,-1344506082,-1518161175,558564977,-1255049274,235044107,-1544660847
-241553388,-1349010456,903648794,-1673661321,-1284762277,81497444,446943411,728522479,-2104229723,-1268231171,-548865349,-701178442,-198011321,-1736591799,-237482361,-1318831987,-355694523,1533197203,222851427,1376570474,-1487791371,-134963799,-1908522281,-607329428,-1123561503,-546282509,-106439638,-1743906808,-158049550,1070767047,-1198947285,-1074055288,-1743370807,-267795972,-1598055634,-53651530,1533404528,-974310980,1831125845,-286780460,516851249,-2035045218,1757137168,-2025315122,-1110183482,-1967009804,-1401876506,1464256690,-1924680782,1918503776,-838891660,333950303,-1169965075,-1623397203,1824615606,990794364,2094424006,1491195099,-688563323,491984556,-175798011,-1428329861,59012192,100623359,1452147535,-527672003,1239325294,121352107,-115015730,-2089922873,-682750525,972112123,1783170832
-1619794462,1653404550,-1407622865,-187643829,-256692094,-1259378524,-1636213710,-1791371697,1969797268,1705663518,506926259,1821410711,204061061,1282543652,860071105,-1136302657,-735837504,-1096481661,117759239,977034128,593383286,406547734,564587565,-1859862892,-213920095,-124576899,181835902,2059221995,11687749,-828125171,900919242,938644064,1218585848,-395106809,-1823501939,-1843037258,1406400677,1130270475,554628944,148199240,-1774155380,-112913970,-894542001,1286760912,-358468980,1895940106,1767062875,-1242315130,1524705188,-1170008138,327439873
634322871,1960493943,1140254700,-754275608,-2106943857,-983273899,683313031,-226483054,2096204579,-1948672335,668242150,-1283588273,1922358812,-275526538,-335129626,-1859577186,-369462123,1855792783,445079186,-1795203791,-1727167710,-1220297832,-886076984,659189439,1614554387,1642723799,-2044548069,-165430504,1885381626,290110061,-1899358469,-1655893383,125383529,-266974264,-1308212717,-914195679,-1992743680,120663899,1464158450,-1088485340,-810887002,-2026602863,-808378643,-281556610,-2050364139,358296318,-2022531774,1827481962,376534172,654740951,-340471936,-1815820,494023200,-625476956
1977564621,-2090786205,-519812813,-173320310,-41673890,787404168,1994492623,148006652,1557160223,-191079210,738090674,-2024691157,-273212376,-1616195397,-422209097,306314438,-1942111737,1366209300,-198691501,6861414,-900427052,1191227819,-877479482,483428010,736460931,1557761281,-544041075,306113443,1046747001,1820272460,1243816986,189094515,-539995039,776273858,1986080198,-662402512,1054200639,1887608344,476011270,-676220659,901702596,-892947899,-1119565604,743191483,328470244,246803595,-2081252207,-1863031028,1798693285,1974522295,1476689056,-197507110,-825749190,1246498726,-2085935883,801459494,-2086515632,-1285876213,2032110167,-752568189,-647213658,2080700272,-1386200799,917113012,1531970531,-1520970118,-1160635592,-1130007916,361095843,709845872,-629657288,1517716534,-2127777582,1535585789,2097597168
-979408835,1276759861,1498929936,-1019547700,647035494,-239456299,-1962999264,-1157251120,39784087,1462005454,1965444276,-809414211,1636437305,-707253244,-1698946850,1312726951,139594853,48642898,-1064431901,-1476614412,1398632891,1589117905
-551083202,289889650,-111734950,929449870,1426822014,-2109656400,-266367416,-2020140652,-1963528858,-1110191844,-953101438,510504029,-2018467059,-628993104,1151012024,104687483,1877860049,1289316563,1031387883,-2088680149,-1335748232,1486067622,438218547,-151942711,2059431576,2885278,510234556,1677262470,-1907141831,1388222290,1789143313,-1573477545
380464021,1610354588,-904655824,-451299859,-1234098233,-1909041811,1749540210,711932048,-1250261400,-2034083782,-1516299359,-1697697576,1382093037,538766246,-18922919,-1195750044,-217837098,-1681562682,-1086433662,450121054,1946162176,1159349216,-32675902,-1933879587,-131300553,143365493,-385534669,2073284491,-1275444721,-51565695,527165781,-1998152825,-725268237,882071040,2051416390,-1880496500,-893869442,2106116532,-231427280,1344985938,906320137,399818789,935585793,-1089409740,-1423824508,850695145,-838329247,236558354,-1496117367,370957605,78576864,943045240,-283836754,-519679405,2104217967,1134554623,1660640538,1599140165,471370770,-652901901
-1754778520,1884065490,-1009648586,263210357,-1057597363,499473655,-381205405,-1244329667,-1902316187,1175235446,982179125,-588730905,1300197900,-326466392,-1642934230,-1160615714,-764145464,636056381,1289957219,-1401193517,2118196945,933095535,888623566,1372989464,-1801451820,-1413394055,-1581240954,-586153170,2098744307,-1954246582,1430484089,1471971484,1432400144,646237046,-419604662,1077789954,320147531,-225916564,1398870649,2004817517,-1569478968,-2065937682,905095617,-1804239381,1371330741,2145523901,-491358783,-1122996638,150778251,-1815299949,274294750,-1802664803,1823843475,-1678181035,-1119934361,1925166247,-78098005,577037960,-1932430599,1342928988,1642877513,-1955560699,-901884636,-740371652,-670412096
814297934,142950274,-24642622,1977590990,1470937047,-56305548,-214274011,-1344828866,1640632445,1102271996,-2026085654,610565991,205790722,-997806728,-2140075654,-820162037,1433106956,185494478,-892506575,-881110085
-578806590,2122704672,1134166852,-680624160,-887991413,-1378503410,1992513897,494827005,-1475925854,1408437952,338144465,1430518472,-41926435,1327635578,412836163,415743876,-1465667140,-1644320827,891541008,511657202,1731876611,-1137409167,-759150641,2056039668,1902472584,-781783075,1433573711,-419986828,999458638,-843088011,-933808183,-120611965,514993361,-1349042309,-1915056555,865696196,-1876508765
-1391608673,-1737110261,1009152567,1064640088,1996719322,-2123629504,1168402684,-1400702917,1345955059,1566169225,58874029,-312842258,-1448997110,-1534533976,1024275943,775205140,-1776110307,856402593,1826408955,-1311145988,-744891386,319586719,1247232261,-491233243,-1394595417,-1067444713,1956054333,-1555785979,1545658978,-1908544979,-696091764,1877829382,-848033329,976352343,1355445602,573112016,137190056,-495883713,-1937937466,-1364682547,-2062661112,-1275669010,220911534,-449802519,800623060
-1116521584,-554211687,1436663417,-553041138,697741880,-2061821665,-610247721,690773012,1650267868,200023051,2016730492,-1547006962,1691359853,-842928636,-1825452523,1404223138,-1041180113,17116104,-1365749216,-2114049560,-770192501,89616752,-1213847066
-884535005,-1551791112,1567448744,805351098,-1247507161,-1890271489,186453784,-810970124,651314406,-1170988342,-1700393206,-2101590459,1764813223,-859349362,1742556779,1099815516,-662594886,782779118,2011773809,1115473521,-1223084855,-537851710,-1142516716,490490028,254329459,-1700186087,-1820042564,855986119,-1346117093,90930049,337502779,-128267791,1720136956,-2055281787,-439016196,1065975285,-95540352,-1992139146,-509682819,-1427516773,1921565394,208758894,-732625414,1835804750,112658353,-88787055,-1426334358,-849434370,-476482937,-765073258,-827301970,-219827641,1426223289,630419333,175565576,1200504275,-182014144,-89763647,496213193,-1863062532,974060152,-2073794999,830302030,1676317876,547866424,-1557777094,370676524,439714472,672643362,1389205400,686858154,148159651,1086831163,-891896243
-493682384,-2044954691,602460016,-1392171396,1879398531,1770674220,-790911797,-1744397733,-1378393959,-1901445466,-461607273,-758973032,-229787746,-1148801153,-1045217655,2069710192,-1785059186,-2084689395,2101853969,-1670344504,1144225309,1636879295,2007210720,864473952,1226645467,-1027829644,-573220693,1098022984,-836182637,-1184054263,738111279,1584654226,-67138316,-390694604,344298868,896154440,-1587323533,1634015631,1997509460,685469600,1391003247,1148674807,1019418174,-375559570,-393006187,-2049022441,-456995273,1419654617,-1618095227,1226136127,2022922018,-621794735,-1711461195,1396857466,878424640,-1877326912,-944841578,-1862443042,-554347527
-1632033548,-505672411,298371548,1050154123,1157049250,1186340732,1153449187,-2113003144,-1726541739,1249876123,-1754704901,-314861659,-975635248,1976759829,167000772,1930773552,-227765439,-736687632,794153109,-215809236,432824042,-607041416,-1582349374,-104074351,-556979452,1399758672,2071829792,647853683,1032938463,1306143177,1597505481,1487302007,-1821448627,-405121418,-1003773668,614689921,-1906843327,-1381871105,785431815,1263522482,45985202,948882229,214174344,1660616337,1693368517,-1260231577,1162114160,-1648356985,257891370,935814643,1456282217,682751632,-1671634747,-1809742305,2103434811,-1489723345,1302914961,974379561,-879427254,-1814580830,-779778879,2127316124,248026722
424401191,-513346332,2097597367,111202974,2075809241,-1009660892,-2048634586,-1793835873,-80390639,-188695737,780164801,-1319189363,1482486613,-12489131,1757552522,-888943333,434730967,-1098000121,515605629,1911885103,99750686,1185052828,-1053309997,1514526677,-1260931868,-183083283,471599237,-323588234,357052994,-285189441,-660269554,214227016,2037127434,-2120887976,1156899957,-1781277176,1234425203,-1327162028,-837846902
-690024965,-1277786440,-1248428945,1573338561,983783817,2075928647,1401379929,-1537153644,1409659857,-1855302124,238545816,-698091473,244077564,1062689112,-871770668,126891561,1352976775,-119892603,722296984,-243835372,-1972075670,1334864538,928006420,1875658995,-1979177603,1114204345,-1591899618,-316483096,1280856087,-884954890,-717228422,-1265453775,820035064,-516006031,-1834478758,-1655049643,-1712268184,-1660355930,787222311,-1648607847,1554727327,1226335235,909062273
-753162905,1101280698,1062943108,-492614956,790708223,98499032,-76137651,500326311,1080406850,2092811926,-897344068,682571262,142008840,-2085827601,-1845010566,-1132411546,-1466148404,-1970887054,-1926311363,-1693555929,-1016647025,2133691225,890394442,-1012162960
696426969,-726147013,1688808404,240187082,2003377595,-2001324030,790926325,-635327128,222818091,970283053,-1399350914,-1662642473,-1017766961,84430443,371427926,186196178,-399829733,-1377733042,-1264324591,472880693,516792291,1667894098,1901548458,-1003017573,1058087217,-967682275,1621362799,-1998054328,-1682283432,-1023410168,1315582524,-1038839735,-1478349240,911490013,-1129088277,-965800743,-442682844,1096542946,497298186,290698759,-397001967,-1296572650,261659087,450244756,-1363108015,-1800678470,-241883064,-753905887,-1474932593,279370002,-1512162346,-2100564599,-273277573,-855623572,-604967973,-261841269,241957017,1271927905,-915646798,-1503391828,1526093910,-1032107686,235327967,-735688869,-1325857700,1157517909,1219062151,-1778310827,129950758,-562350615,109011746,1144827211,-1372478762,1984610183,-2022787218,1558205377,-528008122
-515262554,2117264696,-1416444068,-1906468784,1398362611,-452331633,-760802910,-463891054,-773674717,-857262683,-1261510635,-529605295,-1673399400,-1633123005,369617212,-1283460342,-346040958,-411424967,-1502946180,-621209620,-1058690480,-620218938,620497578,730663391,-1662488221,-1948310212,-477789215,1129328328,1460228612
630505110,1044688907,-1266292072,-240079330,-1815929879,-930198959,899800850,-724686899,-1760436931,1605162378,1299602088,-467004431,-1953014006,-1668757195,248215752,1318181268,256158961,453853406,-898971315,-1939288854,1315422992,633292008,379151341,-1022578765,-1258286953,-595960948
928469988,1329598363,-1988712927,185122105,868566149,-303036886,792530589,-1176852666,-1394370340,-1307360098,-1049474725,1889534937,-198879797,1735554358,-1448497378,-1978367085,6488438,1422053602,754791253,-24808468,843926824,994790749,2134375072,165571944,474347895,-731506559,288707986,68563208,916478117,1917711574,971908024
-1384311991,-1735636117,1221255898,155730101,-1567943891,-1873410327,1819340416,2102331351,2100410490,-1418556444,2007348151,174150896,-985219822,640246388,1179311380,-1649517813,-1179358659,1265132804,1931655929,1993107114,1939539078,-1625454487,-734237674,534558202,700617191,-1361276618,870025779,-1978130361,-1377804765,-1583723955,1588027179,-650493775,-947527309,1774981305,-1842747845,-1385687008,-976949916,1658046651,-932766340,-477472139,-890289153,1083019298,1121545134,1323490049,-1550451414,1062584799,145235510,254266426,-1118871987,-114090280,96027497,65455787,1091569719
-628071158,-744699092,-900817085,-369347177,-1140857071,-636505005,1844924854,237320167,-2050290002,-1723282646,614916203,-1735258898,682816908,1918333729,2029718961,677406601,860417369,570302790,-12544397,-1157086271,1904547718,-522513741,1705318810,1873757280,-1714932405,-373197242
1356584391,316404717,1393491351,-296205117,-1145624066,-302696125,-1810560730,947605138,1466589708,-571460490,762045396,-1348523803,991197321,-365545721,-579223148,-155789768,-761544335,-1002857962,-1461815966,-2142399843,1400312634,1920218080,336597619,-2097402144,2142760231,-1483136631,-142349139,674658794,6303454,-797775589,-847074215,2067487850,-1918683848,586364878,-1619171050,1568180913,1163620440,-980828023,1805975568,1331491037,586860286,1126956712,165943666,782449977,1238194973,-1227890433,74420504,-942658332,1338737578,1958191391,992491145,-969507153,-1649340490,151866071,1833179172,-695422901,1172121278,2117122045,1231343000,-1036064348,-136357311,1510147182,2091087257,-1754678649,1472969875,1017560658,1819433680,823168650,2008617201,-1529063772,280982546,1592589100,1281976532,-90794511,1925329876
357483146,-2015684257,210918110,-1192037772,153255169,-1497424912,-45301185,-1572095888,1952429286,-779022328,1214664832,1121116607,1935531758,-465318612,605851164,1642567757,-1077267598,876107276,1710656814,1591757837,-1374437567,-372278590,205527148,1201465557,-1941492303,2113723228,-1818993325,-647231866,-2045468681,1772686999,-2027125340,-1622116497,42673592,-45551379,-1929776114,-1180247822,-189093153
182130732,-1459549592,-1171886416,-932780743,-1816851023,-1559777727,503273501,-1067903139,824933089,-762308240,-1078019240,2013900989,-1403821502,1578587397,338650281,-1654021017,1951718291,-4647397,981204097,-2071022983,683337725,1506004979,-122218290,-1096531740,225432968,1635337313,96636816,-569738125,1800922576,949827174,-960438613,-1839725045,-1318900745,-2073418978,1570028799,-2022526924,-636824099,-945937188,832579765,1396183255,1740461198,-338664301,1832224475,-176755895,721426428,241286519,-2042451917,-91834745,-565915155
686212935,-1311063101,-1864666058,-2098644868,1814156225,1673709855,1799970345,105623,1557962489,1281545399,-824087221,-850197289,-1217479218,-368514075,1744823626,1442616602,1153446840,-223946049,-385326291,-232425322,997341981,-610600988,-1418506292,-1451567810,1348189924,542826616,-149191293,739185002,-1319413432,2084532332,-1244390110,1748324278,-213259282,-1176405246,-1655073241,943605033,1425417528,-211089520,-1959735762,-1985360486,2126677723,-1959192957,-801539160,1521672782,-838549074,1868968614,1407262667,559011558,232684229,-1785310556,-734092343,-366280585,1513409982,-85930293,-1741810364,1822305018,2112692314,-834834670,-569952768,-980582170,-253027505,-22686371,1409340121,-1162295013,1169480795,-244529154,1375606264,-1359732990,1197454748
782387265,-1974499087,-1078391266,-731225442,1717220879,716640467,818165685,-1549189224,-640308445,-1075231993,618614285,839289258,-715605543,723269513,-747736321,1522490324,-86523492,-444102321,101579813,1160083935,1624336539,-2087985163,-1857985104,-1464390495,118291644,-90771557,-1935794568,-1524490624,597749712,-663940339,1322156372,1828256820,761815816,2037376037,716869547
276919720,-2096400787,-102153909,-1269842942,-1126872326,-571860984,-1375306375,-8292967,-1991902332,-1423393583,-844689080,334833991,1999496572,650409924,-668649682,459990952,-1398861701,-1441028452,-687504429,-1219624574,-410478479,-2115783746,-1174582228,1637119566,-741125159,-1516334507,-1431250744,541607671,568731949,-1851172675,265353833,-1123241759,-1122646118,850369828,296014806,-426928852,1233827575,2145745006,-981078801,468160569,174322419,-1155247271,-1348345086,1442547052
1629807074,-1682552228,1753785139,269866186,1389555942,1269863713,-1458298041,-94660703,1096673803,-1620765857,-1403630799,1770628665,-1552731680,1882021985,-1067945712,39917910,-1858223038,-948973247,434636953,1838509327,-1734823166,-1927890752,-1547764642,249404100,-1852282172,-1810394023,-1392388270,1739087438,2137580073,-1533577581,-809991541,-1682761096,-927131856,-29670761,-957441206,1841696942,1609465561,-821588735,1265935672,533716980,-2085532917,1562195450,-1374970638,-960135399,1881975478,-1864560506,-900157753,659236395,-476813252,718154522,529995200
-1554806260,306679153,-1495636256,-1552116217,-38938224,-1198030945,856935596,-120901699,-2118618039,-982536603,1496381164,127439076,585616183,-167853881,-1496071501,731173712,-1468812163,-308989220,680386205,1335577362,2042131269,1715243492,1299967832,1530899105,-1983522335,-964348513,969930852,1049409110,-1279530446,1094759132,-1131213538,1110850333,1235654733,-1054686385,-891122182,-127452055,-830434470,-2036478296
259034472,-601933633,1727774944,1580891352,-1691661960,2101876094,2046163413,1913131064,522575832,-581789221,-64740840,-702321986,-1578522974,264168258,-1715275514,1000622634,1947347192,-178995098,-472813547,63900208,-1412520835,1743541165,-1567381649
-503748089,-63703094,561029060,-94867724,-1200089710,-673363285,-1709656740,704470339,-2058169993,2094367382,221263979,-1976733035,169875676,-1916046962,781891240,13008543,-146428562,-1484268805,2016987680,-1517279005,-1519995827,-1950154871,-256671418,1892235570,-1469960632,1064076112,168670287,321021041,-708559030,101257780,241490876,-1391287905,-272631533
-1781515209,-1079162090,888053034,1774491147,1072069539,-186478576,-1486058991,52545748,-2090929298,882309741,1924876218,1001111279,-2017111000,-544797518,-1571592390,2134820836,764112473,884489300,-2109199940,1958219939,1093547150,-1702310857,-485875017,1434413988,1138772661,1166297968,-529184413,19068752,-1199720790,221953106,1042951528,580667039,-743340527,-155932760,1593393880,-1943212031,862944614,1694408766,-31295137,-1254447486,-1720638383,250280614,1050317497,-781106904,-544816322,-439304904,833285219,-1141680993,-1602083283,1610288218,1784131733,1120420631,-1769326394,-85158144,-1992056210
84135855,-372324490,1418197361,-268814200,-903007454,1805433949,191496239,1974967813,-531677511,521555442,1312778822,1136965398,826288780,1216848790,1919784329,254335655,102846845,-1825170039,813640320,1475649474,33720529,-1643407623,-1173434350,1569986867,1034607875,354763835,-704846208,1486268270,-1636841516,947630423,1045527957,-2029550415,251736998,1059955914,864746011,-1400869019,-1734221814,-816846202,-802349423,1171396297,313064343,-809481411,-731157734,1605643729,-559741187,-1130744866,1342507191,1789478987,-298494631,-1278226081,521647032,-1704925628,-1370964534,-28138307,-1324197521,245649833,-835366333,-2023566528
-981388752,-1426968670,-1622362365,-1003898796,-466683016,988396289,1968206771,-113284597,1549441391,272883788,-840461418,-880350797,408289011,-1703074284,-883363633,-1649110787,1348434619,-2042975583,-691310881,-1534578415,1074722424,-1866965427,1275873391
1396016183,-1943007473,-230296244,1199801250,-547496440,-1318250154,1144057010,-2080859600,1357036516,-911617513,1394067404,2032110290,846865355,-1475281367,-1382250373,165862375,-496822227,-720442672,767887446,-874875200,55920778,205716374,900781041,1583946646,-2027378596,698073441,2142959202,2074648766,-2145054668,-1741361470,-772900608,-864128741,38292770,389004682,903650158,1087700435,970146393,1530108323,-1454372905,1938691908,1314193683,1875780892,-230127750,-225615559,-1418397006,-809047675,2103376745,226055768,959164711,-1746122116,426352012,-1262186785,-299136617,1914998151,1781845484,-1921499505,-550394565,1743194916,-22745042,2018778599,-2028936057,-1863394017,-925229732,-1553517931,-339249010,-29778398,20360683,-947377367
-1753608558,1001775097,1447772683,-1158503868,995078808,705699285,880729007,-824794828,-32391811,1895737540,-1206430714,914329063,554491450,1674095618,1107668791,-887096287,1643692367,-211813370,737943950,-1893841952,-1184670765,-1242298870,1256104628,674489978,69030860,1967502282,-674430944,-1069833726,2022971840,91178891,-1097391411,1027790576,314279819,1602188382,-1606190035,597238784,1223825523,-1149815131,106614365,719543386,-1352135047,271462614,2133574553,937769970,-1891428111,1570345087,-2022962959,1242005041,-1740812203,590200713,432267325,601242325,-2145936555,-1865194048,-2077467315,1393405205,-1205546703,1366064786,1020772965,1837746439,263466315,980322070,266252264,785335110,-1485379593,-253556656,1264851794,-735383857,-1620703083,1903165875
-36793045,1399506146,-484575258,-1144387655,941665491,1281163658,-1146508342,-1380089547,-2082041393,-1743730687,-863257156,1994230338,71771295,1835320722,-1581203177,1172025306,-786566305,-1781454921,-1023376388,1264113162,-1728753371,1578592683,-38039723,2005422495,-1300234323,-257366210,1042424598,-1350670047,-808366280,795035879,-2014825787,254898432,807196848,-190898913,-122804676,-1175193843,-843762160,914240236,237920941,1822535979,529751298,-802387525,-1647583257,-1843387579,-31031351,-1130370446,1914588631,1332686978,-1664706464,-1299219003,-1847816624,-1751839817,1109524963,1126036425,38700814,1282685725,211862574,-1589243706,-495218697,659661635,306083267,-389893296,64684452,901500230,671471600
1839245344,887348286,-1838706383,2121915391,1226251759,-1047796229,1868016082,-992032020,-1676258479,-457858320,1538502360,-1028903458,-2101033529,-394811025,1361944354,-5747260,-1615451178,-200366058,253101770,199525516,-1855809270,-979151991,1092742352,548717561
43318112,-1712359687,1687696825,2086873625,1067711075,-170498060,-1870444362,1959472602,-1068075532,1941953471,-1154695252,-580957608,1671766220,127067720,-1090218757,1071352132,-1700465430,41547863,1385482173,2106943153,666769607,857681578,511272475,1624223446,-1051761715,-1053036703,287205596,-1673006062,1017198090,-1766164068
1729552687,1157732128,-1150399646,-1538469367,-724767766,-1307651968,1498579396,306002144,1615408051,-1630210345,1821087554,-1311296295,-480225104,1958090439,1314661484,-2147236528,-1304021241,677116122,454198988,1999045624,-1744047524,393064627,1391432195,-642782926,-1784009320,-357405818,1399107377,1240433057,523619052,-319934007,1393168026,1035299069,-11882475,-1302556629,1033097093,1706597928,1739066081,846748613,538395239,833684606,732813809,-2063661681,660580673
-702300737,-284085996,-2078008763,2059734356,-1414703646,1832485481,-1041864513,25969269,-1496273263,910022491,1197291571,-1014870671,-977829275,271474663,1086954945,1405502404,1427919970,-1335277074,800781265,1989623199,996189751,-1484721112,-1094073365,-1942174722,584699588,-1503798183,1560079078,582978553,120992989,-908804925,169499460,1864504153,1605694029,1350339803,-984145444,296612461,1929782045,-485009089,1089507513,1826879262,1649042710,-711186714,24294466,2028625217,-83080317,1562334617,1963882138,1865791532,1014418235,951727521,144971081,-790732405,-826809635,1080673473,-481506021,517833076,347013981,1877460582,-126295992,1804207032,1677393087,-2080330980,711285461,-1721823621,-1233947869,35388228,-2063648455,1503317510,2119573504,1523857667,1384109378,-1763857957,1546675124,-724144771,963165497,165623561
-1945053885,1698912580,-238060606,-316838338,1169907721,1122697995,-732932054,1347995984,1262221212,-865176674,1532766321,-370280333,1200865810,436186006,-819203037,19052000,337761090,-1422411398,-931086658,191152391,-44367498,6685283,-505885308,874844628,-975318689,-319229727,-850200942,639401011,960802121,-192401888,110054706,1480099798,-1752704113,-773404346,-1392656532,1058504757,1491331152,1831203103,285243618,1021771990,-2007992734,1490494460,1582374621,-588742194,853453702,-362350121,494221730,2048108678,-1676301347
637493002,-1987682110,769054875,733397858,18870865,1307509215,-1933916679,395870751,-1327395539,689767515,594746480,-1542715906,-1315281374,1219038106,-1748182749,-1310216663,-908244972,1114458087,1706140060,-1736591475,-1630933219
-1220665669,-1379389764,-532291935,-1785858250,401511146,793222164,1738802334,-710549253,-482205803,-1394749919,-1798128056,1713363740,273182169,-1751095745,663556564,1536572778,-225137030,1211435907,1820668308,-1371089419,-1588845286,1560504284,-682910653,234300625,1303753384,-962112652,-1709740382,133828636,-15527146,-355478949,-506873277,2014204990,-253509042,-1990342553,-2016479836,2055025778,1849474150,1063225173,438229374,-1772802170,668962065,-1112237261,1825324895,-2112570146,242115161,-805865214,-1248078474,-405449282,96605834,-905907306,-1036928083,-1740157241
-1456235839,-908894723,567494082,-630210362,1492871344,-574873604,993929116,-2116978714,-372219500,332967354,-1686564175,-831379772,-573503100,1353057742,-216622772,-1941987295,-806103903,2066649259,-881645458,1564657403,-383978118,-353314505,473339598,402066242,-1286066766,-668943714,-1112465375,-1655669295,-1387494176,1819088738,1307988123,712683419,1895434678,42036662,1002218676,608817189,-1624243868,-31728372,221307183,-1141194957,-13883074,319123692,2119722839,-579467834,901377692,-2017213177,445516171,303360581,456311041,246961804,-1554439171,1462178809,1781457534,-690809159,345439670,-127241794,1137203800,-381480268,-823478819,-477210633
1424573594,1441284407,1844840898,2116961218,-402726440,-743228431,1753096556,1275696409,-1113474374,-267218019,-1857319897,-1247112863,-183599295,2038844794,-522056454,1632720950,-595985096,1677520120,-248808712,-543838852,1593289609,-23445894,1643654836,1465633734,-588441908,1087998557,-367766797,1884911867,-696843488,997291064,-308999005,281362742,538859326,587205221,1690021388,402914286,965223626,-437663296,2046585157,-960037033,-592616980,-1539401298,479802856,793748999,-539219937,-870054816,1595465224,-323810597,109939784,-1351340199,-1863489949,-1203560678,-1439144950,-2076878803,-937671212,-554664229
1367726474,-437379062,1472898980,192382283,-103482244,-539822210,1996125524,-1914407115,-1845421588,1191381666,938281282,-1624836875,2004340841,758370390,-1943830619,862785420,368923178,-834943073,1417549621,-1493528848,1150029651,-50917734,-551571694,-2125437920,1343111287,-1872104274,1316011749,-175069064,-1228466850,-1002570752,-325636796,1934802502,-933655545,814284331,-2077579173,1648387740,-1598606352,529885232,-1455201081,789438567,-1742642796,1214103979,-679778619,-554933056,1544263220,1893528392,945338763,-1061710719,-1940512806,125304948,1008285941,-1374442725,1245984154,635250774,1128190308,-608466265
-1526750720,-473605661,77264186,-1967399339,1620469729,-1210487670,-398293124,2140817051,-1544042882,-1619402457,-1744287621,-784448549,294822497,1491324442,-268377412,-1566877916,1960946001,-683461761,925555347,-1130617495,-1815878974,-1172261742,770069940,-1461622396,-1293331569,1286013775,-1872148471,-923827587,-2135316250,-127868327,495524293,-676322805,369499779,-1246043876,-1238361416,-41820326,-1019800544,-1146997195,-395946267,1114092046,918095403,558652432,-952459183,-1031366265,-445391431,-674671662,-128851427,658502758,1800588218
1571819734,-551859120,932324206,783801410,1202670604,-1197827599,1508632599,-1770909109,223282465,2084586820,-1307377168,1287730808,-1051836574,146695696,1433947741,-1174378087,1176583515,767232181,1733558115,-1765808180,-1560006810,-166888664,1067515481,1969997599,1718728581,1846863419,-295746081,-951223174,1599952497,-435636447,1951229711,-1792652613,-1543563790,-1356358351,1889054194,-421593054,-335608719,-709746710,923179318,-424958480,-1180412469,485101878,-351168227,-523762102,-1013629593,-970956813,899566007,870067298,-202254966,1953435310,-1014129582,1432765143,593864681,-732605775,-154950607,460944476,1282452351,-582475969,142735997,1341633176,903990177
1987046776,325486413,-1064678322,-2017563052,-1835405576,350049211,-321740853,1516203573,-984287726,328049222,-162627217,-292307555,-980826092,1397517910,1190619579,-265415814,1001872569,-1567783298,-1903054931,-12752499,-583347817,-1548718881,-1640895659,920186225,-1285644069,1066424782,958229928,399211995,-1952837831,1648313524,1687806355,-450676702,1199899933,1861097270,-1125291437,-1108485630,714327846,-1551733099,1745998595,615709596,1290879444,24940374
784950720,-318382977,920022821,1295461958,-1011546001,-1885075574,-2001798922,1696001069,1804555675,1219688921,1763897196,1942468755,1934885936,1724076415,1273434494,1668989799,856194903,1249938364,-2142411433,-539603919,341083640,-626161626,2107231614,-1993901464,1820769921,-1517712603,-1238873033,342419200,728253158,-329354333,-517367512,1244638023,-454137624,349181956,-807342786
1997163160,143654484,-1936185135,477626225,-490089698,379052991,1294841861,1737974409,1224102838,-733952187,-210642572,-1935522268,43574523,531852205,-1866519799,-1340615837,-1249044376,-880114502,-225140434,-1277895947,13549082,609092508,1370836009,52607147,-474496294,-1628293463,649367491,-1885840310,-1825609125,-1157844916,471576874,784501667,-937662017,-694408899,1908399896,-364531231,931112543,773837298,-1532094413,-1937977311,1588960459,101566292,897881015,398353223,-373771249,-2032165194,979865681,1336496911,102695224,-966312702,1949936974,-949404062,137510678,-62034635,-1365364236,1459796202,-131531198,-1069618676,-1177688272,-1850913304,1215582562,947113727,-1565694096,290085956
1233691758,1797130450,-1268441115,-2086447193,-1805681894,1215350142,1712946243,1386193976,2134035158,-629881265,-1492886471,1303918044,-1016395651,1225880504,-583419105,-1678715343,1298343718,1257648357,-865490152,-1091146821,1700231318,-1276631776,1881074855,-798721051,-1937923850,-556222602,-1919489144,-1823323835,-1644457531,-1921671014,-1973668675,-862121436,878624783,1183692552,-1781941786,-944164036,546572766,-726410899,-1087474219,-634637629,-1435238671,-381969595,-1112652191,695072680,335446187,-1690200123,-1552543878,2114957596,1520168270,690720508,1889958782,-538234285,-731297176,455782708,213511370,1778763403,502801037,1494006942,-60853102,-704790195,-566097339,-1957768915,-1358044427,-829796622,1847263304
1211057227,185157992,493690088,-777465464,-1258922047,1938756917,104547534,-1776820063,-420148440,1101580988,1930416872,418947841,1973643273,-297717825,1599565217,-1945022822,1400200700,891110693,-2089321645,-1114520135
40725756,1735584249,1167611567,1819081839,2067557568,-991478231,-78622285,-2093332268,-1101672483,-279503552,-724985593,-220997763,2094100082,1465304798,1157009240,2004840687,671751255,-1920847467,707790954,-502634507,2057421921,1684782812,863313908,1631121587,1670738916,539867721,899095240,-152349445,1770527352,-1506273281,-1981827530,410098142,294846976,-1416157596,801278386,-1610913146,-1940438296,981935895,-519020876,1167809603,1174124717,217318177,-1909611809,-567156765,376912545,398691945,742086757,1057322053,-549511952,-574878099,1681139881,1393749552,-831636003,1337980975,1844804901,880404832
-298641044,1061601933,-703154462,-1681396586,-873684717,-1552991692,1755077793,366419039,-245581068,-569573969,1888909887,671907595,1438888632,568727735,-790354135,-1333939926,1338233361,2090261843,-1933959707,1052379711,-1921618383,1619973686,-162805587,-1014894649,-1715480449,-771753115,2032141121,1685181562,-400218488,1870269724,1510974969,2059888592,-1121843917,1176910066,540618265,835434950,-299103431,708144443,-216656024,-1328195871,-176931117,1482030765,-141313277,1518444659,-1186020684,-1960082363,-1847933074,250930460,1765006905,-1441919637,-1198676501,-303759981,567071966,1661212244,435642639,925528486
-1556291929,1764352145,1238395263,547939728,495388259,-1985769883,-1839468760,-1769657402,798594303,-1727940344,1837581392,-1397965033,734252754,-1194965219,-1791602610,414252327,-1493533515,2072809529,-701142426,-1091294030,562006502,-1837994246,1319371851,-990466112,-1932846034,-1237852066,-754911003,990422296,-1842640314,1290323025,-622427308,-135287566,1963185270,1309250439,1256202803,769115375,1072071551,-847700340,-425399520,-371101875,121967035,499558936,1118114428,906926422,1028276866,-153289561,-981357713,-881658599,-889713714,-1562889911,233956398,-274482596,956823073,434463670
934150864,563549861,-1133999707,-100227971,-342215290,1217726357,563481949,621545880,-889834079,-1770028324,762510731,1838901216,340215885,761955067,1560798806,1521815938,970974703,1978601007,1337960368,-315068782,1571089053,1050218450,-89334545,-1544548598,-166667824,1863246849,1795533211,801003794,1216031064,-692881026,1640955785,-1896851583,1251264399,-550621736,-1867664856,1930456227,241848529,1683081160,-1738216678,166391100,-598759381,1183724510,-1309748218,-1928140851,1142941522,28239709,-862615124,-346711019,-1502094890,1365380450,-482366407,-915446054,1581283222,-970792374,-360374052,1396516328,-566095242,-773594795,1700124824,-2133764006
-629430138,-532303780,-1417380073,-1540808153,44152526,422428240,2056028575,1344550305,-1216976791,-754671503,891230983,209421750,1784927622,2043977823,-1780509886,-1046016603,-606374099,298827893,9980065,-736573144,-984697251,334431770,-331035236,-906397465,-1241593484,59479382,-394682670,159955505,1763869651,-1204457049,-1702709938,-449157655,1923546049,-1493895147,-1537050357,232155838,-1262867825,1398892164,-1569794119
-509809923,2093483081,1407353793,-1814494356,1026292188,1799667710,-476799097,1523129071,-1503273740,-580495719,-261531410,-1345034738,-1792158681,-1106946117,-47040224,653892410,2045393110,-862545083,-304272242,-1667522518,-1113657470,1706490929,138250038,194867918,1477103542,1463250078,-240482013,-1767953027,-2007423452,802010924,2086872890,-1366648208,308720910,1744798090,-262202318
2024527591,-1927125940,1060210148,1772315352,-405559495,-911922175,841061060,-1870096721,-148744759,-1669097596,-790494289,-1186595019,1850411000,-1106827374,-1231518234,-1211086967,7859307,1460458397,-965596838,1144184741,1397581038,724613087,823293737,1388784267,-774149483,-759295823,1157557352,-2030838850,889098276,-531425508,1577114914,-780126221,1994671792,-452095312,-23854175,-1542574840,477907078,-569494380,-1021820949,889812277,-2015670710,745410526,1155615631,-108447359,-265194909,-559758556,61302177,1350887286,-650582378,-1392302253,579353346,-476828137,-1960321039,-1813538882,-755527964,947738130,1467669737,-1174526086,267609996,-2091620047,77244870,840718312,919061338,-568271594,-860633282
-991290874,2015802663,424351584,-403474374,1010118187,525029318,-680135501,-1257873616,-598609143,954028741,-1772480609,-714241308,2040695430,126511897,-319033846,-713426245,2077269878,566547404,464013637,-329261531,-1200578533,-1719281608,-625965527,1200882671,-180380433,1534707057,-1979804803,-423597355,-375795808,997523203,-579306854,-1642543269,1680084571,1977166557,-142520751,672207580,411217741,-863197045,257926156,-184191005,-1650679706,-241842261,321911603,-259772488,1737602911,2089709977,-1635010864,-438360770,1702329854
1987284341,-1045139204,1113587352,-1176236762,-90795171,830079608,-1084074793,1102047014,-2114108720,906627787,-644544835,-303016223,-407755060,401800306,1600547304,1164620241,158862305,-718850975,-1396729577,1249916332,825744220,-187326371,-1323123220,1158252761,1070498983,-1594493301,1589490419,-1635430881,-2021287697,-1163374013,-1451867678,-655376481,201817351,808536617,1367704098,59016452,-280341108,1448661886,-1702093938,1728788728,754651464,746817203,-1906216582,945967577,178533851,-666691265,-1904477706,-1425841748,1482838680,-208396111,1341211986,-1451826863,1857174956,2110550792,1089501669,643627768,-805077115,-341919678,461522954,2031355859,712740976,1540161842,-1400530325,-1805863667,-1107506044,-714246250,-1215265151,1457980410,-1639038530,2000780136,1154564442,1823644046,124763245,114344308,1971526813,-1746923245,-990399024,-1895872726
389563926,722405628,32386997,888508871,-880162398,444109315,-1234903477,426690200,-1303644496,793844562,1325457863,1059079532,-17147427,1578515803,641762676,-1290831137,882008157,-1706486669,-681239766,-1724781699,-121077201,-2014580484,1449611935,1062984325,1110006674,-345479738,1107898870,-1263789840,-55678537,1818056882,-2018081892,1245135024,1150639799,363526552,-90321580,1964302396,281297094,-1307786390,1668883599,-1961534900,871614633,116386713,-1642105856,1519353313,1367126885,-248061001,980158064,-2027873656,121371448,1602277725,-2137822514,1093539038,-1664275508,227942478,-1160116854,-2137145514,-258390614,453612252,-518921438,-1928430791,-1070865172,506426506,-1433755652,-1162615314,1646763830,310563570,712472950,-879487365,1615711463
1316805691,219983691,1453142410,-321853472,1347945432,-900675535,80623506,135883660,-1347911794,-10685268,-2136296634,1243177929,-250826647,-462493076,220881146,-1857376069,-650144623,662866965,-753102209,-1273942730,1727493087,-810656702,-675627044,-1458306209,-2111159885,1419091148,1258745661,600123283,1549125636,-2109301173,244590635,1529552262,1354166199,556794844,75916797,-1147180113,-969098700,-482345180,-512049779,-1300864797,213434423,-420689771,1776265775,-1431629760,1687701987,-686434321,-279923233,-302733492,-1584507876,-1348361974,-1140330311,207127133
-491530031,-995431507,-274816198,-959782361,-1382775151,1256204914,-29069822,-642555676,253781363,544555194,-186396596,-2089050772,-132163001,1923944104,331560591,57562110,-261750398,-1563373442,983888836,-2059179055,-965502582,-610929253,-986513591,-1916098267,-1299329744,630583971,-926012152,1908862100,644883069,-2026601729,2002142168,-2056416339,-675475024,-1054601848,1139971618,-299708734,968558727,-276881282,1027145927,-1069219839,-490218051,1802057918,1300984897,359036865,1469151444,-644331468,-2057147384,1568023070,-2117422572,843820941,-1380124618,2085419463,234860242,-2041798863,2035629421,-2044767211,-325239307,1306465136
-1381082528,-512558922,-1723211781,-190806224,1476871310,321924006,-1441825131,1013236256,1080240364,-707277835,1733858569,-1627185556,747861312,-400032528,313288286,-1206212498,1150575902,1085663691,1528996681,-480013407,-1616901766,-1941506144,-537047582,481879618,-877546114,536646583,-951016294,866040628,-753736547,1601708551,-582334356,1490042403,-1148719640,896585725,-871886253,1198441964,1833179296,76369787,637684731,-2128760516,-231610869,1928314402,-317440070,-890443401,-1181375349,889339092,-513190975,-89247782,-35807253,-671679628,-1790696306,1064278243,601129724,-631849745,402150053,379050479,1352646240,-1121642624,180811646,-1480110811,3999909,1121056047,1490613697,107663250
-1364977510,1200724144,-149168747,859607755,1874897399,-1993918748,314282365,-1012674679,1655705688,-1072247749,535586928,-716536375,1803590449,31637264,124318094,-1592805743,229359639,1641825453,250858325,1618123659,1307242698,347740413,-612396218,1024526292,1366642037,-88703611,-739005495,1315602964,368031539,723104661,-1260585907,-1577948210,1240270549,-927636038,-1196945485,1330432504,-948671518,-165104522,-1980484372,-1539931442,-991938594,705419826
1783833826,1288149455,-1851942285,-833226607,1780976503,-2016801284,1132195916,-115089792,1797911568,1933280759,244625427,-924944817,-1371186877,-1575187234,-82702249,-856198233,-138991918,-88478755,-1764602352,1823121755,-1140090117,788763382,-734470120,-1053097523,-1955698418,409127428,1008397786,-801697392,-607489728,-1781273092,292552008,1860964430,1586274751,-58179978,-1836381166,-1471515668,-7645946,1285062508,-13662188,-839128597,-254492303,-459705536,1746459407,2123205393,138169875,1550807299,1925348763,-745069240,-2002263865,30317299,1185531228,-1242382395,-409241211,1806268741,1461838452,-2119844500,2022878966,94895397,-244989896,-783335054
-572706822,-1726300891,-2147108284,1722429511,1972507374,-1187877356,-624445786,-1522229851,-1369410899,-481763155,641886495,575786136,-12536980,1468010777,1022524820,-1775282770,98162988,1638958843,852108595,-834359844,-409776065,-103658080,-657359726,893582291,802961931,872463220,1256501271,1174171286,1444168205,1269742775,-1509588327,-1035867824,-2118238431,1288213873,-991159737,-1362159518,-1352325889,-1747235165,-1260570679,-1791343684,-132118008,992559806,747256740,375288429,1764377922,-1927905960,-64905758,-267668612,-858724191,-1009851875,1727839217,-650993672,-1035527288,-843886845,-155049781,-310547891,185014670,1027222977,1537321815,1301941977,-1837246076,885205121,-1212008690,1906211262
1520760275,-1957778719,-668420615,-188479886,-1497927707,-989162918,-60130893,1530670022,1879796465,255108353,544252887,-404870260,1453653750,-1140858880,-1528004892,-1161492822,1092892842,240260617,-1781670653,554995862,-1533844050,2097224055,1348100443,-1439358952,475099139,-692722509,-715158876,890439763,478280892,1563387097,1843548922,133045765,1507082741,1846856346,-880248589,-347747059,-1458780157,-1474198173,488949235,-1640857043,1456310764,-1686942529,-1668225602
-1076156135,-1922769927,-1433099442,-954999152,-1428871095,568738821,2034474726,472106800,692216265,1877866399,-1170747034,-1757210129,-1506661151,581694900,-2053082911,-374597824,130410129,1876604417,1317145196,603243603,503173501,1663024122,-520231624,-873983335,-278953691,-249039892,373555939,206273415,716915800,-2125840795,-1338748662,394007705,800670442,-734212653,300474402,1257922457,-986824028,-133154198,-1012124792,-710124768,-272414852,258830411,-1384382763,2031195997,477790981,843176930,342484087,1595757333,1548699432,1524070543,-500102788,388424938,399896596,-770923129,-596602191,1285616863,-157550222,-1439046404,-815243541,642533915,-1252543779,-1064179332,-2146004316,-324849428,49956753,1118475670,-2140550967,1451670798,-559018655,-1885089342,-685441839,-335057875,855002862,1414225026,1095729681,1421274281
904591556,-1512268722,696847512,-374459479,576757386,-86274669,1311118608,-1029186206,871797196,1060777285,-1158605403,-465517804,-294943844,-1976476556,-1809259472,589783587,-1090969205,1528032115,62051538,-1552030155,220837707,-290601815,1720348216,-1274084822,-1540110699,602566825,1556192799,-1354570680,-962807476,1968654209,1337012762,-151864902,911348194,1636229967,900831379,-1356040901,-461718021,-1096767464
-1629500146,-1137152177,1858106588,-948593995,1602790449,480976596,-1736977947,-675937264,91902673,-2029576677,1510158431,1766594323,-1666022912,-676308230,735776557,-74699171,558993060,190036330,695343353,1487739071,440510387,757180339,-361853043,1930970106,1064639388,400249030,-1128359839,1296781260,-558397176,1385566441,-36946316
966059714,-1976627047,806305118,-2105922090,1200920306,597895595,-1215829594,1079715842,20314513,-1340245325,-191903152,-141880713,754922008,-607040342,-1507739718,-1850082105,533075066,-623235382,210015144,-1997305901,-1218024108,-1784189764,-2141131107,-271596912,983046499,-2027535627
743345933,-1664442314,-1540328099,231803405,60150708,-1055701468,-470078415,-126718284,160103631,-963262081,1721514793,-1873075681,-1614507442,-1432404215,1870280412,185841199,1675158983,-735198810,-941753245,-130702918,2044402877,-1860769453,-668823747,1113035423,1160256292,-1985331882,912945522,1487162650,1673073188,-2083777097,1318050298,1563405400,-1488341219,-44523538,-2106102434,-1455253426,536635115,-1503266083,-96248673,-1827666747,1711716714,1106746880,-1151398313,-590197319,1066748220,237273058,1379513886,-445545244,-1648512055,1590996946,-687309265,-1144486764,323097990,1465013974,-1336989878,-794305595,978945658,-1573563424,-1468513573,-1106057365,-1612358914,468707135
-1792758514,1655909572,-1112137384,1827282677,1422871196,-1326976999,-874444651,-1258938259,-1685975174,481335662,-1484150116,18252349,-1309699365,-1743186156,1713867972,542687232,-1494328491,-21847226,-289329212,-1568306669,553905073,-423710100,972331693,2039162745,-1563211518,52691358,201924889,-82734593,1906658808,1875347814,630904996,-2081312608,-640524427,-1690609463,998470043,385569834,-918923679,793877640,-1062508813,151771681,1299231418,-297642333,-1750484612,-802055710,1863347182,1207339550,2110237270,1756790795,-1223953812,-889987321,-2141116253,732855322,-888981896,579863222,401729150,-45308845,1945290814,818104406,-727037654,537670631,-601070294,-513389148,-1905874802,-622278830,1069188726
680956385,1051949828,-497695484,-1006969473,-1991704159,1464389699,690759277,1224617681,-328349495,-1018856369,-769153191,-857672542,1084985666,907445702,-1620928752,-2091739694,1831679385,-1625074614,1900910673,-145335892,-423600143,1268160096,-839623838,1160026732,-1312119749,825565595,-1525979800,-1903289344,624527781,-436195079,-1069385480,-1736996078,2078619472,2085791116,-1828949011
1965340741,1409232220,-314132869,-348068928,500042408,-655395701,-1325963388,2102029544,-137662930,1830995130,-562353622,-2012808591,1796384204,1357690539,-967829340,1443188374,-27123536,389732903,-1649076139,502840230,-1007468940,246577186,770824986,1728261315,-1651498351,1642451740,1997349347,-930056475,527354641,-1963816503,1577849988,-744016347,-2128978296,-137297933,1697563341,924039992,47113540,1857483167,-682941737
-1287986749,1399690351,799613088,-1937620054,-1998750619,1906174790,584553178,-1898595140,846149218,1528574001,-602199809,1355150286,-164734979,-697993084,1939187369,2075360307,-3699207,-955189437,-1806368737,1412817976,-618239412,-1977056828,-731960270,488146020,-956253166,-109954414,-1933000886,-1229029631,1873474244,1424983699,-1976458309,-1756843045,1626538153,-1082937236,-941325475,1547742279,-1482526581,-59318749,1988802138,1362608998,941597358,-932168442,-869282999,-134607190,2058446077,-1270052917,-747832196,1256770201,107436678,2118404856,-2075777387,-2130161711
-1196979324,-1748560801,965334091,2050198667,1349170110,-1995885606,1381596387,821887311,2073750126,808913047,1052607255,278680455,1906194489,128184134,1889235727,-248976024,1585848137,-43776371,-1933261348,-648717507,2114029868,1312379162,1895586820,-460911202,-1947914499,912811259,226139198,-395605280,2114969537,-883409876,1137588857,1026212815,669141266,1661336177,777251618,-249725030,1087907329,-175195034,-1235253594,-471198962,-1203046344,-1633762349,1205166390,-463939833,373600095,565613893,-677717303,-883617246,1456136897,975952601,-1288606873,1957054903,-2005827282,-942333862,-1958760541,1580805638,-91350238,548191374,-2063582872,277779887,-783078618,396917709,2143693048,1633303655,-391315338,-1765220398,272880178,1002584296,1882206179,121374933,1799352851,726359593,620998394,-1952605224,-919979906,781056975
924727873,-339203521,-929975837,-1890123630,-1242407256,-616587443,1248218052,-1418037870,554808050,-1470865073,2105202270,854138179,642593694,-889016735,1100178843,-2034301264,122926174,1459135511,441531673,819960759,-878601751,-955459903,-951562210,-2096999444,64085263,502307056,-1042789176,-1742917188,-1517049075,-515852487,1018078856,790064597,1743337250,1560259640,356144081,1869673669,76124514,1152422103,380711691,-198075679,1451792073,1291472080,869419725,826092135,1157975698,-1590768785,-1483777716,-1990742042,600852681,193607836,-1602525427,-101209891,-385822177,1908050456,-1903996702,-1011222366,-1903619843,-1719674617,-380601069,-1255815291,-817471526,2000310189,1325739994
1493989585,172142460,-502975724,-1498030239,-1912650131,-1120488626,2020918582,-1807152734,544763335,-1556950546,1547895677,-925344873,-1561139757,-1031330596,1446265705,-503920559,-1840762890,-233998511,-1934356629,-1732617742,1093666266,-333266560,1467857628,1382049936,1236045958,-240741346,-1230651087,381934430,18513064,1015494692,1031627885,-1097607155,-1354923979,747210451,1265450710,-247757713,-1659427533,1718074872,-1518683157,-2041463202,786361813,1834144881,1710730388,175238619,844113352,-1248455953,-1273337189,-506636935,-118295349,-187370244,1848655707,-841579269,843810437,-178809281,2114126262,1566495292,1295211410,1582968831
295173199,1330517982,1872259813,1231979752,887774438,-20159946,1385531653,1042029117,-1800254473,851749147,1554951199,-344800045,2063440284,2056446170,-367739871,-1679022533,-2087960006,-1171419431,-1616924176,1393199498,-1243234075,426751538,675629671,-1654082556,-813259773,-868451963,1998153119,-886469354,-482326481,-228948471,1214158448,-1968844407,-1877025441,-1791845404,-544102856,-1671084555,-1597498808,-1333934147,-1379725094,-665576333,377963008,514138510,-1086472951,2113700246,-1889443867,727590078,699036870,-1986558822,-690561603,-1003752082,-1730944474,-1253585186,-475670498,-1608571118,-265874343,-872161649,-869083888,-72165308,1850265831,-639846234,2104738032,1950300116,114832699,-1633073645,-2020387434
-1325699995,-202518470,-834580550,1533341104,802913563,-933605218,-1425664365,-596004365,-1728023552,296847323,1278654912,-1827165335,1406103080,-57274407,764438891,-281640464,25184219,2144984382,777047211,-1468166572,905507737,-775953372,1712511530,-1172344791,-195510946,-2006526964,-1274145017,-445076262,-841089497,378478353,-2049941507,-552555518,1668613044,-94519200,1231593668,331195642,-102289266,669021671,-579134025,-1230941774,713922635,-1003527860,1847473078,-1111655740,1591385104,592659488,32027213,658288838,1480739670,-1713976492,1703490581,1987888863,809602289,912039403,-1479534246,-1028791652,-373271474
1519126782,-88984316,1309370108,-725994838,-667739236,-2011713303,-1738115475,-862050545,-783215377,784749184,-1677749764,1416560501,-246067339,-1382888396,353973553,-786330737,-153010609,378449078,-1211075004,1219744150,-1033721493,1106006616,288954591,-1196612666,-1663891484,-455196773,987859240,-125462261,-232285016,1279173894,-1049820418,-1824531204,1972648283,709178424,-2062390910,2025556744,-881013894,1281265728,447910616,754288878,1947211715,-73797844,-1507783634,1154421874,2085111764,-1537818401,-429483524,-1806993331,129248786,-1574605016,1534392461,-1396728732,-835296308,-2140435697,-298344257,-647109315,1276487071,143457137,1080399110,297539246,1653346843,1214316750,-315327818,-1328009770,700001958,-1596775839,1062044545,-1233361327
-2114103184,-1486296259,-489562457,-742426425,-251000859,167579114,-613117948,-1183955235,1375839006,-2051384845,1485999406,74988424,1301349376,-530734412,-95699790,1253251704,1980945234,1475778364,655786593,-652357938,-1997041337,878207315,927009786,851954620,-1488120996,1799794878,787363112,859525992,-1965061276,-900614463,-1972881746,-217397227,-763663392,-143141404,-946694944,343894916,-797393516,-842266118,-1243086508,359280792,2016262742,30166110,1946690521,2147320632,-764427992,-234653569,-643531096,1369516664
944141471,-841293351,169847034,761932807,513057495,1476338200,-1851867246,551407129,-190849442,-1430452584,1724577320,862588715,1484818698,-896097721,1522028258,1762230521,-1973523179,5409858,-210204798,1035126048,-1876986076,-114250870,1938394380,-562748943,1069124741,821266936,1900348843,-1341583224,-1126891080,540500590,-123464492,-1701636067,-717130448,997154383,-516375125,526944921,932647514,1467266608,1953531814,42661484,1283096798,-1088771633,-1152759440,2005426589
-1795849405,-119325169,-977559007,-1310814439,-458090123,-2032285624,1271490417,1555288114,-1690401330,-1410955199,-1830041258,183925168,64749873,834840424,-1184403450,-884454874,490544171,-1315144045,765634932,763205944,1280493161,1626471016,1644691428,-1781502812,-2053252758,-505781761,-2107431491,817977734,-788391308,1552901061,251677346,-330385961,443738060,1082100899
1588518454,312542496,653167966,2129428847,1380094955,-1454097592,-1031146944,-275155987,104904488,-1902985427,-996200200,-1200459380,-739450480,-2090626039,-2079706946,-793021447,1430168829,-434610992,-1178488646,-28740912,-336104834,1407078637,895037606,386255220,1803644318,-383956943,1193689009,702653987,-53366805,1193742856,808539558,-257370556,774684854,791186413,-484787,-1018919933,-1722530538,191965983,1468874513,-453789409,-40817613,-264442476,-419803422,-1509377278,-125969472,1870128686,-1620174755,102208529,1420304585,2125584428,1619891753,1685282373,-665130834,-957639198,-605324893,1419584250,-2057566610,441390764,-317539396,-484416505,-999651287,-948013024,1093589026,-628710898,957243615
-849733987,-657689580,739404413,1153132668,-801339717,156763219,420348954,-497178098,1764528560,-149289394,-168570755,202400451,-961788298,1400863270,116349154,280584997,-1909668804,-2106863316,1161009149,632739186,162752253,-824686666,-1728532161,-180527730,1670552174,137267254,-167290793,-362560452,1864529692,-348001400,588557563,727818632,1032031701,-1272190326,-283537689,-1326859641,-1187478201,-310012687,1895607845,585107011,1359572455,2126586202,-979969137,1379306991,342749204,-335287649,2056084882,-54813598,-1477855109,252866156,1509313844,1700196546,-392640836,2145722641,-948486313,-1998919553,-1713405363,-1248449896,63880766,-529935229,-653477473,986013978,-339912880,-1245778521,2130308990,1418794062,-1689566948,-1095918488,-510092611,907509346,-2102141539,-1423898662,1159805969,1700654606,789617854,1729175516,-1736217027
1383138080,1468110476,285496431,-1969591059,2108021017,-772637443,-1075115286,879389810,-840841728,1878095655,418446820,1217623830,1504828327,-671761633,2066107056,-1304754899,-731608,-1063235705,1985515295,-1903513017,-123726876,-1491255993,-1358116060,-100751347,109939144,871999612,-1056753482,-1263574448,-880920622,378406064,1313226234,1785405534,-1473191469,626710604,-449585760,1944360856,-366669706,1957282634,-1794946676,2088876865,1000251008,1806417198
632204696,1224627801,1986575926,-2117994150,1648766503,214459338,124012495,491988033,1273108829,-369517049,572358731,721403524,-436482726,-1495732752,-2033658415,-1837136803,-118650870,-108899181,-351511404,-335871918,-1771892107,-281192971,40328263,472448405,853101908,1351142417,-1233076016,-991544147,-1582206234,-907909599,186606139,1400983125,-732552700,619730971,776624113,-1255229277,2117961331,320339582,37669673,-1967666580,-1066061191,-906724787,-1748239203,1220067558
