-1633724621;-1448328351;-2095123943;1691038286;930915820;-594936185;1716356368;1936366656;-1981240849;1117861547;1682063521;1069668681;-1951461850;775175243;-657786776;1504332195;-1650247765;-1807004504;-182542064;-1778183035;-491146408
-1626142199;-1487343157;433219742;1606901446;-897057161;1762552278;1702012309;1187187778;1085210989;-1007833168;-116697003;-423028424;-6940326;905673076;-1873213053;-1027951621;-137404733;-1024165140;-667915218;-575598729;91636274;-850041221;-1847355685;-1261524804
-1687709635;-1734788642;-845094723;617210859;113954668;-72325397;-329585068;-218200445;-1718183419;-538919444;37710984;1734073958;-1598794069;-1552936172;1042155794;-469273777;431812810;97772083;589240093;-264851208;-642532610;-1851382965;-311489970;90693584;2074741686;-700820380;-453501437;-1083869974;418218004;-979841892;477670622;1897524535;706545943;-915166079;-752288636;2112464887;1201612540;1728708514;-1727299167;413889644;-2102004000;-64822429;237953071;900712145;1427371690;-1215052015;-1143395336;-808335223;1704895271;996284726;535897;-930302053;-1137027979;-1228802515;942321223;197347678;911015077;-264721416;1941115799
-933516132;-180148400;-1436301703;-599734804;553714489;-1840407043;825897541;-752425509;-994514244;-2067068312;1810193018;-1770475798;-1965012891;-1894757267;1006718210;-1744560803;957186651;1266680694;-1289685830;-986834620;-1395589169;1070691781;356782130;59809771;-751106207;1124997392;1324306608;885887126;2071371714;-1635348398;-252123781;-1938485139;-1533061478;1421423327;1551628117;1566161333;686952875;-432967495;-1618356152;1117522496;-405320139;-1794594782;794291109;-10894042;-1085836644;824590450;185961033;-444253259;-1712318904;-1696195030;1132816162;-2076986971;-1937022004;1957282888;-1960167439;-1225699184
-1890994468;2039391825;-1784914272;1547299604;-291376421;-30618377;-835670903;-626537322;1540198194;217695546;1795649210;-1017584781;928176926;-1948383019;798946766;-280893202;264408506;-1381258260;2134964808;390593932;-1369318695;816821068;320171904;1421587190;748716309;-452195593;-1147465257;23089187
-1243881250;-1822546895;-1134513226;199986809;2013030384;-1453780828;63273124;287676665;-2039462061;2012340332;-988397287;-102174672;-957072912;-448610526;-1375056996;172550034;-440425931;-376767187;1842001520;-239270889;1171527189;-460765832;-1299507907;112855818;1743464275;-1453917595;-1805435664;550283808;88206336;359132672;-2019595809;674106571;829819714;-774837896;2087330863;2021389008;-274705834;-1993689142;-1039825287;1824726039;1863652823;1066313662;-1090532693;-1633411647;-873274561;-1601914601;-534167252
-1423161682;2139810053;-204466621;2119886881;1363257578;-1503637026;-802649671;865703021;581732775;-2018110963;-653361988;-1813697742;-1790076409;-527225270;347568645;-2104409188;-12354717;-1915231477;-1095066563;-806434104;-374856117;1629493561;256243356;-1237522022;1762606539;135000615;2142200787;-1755188274;-897592592;-839868737;-1610031316;-1705266099;-1236771702;1097004541;1631505390
-625744078;1748008609;-20394235;844697195;-1684815474;-193798112;-933486878;-1763988941;151070931;-676008229;1771597216;524281344;602847627;215992210;-778645145;1778225481;-497440617;-1575375333;148131605;-1923071252;1667696759;136815438;2137516826;1105814078;-977690935;-1065490877;839804067;-274649758;1276186127;1832572095;1620311802;-1002352418;638277557;2047532778;96927020;-742857621;-923927983;2041283142;1185133547;1009967372;1189883948;-2068938788;1041585590;-2017106847;1186206208;1920844215;-491463370;-780053188;-379280893;1890821014;-425608725;520043892;514523940;-35482916;-450485497;-1811976967;770007187;-1893582389;-1600965479;-1602176472;-334607993;-1972917775;-1965081874;-1676512415;-1994685125;-703514143;122867764;-799320619;-1331190984;258345510;1496821855;974691748;158190554;-1051433612;-985241777;276136742
1639542817;666778930;-808666744;1395973973;-785392941;-370866905;1273676443;1633812248;-284521351;2103620131;2013342696;-1442793961;335247230;482792984;-1125644025;-519782088;-248115652;-1262194861;306986800;360513164;450890414;1536337957;-1572964846;-1656852596;312114538;1369926853;-1585462813;818322341;-719824947;183171956;-1490658632;310580981;190244215;1876021986;755365141;2068066647;274721017;1153213136;-722694200;1300042141;-154906675;970203894;2122173170;307478811;-931548794;2022765606
312994668;-4977081;-461508688;640709941;-1822468496;49840249;-1530558200;-1556730743;-1280092525;-1992501832;-1040112218;708461489;-2044017835;-1347206387;-1446277331;-2031462531;-576704507;690006114;-1643781169;-1518284084;392981711;-376498382;2060495087;197211747;1456051193;-1609199489;-1171201017;1691388415;469968745;-24564215;963861963;-671397204;-1739849110;2071669436;1893626766;1102801495;1297818543;-651526551;-1671095579;-261737310;1786549143;860291257
-1810682633;1876159154;-1060157603;1528546177;1355430367;811744387;1714533258;-1930815104;-1810321004;-1673958777;-378772828;-1158360693;-1995301932;1516446582;1299117625;1576093662;-256197385;899814088;-155424976;-999553520;1042759236;-1936194438;-1602594751;-917301643;780011391;759431441;1778293672;424126915;-1833165370;1635231198;-389881836;-843975945;-1662477412;370359684;-323897115;-555983495;159323718;1439456439;-1270909545;-620134018;-779451307;842729286;-1913357192;-1312130387;1735358852;1462083930;758520993;1594983684;-1593979965;348401919;1400245027;584516605;2051995027;-1573407772;1556086655;1726306284;2138556820;-1443197602;-232774820;-826137174;1818839900;450580658;-992720525;1676801143;197509513;2036558739;501555149;-1120057828;2083280153;194999529;233034032;543984976;1221513720;-1135139885;-1554265642;1432528476
1193226991;995070816;1976808961;-1292553654;1955574744;1762851850;-531590503;-1235172605;-108161296;960757022;1715280763;-269434498;104754014;-1983441747;1154097828;1801254092;355048282;-1648163203;-814625646;1358750885;-109401945;-203212739;1627359859;-2112245056;680275297;635903231;219878015;-1066158748;1864082680;1576559590;702544545;1072604990;-1711128196;-811016674;-2055087780;-47153035;-2058399462;-350990324;-2120806164;204229883;-1218119706;1873912262;1252173995;928224294;1619018202
-1994925898;-2135022210;-970862306;1241830617;-1348981808;994139864;-849564535;247394908;181885830;-1351794781;1130689127;-2088098902;-258061678;1492573569;2031121276;-1322510384;2132328836;1367150105;-795379127;969045122;-768618082;520968747;-1929100659;1984516434;342688256;-727937564;-593238770;-1389252065;1778428676;-771261837;330546072;-2118077237;424158187;-580535077;-156073659;843540016;450275000;1103207946;-328420609;2010018387;500043356;-454729685;-615517117;-1949293606;713216786;1075809591;1007254567;1666082491;658041100;199563986
-382090698;1065182543;-2058258604;955794937;2012839428;1484459226;468833317;-553832272;36988624;-2115620339;1061830989;-383678622;-117643802;-2046917559;-212308406;-1343719;-1334157270;300660179;-482270172;-394298413;-1487597494;1151605757;1184025791;-2131155139;-137834441;64662919;425237359;-1753698367;1586922960;644088642;-1226888495;-854166590;-1554831648;408436470;-1010523176;542088486;-233928630;20053125;-1157905882;-2103283436;2134600834;-175591089;873089436;-1690740738;-278559425;1325866456;-1136606924;1760551393;-1143382930;-1138444888;-1707964659;955075275;-1490200471;-265084558;395481543;-2134621283;937054056;1908359032;-1693814000;-1010826478;-1090167241;-615037395
788718335;1166276137;-541201125;-1010122848;-140833316;-1673636276;-1867726841;-1789702577;1962279042;-22813731;885391442;1119914057;694412342;690492926;2021177505;-991358721;1709704421;1643505830;-325065024;-439258963;1990453169;-764212520;-1362108477;-87552085;-1912683092;1141586967;1087591022
1048800994;491752728;554404822;-617419197;-896869988;-1795393607;-1434590649;1207811731;-177610269;-499842510;1267886696;2090124041;675085635;-1687133815;-869901667;2018149947;2094327504;192597835;1490469036;2109050133;-1208776850;-1933474184;1888382370;-398680339;154705484
-592692233;412547796;-284037712;1498195178;700781552;-209056209;1207627769;-1765317733;-380153276;-525107067;345266402;-1691228360;-2114226942;1153935513;-405018877;1052695075;-973589839;949599931;1884375453;1427303982;-1646370888;1841586266;-564322666;1929813069;540231168;1344157918;1847282882;-1785222259;-1502194985;428860340;-990232989;1995944773;758726423;-1449305174;-1430994957;600050826;1322259847;71732092;1900316448;306636519;-795821184;-1173892179;-322460137;258503757;1341120467;-1912825445;2066968325;1945264200;-1992068118;884159437;1616088026;1614218867;-1009708244;1331873679;-1120121265;122756142;-1739522906;-114758719;121863210;625459597;-562789657;-1879169814;-100459584;-1884410477;-1920395734;1718455955;907936955;-703239777;-1572909894;-552778286;-1145685731;1108987942;707759506;209348900;536955524
-752074429;1500823936;828854191;542788297;1393274138;1373857960;-379769280;-1534354686;-1701716863;1481441473;1190345923;-1960402412;-1648018267;-1461497562;1964867822;-518052320;58642009;1558928504;1951075882;-585819439;-542043591;1548239865;607537234;-1381161263;-1242623214;276859930;-919597383;-488141698;107950721;-772106671;197399409;1479567837;492542937;380003376;-1967856950;824148942;1828487498;1578629043;-1171103975;-410185599;1969653566;1131865305;1343599802;-1442564824;-770047482;1725753461;-2145777065;1693657837;228977077;2131138629;-323391127;42221350;254519372
1439292158;1678385863;1942955543;1096565051;-1653730115;-1214431976;-1326401451;-803830627;-492105177;1815016871;432330270;457169300;-550369761;-1322047105;-1648904319;-1335636138;-537653077;609173401;2068398828;830136509;236750076;-1031696238;116387024;1000408343;207293355;170595742;-1118343803;-379323847;1798776133;1401983676;-29724310;-1897686054;716886281;218607659;1063561040;1188027421;1884969967
677171480;334836079;299604972;-1692605016;-1660110182;-1530819181;1767840628;1970834947;850868936;1782133242;-1479411392;-1874365199;753574674;-2089552553;574062673;767239033;-501202676;-1624191373;-1079657421;-70639655;530568782;529971261;432049542;-558480967;-867685732
875758266;-500722269;4987973;1742235561;291436825;978158513;252039887;-212832721;1199000074;-144757369;2113402836;-1357381611;28903571;636434307;-1557194202;-576473594;1102877471;-854167245;330538809;718780303;1964998017;-2084826873;987686594;-1401077775;-2007722184;393836359;1533838491;-422896584;142053876;352496710;-179653399;-1213237621;-405402536;2061241816
1469743814;1538786562;-1095180288;-1802913915;309256261;-1710360121;-882526994;925704276;540394754;189478722;601677863;1273989284;-1736292894;-1541989232;-950900475;432509673;-296726453;1676171092;1558720610;-1344509447;-1713297159;-2058789887;462568848;1204665586;-1948220398;1656069719;-1900124533;-903539367;104499831;-739029459;-237910159;855894918;1690067036;1002806385;1187102001;-663478976;-283246310;1359989869;1580554115;-1846105437;-928152509;289510731;-856197609;-1001988790;-1799282697;812226523;-1034877679;184958377;597064821;-1110250350;275123379;-160957766
-824242731;-1574467493;1262004187;1048797619;-1793219977;1830238384;-1039567626;240199503;-726143872;2000282904;622085346;1572849491;-983703504;1315422316;1172325896;1890328085;-834721981;-990780177;-637210295;-1186203201;-1787128715;-1685120133;1273205535;227792555;-1726821560;284254716;-1089617150;1582009588;320806915;-276241118;1653697804;759677769;-1596197890;1762681170;63525343;21445380;-458354147;-657842467;618340550;-1773123205;-899625063;-803996301
-1436806508;-618728186;-1066646823;1746606054;-52275042;404927376;1097343194;439366349;1840379231;-1877398904;-1548212614;-776582869;2041532521;-2013642465;-77197199;1815915131;-1814862159;-723658640;2117774551;676018424;-883214495;1701026243;1727120923;948218758;-1363105300;-153950961;499992889;-1903130159;-1827454621;1349297088;1115167531;996558518;433598727;-423558213;490492320;-1203430174;-1845582306;-2055774562;-1382563093;-499478088;1273912074;538366284;-311090882;332644984;713279382;-2042476632;1375671575;-1548492900;875463315;-977076065;677776121;-712213883;228305059;552128108;759736415;-1818588841;-1818272684;-898132201;-470148115;-879409888;162378608;-171058883;1860222184;690636351;-429611630;577255703;1591389672;-470514941;1705889788
1950185164;361895058;-115858776;-321550711;736152045;1482089995;276220572;-1527123669;754182293;1985524207;-1210847870;1006077786;-195011918;-2056064580;832244343;-1088445119;393473478;-1515740198;499651618;-1575409669;79114017;-1909716037;1445304329;1981588569;-1770728110;1757335613;1836418847;-218708510;432655578;215424082
-1574757862;-1772299229;1125295586;48781345;-1196307449;1364726448;1061338863;605895650;1724847088;1496151956;1121375482;579553382;-1276420249;-1303139544;1281688229;204547141;-1058048630;-960598024;-1309173863;544122688;1591221125;2107789053;2094054057;1462582166;1942551898;-833500399;-1262253513;488407189;-748757276;1526060959;-2125177130;293470835;1694849304;1036682905;96998448;1582570334;-1533761650;-2136727121;761560106;-193637935;1790986815;-233823555;-1398644667;-79247320;875003792;682147716;1563669831;1693815158;-882582897;1802042524;-1010375399;758120342;-863340165;3832745;429544179;-19054977
-1613399860;528580021;375574748;1358216421;-1029788836;1848599704;1189921244;-1336732682;1555430870;-290450939;992387142;-1534745882;-618376943;-801804092;-635398449;1473180257;-1471824203;1006227289;956118447;35644060;-1116664082;1732031914;-1766211215;-1750879336;1521767771;-1937444635;-2111038710;1590545831;-1635129012;43841952;-932276947;-681767377;-1779946195;-1217587135;77810397;-1732207443;1547819324;153676703;1451084611;-91845636;-634143358;2004628969;-1399116095;-1522742313
985469894;1335748934;-1984876900;898077735;652739006;-1534857756;671450962;483443853;-1383312425;-184354913;-1009179667;1911238622;-1961491581;220203910;-551999536;349175824;189527993;-1829468152;-1642231150;927378138;-1800918175;-1444653697;366001924;-1283152282;-1264495116;179178513;-1006877069
2119432803;-1493753160;-491473879;1881767330;460521528;-293373026;-24910534;2103992250;-1018807557;795402669;1268281468;1550368650;1459586006;1988381542;86872790;-965986870;-65713797;58717938;-1949361219;808147995;-1361331643;1628877686;-1622073860;-305387396;-813437795;-1607341141;-1601476429;-1507980287;-1673877089;138757549;694488225;1005373637;-896090628;-769397742
1003893536;-1960774367;-1850158019;92061825;-618769899;566108824;-1077111308;1442424033;465605390;2003164590;613984304;985050011;582223050;320262998;-1886316748;676315448;-767308394;1537462861;2110457825;-1953721165;1522290874;-536676994;-805856185;-1090461056;1925232438;1249546407;273681791;-1757942833;-39596114;446546747;-1320612169;-292970991;-61179487;-188426870;481349005;781987515;474812385;1372308511;-247716959;1820143433;565216831;1369677160
-513188475;-798544251;-51800676;310622774;2114630664;301226152;394327256;-2045785680;-328696063;-1743961538;-430226549;458918461;1983740212;-2063267539;-1217636076;-954610449;505689413;217617829;981348521;-1620696432;2051692343;393916239;-1770870662;1738774006;-77635026;-1462783546;-826306795;1250637722;-1166270852;-154430395;1389601548;-1995878805;1762384858;794572962;718891220;2072855008;-829352971;-118147717;-46728464;-677015221;1706242348;-424570962;1551382605;-1097634699;748387736;2119374606;1346565360;-2144943770;-394035636;-57779630;-1546972978;552391555;-1044955427;-410163632;456562938;-792154146;-797814492;1468187756;-1782556923;1756238537;-1943632574;-53908406;1181315745;1621922476;-366502428;-1717199670;1727072647;872555544;-1230535481;1585827893
-456570085;2007155582;1239564211;-1334011572;-448229931;487933042;-70473216;2012936768;-1892811701;1355522090;-265727649;643256881;173728123;1386576589;-1801100082;-839453167;-225381969;-1469991452;1879984250;1691177845;-1634498026;978680419;-2098171531;1129526319;-379267696;-1124376855;345753765;826021948;544205512;39333446;1595328767;-116602400;-319932537;1107759678;-1888957195;1212452879;-186135225;-610851188;-1724432596;16556815;-1642896633;419477545;-1539792270;435668826;-69984163;379106509;-893672209;-447335736;-18840111;122490550;1504686745;-1564467219;-1979775385;1734154407;1467988717;-769936449;16393853;1902976563;1323769307;-435611268;917976023
-252447743;-206964534;-1703417096;-931414604;1156130332;1843898911;201366963;1783726253;-1327102021;532532579;-2015252736;1126639504;39872821;-1723521326;-1313048557;5577383;-858172196;1754588711;1061743274;-1348952606;1996745586;1884208118;492995750;215908054;1444484059;-871603879;1572366557;-1476649208;1804202516;757822926;690336046;1886936684;367941987;-891365537;91508180;932850216;439070159;-1522870013;916325887;1611314077;1487136979
952397216;179671974;-1023167154;1163791137;-1437473660;-361669086;1698813628;762563381;977466020;-1751160401;-1362014293;1645054744;-1632070214;-627454023;1932196711;1934577924;1625904151;1270016178;434802423;842889659;-1500501837;-1174812510;705049933;95482536;-1688888186;-1423212574;812071608;-363695548;-677338859;-1619975133;463305628;-647605573;318898255;2131158453;-1680962971;313062094;-1605995111;652784902;849133753;1863696635;-43465690;-1603978136;567390188;1668371674;459169420;1715483158;-1000692552;1141979849;-1370590316;-1390852488;2061316653;635590091;-1351846831;-195218779;-820709402;-44500051;1806460787;-178607318;-695527555;1493446506;-954688036;527252233
-315646512;1492491379;1053575940;2067783716;-1634320286;1515867960;1068292378;-769663751;2111949440;212851097;-1924619182;-1921232673;1121010885;-789735421;-1404710730;99481336;-22840656;144385723;-31045726;1387138398;-2012733819;2146140653;940988478;-176732841;1235535733;1507955461;-421110712;847839943;-1117180420;-1516257475;1148413206;-245719323;-1128248694;470371190;-729860901;1362338353;-1906165147;1341499723;1748502568;1723410853;140840653;1990394211;-1128991818;-607130838
186027783;1639176802;490048845;1788743871;-219242252;-1355661448;137053746;-1154888590;-1894558863;-1974830797;-2118715960;106516232;-1276094558;-1739389052;1470050110;-1923092606;-458007522;1255543570;1150936501;693136113;816835264;869488770;-462639050;1993804638;-1564291142;538903543;-46606107;2100615401;-1919132177;567558364;1612491639;710555956;-159767424;-1761967648;402044640;1392615681;-1756501593;753452354;-256969135;1620130841;584646340;1206016334;255137121;1905569647;-1373617739;874308902;1235370889;-888252027
1108851141;-757052714;317830415;-1486935113;-668422335;891215321;-854670891;-314039700;-2036133296;1299927265;97556445;-973118046;-12491252;1087255148;1739557064;-394015401;734199290;685078233;995718012;1914559549;2134553672;1764305762;-40292861;-113594930;-2120466347;1339286602;1664100786;1136603555;-1041632905;1833392722;1348711821;-2080159738;423416311;771287921;-1708031254;1250530245;66942560;-327617853;1614106707;1719801161;-549192455;1486040000;-1702633808;963830502;-491126385;-1909091151;-1537370971;-1673293197;-1816032905;549356640;1306358841;1117595677;1229990866;1009379087;1777288887;-2040947080;-920782318;-2002725206;488776408;-52732970;1924918461;-445775297;60469537;215361756;1008588913;965515437;-625290614;-1583842223;-1587531993;1496230555;-599093920;-629329863;-950922821;1676883884;-1354210197;1327166498;1641051563
1816493139;-465039171;1820812062;-447657315;43266879;-1067560785;-1434808536;-722788610;-2032791874;1200890537;-284764596;-1417767766;-186637334;419252405;-299738303;1567243769;1958436298;1259776211;1102663161;269211572;-1627896328;-119139644;1130471134;2030220555;-706464893;-135262427;-1669324194;-778537269;-106429418;148048830;396224681;-2053013040;1396097881;1366849819;1683279289;1682565303;-9116521;-1782469284;-2144959086;-1084572456;-1083772256;-1415602103;838969547;-1915815309;1438702064;-1629367127;543982924;-1068596184;1679634704;16384723;730183512;-1533484628;-1934220485;-289974139;-930689331;-1890536007;-554704571;1926586868;-1804237654;1429479238;-811680584;1969745955;1668564178;618494456;535908672;1324257399;-236253169;-2081738281;-1316396984;527395211;-1999766951;-182149564;-774618396;262312257;1591134551;-1138943958
-785108967;165377829;1563803508;-1310129030;-860551739;-1245471401;-1577999426;1254380637;87433980;507186237;-929610674;611653933;2080763022;90182248;106273605;-1619218086;-942556232;1754282093;64104465;-1608027761;852537273;1566471400;-1872188123;521151067;1892779172;-404087613;2008847596;1638609938
1635652535;1791439354;1257688309;-2008555667;248774931;-124957052;916133264;601232528;953126076;106544914;530081635;-1184162927;-1522407308;1795288178;358040004;231900891;1602627934;-812349201;13117699;-1821516571;-825543231;-1054743357;-1518349361;-1003764793;-1712829684;-1504668215;1922976471;495833616;-1964679143;-1217894794;-753541452;1979324630;-953096267;61390858;382801925;-254625011;1225832288;1247740930;75826651;60761628;-1686890928;-58423088;-1997566377;-1623736403;-1222035268;334704077;-1843944046;-1919017788;1473817430;-1162167698;-568357188;-1388767725;-1001557224;-1626309450;-1416131705;-1244836469;1891165507;-1711940885;-1086218811;1207957814
1196018828;-283295921;-423950525;-1317263079;-792433023;1318859817;799469410;1507062355;1771775636;-1840260381;-698366638;-700723492;1904151071;1282449217;38822071;-860154277;-2104591353;630682398;1115139632;-1014694378;-1712441880;941322636;839482793;-1069552967;1431122065;-1492905920;-1776459283;2093587029;-606462030;2107802413;1957918078;-930780502;1583903956;-789891474;-1048569688;-1169014871;1139678600;433226344;1785527507;1025101363;-1537052445;1316879919
-2017243353;-409337815;-2125589463;-1942608872;-982524261;1866612423;-958808848;548687624;-1534653592;-1915013754;19956860;835223055;-2038539540;-1883458307;2102738305;-1275549229;2007942410;-635978937;1109788438;-1562536367;171404405;-1514405642;-1676900201;-1087690003;1226643246;1534386503;287016907;-1252149303;-1647695030;1162875286;468532552;-228213671;436941816;106159124;317197077;1865483062;-807390526;-263073354;-1547339375;1787373363;-415547117;-388094096;-1835950444;2142033326;-330742280;-1706872157;-1508420909;2022335015;1466549290;1590409427;739236232;701988630;-825818036;-751434084;2075319890;782970872;-657449104;-1546845722;-1347556007;1711032490;720023007;-977032361;928565685;666373627;-120971751;1732428553;1013859856;-1773548676
-346061700;1961329545;-1515883879;1357943007;-282219058;974240475;661952236;-570953177;-1181858263;1960113086;-1239000112;-1120208258;1803540347;-1918611827;-610785483;-1568474762;-1848897684;1794556968;-2062144077;-1359328201;1446640525;498171931;1255156704;1842396730;-315927348;98253055;1708122342;1488892497;536776240;2105682720;1514413647;967006186;334928577;-634087073;1707901218;528117907;-201023801;1627781210;127871028;631925184;-1327562697;-1944508471;1814231991;896782028;294947434;1296719403;-332506602;-1370007747;914462992;1176087201;46349829;-2082990772;343440995;-744410856;1210003923;-1588361053;1565366431;1282442414;-410606590;268540264;-1995781456;-2015837106;999846169;2076884858;-149599187;1087069596;1819260599;-641541639;1405879429
279397355;1929083660;-187439753;-110011779;2142452419;-934761507;-945096505;2142086250;507164450;1136618728;-1032710866;-1530403260;-312176938;-1687849355;-1050120559;-1767041703;-643334423;167640418;194213238;1350044233;232741431;-11042778;-1044334157;-1512259679;560860481;-851779566;-1816738713;-776579384
-782480680;-884662994;1953892126;-1455622021;598915153;187887247;2054118241;-373250596;1537409146;-1139868231;-1159700141;-1268141632;1236782527;-1311053457;-44388455;-551460337;-814747780;-155786177;1310483942;-111572084;1329647808;659709433;1630964568;-1201628562;-1937565869;1899581535;441478945;-1651175377;-1982091527;6103833;-374476950;1207077539;-720124680;-1414309141;2031667827;-1216370613;1299609560;-1749841879;1789615614;-641376790;1710440297;-1541330839;-1568835347;-1477602983;179327242;405106554;-1860558038;-1431302761;178816039;-1752683627;833585094;-351132636;1436842755;-317310766;1247292772
-1382607945;1144469469;-118503208;-1249875125;73491833;-1650754583;-1713736182;1183143113;-1803366879;1812358115;-1438543072;-818411069;-2005019671;-1782017301;-624559652;1302730710;1912790900;-2000634881;751465281;-1543999148;-478277103;-1997474567;-1585495684;1416624982;-1263158208;2213051;-788405246;1834248471;435894388;-420781913;796031477;-1784350592;88616474;-1475293867;-133011765;-1337990146;-708935462;1436538495;-1315562191;1898880411;882995228;386142784;755905580;85075788;-79516979;1063936893;1349134978;-1634984825;-205104286;263565219;551124055;1177960729;1397583900;1310505874;1853222682;-1601984203;-1891261555;1385456600;1944860577;-821834033;227739995;430482466;1350983314;19998762;-1874910396;1117397486;-1152547067;1769608112;-845823390;1757228677;-785450137;-422826751;-1789380433;376599592;-1200970591
657694410;551600777;-1353756808;-2101393178;-298896902;-1038438788;1303077942;608617488;-325841293;1792145646;2107569290;-1242912485;-2078291496;1617293589;1407599532;1780358579;1936175617;-1623636503;931278020;103548278;1667937277;-1492190510;387320716;-1452906553;61615962;1190491042;94964531;-1434067231;-938329693;-616444988;-353173628;413688879;-161081815;-645075786;-885314489;75501018;-369236474;-809035852;-95314201;372740514;-1492986785;-343025995;-1433272748;1453039856;-466140440;-1321498470;778630442;58028588;1045740204;770112677;-826041838;-386659508;-78535410;-939732697;-849184152;29827501;-1973743350;-159151747
375890725;927926464;-491352260;970294239;389495896;-1974977741;162763435;587458679;-303992757;-1114374579;-809959823;252724337;1174279478;309849382;53179023;-2145411839;748571293;-1749244283;646150799;-1336910556;-1888863071;-263753818;212071165;-526794747;1468483731;-1671119043;-1507012074;1129119138;-1344055607;1107424442;-2023405633;1718230447;-1560576587;-13320241;-1735169864;-122383174;-1627307470;1263729711;-314124015;1150422927;698550561;-1513749097;-41997860;2004881629;-2081321420;-353318895;1961745955;1519600921;-1406831607;-1087369097;-1138799844;977121442;-609926790;-93265610;-195770469
-1260560333;1146146644;-1131553081;-1347067070;58781828;1299753907;333806096;-1005024913;-2082240905;-148767594;-1773980064;-91703012;948511781;-1178858652;598759568;1508020504;-1727331003;799902380;1940067613;1034970163;1615138821;-1921247127;-880140517;-755675357;178847516;1165172870;-435309975;2113489067;-1647208161;511173539;1578798373;-654077959;423725332;-1404000743;-1457615774;1122180431;-891376572;-1484698821;-836378600;-1879377690;-1720456875;-331357985;-1090319781;1266850830;1771103383;2133319452;614145488;1594409113;-557832802;1937449044
-565624199;-1988001264;-835988108;-583979235;-213059672;-889200193;-488965510;185900189;1960092231;1733734393;1353387831;-1097020860;-310484726;-2018734561;-595650474;-1831394290;-953728558;1135483764;1496984732;-1700188802;-771695973;927786550;-1928064400;-1190384941;-2081616744;190044658;1096528286;-507664008;-2127538789;-1633435884;541613399;1200331712;1437422522;-268460099;-1358480772;479853522;-1277010129
289555995;-1670698527;789339776;-32356753;-1691172807;777222560;-1235207969;-669069766;-802619695;-862739723;981371602;286106489;-779096804;-1210250772;-497319658;1073008899;-2045592813;1136529902;873397697;1170255517;-1242595023;363065393;647981990;-1297368433;-655762307;419606898;1713103868;778172533;2013054663;923494114;1098943041;1526393170;1897606961;1248046685;-64339365;-1710067478;-2109532431;-19854879;827139329;-688243632;-1424017836;889043517;-516729256;-1232962115;-575705595;-224128760;-1002429728;359797155;1328580751;-355963436;-384989551;-1347198719
-1082565980;532185665;-725838600;1640053902;2047900570;-1764564152;-1223757922;-1345045089;2137409012;-1934139035;-971874798;528573828;-703221191;1818703587;-2008049712;1766717351;-1123263057;-706308361;425484102;565158;-747188465;1367320172;401782695;-1032334178;-404761989;162126465;-555408386;712289451;-1772805969;1255006737;338641797;417391791;1272104311;-2130936588;1032019767
-480642720;1815143845;1185594531;1981851211;-1506843982;-1575112412;-182990334;2102140125;520604;-1425192674;-1301907573;2033519267;548064177;-196254646;108548614;-1481367666;838990483;-131129067;2124362399;-152270289;-755314195;-1071929728;-1558013956;-745874127;2016559270;-757633207;1553530001;13519145;-361201326
-1202733518;1732587154;-872751636;1490494236;462514921;-1103999982;1050245826;1267935750;-2109503735;-417329918;333077680;-1311135212;-1957551997;-2021934035;1749687952;2091107969;-1779383433;-1452630314;-198309392;-1774120869;-1558338546;-5817345;1769113350;-429758106
1616204776;-704899104;-1674202816;535856782;2090814421;-1859104033;-575889211;-1410471213;517476884;-823160731;-406095948;1917901274;-351748546;-1869660211;2055364754;-691469552;-561942084;-1863313509;-715215154;-517605602;2121874573;-1563781900;-1349559515;1127347842;-1270805947;721387088;931816008;1012045147;-347481256;1130454381;-346625605
-763441512;809968774;-866496769;1460350946;-1686651140;730297028;1053066483;-1736396287;789674402;-847303691;-1617271946;-954024739;1279578134;935155579;-81605295;-906969091;602278612;1880717958;711315540;331854790;-964001781;1704518021;935011262;-1244937714;-1452649821;-438661927;576170209;-1821678610;-269443711;1359525067;-1247817210;-1424619300;-636711159;1187649728;352261005;-1244816648;1199192292;2006748587;644006744;-1973717851;1180833794;-1901756478;511249002;1550228315;-65365790;261905267;-256193334;-718122054;1103567889;-2042752615;1146203053;816407267;809778927
744064467;-1630826237;-1215730504;-2140332364;1074731569;-1663549136;-1448870974;-581246776;-1267486513;1407857271;1223711491;2038946486;-821563917;694533685;544871382;266978362;-557960321;31205285;1823712254;1534922485;-278449001;-2044997446;-1639746582;-327493281;-1696489594;1565419567;145976634;-2079941380;-864026143;1937990875;-542837374;-1152644147;2091272941;1259758153;-2029825716;764989705;2127728701;373699208;2043327331;-1652217588;2036005023;373995838;-1214612402;117015695;778367289
-1750241766;571386649;-281538322;-800762901;-398796707;413733045;-1739502075;979078244;2146435190;-1584966939;-473863668;-1872184509;2086750745;310841558;1923856378;-1408340456;-1203313654;2019726036;1147707539;1791150281;-145687256;1063056640;-1407088368;697897310;-2019834452;1299827007;1525809150;-35216103;-628375373;-1489476491;250893414;446278345;-866178567;1385843442;-1789002963;1771574879;-213290010;1556049964;1630693054;1725092289;-1732632114;-740672082;928593125;1495408350;-1312783755;-1930914480;-1236347138;146638593;-896397616
-1988814770;-1921848470;-313429742;-1413443648;1216030384;350587674;-510625818;1501163784;-1599405709;-61402642;149387768;69729422;-630951294;118097135;-1449071175;1305813100;-420743739;728637416;-1021298333;62049408;1412838087;-1958971337;-325648581;444597090;599714969;-424511256;504130069;-686586222;151292917;-965211137;1106132509;-1965026831;-500193371;-743537388;-1298419245;1320966770;-738185435;1466638629;1071010647;346014737;-1215292537;-1413927001;1946516966;-1902116093;118868630;-445826850;-990043228;-2054480850;483289150;416527726;1606479771;-1086555941;-153417173;417016625;-825687037;-343735895;1113678255;1241695049;-690104125;-782666556
1163111801;1408564791;881945431;-2062702559;1430054064;1708181556;1764016702;336923768;-477222682;-406772408;-60270080;-268087103;1716011563;-1878776250;815161852;-1342373974;902160637;2116614656;-1680497951;-2027676129;-1960726567;-859807402;608599139;1007937775;385051156;-2049843345;-705328597;-364230481;-1480127510;1128081990;-383835122;-1710874658;38694871;-1331454104;1848520065;1092081482
-68304645;-594286516;-771502927;-707671098;809303810;-1992442242;1149929386;855089507;760893662;1548302240;-981149499;-1346638924;-541695209;-85619411;-1438628111;1473739794;51928412;-1252683200;795504414;-1941600183;-798718776;-1996758385;727726627;2140697779;-1112261018;1183222936;-1985999648;-167203967;-208849417;-1141986535;-546548057;-1765206693;1386065138;-1538022972;-1835130409;819070764;658519499;201388339;-1451390262;118274358;-1016504456;-127347175;1466974448;-1009345684;-1060760272;432875450;78411323;-344646912;1006220917;1777543580;-652156738;763866425;-883479724;668353662;-1834438000;-2012269686;-1486849813;387504777;-1632850954;-662762272;-1777558997;976333509;1841343424;-641898437;-745824033;189233102
507358336;-667065619;412345798;1708918952;-591853172;1812936666;-1455307891;2008827699;1102481036;-1481012589;-297127121;-30760058;-648732277;211698537;857171358;-615242281;-790637492;-1198174627;1793777056;931795585;-1612934567;1812251037;1970302474;875224615;-909863845
365324078;-236732385;497386668;682931596;517384081;-175208692;886071594;-1282055250;-43809823;-184183860;515122766;272122830;-152651227;914497173;-1555064964;-303758969;193979446;2142710362;1619441820;-753213696;-57467539;1209911923;643681512;655469865;231722909;-1844601220;1407512327;-149191612;1843583811;-1299797892;-541288869;1749745831;-248082693;104849737;214736278;-2118514753;-556391882;1574973227;1129094803;-1760994984;-940464342;-243424577;-388647069
-799365111;920198686;2099448997;-1539212202;-300883083;-1265972674;1705483545;-198088702;-1418077134;817233559;896875127;-71808254;173355037;-1709080823;2052701053;434679977;-1607800228;553333756;416594758;1902675838;-1223670570;-547569463;-2015790622;-365774782;-1435333403;-1827103656;544584226;-148068047;1449074506;-2001891319;-1649444685;1551511944;-340086943;1555611863;-1820755859;-1189166777;-196522603;1948034747;1639849965;1780662584;-1718886123;1838519885;527930464;-614437073;546244807;-1344618319;1658027425;1653324434;-32336004;267701680;868155270;-130226917;1496325989
-14125961;821947356;1780105414;-1859275622;638271;-1445528445;-168448023;-140076495;1361525286;550927071;-2090326444;333096392;345817407;-556442974;-2071416003;-719042728;-971823619;612421992;228597565;530057629;-1492244980;1975428344;736057156;-860400644;460050270;-468608568;656216781;1551034016;-332680317;-1627929146;-49600174;-1265208091;-2128249795;-527119531;-161002751;-899087879;-860113581;-778682219;246550702;-1864113216;-2012160091;-916404505;-265119989;-1348694024;2014454144;-1283942737
1771804573;1426860083;-1191148708;823016916;1780315279;-55308574;827767716;-989852356;2111835505;1255628441;1871104532;-516898699;1282020307;478378915;666671559;351854915;199729298;-39447524;-933461131;1007250621;-1375096194;120415173;1780524719;1540222275;-888376514;-859283177;-1713630360;-1602109521;1675781744;-2100025446;-1450670153;557316041;-1547639020;-268094602;-448018982;35166208;-433285334;1345339978;-1200765315
661300632;528477500;-1106687172;776026269;-2077880751;1151422544;-304835226;-428000800;-932824908;1044599549;-1762114300;-1666180317;669423665;-1444321795;-171531239;826926414;-659213518;-1731474844;-1249517014;-327183771;1459106871;-259213836;832832512;-343786499;-468129469;1512761519;1641253804;-1017758486;1318376822;-1492154452;-419685174
278640891;-744599250;198877450;2130265965;1420538659;-175342094;-538922772;-40724013;-825564462;330556359;94061770;217349979;-1726994151;-1839387292;-874188261;1316457592;1227026980;324352885;-1566033675;1195521368;1282680918;1104085750;-1522883117;1109149273;-1334790734;1884585156
1746726842;-451922052;2015263345;-1717610029;-1451140971;-1188509665;1179939927;-1536044220;-2107314932;-484768943;-1573739281;2064361631;217308099;1542957172;942015843;341490575;1866692237;-915243201;-288161951;-2007593475;-1115461015;839672477;620030001;-13917807;1291190959;1763218901;793876745;1916717944;273476486;-1814050838;1440594080;992706664;2112563096;275081540;-1948022272;-578003743;996420873;-142985329;700929184;-544379468;312171940;-1458494494;1428273585;1195113672;-1150923177;-377882844;1721338552;-679483877;-1412984351;1383553195;829158748;468105479
1650203429;1613437056;-433509946;772245649;-1883900997;1109939860;131569464;-588614613;667549555;377551144;-970807069;315756460;-1282819371;-1575421502;25250106;-1539412673;1609387985;1178141680;256213025;-1100414629;-838181409;-884865889;1413870000;-570182600;2064425064;658102958;1440351543;89331326;44570468;135920830;-37554047;-932532929;502437443;1057105995;-2038668451;-145913561
285109760;68349785;723819762;-975069228;1026633542;-632797232;417302301;-1111285704;1546051869;129467943;262914784;1964391789;1378002991;-551707053;1878619226;-641458608;1938825762;941461405;-1618721778;-719726136;-793251795;-133145175;726269325;-1169178254;-644229395;-34794060;-2134907531;-496487808;900237177;1783981084;926087833;-1733291810;-1571789389;580353573;139368065;1663651989;-537665567;-2093063175;-964157164;1942630772;-325244037;-120209680;1088801683;553783532;-548504762;-1542004718;-1333688631;1067382331;-740883807;235447001;344500352;473775309;1050958366;150222906;-2004093897;1092419806;1198332244;950869478;-570754287;-1261489565;436910578;-271923764;2145453839;-1729727958;1940264983;1817620962;1185482113;334896448;-1598348319;1566181413;1947280569;-236180846
-1746804002;-1664214782;-143081770;-588133604;499245349;149503184;1124113067;-764810620;-154092630;-1125908424;1573242622;-1127662744;-959258189;1331583906;-1799085136;886320472;-1425841568;1084570044;2020981877;1617778591;1919657526;1181289649;-947058689;-1513311340;675200218;-450100582;-1192135334;591374383;-1619705060;1979354420;1730997145;-1331316002;-147643081;16265427;-1052827726;784791961;676381014;-9056618;-1263147866;1692299827;-1711985062;1910889948
-1484502285;-2050512166;-1034532618;815864815;-758624157;-400918421;-1570840291;-827860162;-1392047001;-1512986848;-1628529242;435748194;-837764464;216831316;609294964;1427844206;2010820018;1975592870;1953040813;-1989609326;275315379;1852046660;-407663441;-799477751;-651723610;-542563220;846440517;156553525;600213015;668799792;1101285397;584006407;1092670376;1661855865;977438045;-832995420;821400540;1874409805;-798415650;-9339579;983210034;-1590497708
-36069026;-327679115;861795736;-941797962;-1932822014;-77592238;764923019;-1081082549;-1032357499;1625985834;1900291662;1494587966;-1656041374;1109777961;-1284099536;266365443;1218347359;1131046551;1560888948;-1220167285;-687795218;1009890414;156431190;1763020285;528386262;-743121621;632603216;-1288688475;1801483538;-1777283351;468985241;-438850004;-451254535;117160106;1252219885;95097098;-843777634;737682424;-1303491437;555450167;-1773389191;-509111380;-943022180;688110376;761021766;128433165;-331704728
1440823853;1904388124;105277550;273359078;1459483170;2062245933;101197883;1506776063;3085710;-821697095;1784837306;584389660;105281838;789747826;1530559158;-883468787;1791288635;-373139304;-1936586083;-1586213610;-1612272949;-218498421;-620312953;-1432724838;-1038505097;-1457463392;-1492669323;37569813;-1042696388;-360724425;560103645;695151183
401748748;-2048991898;-556146482;372492074;-2088903219;800385007;-1385661301;-1564891180;-427214099;1409938901;-927470871;1526408225;1034088632;1350410101;-1268721182;-1864181971;-1940277850;-210368529;-1248043389;-1613893359;-473621005;159538477;15208089;-1804410746;-1219154322;722916387;-1100643924;1347842765;1317521553;542483799;1526492460;-761754157;-2071968815;-640889436;-1727672342;-1060116337;695126071;-1656187078;-1799757623;876504495;846872112;-1990775064;-1912490827;-1742867342;2092492704;1763297693;233361362;-1755309097;-1678707140;818159147;-1460005384;-1590127625;-275008744;-1712113842;-1533620641;-26373713;-851768449;-1307516435;-1962037610;1139714177;-809855230;-997639265;-601677638;-1143118149;1972529875;-1561582224;-1793378077;591466457;-336376237;-1368613149;124325345;2052135207;-911661848;1020022075;388917543;634932394;970563860;-1897811210;1844576775
-1433234237;-456402023;-777930721;2069282566;243036899;-1546747981;-1218871021;-574350599;-1992632775;-1744968421;1539243388;126446815;1817059698;1083309947;1665984799;1719649383;-1947825032;-1389587182;-219620767;-88515953;-1991625977;-1529451596;-1211038470;-375705531;-260769665;-919354858;-862522391;1151300433;967988475;-642737848;1521970855;-1294021263;-2090967135;-1754688894;1152318878;-37944891;1560062523;-1952553694;-1100103204;-557971;1219019271;-741920523;688165891;-652560272;-1009948214;1479946421;-1517248892;1749917663;558686506;2026082514;-234232052;783305273;1192611133;1318678132;1139571517;-1250050799
1863467713;-268749663;888574702;-239972547;1912356443;-287946789;1762962545;600013120;-239576788;1393496863;-1905897539;790772233;-439084443;-502931485;1584486930;1312740942;-181838653;2088078294;1709533115;-349010447;192910099;1499221265;837686826;73528657;1147031800;892339596;-211499935;1874200540;1098456044;591387090
-1627017240;-1290221436;1057750776;1748023817;-1767575613;610723831;-629673013;517390921;-642099192;-1195111968;860526920;-256507787;-1740794060;714724930;699588176;329645042;-1382617480;61227981;-910232932;-1346553015;1442881488;852323935;-702597907;-968660911;-1723291309;408146380;1919766664;1432294028;-2069732916;658173154;-775733791;385004497;-2145596790;-577335129;-1560995178;976411435;-2142524812;642867172;1098648734;-877026815;117360224;154878694;1481614530;-1250308234;-406599004
902722635;-1992929774;2074393068;-1099496101;346933756;-1152854111;1415443789;-1947824545;-789329342;-892535973;-547081830;1389810583;276715177;-1376591292;-1513886218;-1694999009;-1211336558;-141593130;-1536606294;451615858;1827095331;-1271542564;1643644728;-1955793942;-157130626;998245024;155837104;1411475079;-180634060;-739517368;-1691848383;-1257811729;-169538309;1595007100;-1003504622;-1115814731;1681459103;-2025601716;-1506944942;-1207221539;-1236683466;1896437841;-602794355;891804319;823401111;-2134817519;-1378921663;393277547;1324945164;-1189257817;599407793;-1124585171;-1616762810;-662156893;-668622344;-330467887;-1816858223;335331119;-947118240;-1669293303;774234696;-340481422;1152891892;503484749;-601897078;-1952913608;-1001567149;-214374109;-2104781523;-859803438;-1557483833;-1425580128;546296306
-362531691;-238604498;-1474424070;1111142523;-2086744938;1985751182;68696697;1041346895;1179239174;496228384;-973181528;-145690615;-887870821;-1107608734;-290327040;1945425589;1680294617;1981532854;1978171812;-1343413891;-412061788;-690431129;229537566;884881997;-371550698;263364077;-1978773426;141175482;2013262482;189021296;-337760098;-1948497889;1876605977;-1146692214;1611934330;-2027880951;546056411;-2135191727;1444210687;-228238636;1454811153;-1577427308;-696800526;-1940897131;643917065;-628810141;1811273715;-1425970118;-1809291390;1159766996;-1729396495;-81752848;1205724473;-425756156;271688416;-1037478460;402036931;1148539484;-1083045207;1288120204;-127651427
1721767266;836608264;1981690241;1448916477;-1421819970;487156547;-875902214;271364474;-1310738233;-1439242177;-117533382;1598051791;-1548325942;631416784;1705191723;-1164804962;-1385876079;-1972255032;461503427;1054447789;-185714473;206478420;-1309537892;-1810842644;1948550648;-1470604891;-1334040637;-377718346;951683560;1568309202;-2043474481;27601239;524154981;-1641328644;-1447465675;-1487647538;34252144;-1948345934;180464091;1094393811;-1957101064;2037156759;-2038954006;-540765414;1511665624;-746427838;1979802344;-537577511;513204484;-819113627;-297418235;-1419780216;1574008318;1827496752;-1277207116;-799149081;-62451827;1824655863
-2094609595;-784103503;-1819922415;-1920516847;-263095042;-825784879;368939523;1037278110;-939460028;-1371594186;-2141024546;-966438812;917663522;859491516;72751845;-288599672;-1985859650;-1975293242;-1593198478;1825575464;-247745058;-570564494;613784345;1994313903;-397577556;794917133;-1353459;1307768425;1929476285;-1039670583;1660407490;-1112122279;-1456979377;-355159635;177019092;366250314;1416828882;-526541364;-1344813017;887766307;420469417;-480513863;-1615809458;630316415;-303024079;-368912839;-917565392;-1645111427;639797505;1084064826;-1779129112;-1826010413;105046131;-2095878652;1080579821;-2125753815;-1402007453;203421358;-1179559566;393116836;-963599050;-689023278;-1563970545;-1961505600;1316757022;2074192259
-402534302;-443226725;387732607;736786285;-1903483347;-694563260;-1009172575;1136646027;-1671101420;-1539958841;-1344499816;-480212607;-417017041;170868781;-1444358179;-1050466771;1183266002;-1513609886;1098971106;-1751032856
209074932;-921823353;-2128305176;-664654516;-426911717;-486246703;-1218549274;-366452967;-363404808;-380042019;97028608;-914160575;323704353;-851119598;-1519040288;-636584158;-1386907299;-747392619;-1595659748;-1332212983;1291562667;1368071681;-974960417;1961087496;1606695561;-993741481;-845474103;777915404;-201623950;-381018061;744269076;970357550;-1062520665;108427329;-1180115977;411490633;1849324594;1078002158;-2023144370;865733324;35149095;825052514;599345018;1282616016;-62497491;1432875692;-1658254971;-1370438548;-792116164;1450597695;-732872310;-220607160;-1723817561
1898034259;1038562672;274833757;-1606852528;-1664469693;1186340970;-1844360853;1140243745;-189247114;-1294197878;731845572;-172545660;-165541594;588768643;-127344572;317811537;-164086960;-1599169727;-1807908110;-589365063;262252439;-1263641098
-187758985;-594957721;-2039691661;310205225;503631173;1536956253;-1389839944;266246530;1390793361;-1611016731;2132570829;-797056528;-1488842640;1858610212;1069929939;-1361799147;1320999122;1521919000;-1661444011;-1579312493;-871649289;1425446654;-5420317;-263289062;-551298527;-1109398797;-1212436511;-464340319;1153863819;1411841758;1911278492;-943746574;-60354151;-1303363444;-2089440867;2049814124;1097138256;1966934300;-970140862;-1227144444;357091079;1853840284;983552905;-872960628;2035741022;265841140;-1299471313;-935796680;-777342609;1428161538;57694201;1923047260;1649869892;85021958;-535456176;861263738;454109576;39555904;2107816979;669355900;-1629592960;1260094935;-1361594968;818494269;2120887355;130876669;-1825511852;-553913779;1145661704;-367929265;1502720205;-843428107;1036135719;-107112575;-1145670388;1938291064;-805887292;-1871941318
-1645468772;-741295840;-1721435076;1601725661;830191720;-2115136751;1944286919;-2094012237;66077742;1049028780;498014271;-330627264;-1804150581;1523372095;1237342476;1965912581;1733456428;554279557;-817277759;2077247744;27369237;706407956;-1075860865;-2057274047;416248349;-1329484262;2008645531;-1614264132;-348913924;-248334264;98928766;62377825;-722933751;1818990093;1719679949;107887977;-1055211523;1583299847;-1536781367;214300403;-848804868;-816751946;621347319;773565646;1315746262;1257121650;369588482
-492650871;-1911032674;1265217760;1286337031;-1482559222;-163386850;1423247668;-329648250;1032873284;1841997573;1246998003;-463858685;-1715520672;791984531;-732503479;527269895;-871876793;1896751710;1759024573;1024650246;-1629006748;-1136568626;790538131;-765064712;951275950;-358254899;-1494975375;511024168;-1190888987;442411455;617990724;199957835;-662098917;-5056848;-1349534108;-1275308589;930867317;427109324;1678500341;1833988741;-1343822542;1197353235;-2002100080;2047307848;1495101420;-187882932;21468451;1806430528;563322654;-2134152134;925040917;1875169051;-272558106;1157146893;1797001645;-1656947030;306441227;-880089061;573265844;-1892837197;-1488661440;-1878750001;558175576;-1241572347;1265519273;1777152225;-1724103086;-1181467445;1440500127;1274672583;1930135115;-1887316699;-1333611856;-672859797;-2091157125;-595801356
-553983459;259300243;1096810229;1775710550;-329206326;-398157603;263821585;-844205879;-2021429138;1073583520;-521124366;-2133092902;-834269754;-1235744824;-754566695;-303060945;513407562;1021707974;-133624658;-1989792259;-1049026726;-495897163;1587200856;63937742;1425538743;675982269;603036238;-601124220;865702196;-1056538948;795960686;1002379933;1668668588;-476916702;-1764058867;-1766620232;-77630154;1110744092;-1791471538;1452181847
552753908;1735910583;224187877;1891760888;-1936218953;220850945;-697032453;1102516184;-922603753;-1282037458;-1673368098;-548277693;1293131155;-1572513311;-1108070836;1052668227;179399636;-1681731351;-871150217;-680387177;-202466726;1621185822;-723687599;-2076644958;839975255;124437360;-1875922934;240604326;31354331;651382588;-70561834;-1312320207;-1329861328;-235375647;-73582861;-805669161;2045504135;-979047533;-220156438;668720928;-1730280749;-1159938194;715400724;-2124010044;-2024951052;1804715214;481037919;2014243861;706429976;-1819141155;1193783378;1426751420;1755093598;-825785491;845699406;269210791;-170276421;-1342728697;2114671637
-1140615903;1705133123;-1827965296;-1332301852;-1901052963;1318920281;1949779916;577109131;1515010368;1121931000;-757792187;695889356;-1392846207;131805526;1242429031;-398358012;149999329;-671081337;1968116049;1650950611;819533328;332378642;-2073785381;999181515;1837166799;-174608959;1207109082;-267559581;1880471510;1620720825;1112576418;392437809;-685916937
-1478200372;1408809560;-860120446;1668393734;-10708168;-1352680642;-1530096405;672595095;427038037;-1929333374;-1487342934;-2006125364;-1040842081;-1850281171;1238855266;1867304309;-61026455;-850609882;1580410693;102325873;-31083300;-1113403925;865448886;-1632082556;-739457473;37566334;820853295;-1556613266;-1528426888;-1794546532;507556964;-1607373256;-1903394351;1505834292;-1906130776;-1371772720;-794310657;-1013869033;-1196055152;-656822312
400729067;-2001114155;-10021958;1071116932;-1869969051;-783863170;-1138059265;-391207697;-560755530;-370466498;1603567585;1450771483;-1806630843;-1476354790;398266398;-149735485;17173151;-1454726322;387717646;-1340017570;1964800427;1828482673;1992664055;-1215521047;-1692855006;1355074007;-1185398112;1676568809;576595005;1672525622;561969187;-210065232;-324789585;920668811;2058464263;-62459426
-1638735810;-906194802;396997162;-408196309;1354633604;-2142762678;-865053086;-1628465918;-961213692;-316676362;1826896816;-137923985;-979621444;-1584264062;-1101598434;-862319226;-197197274;1269420399;-999125669;-934755640;1537029526;93238621;-351068993;1951051993;551860709;-1532872479;1111124876;904064885;1272346452;-564007012;1358934134;453951909;1765564585;126885768;-1301226652;-1477953747;166095262;1198948757;-1032614792;-1072893624;-434765957;-1438910604;-451938483;-1000341866;295036929;-209761615;-1200605569;-1216806315;-1741247862;720783623;-578628753;-780002609;-616175763;-386805265;215451207;845757203;-1860615769;-1919112838;1094283835;509668327;-1372864841;81011808;-1074109934;1610065916;1037484232;248971607;1410779364;2076985187;631111445;1559757737
