-21964628 -159329991 2052395390 -1244179980 -591136186 424138391 -297463455 -2141333704 -2112648082 -536780554 1517340135 2088207926 1300712298 -770791807 184980728 202556602 -1544185166 -96541042 848793045 1395881529 486652683 -663590875 1457020745 -214005778 -1956721196 76569794 -1581318882 1445960517
1437707098 -1596938030 1553232509 1050493954 503244699 427512203 549454728 -1539115857 -1629488776 932216647 476140853 63215042 -1778370332 -643351209 1640532624 719480154 43123164 831371277 2045165704 -629453718 -1620507477 1548386740 1773904338 -1757172015 707974761 951628480 531485965 1821419687 1317635524 1288264006 830056743 -569815847 -720095230 1529342893 674472958 1209317623 -1213853114 -1129925978 1066587978 351605324 -1551109359 766729817 1116807097 317505583 -1220689909 -2023540000 1068347995
1622166531 -2136360968 -50291648 -1390547979 -372172492 -1102891019 370415710 1057503550 -1182434358 34167286 1566760888 -465020090 -1659182940 -2080033958 -1213671491 -529971628 -1733411750 1810312306 304464621 1879864562 283960960 -137137033 348641218 -1160970492 1844536620 1223508158 -1339137587 1817480731 841149621 -1376105686 -204287714 -1344617717 -2128177219 -333757471 -1532437527 1807540410 375233394 -1137890751 -1368615323 1734660154
-198000363 -1142971145 -1986801126 -478706263 -1906011645 1654975632 966160633 1632046376 -1770441655 1618765138 -1741911717 2045132179 -1868641624 1335292793 1179220671 508720527 -138810209 13920888 -1518479888 762935593
-1019470238 1495080091 1339751379 229752559 1512220555 -1790482911 338314923 628737600 896908399 -752353874 40730371 -565278653 -1009695279 2100776330 -152284899 -840306711 -359722713 1415556015 857211702 1970045017 -147536587 -993404006 -1129106235 -976167713 -1111884553 1208965477 -350237180 -1795466204 979020995 -941768171 1008591791 -1538057569 -2109196881 -923275983 -1934716149 -155893685 1187892015 -533296237 -1132848599 1936354714 -1063055614 -1963761791 843624555 -237927511 -1083046065 1197957631 319939399 -185451596 1917047562 -1724552866 -1424065718 2052932043 -1965440868 937436440 905260384 602326726 -970020157 -1048345889 243965010 -1155285643 -239681610 286707955 1370582671 392247068 -441313652 1979593139 424639534 -28273891 -213338403 134689911
-736463369 661452457 -933910628 -2023374832 875936623 -605334920 444790751 1593745519 -1468082165 484254659 -494685970 1701697070 719281607 -869934702 -1861487812 239062187 1721538563 1828231014 174387988 -451505600 1952412346 -1998692776 1479726321 -129228783 779559161 2090017921 -825525492 -1744119292 217790093
-541845451 -81818864 -2104940290 2073214954 1977916390 356016571 228879292 -1548241835 -87209068 -210194211 260021144 -1942726440 638328136 -192841559 443051381 212153885 1921296238 344652781 -411610050 1608728935 -1956202003 -1121196648 -943779302 94988210 -1747127177 1194246781 -263739170 -748345577 -304222687 -610348202 -454861373 1412225653 690995765 474053386 -341588904 -899900595 -1000925625 -213791438 1956644026 1376050670 1260907910 -500694823 -820195071 -932959279 -750789293 -376517757 557432317 -598237114 722892567 -1180374928 424604449 -1941697713 -842400943 -676769759 593585599 28565195 496740845 443868187 1891832693 1074022870 1114653660 -1475570966 -413667353 742270575 -1310813728 342046824
-1495425700 1419707559 -2044543426 917383823 2132124746 1053606427 -1110949717 -201246993 273332791 1721349112 1842822020 1347047558 542279188 -451122274 -1398537349 -1864867758 -1111737435 1610084136 427167651 597519311 859826860 -569719876 197580595 -1595860636 -693035963 -1370240732 1147815817 -684554208 1488151187 873511581 -642115982 343109285 -46809444 1996712175 -1179814744 -570313372 -1515978639 -1341652547 593159323 1218707466 319522194 -1309149154
573626937 576911759 -629513621 -1738997162 439319419 -973406990 253485402 -300685850 925652595 253220444 1846895691 -1408519667 -882186411 135434733 -1731567902 1572152316 406943127 1549939433 2105295829 -1857115024 721599720 -1361847401 -12953338 -1409829833 -1272663711 21172076 -604882732 -1000790799 -1735208199 311522153 1509332141 1346845211 1762509886 430944449 228003047 -2118066615 1533089858 -1384161858 -172150320 -617539406 -1605137454 57676004
2115718897 1053105646 1748501078 1986034172 -1163698422 -340673676 19586936 1521944815 1844368810 -1895402979 2008528085 763559636 1231865010 1638031021 1170281027 -2094381114 1910898166 1622919782 1863372101 139004045 1259320897 2037722045 -1403320913 123072633 1198970012
1834635408 -547793807 1161458127 1393468950 -876008117 -862820533 846220328 -1548103209 513485063 1170678621 1081488250 695800031 -2045094839 -944719533 -266358424 -643330066 -1665929506 750753858 1507815907 -1431228046 -1349947907 -275815683 -1459605520 1823962359 461979821 -753637721 939076270 307814878 -366676380 437347977 -1037670761 -1988630196 -1309627408 -2130849499 -454213882 809071461 1574036122 -1351503221 -1545991176 -2126345286 2132944264 -2119305238 -926162922 -155197185 -2037636765 -450045847 118465266 -2059858943 -491777479 -1517324489 2124155793 -925052458
1593512672 531906345 -518859435 2068307754 1497978338 122624042 -2114819128 1074603238 -1449878400 100489602 1896188128 649931368 115491797 1844007453 498726377 -280425511 3823147 355382443 1834108990 1277262690 127740045 1215408037 -112506114 441219790 859618714 -1836559984 -1388195841 1323993966 -429325925 -1585814141 -508552190 1627682877 1392194520 -749833241 848912936 677977667 335417639 -1101724802 -2018704731 -453716163 -132803643 1159575206 634552498 -887985539 1996643432 -431816483 2074764232 -1797281777 -1630922604 805122183 1788835850 559813149 1942977069
-2014895614 -1363527532 -1866886067 -975132533 -1685669489 809151238 548647255 1425004419 442441758 1041343697 1166800460 395106932 -1969289704 593155969 1556637532 127432048 1930400667 1061222258 -131128896 -753939639 1555458155 -807604550 1756880582 789914895 1988306730 -98903483 1806308397 1144991190 -210894905 -2012269248 1913406898 -1464228165 1473244468 417912507 2143181802 -336668887 -1575708069 -246241911 987894866
-932109742 -85842326 1121050276 651248406 407510988 -346142612 -1458062485 1413675722 -5849133 -1015278707 -1545932839 -919328588 79023027 2120555941 -1856724264 1041439865 -1237000647 -1305089662 -1001867426 1225465566 827930653 870356052 -2088667131 -968656941 656205756 1623356747 790751194 200954036 -1035323383 872518526 -1215574924 -638257462 1063951045 -1615784434 -405551800 -1286389225
660107 2056193084 241968210 1844370548 -872915563 1483438969 -868899792 -997447118 -1475264058 -1514367867 -2011510555 -358458597 -1576779569 -1540111216 507918825 -501355084 -386645280 -1180855795 -644835585 -467009343 -987113395 -923738236 -273822606 -1595782077 -1250594450 830967718 -1440421983
1822601414 1177867937 -112054338 285373220 1271675750 -2074161995 1550550738 1497232040 -378426477 -1215949305 1920685827 87422864 522684838 285193141 482775065 -1272273926 47410995 -346926550 -1890158274 1768186163 -1964722067 -437671758 -1196991739 -771630227 2031904713 -2048410032 168379821 1191019695 2071797728 -318429233 1599109029 -384576756
753832726 -767088557 -921522665 -143905658 -2053164096 -181748976 -894582891 749696910 -1927486228 -879059337 159030132 -1198520371 -781232 -218145825 1785918204 2118985655 1226754708 -1764451547 -1886763197 -725167997 -1092393763 -492233042 700960486 -1714147386 99406759 -1085015125 808223477 -892705955 -39357737 1796117150 -1984395473 -329740400 1443548944 1226247197 1851941230 646755187 1487531076 -2055774762 151368804 -383328369 979952014 -2000086061 -1837731449 1452716738 1104141887 -426862083 1061205578 -480689821 1289808950 1665016294 1835845773 975948457 2044134261 -576438078 -1188960683 -571875252 1837777647 -1911656010 628743359 1714676844 -2120326490 -318789547 -1249732047 -295370318 -111299851 793018214 2005544915 489554357
643108843 -1515915715 1889314206 635689303 1179563102 -1859860111 2091738382 2109951337 -424657859 1051955211 -201345218 451398009 -1666755639 87196087 1898138215 1505318242 -446290935 -39657246 2104937829 -932707437 -1729859819 1702108083 -1762185322 1908473125 -1444959088 970885180 1927838472 1145027375 857860725 -1179570196 1311747282 887685465 1682929175 1181507144 1204236226 -1337823825 1979158882 1693050586 -332538568 1033023927 -710625178
-867522479 1187236036 1802320662 135627625 624777031 -1291731060 1800220492 1026830773 -751374570 818274552 295632655 -1724400261 2113582435 -2035852229 -208136424 -1791884938 -1135416167 910669862 -150767214 886500451 -757944747 -347953223 1473001761 -1398244947
778966012 1787174950 656212330 -904151607 1295019791 -1723660224 1036391306 1646811043 1384162432 -1075337707 1227706957 1401707726 -461096228 -417673903 461373429 917168490 1005943432 85356782 377041853 772786778 -1295733295 38921142 260434441 2018077550 1661259328 -1452204794 -853711906 -885300284 1600467763 1314719187 2029750675 -2120721301 1753159080
-2087566136 -840528568 -279511716 -594892397 -1327364713 -1639109571 1390373652 1528506126 1564010249 -811128185 -984918983 2026204386 744171212 -1892031385 735331242 136599545 -292625374 255108868 -1316932659 1049072176 1882216987 -720883569 414741991 -1638364905 1897072901 670273192 423115437 -2062447372 742884131 1679163135 498503707 2111396878 -1641754466 -114575810 1730340995 37068327 1089445560 -1911181018 948993768 409670729 -412570041 1907028984 124923020 -615874363 53425504 542366741 1699054535 1167428472 1249585233 181823464 726942745 -65591728 -797008427 -272328445 1813019523 1765750286 754762370 1550603400 1895885074 1942586188 -443019387 1312449994 225998011 -604751934 -2059356014
1454166126 -934646844 2001175829 778605927 1047369316 -129267698 321423533 1832734889 268335292 679509956 1063546586 244535421 -1414769083 1830561459 -1812574732 18025871 -287422307 643049436 190788958 470754771 -1461649542 -126590925 -1423971589 2055225068 297532743 696689060 1561103329 1676815057 88443122
-1318255539 1292645038 1923311876 481172530 -644312363 1335405575 -55329807 1811112102 -1159083293 1368276003 -1011187279 -303504219 365677153 501181863 -1587172722 54626546 -344418639 117144704 -1090339009 1561961118 1242289376 -2076869626 -1478592970 826476495 -1593028326 922041182 -1334326730 968795330 -1681782433 619154463 1941268007 1120656658 299216758 -543568073 182811181 -1565115079 -183380446 306637839 -1589817866 1645101143 -1142080109 844764653 -921754541
-687279329 680395674 222446602 -1839704707 1799632945 -304775868 906115561 47982173 766731393 -1566284635 -1990744034 -1927024344 -1444530299 1459526499 2024683206 -1163047569 -256029402 -266048582 7371203 -223711938 634759607 -1677043880 -400826414 1773854882 1183617314 2101637255 -860094757 -1804694165 -150135452 2045485457 -1092759157 228187954 -218347462 -813332897 1694546464 1013871517 -1217438692
1033133699 -1145321759 371458154 340380855 1424994715 938452104 229659877 113185926 -1382105633 -727293837 -1563111328 11816874 -1456863955 420944930 -1551837514 1983818134 -28079654 1420336179 2142648830 -1401653130 -1796025079 -1765838296 2122783485 -467794284 -396718528 -291602835 -114500388 -480309763 482834488 775884440 1525555226 2064239204 -1677596941 -577365006 91551939 1140245829 -27786476 789605941 -174730271 -1731542963 11038314 1650960023 -543506381 1665556984 -476439091 613316359 724438556 936478844 1956084781 -1299019339 -1455785250 414082789 737159911 641129688 1892047623 576639104 -840567974 -1242458453 372406315 109598333 1000259002 1931777463 1906087378 810163151 373203235 1360544087 -1599024716 1858175831 1326080241 -508273031 -1925950685 782834752 480504654
1732705736 1691316396 1148693771 411389747 -2013193327 -153511280 -2121609548 -2008791311 -1578290711 2023736027 -1404588323 977764289 2979370 -1464865059 1390882242 2126100148 -1910532785 140885990 -1259692529 -1442137021 524862190 -238286546 -1492947205 1674630874 -847297692 -2123931660 889381786 -771798630 -1863981743 -900265496 -432182413 -113769637 1973493318 -97784371 728920144 1658501615 -42680643 363555418 -1660768939 181663149 2062840137 -1162987679 -1974705324 1448268077 669022478 598324531 -1062863265 -105615024
2037665345 115671197 459307394 1404870932 633065222 1256736353 188874818 1825520124 1320081444 -159778952 -1220753438 -922021612 1221119693 -246498878 -994656373 1743416023 -1597903004 -198379261 1380585604 568634184 1268475491 -2036312069 -885769293 821198628 -1747348610 709533363 -1671754909 -1920015270 394058505 1176812057 -1190634169 -572799558 -127161962 -1642618673 -1341519682 1539841517 386305506 -511823553 418604376 -1300179547 -1630958351
-1592642152 -229322476 -982772618 -1422314206 1082194427 -1614290783 941830008 741780621 -1378029511 -971536167 918544691 -1586814325 314983114 1110431139 1067305531 465701730 548744363 272477368 670333927 1828342233 -854125215 -688958639 -1201660436 2111180298 1230170429 -1085596895 2073840199 -1553379972 -544984606 -1710265723 -1749662880 1464805489 -1682918652 -1827761159 -425072532 -1170222981 2067042162
1420758034 1309000788 -312657323 1774777113 -156036783 610956527 -252987207 -1580915986 -1663765856 2040506314 -21301427 -2079245618 -1988618410 53226118 844052582 1296521053 -1075537076 -1380471880 -102769079 -331387305 1135733952 -1384461055 -927132247 -130318140 -22879108 -1814707621 1426531438 1030241387 -1821852618 299963062 1556439223 2034352259 -1959491782 -2131669565 -1832446942 -1120699984 1347752262 -1606431986 2040057674 -2017113811 -1281800268 -277363118 -1367543407 454519621 453873886 -100111096 -1879152354 -1114517241 1630320061 -334384832 -1616842967 784523577 839074259 550172084 1554138229 -1447766900 -766608054 -1868568806 1123299870
-1852938915 1009850041 -1110486380 1146398955 898909943 -567596481 616228583 -1348820922 -628236391 1505801425 -1259979708 -1637392761 -1742264192 -473952926 460613055 -82735420 -1453641722 -1174423993 -937210286 1534292854 1798219080 628173323 1589864229 1981886829 -1122698744 1473454464 965047823 1589925379 -1100267819 -1543919850 -898086820 -1142092652 -1920852631 1479773039 -1880601136 415020845 811767121 -1162211534 1240424427 -1965760893 -1274061101 -107948514 -1079821969 204516645 2126452747 1191802722 -63610337 -2143393291
1803501356 -666922296 1995548116 -1815788044 823457152 2107889028 1725829276 -1183405591 -1333281206 2098718269 -2081019565 -402620893 2076665525 -404252816 982007196 179208673 1295365053 -1762509005 281504880 294215761 1987282435 -2052886408 -1680498674 1108825467 280749791 -1662548845 -618745040 1686617438 -2009443653 -350177031 -1390135938 1139143000 -1261775714 -1960188598 -555973817 -1697507382 1382532871 566234512 968828014 1292159483 1802653180 511464649 -943479134 -1832078275 -1807753631 -669248606 -1757976879 -1123838899 -1289197939 862787461 -1650328098 1474968063 1341516826 353390037 -399031152 2016505370 -229657860 950361976 1020338894
768098772 -1072299883 1197121033 648255122 1826019206 2078275742 -1070015752 -1503707438 -8772088 1839802000 -405404021 -1423264055 533423741 -1185348231 -1120052712 531070506 -1817830783 1118270778 1760997083 -881280458
-1110914162 356734109 335566946 -1113427233 1843097930 1891966897 687421240 1643518556 456888294 733209127 856717690 -1812841706 -1423600837 559203388 1478387596 -1021166389 -380075122 -2102775793 1472299795 1820093932 2146794444 596264090 438612184 1150595509 1240055831 464847839 -471622414 184777598 1694840961 -782061471 2072952100 166767441 -222866410 2102791637 -1987930749 -879288389 -578250721 -2130347751 -539221156 -1752231705 1309106085 -383186075 1351520852 1341819112 -1874686156 288046272 -784556081 1552977237 -615169824 568113588 431640725 1547226650 -751653748 -1633460156 -1052648269 1320349069 1511116905 459773982 1504769439 467776959 -1093886531 -1174242804 -976106850
-260133403 321026736 1241870186 -22492138 -907295843 -1950118800 -1009022706 399154821 -252273539 -659362642 1467835669 -1201616462 603248326 342233148 1737547491 -448535028 406122334 -2081463537 664385377 -1249031685 2128059417 491966257 -1071234336 -469242900 527304249 1864843004 696160566 -2096836180 -1092441800 2123468420 1398502445 -248078087 1162533316 276340821 1218250782 1012737366 312162570 345606494 55485144 -507322593 18454582 941492267 29379781 303820764 1225461818 549895002 794568783 -1753810983 1808093647 1289603911
1575336181 -650743367 -700581111 252497895 -1551068486 174503246 1527076002 -1940087614 -2010829906 -240377032 -2075532175 1683271513 938597352 -1904223111 765081579 1719608743 937733349 325157295 645567370 1218744127 1905656475 -801822567 883627012 1416415341 -489406001 793552345 571616960 110093212 928450467 -1089130757 -1360378491 1625408758 -659175822 -93415243 -1618460300 -1475783599 40557536 1178711408 1744595256 -2023855799 1386837036 809474055 1043195515 527947177 -430059833 688635597 1613016731
-468404182 -944805164 -683883875 -1205448498 402672868 -1386961044 -583468447 2007792405 -400729614 -1288976918 -1529164009 -925901743 64876114 -2126098006 -1207445263 1944436687 737341914 -1604403114 1759310874 2034926758 -1105734331 -1439407513 882524390 2147249107 593538958 1352095723 508719945 -896359259 918314112 1924697481 1459299725 -965854373 1784770702 -1894906430 1478697535 -155660789 653661663 1046213241 1903090026 664742852 867182253 2121753268 -1370852089 -1401667081 481040591 -513832796 -1673248589 -1085604846 -1987146093 -208217118 -2105976670 -1604585107 1668128977 -1686791173 -492186669 -1451868823 -214157764 -691833042 -198648443 1812479446 -893191173 478042483 858812905 21033877 651678583 311470015 325562904 -1180774018 1933429110 177826694 -1914305722
-324736407 1779249793 1089236280 1217112085 -589133823 1495180977 2100423667 1193852358 1039123463 -1387650398 825665717 1852321583 1791325292 1615840756 -1579332056 -885744877 -150358881 656133655 935914453 1431512772 1895086110 232077141 -34530090 -1255296827 689418832 -884545003 1455777231 1597704624 -1425414256 -1235748771 -1252786657 -701016230 900545420 -1601458280 242710609 -1008925132 -1426272048 147489433 777125336 938536179 1668124061 507580383 261362171 -1250261389 1762761215 1681049626 -679997426 -534026792 -2010305762 -1183713043 -1036330782 377964790 -1627639853 1493647349 1533895550 848325874 -1169313154
184689934 282200361 26412054 1869677252 -1229683685 -2032331696 -1202846591 33822785 -694695172 -1393969189 -1112859611 1678047012 1987988875 -57535070 -624379202 -1765055776 -1144998372 -557759550 -705204367 -322564555 1660464555 255566529 -228921823 -851224582 1925272404 1523839477 554014210 -1065185251 -87869689 -256719323 1747799403 1579550952 -126301317 -313768336 -1347303697 182352005 1886618466 955929453 1427735469 1219260100 -222753313 -84968301 1437345511 -1348672742 1314088500 228157403 145092305 -1347281172 1386588864
-420911445 -1074100211 2143481639 2090171093 -1504598511 518721413 1092845010 772133704 2115547537 1294682260 1122516122 1768816230 350933118 -1034064906 413345983 -1124590578 -914822141 1397541735 1888951838 347836346 2028555130 1855027560 -1898947165 -1209370652 -324582914 -799004349 -1684371717 -111888475 -670588610 -198603955 938473870 1960801951 -12515948 991734123 -1010184020 1947876125 1368674133 500434902 1022816005 722010744 -1854743190 1974308386 -1131164322 1842150332 -1942659809 -473334661 1956905090 -1370765174 -389070022 145551666 -236344714 143616063 -1760017841 -733429129 254167791 -745066155 -653897134 -353521560 -374103288 620002569 -2117591698 1824731978 -1424318417 1846798654 895018516
-1153858976 1824412833 1529100886 598404405 -102125162 325777676 -656340876 1456441743 -1188497795 1940801583 489744567 789915585 282135147 -1683526035 755609725 281437102 -1239174511 1762172931 1220321941 -1465739207 589355629 -1619749777 -422588212 1418158927 -1627430525 -961686513 -1726774585 -1956649429 -1451716533 230341639 1822864915 881935828 -1591646100 1693146216 1161497466 747646954 -385072085 1339856013 -132532840 2093180835 -1230997219 1550193096 -1183826771 1016307471 1698492964 1511461950 260385715 1489576099 1024849048 700456463 -1864238413 291245300 84772035 1942352057 1702939220 1424240834 793320851 -1730380611 -589183820 -132008136 -1656836214 2039392131 -2066401414 1609055345 -1256318215 400690042 1946467115 -1874197442 521902444 -642509181 -250152003 -1116120794 7522920 878717583 418313833 -1112385619 -482257069 -1860918138
-404772391 -657235277 792128874 -977064687 -1798244623 1726690971 -40568388 719773648 956435335 -885987743 -970663138 1316006554 -1084359239 1502467988 1895385145 501104688 -765865550 -1375508948 -1944305952 -648440368 1014391415 130750467 225387637 -1854896693 -1544449312 226628484 1807878283 1661699924 191564515 134794657 -1689653811 628592537 -1564408552 517677834 968375581 -1627099113 1152249976 -1942728549 -1246509313 184174122 922217064 211123989 -1902774472 213766115 1620006134 -478358000 -497738062 1898232349 -1425404575 -913946064 2058287010 91765714 -272824610 -2045863273
-1800039766 -326218343 453259674 135054789 -595512107 -709511687 2082004150 -263019878 758828057 1078115368 910331844 -381984720 -387101138 698505170 279488364 12506123 1152894537 -1563965397 536764119 634092820 1962976246 1044880439 -2011009880 1227853685 -1081171158 1877244741
262953671 482320792 -167677508 23359439 576155247 -70847165 -1838823911 -2073250351 1321148485 442636372 1945803319 -1076101062 -1753327243 -133448147 -286597935 -2099300597 1514524074 1554163133 1880248133 -602438731 2015297640 1677376789 -198138982 -351948594 1242545337 136604219 -282986812 -1080078078 1435165451 -727773890 1001270054 -1432690361 -2088390312 845746058 -443226281 -534816172 -791221881 422646909 -309052120 1482089811 1761049106 974200633 1451506917 -450123820 596806888 1433780667 729938139 762370821 -607313773 492874028 -708264678 -1020681696 -603222115
494960508 -1346218972 343779888 -1790821861 -273363995 1562913991 1545618940 512761409 1561833675 -1326016342 225273948 -2008931823 -580358152 -290418482 -941461829 -762975424 1653471118 -1435518650 -2146051788 -1640232211 418473804 -707119314 -1215521928 -475511123 1218782735 147550683 1041831924 1521802980 -659993702 1428894547 780937523 -2131532202 -1285135719 -1389241345 -2111644288 689635069 897828578 -1945133666 262260943 -613609444 -422632450 -975703683 -1363603236
-1002514456 871480804 -2074437740 -1766389643 577846804 576708307 -748820556 -1328189225 -1247336782 -1489173010 -1805400144 -1223634709 660078131 1409361333 983930581 -1749540532 643983628 1456856055 2004539569 1835185818 1707366329 1017286536 908169906 1116829769 586274564 433075505 50094092 -617860938 -1332600698 726659047 1464033248 -1510258053 148811630 -1301348288 -229416550 -1989177597 2086165888 1203091234 1184428954 705608288 1514327136 2058772413 -1345636330 -688588709 -1600741616 -645114694
390635212 -853588041 1780135092 -1316614752 327072044 1233218980 -333616665 -187520563 -870041240 1546858385 -1927907034 1956242493 1456005623 1228916267 -380842990 -489804177 -1645855442 1665419985 -1766790520 -1634324908 1668167122 1068213916 181360475 -373821715 1548887279 1561062815 1799324739 -738986190 252471527 535276143 -344354540 -1799328971 -314320435 -1388716571 1659652658 1613929351 -1170100493 1935390498 365959747 1474799322 1516743105 -46184493 -1983192282 -492629529 1549638088 1508554933 675541540 1868855698 -125137386 382976603
-786185397 -2015410229 -1351389650 180652197 -109744202 87867884 -748264523 133343015 -934349939 -1776622986 -286374377 -1131306775 -130204987 885041334 -1410538019 -922182376 1323153903 -643797801 1673153275 1953956806 999076321 796918972 -1329407216 35381465 -398358123 1346232848
685507142 -1933811120 -343835238 898298451 625952127 280381958 -826891307 -2035675904 407947306 -654856196 597194431 1229212652 -610996206 55508911 160053489 -1308877873 -1769767326 -2137291276 -347523601 654695911 113451536 -121699232 795106241 -1015069705 885472662 1686804201 -2086970942 672262290 -1266166809 -471740468 51402935 1945151384 1486278816 -996594254 575971362 1681095425 -1857740930 -1891414002 -2079736616 -1920081959 1975338768 -2072867384 1381366993 429393803 -2128577875 1697305119 1040471103 -1784456863 1829656487 -157686838 -250282015 697763914 -993082944 434797153 1225095320 -237387554 64525020 -546781701
1947841439 1994854904 -428520169 -588730459 -65765502 58418522 -64142145 1094180375 -1617641299 1036416010 -8534294 476682685 1072908160 1405807232 -53900511 679928201 -406438951 -984721762 2074019174 1695363144 -1387745132 1311477472 -2005463216 -1371350797 -508990640 -217589551 -380469382 42226756 -484973448 -1701870912 -1735437538 -308259956 -1085095039 -831134541 1806978556 -1654543165 -689218704 583007388 779891840 1287877600 -2103055457 -962586166 1398277155 507303275 76982463 194792354 741461520 509052495 -1172844000 1428195214 -827320309 127720692 45438768 792246836 -522983538 -585963635 -688991936 -29476886 2076826420 2051281838 -797387378 1174880362 -1385630117 -1805567200 -390929537 1423870402 1533018883 817310200 1905750827 -931920243 -4411908 1991111142 -1916803041
-477773504 -1072062774 1970170973 -1784694883 -1009508195 1997086860 892073895 2037122340 -1234408297 1438219820 -693565700 -1759403060 1452633995 -115300841 1651755107 -1291902027 -804931305 -102469700 956219110 -319048959 -159052871 1338483295 2141135585 1782788811 -746291018 434115885 -354778500 -1473632426 -1447393732 -813286257 -288397707 -109840503 2147359690 -1138771774 956104482 -1116131429 -1838223153 -1343506009 2020220342 1600305930 967723409 1259424727 -1838416446 -1517663792 -1245262256 -744692998 -414080257 1298093273 60795050 1411102041 -1287598262 305362351 1253675841 -732382032 -1596074769 -1270348426 1002094490 -240619448 -1926772439
