1848568721 1230205054 805779930 -917088464 1532046883 432691082 -1046430876 -370221661 231210417 -525590424 1994547037 1179340103 765885576 -1324265604 -1156858683 -1472240872 -247262217 1831453748 1966249630 -1546025739 -2118362335 -1650099895 323604706 -228833917 837097237 1186104645 1617838263 -1141783983 124233755 -1044635836 909364192 -155959235 -769492912 59681790 895519607 1165601301
-1103030524 522905049 1199953280 315109379 763624521 -1343564832 -568217057 2103402882 -2030344733 -25311913 -1135360273 735448090 2001740307 329242794 1910022640 1675127146 -2081294974 1366579677 -1019208181 -1880863080 -648794675 950189247 1610523440 -1653484632 33708099 1829537374 579847358 573479953 1149444333 -1821124163 -524688856 441226381 1088134606 -1296983100 819506644 -258065872 -1427797397 1502962295 1460584006 172474044 1087321997 -2055691414 412913021 342728242 -180079804 2016531828 1855818397 2008971692 -1893077713 -1649706589 -766369331 1430211434 499899131 -852607121 505929314 1453213737 -1274617560 -2018723791
197263803 263980051 -162378283 -364939920 -57696556 -1865505488 -226594610 -322685657 -1975763935 477286550 359674186 230727877 338348702 -220963136 -243943514 1434373709 43581224 -832049519 464932900 2147108611 -1569511599 -641533032 2078604763 1826607442 2060449651 -1561815915
715486448 -1559058937 1976333884 1153907712 249306431 -507320265 -1146712520 333497575 68058614 353346481 -1379063182 2075520159 -191422976 -1075156547 -378775406 1243585152 739355812 251072401 299186629 666097331 1017775333 1349253091 -1987555647 757317602 -1664253142 -1766530624 2060058629 -1818843090 -488009438 141775004 -1883183515 -1603957402 2049739745 -2037063255 1007785925 -1290182539 -2098436018 -1276566933 -1092355036 -1010708454 -1918322239 -1104823156 -1199935780 2128710367 651427560 1474366188 -2109525977 -1903678397 99244266 989359100 1607527141 83970361 -770043699 -61282996 313479835 2013482965 606375708 2054548577 -1764418114
-295392829 1478715596 -1849368526 -1796934403 458320958 -1287306377 -813528563 1807018038 -1096630798 454563649 -1902408033 1413461144 128944858 167499469 601618358 964279093 -2097982874 1004698519 -148182755 -235362119 -1893515105 -502132153 430790758 -1098527777 102315406 1074444361 -772408087 -941957337 1834835678 -782868835 -772424692 -571131451 -478328896 -300849685
-508126244 -387349746 -1990694950 -890546854 -1186330133 -218016845 985186721 231508594 -1674155129 -259655863 1065792477 -2016702904 -59776694 -299534589 -1948963931 1068210493 -1588328949 1785144012 -1174894373 -437703534 1871482703
-1673595451 -1823058830 1217855742 289966715 740172763 -1565882827 -848861095 702053279 1707049442 1446747874 1015501355 359489882 2077310777 -1704344074 745631806 -583285992 1997779058 228604003 1241358864 -1712150251 1551886627 -1805041701 1069044935 -2129350842 90021630 -1288447411 1765502561 286581369 -345265633 72209839 1414412335 1937886138 -643844443 -1082301442 1676999811 1816874489 490142595 97610626 921717672 2127968745 -199554409 -1611655338 -155771886 257604650 1513819644 -73438169 485898710 1329138089 1621821084 1589372219 -279791269 2009198151 476045320 -1500684875 1121214801 -559472200 1081634187 850053655 -1791475742 -1809742163 1047569531 1050772999 834330408 -1424377803 2124261331 1704802901 -1678979874 -645822112 -232359682 328834876 -2061801127 -2133632219 -23698955 -2139644185 -83676744 1050045573
2128845879 -1742735014 555059439 1419016967 -208477757 1245890192 1734850790 72865267 2100985119 -1168357741 331405536 1091846963 -2097018271 -1410986824 1979333233 -343147944 442053601 1782845665 -2136886359 977930806 -1774261697 -501538505 652198073 -1308097613 -176842583 -1691337963 57383900 1195572705 722458973 -399507641 449736563 -451655857 -1988792723 1006417267 195364466 1372805275 -1816624447 1259639511 1889640187 -196354996 -1878034590 176764980 -2147105977 -575938594 1489486069 -2011391223 493243597 -1845788131 -884303484 1067896324 185202076 -1003441482 -1894479228 -332702539 -1034609652 -519645430 -1123216621 -969134460 -1396990827 770402373 -1296306560 -927783707 450618878 483253935 1487781648
-336286791 -2085454271 -1607327489 1462934359 2132335245 -1127425925 -2034669115 -1900061221 1201386357 2061506420 -1799841895 1327097086 1634283720 -755997134 1734227258 -1045066953 1453136281 -1322120645 936064492 88184449 535652192 -1999109524 -1674637888 -82008754 1537401305 -2043855096 -1890153959 -413305157 -47901397 763414291 -2043597206 -391937532
18767585 1758009668 1226117433 -1794881115 974291945 1365620111 1847055153 -840146959 -1676553762 827440151 -1012131649 -1373340310 298394880 -616478390 -366857949 -1241374938 -1117975122 1876757311 -597386813 -655158595 104098112 -37499910 -511118053 -687483857 -2104282093 329505774 1090845936 -385915387 1447553252 -1927143230 -1392254005 724830133 1090453857 -1839412136 -1389635163 -154505654 1945463805 1647575050 2095753182 -1184406716 -923006205 1633869878 1985714292 1119481276 -649359122 538434556 1699224688 -1136760372 180964855 -1386009274 -806885981 68235821 458408686 -4270840 740059026 1175437344 883887437 1415813064
-384735854 -1239252855 -799883680 1121445064 384763258 -1013841749 238329602 -1144484413 -811372923 1122562591 -2019020163 -1420238966 4471797 1213059788 1604336062 1385495108 137191622 1709101156 841922456 -2013913658 1605878034 -714018820 1827128007 903195977 1182105013 -949904674 -837749710 -1117767076 -244001228 573809822 6485359 129616667 1052034266 -659677589 -1586039924 1550045089 2013575460 1891928998 575797772 -1878492486 -818211746 -101364808 -400786897 -2133429795 2118405261 793005344 1865712247 148047961 -2126063217 -725262902 1219324518
-969518976 470461607 -231213429 559470556 502419808 1661030521 1587165375 433430305 -843830542 1863247854 -1450266452 2106009441 240670950 669034224 -917081970 -781294849 809451578 730686779 46287421 465478068 1079168476 -1783528913 -1640806294 615795326 -1821058157 1178907111 -1923942360 -708263719 1400143648 2018969481 -834124114 1596123436 971417504 -1109143329 -633997477 623313030 -467620556 -2118248666 236713465 -1493189751 1314502371 478402854 -16447163 1847976102 -454944066 -1027452286 285125039 -175451766 2007899204 440853585 2079391837 1482536919 409185544 -264408340
1940539671 1274090384 1115049225 1405705371 646665709 -391340928 -784666616 -1695391048 563779724 -950289928 -1917174387 -39127043 -1830128019 176305465 411694670 -1641364697 929933628 37770894 -582709715 2015871748 1887175442 -1777260695 958901640 1274337077 -614284823 -14142773 604566480 771330356 887236172 -2143262743 2050740056 1290244504 -1570684594 -1868299508 -732135825 -1936591464 -1715720772 -1437622088 -1398698576 -292579123 -836753259 76603152
622407483 -1213449030 262353272 1765198168 337673105 1673819617 2027145852 -24366869 -257022544 1483787983 -203440145 -1402234773 1667757417 83906246 2077085015 587403936 -654740086 -1061418437 1438079112 -120840998 -1909112037 -318965044 -519398258 191937024 -161116955 -575479184 1426726608 -411129113 -1398372557 -1852199441 -2132028815 -408594457 227399644 -1791096171 -1388540423 854605740 -116507009 818488098 -263014604 -432472247 -1246298864 -208226300 -555398822 -718714990 -496843628 18351815 462068079 1272337322 979511848 330904780 640974060 -930827046 1449781319 -744083144 368424607 -1900247132 -1169330101 -341360081 -441004593 1455646231 1494388788 -1256410814 1581167523 -401429659 1047736487 -1734063323 -1084892477 -1481253710 2058252090 -2106939739 1292936511 -1511634130 -2082826002 1658152664 800607408
-2097297156 1968368789 1654106268 1240423893 -78958636 1928276774 576943902 627885249 -1287698846 1679070268 -1387525178 712213316 305492370 534466338 -1623160643 1419260328 1437981206 -826790091 -1832253907 -605908232 811760742 -847241836 1684491231 -1495992365 -313084664 -607393261
587627138 -163787503 -1860978828 -112167175 -2095290291 1016154858 362313432 -235048859 -1864340471 801377111 849684082 -1965978330 -134853131 -2040305995 270059390 516700812 848125127 -1602361725 -1362804879 -1450946909 1922487297 -517255389 524195954 1413394839 -255077496 1156973024 242832648 -696534700 -1134379914 787086130 -330446061 1351359341 1409091374 -425791167 1189198336 -1536648898 659809969 1390892711 140021816 -1223308717 1656442159 -416922246 -717351975 361736459 -1493686815 -1997891960 -1859755353 -1177631368 979359765 -124933916 -147227324 -919387511 -788240502 1450745249 -1659907681 734003563 -770587139 261819357 -1297581910 2102566699 1706437123 1791652097 1771641679 -1381291873 305692441 1047650630 1529000612 1675667590 226312953 -429015942 936744796 68023278 191587374 1298623235
-858498859 1856501226 -272537820 1490940255 -1945627885 -1590113001 -664529282 831825603 -1330336906 -1693754709 767571930 736310117 853910830 1851676480 1868818725 939574178 -1182655125 451023843 -1093957189 -1230462867 1246773572 21791787 -1192755992 -2135484025 -2111848998 -2024057459 -2056777558 275668718
-787503122 -580186949 397082002 -425865586 -1131136134 824094159 244773710 -783651356 1945642931 -1825894118 -68841963 1778906227 670396364 1039356948 -2121168277 -105009045 -1298397128 -103158656 1790584087 -392628195 -1657855619 1092877481 -674032618 -1055563292 185322573 369567727 824613586 125179458 1766673110 1042393985 736636308 1753194569 424977240 609533803 252270646 357818427 278808568 1794474963 -1712727012 1816659060 598337492 751369854 1125595492 1504095368 1097186646 -1081873255 937367387 -1781622104 -1177555507 919563446 -1984217037 574658377 177589817 -413154028 869606386 456485638 -257810075 1052428835
964629189 1393075003 -1306547898 1773714935 -1224306151 1137603923 -1780868134 -2127339117 -781580313 -487309108 -362330506 976884592 -397088437 -1860165281 -1502427020 152756950 1516668604 244493745 -1877557328 -1958375717 1511604077 -235687705 758236303 -402428900 777979638 909666687 -833478077 -1579454039 -959569613 1890476382 -639250612
1937979500 -581749980 -1437406655 -196067650 -1953746506 -1185754937 -241910065 -36926766 469853080 252387167 1412798210 725611763 -2077682960 -309527490 -63054653 -2012088173 1918589463 612368195 926240673 1186863509 -1206198717 -1244688785 -1059368237 -1961577477 876148525 -975366472 1661441917 1150063331 -702403341 -2107867619 -764106958 1386382003 -673566658 750592762 -1404431686 -1285336429 2063380647 -1336738659 -1185658604 -49284837 982168918 1134080280 -298558786 1452462157 -979215380 -266554280 1404185907 846732485 -1598479966 993576054 738190004 1552634926 -909174094 -606841011 1634040395 1180555000 -1567376395 -1805136564 -323490804 -1307373241 131799757 629112204 1315915165 -535218386
1767567140 274959097 -1422585828 790865013 641061820 946888560 -1447393898 -345480406 -141715616 -1984185615 -1842157274 377914054 -527459946 -614715509 273491347 1152777317 134833073 -606108879 -1409069231 78773313 -1175097241 -1980063299 -744208325 -791196329 -648783711 -138925257 -383292801 407591753 1202420114 -1760877994 -14979368 -1552486778 -1686149110 419397446
-567408985 -1917729524 -1675973973 -403391125 -1819248868 1678722973 -1894112027 -334268634 -364566009 -153874466 -614539883 -113304284 -1653854873 -1128687779 -231211168 1952026533 -1782452615 511890087 -1842859022 1752051435 -651147430 -1791993823 560768070 -1827008463 -609205520 1045405719 1908226339 1762528731 1294580491 1836429845 -1968054295 -1683675411 -1423166266 -1306078347 -1666132083 423420353 -449929421 57805625 -1442428447 -2103138828 -323364810 -1885303014 1996862744 735330721 -490988623 -1413059103 1629088137 -194441775 -427704095 -1107096844 1336975283 1215063601 733080071 -1022017741 -985994623 316499973 -1586230710 1439707908 1783368142 883108957 -137533989 1379616172 1165254954 2066477445 1871966298 1341691360 940480222 491841473 2135305592 355663771 -1760485587 1784517945 -1175586852 -1240620238 -1621706788 -1047198414 1999524426
-1426810892 -1216465282 -889542910 -1777518025 157112262 -723223242 1517820262 -819833537 175887664 -519058523 1617939934 -174028736 -1914595299 -1467738490 -1195160577 -1858474185 1591245649 -1697232782 1841454826 -504875212 -52454042 270039187 106174450 -1494084052 -1843929583 541481117 -1629825151 -2110788595 -1230738519 -2143941121 -1294630853 47243537 -314039062 253815381
-987556522 986764021 -1726302433 -1630970498 -772360786 -747798629 -1257928520 741183029 -648214092 387804122 -1426371456 1640492671 -1224618209 1027173031 -1979349413 1820199423 594441818 1727112173 1150218591 904984746 -1569975213 -441056299 159512520 -483677780 -860742253 1696586312 -2017315281 -953124724 2136817294 743927473 970882555 1726509197 1468720444 -1453814777 -742651113 -1757879721 288051175 220547338 -86843163 1932144599 -555403962 -1960406836 1319010930 559215202 -352101941
-1587185174 -1149706464 -938105287 -863606981 -55745715 1802702247 1618252664 464998849 2144890466 469730534 -1217462356 510300543 1573161964 1007432260 -1428701053 1608128402 -1223443941 -1222529272 -1993767218 1237254595 -45603771 -1094158342 1154279251 -528362299 374737365 -2045281461 -378168096 -943876422 -67592061 -66903887 -1438034013 544968187 -583637563 -1596837930 -405557831 1554360344 1582601092 697317618 1089470724 1317653789 -348083181 128672694 -1962185151 -668425449 -713928356 -2056927125 699275608 -1062304298 1203166043 -945768613 -61052170 1998436083 -881106480 487232111 567677784 1142753812 -213832400 -400679655 1505879658 -2108780178 -1204567332 -1628674444 1731388688 -2000286069 -1533607787
-1604057150 -1368446131 624360238 352321683 -942825890 464502578 1751815298 1920738469 1771067705 1905435864 1423244456 843872779 -1554034826 -678698045 471962213 1311551759 1708365467 -89181602 834197217 -1354479171 -1448525984 1866339391 1646553246 -400579126 -1693529142 -1207756625 147012005 185455793 -1909624200 -1169949336 -36801279 -2025030113 1805763389 1634515360 -1849505935 -367161711 -1090420498 -1221479098 2085158744 -1535604166 1443153020 1275572363 -151767048 885238313 1773518148 -860610653 -1361378337 1545545643 762028709 1688272588 -562804064 177166829 -1098208557 -1379179889 -1032335930 49842662
-1898690491 -200439546 -1716936589 1869530182 1781492444 -1349099085 2086736579 -1428061423 1323573211 353098102 -343297804 -578907620 -1609531230 1419491389 -668779778 285722610 -1801493514 184541555 -1029382192 1157697834 2024139709 -866006926 728107704 -2079867907 904243973 -1248053195 -1224989945 2098882839 356296778 2040881746 -1899879948 1412347313 664584184 -1625921242 -643226944 -1917914401 1454910254 -815474351 -1447079653 -414482906 -869716284 968214116 1238161862 1932562257 1974941327 360283865 977060216 1248497540 -1094983453 1887046467 1333904901 -447722095 -1244742056 1207299270 -1803178563 1852547978 1527171537 -939274552 -1011635950 -624008810 -1702044486 -1223483416 789883517 -213216760 -517299312
-973154143 -773690707 1765136038 1018585732 -347636049 1194688357 2112863013 1239275365 66658060 -1711928844 1852649555 -1277557037 -226128847 -1479910631 -1348743912 1348533134 528886739 2024524000 1933365694 -580718206 -1382365117 1159048756 2012672504 1204613504 337220630 158093240 153893669 86832177 -1840692216 1596766678 -1940809003
-720870627 603188247 -648427125 -1990723596 1095976201 -1199774283 1016962500 839190943 -1051968815 1805281134 -288879816 -585107499 -1249907279 539655834 451695199 -1286001539 -212204480 -431018625 139535414 -1077294257 308049361 689489124 -2065449406 -103663737 -437374948 528728803 1525826261 661569749 -138677474 1534413571 285004175 1995811734 1626375997 -394359931 -782162905 -827258807 490189230 1340122110 -1986219157 553258555 600935195 -1127227099 -1038243707 1805839749 1597119615 747528686 -1873076609 1960266808 1292068436 786659799 1232173064 1433068246 1428043248 -302619519 1007144311 -1542394877 275803436 -2048385407 -250628336 -982623365 -15884218 -1108248712 71366534 -576450490 -384750072 -477646496 323406529
382154281 1566261544 363650273 1690520161 335811058 -584481661 1945513345 -398887028 384316196 1301512445 -1171758273 323632359 -842494696 1907949647 -574991492 -1603267395 416410664 -126312973 -662912416 -116191715 2088755021 -1440048647 771792672 1659211213 1080432649 -1900706533 -1351729021 77048446 -1403689849 3742223 519398817 -907569087 -1965840384 -1250109412 -667549970 76076857 -2056227489 -602590480 1249772406 -1732044398 2079731751 1712024495 1287181929 -582675279 756144020 385967951 1437663450 -726224468 1409933312 -1836313054 -1509080125 -2141630212 1438563976 1981038772 -260159924 616306033 766905071 1027001814 136471628 259353189 479943617 2107299322 1501126927 -835569356 -1565507397 -1346037822 932840025 -1753316885 878116714
1643632555 -1682814146 1534719505 1788200429 656912836 -72802881 1212926159 -1626756801 -2097836438 -1701216691 1023065345 874120695 -502858647 -70968374 1957947109 203420185 1869691868 -485383152 -1124528769 1785053073 425369258 -1138396124 -1424594753 5065098 -1254953645 -1918724180 1152622051 1509769984 -1031351316 -657601634 -598893030 -1283695981 1764662120 -1869187014 1864190825 -432388194 618181400 -657467847 -876017710 -1770777464 -1863004556 2126164806 1585287858 1088567897 1829542683 -905803347 -2115184534 1223975312 -152874216 138927954 1534564418 -943203277 1569042278 -394453021 1840317577 155397414 1527250614
1840890112 1620193472 -95918994 2021648763 1742857080 484686491 2129101813 1302724652 -1529357640 -738018133 537533485 1689579591 -190554203 796019601 1587173184 248380737 1444009116 -1152052175 -840445281 -973968946 1377810210 -1981933951 99722056 -1123262242 -1442248769 -1953384028 -1986667961 887683530 493800486 1367051574 -728347266 -850277430 1940262809 737037289 -1373984601 -1452817238 -1724185205 -1280773296 -1336669542 575157949 1873883782 1301611770 -1519996213 -1239395823 -341655730 -47933 -1727888617 593657060 -1159767481 1819117670 89872831 588529493 -78820589 944335957 1304332212 -513624482 -2108318593 -104791604 1225975572 1142342145
-1967404509 929388020 -765369663 -1327148234 -1294757021 1736153440 -334759341 -1413751204 -2144990692 -1736184673 647979925 -1585265318 -1899162507 -661143366 -1999628865 957692376 1696156292 388788287 -693319977 -1380425926 9117664 -1292571838 -957333142 585302086 -1707306381 291741604 1387159928 -988251383 -2110360940 1798054295 396324015 -1121188101 88709204 -786933664 701250012 418363745 -2118804969 1736258399 -1768891490 1856302066 -781461402 -1596511412 403882588 1304029629 -833162492 165090243 413305208
184286014 -156499711 -1471093820 -1843690755 -1723074681 182404591 -1618912460 81585858 1741786179 1726205536 -21178411 1902226406 -204481053 13261207 162603518 505571395 -1163591631 -727688949 1885983684 902484896 1997768428 -1256753299 -1717408334 1488343126 624692119 1651510249 1121485497 890886710 1799928973 2088828332 -641716379 1017348010
-111420506 1311526994 1882573081 1416020036 481569936 1990142941 -1276661104 -1515179730 -652395728 1137672989 -2066211938 1149381025 -341712165 -474399212 -1175596674 1027759651 -2006048709 177219361 244029307 -1261300533 -1132828078 39741881 349294992 -1794956010 -1465575490 -125843370 981316942 -272850694 -559524802 -1916420690 1376789762 -1969718469 -1542493580 -1306526424 2145687830 1199881982 -347183636 -1033369973 310557623 1149775003 -356822691 497402104 620468920 1853050807 1581552941 -1844555494 -1949461579 222585488 1973697082 677224091 1993891451 1184207514 -10480425 -1187103527 127719847 1204976203 -1804395500 326806233 1620737420 1751835699 -241274558 904797819 324442457 419834702 -1639654475 -1663414545 1555545723 1897647261 -711213877 -223677849 86113856 92995058 -97992659 -1618550002 -1855529540 -501981684
-191226057 1969628144 -768208413 407435087 -1224533799 1198188071 -48503997 1449034690 -33486789 1310881443 1767519391 1626286641 128464363 -792651399 -1857823202 -476499330 1648127988 465740729 1696090106 -757653072 -1918820785 1660119249
-798031883 -1152275815 1565530674 602273948 109148905 994848518 1594981683 222000776 -789420008 1283694741 -1406985418 -104545151 -1871156287 -1089607547 -7188471 -23691858 1127860189 546676998 -1250600307 635654520 1220056927 -2201292 1788892060 1460271781 -634324548 1571161152 712519464 -1314712667 -776998228
-1248711777 1168596012 -246283726 -607478199 -36678762 1128023040 -712722214 1433067145 2089940389 2000539411 2031537217 -958856870 2140747407 997861076 -728338470 -1347300283 1337270694 -1945867071 -734661138 -150695836 726784877 726245952 208338148 -2005649317 1560730238 770423215 771534018 -1220779640 1163217582 -887872327 -226899725 1495063673 1833369198 1462793195 -900228534 -479006562 -1212116364 589355910 -91818682 -1510072513 2136975257 -234245738 -1872961385 -1539726929
-2122958525 -461332511 387126978 215172232 2072792934 -1737939265 -1873144965 666891083 787860575 -1710213110 1187744522 1202012327 -1122128091 -685656742 -1470676492 -187422380 -1834195554 -1202593076 -814956397 1887386822 17810992 384672517 1929410753 1622893267 -1752133993 1046736759 -422505776 -1173039208 1614838776 1371017442 2105546172 -753040995 -1238806474 2109758494 1200643747 218629687 -405383036 621639447 -1534059659 -1883946963 -120108740 1435658775 1037778151 1708129438 1601471214 -1964637878 -675376212 418193954 -1363536710 -159759745 1838353639 1952753198 1770000354 967768876 2062270938 -1577454404 1181483162 -395269452
-1682919894 -1873764318 241519851 627844521 1284824930 -150072298 -792934183 1779224210 1829509178 -1805234428 -1412233283 1098403192 -1867054050 1935566399 -2110916523 532225435 1111582956 -117509902 172098140 -103515944 -688345057 -539835273 906735188 262200859 -1495310802 1571070441 188056965 -153482479 7740470 -1443780361 1752002116 1477336354 -673630250 -1399872517 1157433464 -1488138850 1364966746 -1402764982 -1225994662 2100952373 -1095266278 -2030727731 573701499 883294892 -176413404 1081492688 1289980939 740552910 1943782424 -1583363815 561163863 -843102305 546402899 2064472892 -592990061 133874903 -2120750000
2045520089 -1509472370 -1643359926 -667430121 -512244367 1490598707 -669162204 -1068228245 -1450886318 -492159550 2123533453 99018810 -368502551 -1042156234 -1601968289 1439499207 2042396952 -1302837189 1938763080 1400822360 -135654783 470642215 -479514453 -1532498100 -661946621 -141325781 1400253384 -1992551566 -1809148028 841139653
742311575 2061553649 1085283960 865972223 -1884905888 368869250 1639373503 -164164963 -770718118 -1635557054 1139792446 2127487492 1552805199 -1136781106 338769211 1041103760 -1424018469 1768996700 -1184637109 1911573137 273084478 -1491026690 -1708900016 443004204 1433426802 1426616872 931004066 1919665027 187071360 1935504751 847403403 -1573741292 -282075378 -879335021 -1434719495 -1003358114 141688380 883535807 -294018706 -11738935 308892849 -1626441202 437664570 1065187015 -113211152 -782368175 -1308577812 966266421 2103588079 1208674575 -1273152250 -927510777 1862673386 1300299980 -933361169 448216100
-329250418 2112722733 1998537871 -490506802 1739071644 1664380115 -12991802 528501627 81193097 -1578714057 -1994813842 185842195 106999152 -505550616 -2144041937 -1604935081 434178432 156052702 2135173085 -1064106107 1494404538 -299906061 2123089112 2091495918 2002203385 -700282222 -105533260 -1521031483 999331634 1384209325 1064277019 74074424 -409646339 1555921396 1023925746 -512542524 1606628180 -305176509
178536645 2122662809 1823167835 -1760593352 -876253876 -47705123 1318485716 1521775960 1647745332 1030428510 447065938 895743566 1132464503 1242576722 1352557558 2096900350 889252285 -528230942 -1209686761 1645775262 -735019467 -825000584 -1917862350 -1499959400 -253747544 2009710653 1432289566 -2058820940 2067353291 -1217786915 -1842411389 2020875894 -686520364 -2073070195 19737997 -1134860348 184190799 -1541553586 -1923734309 600185036 1944794929 887369586 -390334787 1377503012 -1256029395 507887455 -1542011233 1311221810 1707388742 24317586 -1386865217 -452290611 987825061 -1036127001 619687206 -1544723164 -472718932 1540323094 -2080130347 -1819031074 -1628006838 1678560384 -1707168195 142913410 1713929616 1545633068 753037300 401843993 -86357116
534352038 -891832558 -1443656139 1448960387 1767992137 1476830052 1164950799 -1877956054 1878505108 1106908153 234711408 185408978 1544239537 -1890173622 1862755450 -1616477499 -759785424 -1130369210 -322310614 -1229258415 667380031 -469094792 866337193 1652710278 2059603480 -1138640025 720376546 -1682809539 935197626 -375444416 1773785428 -215234468 -521049125 168721586 -1450851288 -1043119783 -733566692
1626428294 -663879684 1607363198 1435410910 -1380379869 -1869461400 210629140 -1274576868 428696094 -768085925 -1485643014 -1407619961 -1745832948 -1753910092 -2015755643 2048905097 -1165437103 -440769739 -1591453509 1329523117 1980615857 1369447562 -2070322171 454528832 -1315568602 1819685514 25973794 529037877 363401971 -247470404 648380511 -1927784887 1434400504 -299070181 395349252 313650023 1013267272 1206703901 962786321 34474572 -1197370888 -639415567 1561716010 -239263890 -1783580871 -1320260856 -1247170354 1216122906 -1770245719 -965783081 -298306865 -375241253 -1232026651 2107098586 -1365315586 36375586 -326261918 -1086912037 1388370725 1335796771 1364183165 -1179849357 -1008011975 -540626180 -604394544 1176429009 -186237744 1482944028
1526929082 -621502256 316615138 -424583823 533849040 933096041 1739206276 927698842 -980549098 -1408445884 836663090 2014805785 -1277666893 1577825532 199638906 802071911 1514956789 -1548510515 -606174482 -296009103 -970030695 1557628554 -1339632893 1450264238 1027962184 -1285472300 -2072107205 117656179 -1806871963 1031015560 -1940255866 306128517 -905357307 -260240007 -233320219 -1503460880 -338210754 -224382370 1652401232 1081403670 1040636836 1265367310 586919898 1861501450 -1520733936 1554869226 628861458 -1539460578 -129493597 1004606361 -2138081365 -2100344646 165679370 -1017851910 -1128938658 572785519 1315447299 -86389674 -2122993650 381353803 237500190 975504085 -1249834707 743435118 1590947784 -974126285 505320798 865046749 -85759611 1003679923 -636194981
2024283516 -1293161645 -983267047 535122147 222253624 1207392320 1403764009 1968094962 -1447172692 -843072116 -787082655 1900671397 -679185544 1979917597 870389179 901220519 -1011278998 -1772668184 -728797572 -1317664065 -1380406202 -1082877345 -8449896 -1161088408 -1322699063 1994719016 -2117750444 -650317920 913591531 982994190 458056237 286798592 1141862757 1989649212 1264940536 -1607412212 1281194866 -1638338905 -912649142 -1203292980 -1084493096 1071689676 1558650649 -986362725 -1191466967 788326299 -1115599197 -1395755970 1026821446 -1934139470 -71653490 24772919 -170585564 -1564950066 657829712 943877723 -1139570222 780219006 -420674864 1285019554 218651578 -1534893287 -2100612275 -1600266434 219874598 847924977 -722924161 1976193006 -422301946 1520506824 1632022267 -1071968109 371022832 389526914 -1053422117 -612418301 -843124121 -1112117988
1752725532 -633460897 -1587723556 1448461387 934726428 -1219457792 -1670652982 1346623196 901948976 -2077013590 -1537113506 1646529498 216913482 -342869191 -554941830 -1061782204 503153719 1031506569 -82227047 -312866123 1015845104 -105352388 -53989303 -711987003 -1673075921 -165919814 42290646 1092022958 -1257014715 -2066556551
-1705182670 -817079766 1622678909 584786062 -544190020 -209673003 1462650146 393658106 -1014506299 1143895246 1326504729 1451526127 927724153 1218923776 1474352303 -1385173287 629128857 1881878995 1262892885 704527966 -1568322398 1886633850 1908937308 -1078327086 624206127 212455816 -1033645825 1656794096 379618715 240488393 934881446 1647827909 -1578505750 -1568541617 1427122025 1453091055 -1043529495 256515786 366159570 1836758535 379681427 -1835529955 -345069849 3444827 -1220968267 -952012499 740644198 -310419488 2007062997 -752284677 -108608174 142664294 -1266952624 -589867532 -2095342930 2082465293 -1630147646 1784648839 -104714616 1350678263 -49405271 -1147478792 644017976
-267208116 1745630324 -2091646743 26198056 1124312793 1381899620 -684203432 270237593 1014222285 -1046796795 -1969546789 -839803704 -1772673896 1481133112 1934700197 -555187914 -765356673 -56538474 1238463048 -694076710 1584713412 816063175 -505913734 -1205174112 368664581 94009619 144345883
1944177121 -895183559 1411547254 548220506 -203660319 -374137729 2034428359 -1915683231 -1977402220 -2019960566 -333779972 524897880 -22587397 1807164015 -1430084417 -832871840 1011281959 1196473225 1720849844 2036347522 227843104 -1786758772 -1630208001 -1354663454 951025929 932595802 1004696584 1683752245 -1056247423 2021482517 1807161730 1486091376 990256971 -384188427 -979536984 1509876673 1746584368 1227735642 1902093769 1297297346 -1116479709 2032590372 1546812423 -326448916 1613495974 -492246718 -1841185701 538659401 -1937467027 1425174665 197264347 1326204781 777944128 -2003945274 -1880312769 -917502554 -1286251483 947076374 1938732449 -984476558 1079965629 1861598836 -1541730173 1089632560 -2014287122 -1878968174 -1614896106 1448829466 2024970434 691818477
1502254195 -101134450 1362431259 828280511 -347665924 1757088598 -1580926617 -604579467 1557033388 -1475904913 -1262358369 -187091358 2081261471 1626679398 -1509311445 -307078960 -1779337138 -1436814560 -129774751 458539403 177193727 1312042562 1670749464 2077534952 -926593153 1942132946 1950068347 -1482149624 -205214961 -1327789794 1807876894 1265318493 -1877565285 -1546489124 -541812138 1138418797 -1911578575 -648467566 -179214908 -1802209066 -1058035280 669290808 -1874160333 -1604309359 587837119 -77433061 474041251 2005941114 1001037825 -1838744317 -494005851 -1300170225 306682246 -1749699432 -781346583 466560888
577583361 -1141005035 -1549435450 1374073926 845290701 81735127 1943219839 745274468 -1885318634 1158680125 124846426 -1863676365 1238921443 1457509699 1760762694 -1866369153 1357938638 -1895265363 -85872207 -155882377 155591398 1160610583 -1034736123 -292913432 -1096133418 -695238070 585532790 -635071314 1056771654 1525080784 1923401978 732582246 584155008 2034856906 488452505 -769562776 -1242972073 1661679104 410987750 2122220532 -2065491389 -2115615431 -643158580 815549098 794448080 -22576436 1701004685 976753727 -1067348935 -480062090 -2124625656 1348363373 -526923184 1225462382 -809728454 -1521202389 1070332320 427221942 -7254522 488187166 -2045500716 1704804276 1819334200 -262181042 -2015148966 -378976767
-460152291 -735132605 -332491393 215059802 1047218036 -1721852820 1808035760 1359050253 -823017410 1272030434 702496070 -973111180 -1276941031 292659330 1554335733 -2068397601 1400188490 1063841760 368360848 -686547489 -1414959374 -607777174 -308391853 74973705 -1642123393 586628556 -1422325635 2074188281 -2052930716 986383253 -110552286 -1337278567 572536332 407395609 264034878 -1738789981 -48067829 -444871271 -2032135667 219523683 -2079699562 109357729 -1776851047 1476286657 -1730600139 -67089743 -33911661 237841790 -1642637898 1923545631 746413158 -1095085378 -1858893723 -1631004101 1321547401 1462637510 -1609823111 -1130950989 1061759508 -221617403 2102692048 101178681 -1886337386 -875021224 864151774 1525326690 1842259492 2029152137 840025827 296404689 1154548917
480363868 764347284 -1315702611 -335257794 -2120315973 1815395533 -1704582985 -456662738 110713433 98382740 -1052124457 -960887139 -171021909 -2061711332 1397381310 144030084 173377716 282765588 -1977801376 -1351252956 840543930 -644770481 433975236 -1821153974
-425159770 -1824805094 1438328020 1707976482 1019528477 676033554 1741614195 89812534 -1604078268 10910570 1500915889 437432274 320851167 -172075575 868939317 -435114021 2079771336 -1280624437 -463823034 -1296951059 -1107007724 -1301951140 1469181325 -1159928617 1134658677 -1197535415 -1779018722 734386249 -939879458 -511831532 3749305 -923367988 -449442196 -894124281 591579980 -105116687 -1150408316 1306124427 -752456004 -1559821619 1666132280 940052153 -1832235548 1951943844 -262277906 -358198991 1378404829 1876803043 -1862217149 -650606037 1320289919 -526593965 127822380 -278724917 884502056 -2068261493 -691700642 556634296
12934311 1016194288 -1555530514 1326312683 1122811702 -1784031171 -2099399725 -124959047 213780856 813201679 -644407672 1141098043 -1745571384 -1678168839 -1942788734 1255893918 415224663 1421431555 361237592 720633197 -1774854118 -2064891764 510195421 -1137268206 989658629 -1547196308 -1445287055 -2029797987 1543471993 -887304104 494266004 832532420 881280762 -360367990 -315075653 1770982954 -443435484 -876635743 -915964057 -718797085 -52828193 2118409413 -907520398 1571198775 1983192529 -152636914 -1245788501 -1422253402 1387358484 -573855450 -2071047003 -959351252 -72522200 -279973844 -64111924 -783189050 1612399659 1711086811 -1829968456 -1316675020 781224775 1786520555 -649207355 -1715634945 -1830332821 -184360265 -1058632222 -1341824835 961344572 941219615 1529489321 -667156589 98902862 287547823 -1355348816 1117669882 1592286606
716573982 -1686169658 982968067 -358589090 -325137536 1986682212 1908511669 -1674928214 -1031002659 1072689507 1849981164 1514006146 -2021977081 -636049867 -371262051 985169566 -1769085132 1077984309 -2003304927 -799286404 -83626292 -1537806356 294909736 -108783297 -918632829 1755293839 2100194284 45824212 -928319062 -335803700 243727273 -1476298154 217360322 429716421 -54142389 156662195
501096540 -2073911191 -240848497 943168506 404096177 2113119858 -2064824216 1331818695 1896683496 767254309 -1716958214 -437588025 -4745169 -125016762 1545977572 -2937376 -168228098 250884238 -147546998 857311709 -840368736 707241442 -1771751619 98851273 25479667 -701761848 1226675353 1300208000 590504811 -580287466 -574444498 -1644761470 557084764 -1837254677 1590914146 254514442 -915393672 2029783779 1001695638 -2118940065 2045381013 740141189 -2111153274 1422952553 -983203917 241329920 -1235432203 748856966 1860322621 -300087785 -2079415928 363049886 -1166049649 1007675736 -1902979598 1840618868 -1293730888 31375763 1281367633 -2065729217 -1344530560
17909463 -1250295432 1909408428 -209258011 1400404652 -1371169547 1441103744 -827123608 -1754950381 233915191 353227140 904873575 -98705205 272290303 -1005263477 -1915973000 1199958455 -1907972058 1098675696 602526058 -891009856 -1353344594 1185820450 1553826422 -617713158 1776128275 299489379 735920820 1312767237 8024551 1015465164 -1000045616 1516781493 1869746333 1021104276 -1442612739 1086745333 -807447644 891907729 -2061863640 2128329192 -364523081 -899053059 1960122737 -1452379312 -57638541 2011775101 519842518 -2016371405 1553157673 932624479 1181474865 -2085058885 2035328501 -592079069 1604841828 553487454
1836375100 -52046639 1880783422 -2064760224 1740710935 1131995152 1888039121 202432856 -1161193636 588464092 589393860 1969777918 1766722163 654965581 -891360484 1723809864 355537225 1375303244 437325470 -1032003668 -80671917 403384130 -46591119
1113025490 -1024166894 1912687617 897144412 -1780628903 265415241 -1711093211 -1104781873 775702412 -645839212 -1665350781 1164590483 521007657 89128817 879974451 -1726018287 -1615701940 -2097461463 350330786 -1342131989 1146478830 257538301 50667448 -1517753007 -1332934226 165029279 554111549 1355401618 741852372 1130771171 -223732616 1028790518 -349293678 1629405878 736714009 294730954 -2004336500 -1741466290 -824183720 132936635 -1285169511 -62072157 903768669
