1409585287;987035156;1005409050;-1387636201;-995547335;1117536375;-2038298134;-222748964;1059307703;-1809668849;-1613636072;-1470872632;-1396192503;-2093984353;-538398178;-1378130735;1440839050;-1186894662;-1151399697;-91712460;-1134073601;151209536;2129612328;1114558618;75984106;-1875878871;-1088754298;164051318;-1916301792;-1681478783;-104534632;280143280;-654665063;936437171;-204537419;1915453575;1541408391;2025517577;-1138669777;1715343538;-1875603799;1420723058
6000073;309996512;1207748230;246868836;-788617245;-1978455038;1013345223;568683264;1008625023;-239762451;6525482;-959887646;-162104409;-1711755553;-1918806571;402908690;796558418;1762766597;-184350936;-258968312;-591677687;-1074396335;-825143807;-2076900954
2002232976;-677266116;-1303059864;1081856056;1400466363;36018808;-2094670631;-451320094;1845250956;-742990304;-1184055480;1048856838;-1917094060;-1184452695;-1812110917;1947843172;1876313355;96526872;-1115340252;1515388776;795101352;413938887;1843867602;-1446537845;1681993395;2064079975;165788202;-1502605832;841165847;1662982216;857822870
1627920188;-1776691240;-2022018628;-1592574858;338853461;557429864;18276338;811636380;-1095676170;748536630;1982161138;685178947;1359078120;-1405615193;-2075055414;-281296021;604341824;-214077997;-567103467;-946139932;125881006;-290855609;-2041965201;-698210648;-689161198;-724954107;-953742811;1945662597;-1547482540;1985573327;1651046444;668538623;-1980269452;-1578959964;1803403092;-739682189;-1627701025;-2013831285;-290164803;635848831;-1355223292;515088526;-191055991;-41539167;234868263;-1052805367;-1409091629;-1332701922;305804661;-728043228;-983288610;-1392871132;-1008920233;-91809891;11818385;172053810;473078282;902666954;-50043357;-384608073;1126590319
-667037166;-1324857351;-1361834465;-1857722774;-1492989608;436816696;-1778089534;-1770525145;1091781857;-1471935470;-213288799;227517682;10051127;-1469594327;1782213752;-1304208105;-1984500098;-2068764670;-733981552;1632414673;1457105063;1412709680;2073718029;502677521;-319151392;186753713;454532996;1215455614;1144881994;-1766404969;1822777552;57400253;347653102;945761258;1368266790;-979117583;2140127728;-1954127924;-1437703323
-1717990395;385471710;-1702245198;389022504;22455330;263878370;-585317052;-2074260199;765274229;-570074974;-1378682501;-410426972;2758552;6583823;-1222225353;2074187499;1317413892;1913058476;64763751;-1454842647;664783555;-1011710420;-1550063648;-46949708;878944617;-2020224678;133298799;1057856513;2025262916;-1839332040;-102605775;2022888173;801695186;1433401963;-664051679;130806266;1978567795;1229424341;-613305358;-1494474153;-763645089;-100276349;-1246343650;677206627;-1737637415;-446536502;-789272258;-1034086284;212038564;1992201388;-1034362724;1935902163;-1897113162;777117567;-1872592378;-743750133;-540855765;1769351888;524429540;-1596950941;1916881788;2119814788;319633036;1256300968;1745381104;2063153216;-1056687147;-1633309649;-289157551;142926090;1205725162;1938160665;-1011314461;-813795024
-1531158056;1558715281;2015522408;993633929;-111639310;-809000855;-1537134536;-1520980470;1571346692;-423493302;1191040663;-2092398422;-1630576886;-941542948;-1398927660;349252461;-418728227;592921791;-1309576521;479793377;2059420924;-1754359802;-1412125211;2062089398;-1545834354;65787110;-977857144;-1470503788;-1897251417;274970282;1171232303;1414074921;-611072054;-1968059158;-1743250446;715379328;1297178798;1272753403;-153823015;-1158789479;-383428795;-2054732119;1675562365;-57792203;-1365333255;802574371;-1354680336;1671142896
1923874102;-399717159;-1559798379;-805969102;1955296702;-1691361565;1711723437;1329496545;-929513640;504584280;-1599340199;-1426878903;-1958670756;892381960;-812107423;-119775231;358789642;295180911;638978444;1589965809;2005602306;-514915306;1641538865;542999900;-850107655;1837091385;-1184996083;-1383320800
-202685271;652357719;-438487748;732343049;327539700;-1966415086;-981309805;-1254985538;908636866;-1216510559;-2145704209;998465745;-320765567;836921760;696899912;-1747815007;-1343092668;665550832;1974239812;-88351974;-113624344;-77497324;-1860023551;813937702;-1110013064;-1882236741;1738533906;-1965210781;-2073168174;-976678499;-470727480;-97555689;1061271434;298034825;1659282098;-1869825952;1439351565;-1484670017;156269926;1497656751;-137399031;175729530;1175759488;878002295
1053629649;546590186;1147256352;348054123;-637897793;692718173;-1286501311;1614508645;-1728074112;-621005272;-859178994;633711751;1290339358;-564717520;291211535;534585681;331143242;478114103;1223265043;-1094322407;1003935855;-1888627360;1235993443;-1862285009;2016368132;-1125672462;578405689;1713952065;1712157217;988961628;1309841778;924588801;-713560491;1055612792;822783363;1776243204;-425609546;1262245907;1077231017;-505423379;1288468792;-1757722195;419278436;-1286862646;-471015870;-782525828;-1820817115;625507261;385955454;-1447916105;1580929093;-1198043682;1120186864;-97407216;830709305;289495391;-2005502902;-149032319;-1188281340;942663409;940382845;762481739;1317296876;-1616416921;-1113291373;306890043;-1010500240;-2122689640;-1937965381;-430026962
-1982550392;-406845275;-682631720;1134894542;-1410292279;1202745872;-1102706752;959925452;2031410207;-433029728;205697934;765292119;1144318562;1088566004;1361941896;2112900875;-811203928;-153932553;113934682;-31380809;-1529339486;-991528586;-1659071467;-1969084405;-1708756410;-867934733;776174201;695098256;1725417390;440473016;1022383991;580552151
1185471790;-1234956560;896991477;336850190;762371695;1740699843;1927188782;-2009940866;1622266648;-1164558330;-2032857873;-1941971155;415919972;-299142510;-967569407;-836732912;-1613436298;-159972156;156446204;1527734492;-1938016267;-2028810878;-939763719;-63164505;2079508189;-1272070532;-1546360437;-1801293105;1419106708;-1649779532;900403438;-2101459174;-1075459269;764263743;-693860735;-1418613730;1546442311;2061175372;149079921;1254111971;-642568113;-1993091995;-92584010
-1778872537;341160949;1723944771;207720607;1851288364;-787349751;1438414457;-1564482522;603951841;65312602;455472604;-1653975150;1248781242;-1139075957;-1531003640;1948908930;-248497096;701353646;-25459483;344799521;-165676235;-385839860;-1054650087;1386419332;-1325490048;1163451685;1758467262;1068177749;-937205076;875845109;-880251308;-1520988234;-496906715;1590250361;-1071337735;-1782954145;1354875267;664843888;-1709137705;651317000;80370466;912282726;1126088925;2134064654;1528146930;516441069;905502641;-1515916208;-1494465654;204972333;1820679652;-1977289638;-1878726269;-1639979361;-537430169;1503706053;1484134403;-49867243;-1355525571
-72610920;-1984631299;1843250289;-115219324;-787514298;-534270235;-714144438;670939989;1396069346;1475425601;-824787522;-399529716;-801573471;191196012;29174819;-1371808988;-564401429;546265068;777801516;-1854748735;1390872949;-1586344966;716917778;-872519216;1426089614;1666250304;2071823377;927243116;-1124947017;403463652;-293008107;321532547;-693395335;-1253504571;298811829;1364771769;2109275507;1932056579;-977314720;-211603573;1591139506;340543940;-527216171;-641507913;-2004591803;1253459765;-250061096;1550699227;-1102561265;2103025615;-1277526750;-1034040228;-1298613282;281529051;-130862184;-431509879;787912380;-2031309769;850687424;701239551;-1443012987;909861210;857572976;140125518;221211321;745298580;-1129393721;-844844068;-1050818157;-1137884006;-1551043999;-211285239;502884954;-1406695870;-1875749434;-1518519148;1050417398;2026526346
-1273410244;267198149;1435610846;-1970876613;-1998767446;854498479;-699163238;-1647301474;1581644685;-1862405513;1773255884;1636286236;1079631367;614647636;459591999;-1006587020;593684551;1760397248;-1141582412;1850987601;1750867830;-69243762;1540355698;684800374;1622268119;-2057085118;-1781055231;-8309193;441678121;-1258270820;161483825;1864448810;-468236721;-907882890;2081774689;-1331650786;1733766962;1415905743;-1105934339;15500108;-524833306;-1021753818;-665411512;1947813580;1299720203;2026705164;984179291;552287562;1321103733;306112756;914666604;-743990023;-146451185;-1298430387;-763858093;-936257593;-1141880837;-2105314862;-1186950070;1795740625;-1018909954;2006692896;1687084788;-1040533736;-454345189;1069640328;-1524120672;-945997195;-949835139
-805318194;-754731062;-919189863;-1829653966;1725666033;-1492424838;1117419667;-73532779;1389088118;1026130202;1317165793;-568765505;1140618244;103691112;-1252489426;-2079995209;-1796422395;-1691703429;-239129728;1319873651;-74752411;-1864924356;660196764;-392327319;957958554;-474177772;1994743976;-493165979;-161266717;-902700314;2013892882;1242305693;-1391409453;1583119935;43543217;-376395006;1287427344;-1261768756;1956625705;46716632;-1685926056;2005241868;-1962810734;554262920;-773007931;-661613755;-712913829;-264109644;-773621423;-1388857669;394820204;-414487156;-1949023845;1145769247;849887370;-1034699169;-1531000086;1073192518;-649822720;-965412491;2007728242;-1889677798;1963633530;736809499;-581093674;-273498411;-1068244173;-971376386;1109617390;-270982549;1230260050
63645897;-818860217;-730862959;-2027126856;-1526145291;807840826;-1637671136;1992165165;1754636797;603932592;1097224136;724133765;1893639218;-1361400284;1213450066;-1912294933;-1446124114;1543050197;-1168635352;1824737054;-450928491;-1703664199;1998300733;-1518718072;-1893321314;1558287794;-1864393430;495302799;-568746799;1242936831;-839660391;921540394;20553362;-709896204;-1618937626;1898639286;-1952982819;-343842323;-1894359550;-1999910135;-1873750830;-998518656;-251336037;480092359;-674844556;-1109321999;2106624377;-1882624268;2000036013;389354218;-526246613;1407268554;1644892053;-1205467285;-852815390;-712510771;1189763827;680350463;1226156444;526015004;-172329213;-922168016;-1230281084;-1437596408;1884092793;-574572741;990721944;1446102762;-1327017787;-705393657;217009036;-784641744;-1324799079;1428552531
-926190663;-1548528473;1030122543;2107970186;-1486385565;22677167;1756390061;217674511;-880015391;-1931871048;-393444137;-22912271;-2146640431;7848605;-1026721053;1217740177;1600561677;2086996427;-416473435;1192989339;-1869514432;96470599;-414667196;2125624496;-1427312964;-1849878538;673248816;440241732;1358213515;-320125928;1562289747;-732159800;1406897859;-1098366187;535447174;-1762897398;-1507115746;1809917564;426409542;-1783927844;-1906520631;1946737480;372417447;-1230507532;-2058955140;1090391140;1725351304;-1759202798;1685825738;1693329776;1647944967;-1545981337;-8181062;-790915643
1920344629;-847174507;298402742;360603664;-1777422158;-795731967;-621920231;-1067916377;1933176370;-1439304626;-1432882683;1932374686;1893178244;-1715389425;-997584164;-70806307;983436187;-1606258708;-333995381;438263169;2019621744;-304950602;-1709155312
1528005671;472308412;64122428;-160698626;217353072;849601628;1321761978;311028796;1869043248;1988491740;840445263;-421167793;-2064637601;653902970;-228211358;-1195116170;2061952307;1455160001;-715809857;-2114113250;-353327490;-1945051106;-1896062313;536512921;-1301153197;-235165262
-1931501554;-1674338320;197581928;503798121;765831088;681333975;-1284769718;1919431798;-2033060046;-2123282627;-176552688;-1897819155;922974586;960547496;788517882;-393973241;572126612;-491703597;-721941793;664010173;-1401593367;-81266476;-33403772;721895050;-1560627536;-1529115008;940970545;-1583697803;-2056326237;1889829902;1234242177;1771117646;-460305162;369681401;818680186;1148399671;526431108
1417614812;1930533990;848571467;1272083287;1122860989;-402278360;1699261210;-1861558874;1264184405;-1742146776;1045718152;2099583893;1977176854;960206577;1624427304;-1751105507;-24451072;1803001008;879209466;-1353133293;867913522;-749429954;-919396829;615618769;-271649341;1234047326;1609054688;-2071023594;2033755090;-1060270014;-1088173384;575285802;1233034203;1450084948;-683708175;-141065915;-1717445812;-1091974606;-1464801724;-1061318351;-346009513;-1429023239;1707891155;1474623022;-2063329014
180098906;632485397;-1241571428;-1079493512;1156509093;-431532097;246654984;-92748357;1365379137;1916128423;-1564499233;-1032620990;1044525174;158978253;740940122;-918835885;-1280595596;1156457693;70076078;1636738696;-2146493493;801064592;-2058341724;-580210990;-1036696544;-1612543150;2134499688;-881622079;-1002284771;420593957;-124588896;-1980745981;-1145742167;-479888956;-345400896;277047338;1768868953;1940284427
-1132013902;1972200741;1645238165;1294277950;-755003327;-995692962;1791489702;815664121;1320173360;-2117189665;-336721333;-1968429378;891510090;1110898562;105512128;-585026387;-622899502;1062900182;-1858660847;1365398766;1100130762;-494282226;-15311101;820933058;-1557713550;-1408178885;-952021452;-563064620;-1634849266;1069747389;-73948288;-294595371;-1358858004;606575607;210048422;49497159;950006949;-1881725631;-50219477;395225495;-1510112862;-1255886302;584724349;-919297935;-1246634270;103629502;616251740;923214928;359307001;1310412941;-112320651;-1784400813;-306169509;-1894561715;-546728369;-1117298601;-1085316134;-501665991;1765153386;2072941377;1520066669;512681851;-245291611;1865461403;1228954418;-2064791586;-60913952;-1026962590;1818457269;-1286243641;-696481823;990524445;568800370;-1514842011
1221749809;-188407912;-1108037593;1704728044;269998195;-1135773681;-841894546;-1372440185;2098388223;1728473020;-747240573;-1370484334;1976599623;1346116611;-1237652277;75213169;894370670;2138609037;1913063737;-1787863549;-1209159722;658649162;408008707;-888156341;2087598583;15476665;628131992;-878917549;1917731186;506764134;1520287440;556679500;-887253403;-1692411980;-2006555035;1459412985;702987265;1798891228;488745377;-536372658;-821788584;-1185173963;1996119897;262037332;1763229051;-391308363;-1271987175;309586511;42309572;-324393033;1169920672;475472929;-2029269649;494841598;-740036722;1977005808;-599397521
-129180581;-1273513978;-622756993;-71139768;163358091;1179814905;1257537398;1408140158;1098645535;636971275;-1663119905;-694166488;618842702;-89252909;-2029247544;1158990350;-1910267020;1887105564;551878618;1625337016;1495568203;-24317940;25795241;-1038928589;2070026328;2128065416;1725141069;-1648848363;-1145199193;-337794601;1540362033;-245246019;-537987143;2033548165;917348394;-1919604513;-1269038915;1050661513;-499786805;-1191615681;-6714370;1932582569;530358519;151606460;537553053;6503453;-135028554;1062648975;-1757803649;706748530;-1171631284;-1406821164;787143816;1931669937;1081059975;-1129537462;782213896;1927064512;2135692633;-321939370;2028651893;1432205319;387950757;-1913301171;-2059055013;1829968726;1595507037;1995074290;1624963215;-208790011;343585740;1071020861
-1873030564;55073840;-1318956706;-1600812619;-580641483;-206199669;1401473793;-1546336479;765338848;1388827578;-546488878;-1004835335;-1084077498;709081542;-734654654;-976048294;226496592;1561660793;-1450015605;1825828386;-1816095351;-413823180;1870597874;640831462;1793360897;1294140672;-95709109;1901586730;397843316;-19897374;-1474587710;1934424267;-1497744980;1693432434;38786775;1366484672;881820963;2021109934;-439976278;258210305;-1197662741;1277210891;-388143752;21232070;-701925166;423825101;-1712853915;803024372;-1911797567
613490043;-1045925164;2059573860;1109028421;1823435250;43406341;1077315087;913908985;-1180727119;-1755684173;-1573544993;-328033165;1787836692;-682018039;1184853536;333449894;-1568608784;-177410844;621272558;1652824711;1985062099;1119534024;-1826681314;-491376857;2019716495;1527802391;1709908062;-1911143420;-668637703;-823229569;-771874662;-298975589;149827054;-137864524;1117045409;1578681665;-1636427882;374976095;-550447608;1066790706;-415459348;-461559467;-1559456690;-796565014;-1453343875;317600268;-537776832;-1392496717;771793775;588496202;-1999293026;-1555821697;-1509667131;77142046;1447156735;-1698585097;-1723780128;1635048723;-1987049487;-1945417773;-215060920;-1873966941;-234436764;358759787;-701397844;1882087658;-1291932089;477554574;1693715239;-1602837349;-640152461;1121486226;1744479684;2014852407;-259777080;617548972;558575428;517615739;-1548838763
-930609122;1034366233;747060797;2100920572;1539494342;-684323157;1006719510;30310754;2091457073;735552740;-1839654252;-1706074974;-1965966439;-1323136504;-2012360538;711162609;-1424362371;1943663773;-2021613217;928054422;-848462869;-150769566;-1504729639;748625410;1715803649;1240117888;764278101;-1385019101;-1680118608;-1894646529;1315452327;747071481;1087385795;721470843;2144816592;1157188712
-490106090;-134668564;1163149648;-179960244;574310320;1791059790;-366405414;-585185228;-1337898923;506672105;-695055339;-512797655;943274231;-1938455567;892534720;-650386132;675037020;740033217;1818296937;-701706133;-1849360039;-1457062913;-1582819402;1653805067;-1963273664;1540091389;753280258;1155806760;1182647190;1061838434;656741163;450104345;-317289207;421975305;508590505;600990200;-1553432672;308289832;573728483;1779946080;-319621068;1188121780;-368846403;-86737288;1620247838;-181083644;-1584217995;633341488;-393399503;442787764;-87519057;1786396874;1278391786;-1766246709;-1183200051;857766300;-1296802074;589434656;-182973820;661861651;283711635;-1764553223;1936019116;1864679931;-571156438;1957423860;-1847537066
135805660;-1295343830;1318225187;1482939495;1925202507;-578889072;-715398957;1587106354;2087773243;1798630305;172614172;1968431681;1302094217;-2026570439;1959606972;2059359975;1545902171;528338628;-1602547503;881839531;1902298520;1557154455;-11935896;-1239265714;493185434;1030987421;-329036717;291589644;1356547106;428849974;115148606;240624418;-2095211636;-847881125;1983383044;453029008;1916486467;-250543867;413577790;1754051104;50926966;1445754063
-1724071770;-699149301;1472253913;-875723143;1516865160;-912612140;-857796368;1300488233;1836905600;1014537472;-1864649237;-1872888172;-1596021088;-1151922221;165672535;-1664930424;-78685802;-1284926311;1300333654;812705866;1362096177;1586493399;43710403;1427296237;-671822557;-422999100;-694335590;657666791;1221494024;1269337079;-583731817;1744042465;1016933543;1072400480;-240922596;178851277;-1596733578;-1655829636;-874877353;-1083536579;994417251;1073803204
1179014899;-231774511;-582084506;-2145411281;-1323440204;40554976;1894940983;312109277;1303796065;131759089;368368103;-250334100;-1152508601;268536936;-378658699;-444884520;1080875957;883013043;52227813;552372736;869751502;275182987;-1477218256;-1255878007;-1344635231;-497511046;-648335236;-1990034430;-1631734154
-135709555;206005832;-614569110;411548585;-1125104518;-667957460;-688176066;-464000974;-1425689181;-1239453870;1045385835;-1461173206;-848691230;-1354499749;294288505;123010216;814971392;1548240710;-1112163952;1748906730;-1642161814;781709843;132575823;-666030436;2069721379;-1065906263;479304411;1516499034;250326012;666956537;1149131323;-1898649485;910915075;308333154;-1631235357;10016240;-1142748872;-39501737
1951732180;-17182330;-398228930;-335552688;157600420;-1513137167;1559515547;-2112368661;1866200105;1020626187;-286915731;1430285664;2040721267;1220188844;742691288;1192593353;-659149023;-1299749663;2080285699;-1731381146;109403104;283134500;1291366467;-1512455436;-1075725007;381158093;-867328904;565688389;-1062999442;28676040;139362487;1860382221;1772947470;-663328632;-588681175;-1991761927;1617433895;1844515899;1312386098;1194282501;-791409356;-1295277505;2105533908;-773182450;2087182872;-759384620;1038774614
632132194;-633005807;1871548448;1819623719;-1300111406;1132137244;-903367447;-1528590070;-776312292;1585429909;617473555;-1712727431;1422668267;1456125266;-1378508203;1567715873;1328072744;-788659631;-177869926;620644429;2074652027;816939754;1330879528;-1641184976;951952913;1641195076;1955293700;-1072382335;1989150112;421093897;-1550959467;-2141983155;1389770663;1776963421;-525682553;-1921731832;1969620986;151593739;-1679219214;1179629796;-227315843;-906103551;-1974659910;2028047461;-328668881;-1136456962;744645432
327258986;-1669850487;1933675289;317235252;-1525833368;540227108;-2121181050;-540260397;-1546788599;2010569153;1439330181;-1887403614;-1503962926;1817692789;-1872542818;342913574;73155129;-430654101;-1177459263;1658036208;530048031;-879953382;-1011397529;1277985514;-2029055587;-958239814;-1134298634;-1202703117;1213681922;1088869875;775693673;1860179886;-1160581348;45818071;-1275410128;-1453882473;-1186954569;1577250834;1362181204;1029493846;-1396661150;1646131552;-364037666;-1440324009;421060216;1945882174;988641913;-675718758;-521725602;1375079652;984859734;483470791;434702345;594029681;2051904847;-1248031867;-1448126270;461068392;-2107978930;1533857547;-1437815251;-1827664037;644607728;423307254;-1324571514;1712748773;1976042596;-742432163;-281057490;541173468;71567001;-1560171230;-85288346;-619629113
1175946;318283097;250609806;-1507624659;-1323003888;1686857823;1776147312;-243473203;570267253;900238207;-1694135752;990548403;-1550793957;-1463283402;-83925581;-894754229;-1521620589;-718780042;-812358564;-1503761964;-235500428;1030013169;1457289817;-1520861376;-95240082;-789649258;-1278311254;1653512798;1055435934;-236244645;-1526254689;-2131550406;-2009383901;-941776835;-1326471029;-1550812221;944362736;347938436;801356470;2098379694;290727907;-306902453;-1887234153;676460186;578973207;122735423;114799170;-1283326859;-2075941003;-1639616601;229586463;746972189;1631104657;-1765173853;-1276350244;882597962
-458480456;-613357660;-160694614;763691314;576625547;1913523088;2043721037;912323336;-449841684;-1125072547;-1904844221;-287523933;-1790873834;1091645535;-1739054717;-648723463;-1735482316;-1369699146;1223597325;1496130782;2113329959;-1125527362;-62801069;-1305362535;-1882361466;669751755;-335786027;-2015310924;424916966;-667116522;2054664714;219704851;-2015445670;201482737;1722769030;-892785337;-74461379;2025146946;376112728;-438151389;1823387950;1552808494;1072672948;-1087984752;505467227;2062267924;-294726959;1679843485;191429890;-1877813828;510951956;-1672948774;2102352181;-756955184;1610884206;166296805;470393821;1108236426;220545793;1350628677;481820928
-1684511991;63973750;2055919686;93895099;1770391801;677447492;1042974392;903344220;-1921496604;-1181139620;1614932171;1416672804;-1139699938;1065410591;-761724771;1799272827;939094051;1485703097;775765118;-270855470;346212022;-414991502;-1324801615;-25423331;1495032141;-1853637053;-508207246;-1946161278;-414189652;-2057826132;-340160965;-1155181746;2083079631;770849732;-1679614142;1236265256;-799444724;686537105;-1343406010;-614043000;1711872889;1890848409;-1093879925
403556746;986605753;2031025187;247831612;559775230;1883887412;14421614;4429856;1237692412;972845070;69129443;-1429234096;-845611143;-1178929509;-2125463281;-1045000228;-1285993508;1800132434;1553711325;-336125284;-1164308253;-1804759834;1473953816;-296477087;749809095;-1070218601;-1873068498;-332351124;1217034910;814729156;1375681590;1282525219;424988672;-34199355;335611700;1544926209;2047173869;-487816969;-1862294885;1558212046;806921965;1534843415;-1509370094;446156560;616951929;1380265171;-2089883269;-400548160;927842713;1642256030;-1969996240;2123345217;861953742;596318403;1169648783;1313586061;-1911227855;-663554883;1315866296;-2068831823;2026359515;1133640132;-852977259;719743099
-363014229;-604460774;464013936;748843382;1712704233;1633529037;418697219;-2010629998;-2119223820;-1863364472;2004777732;1169066454;-1288832043;-804291202;-955501226;-351568148;138309624;809299835;-1402079515;-1917211113;-444076220;2007194223;373380822;-655444653;1551398507;-11934676;-791577601;2028786617;1292028290;-1123486098;-1306451816;1552561448;-849411885;444378396;-1931174605;-2140220383;1116114674;-1044814643;1797074665;875828723;1579291661;282865037;1315302613;-23100137;-1691315576;921249247;-1609162554;367283677;1729419465;587596294;1298396975
-1842400177;-79740032;787331682;913072692;-420036087;367715538;784272637;1434960064;1910960101;-928809589;-1219831900;1355065322;2093679526;1711481474;1479138800;594518392;-29705478;-1745516959;1979264678;1687229463;263739595;-873652633;-122494165;1437138885;1125233621;-2000728216;-1567694281;1698667635;-1616176520;1873274649;1612749257;93241061;-210493489;187983242;71427162;492971997;-1766611456;-606348558;2125106517;445325687;-153503275;-1022337614;1712793797;-1675227434;945492875;-1092395884;1306079824;2109133312;461590762;438718803;-1378506909;-1660212218;2036874389;-880437409;1922470062;1109425000;637122211;-1045206304;-1670959405;2084338870;-1613819283;-1751821317;-1615217063;-666963590;-1626604119;1908834901;-1450113306;1949061461;-2017180489;719707349;530000301
-756611014;240044461;3040036;324406772;1345271787;222818969;1918874618;-844807612;1830839977;-106722967;1532405064;323451593;2113162195;109105341;509123590;1327684999;-20019750;-996741873;1746497472;-61627216;1523675665;1869431287;-1506396024;1332676494;-2063061561;-1671045207;1522173998;1267813797;1908872343;-406666047;421757614;1737977880;-1218097155;-820578238;-1718122007;587656523;-1874375636;-2145337380;-683642728;-1926450487;2136679967;2132440685;-1155438467;-433700504;-1599772946;-329005367;-190767142;-1491701845;2056101986;658329278;-1751924186;-2030473625;125812427;510455378;471322622
-747625456;-532592818;-632028583;-1297895468;-350363642;-1110494977;-229397248;1603105041;214931973;1907106875;1377981500;2115475684;-251854919;1293214626;-1054971440;-1609447398;-1776300747;396354597;981886249;-1373313814;-1962622387;1905211852;-1581077805;137158491;530979108;-1882321741;-601753809;943708131;-484552189;-1092494763;1961181283;1571720272;-1361352596;1876428556;752042897;597962475;-785922706;-1682144296;-1252314806;684329946;1688175419;-5338017;-1949225659;-2068471610;209573367;1366606132;-1698261685;-886175043;-1072189998;-759029157;1361789813;-423629224;-141171112;477212172;268713882;568671776
588687287;-1420323838;444105517;-110995167;530303816;-1196148386;1820429328;1074501316;-2121535317;817384956;165914098;1434138423;1900209042;-1603859402;1112785916;-534299514;-957516939;-1639762901;-461424391;-649779632;338427866;892984497;-189667526;2126720478;1369113814;2008342409;-1328215366;-2121224328;-1816564781;-555002668;-611450495;502486259;-2082691950;-1594240570;316061260;1902892430;643746419;-625779047;-1344302739
657676788;-1816700989;-526052368;807402439;-1378665865;57126506;1168212223;208374478;-784785337;-2028061673;-240830073;697703467;-1464628516;-726196822;-1385779686;-2087467198;-1495145634;-1150203507;1845824279;-644133357;763789159;1199953196;63374087;-882368047;-483423219;501849508;-955163830;-541090638;1398088991;481576890;-81322254;-533756667;1454054573;-1528640754;1795136494;1992895880;4798157;-891618161;2057080426;-1291991301;-1389044324;393792561;957161078;1878374128;-217869949;-1966790179;-2098162715;33949669;-1476552261;1862387113;-1256856457
-6506222;-306962615;-385646534;-1939185528;-1581585682;-1542612796;-66781140;490821619;-444502894;-4882326;1527946021;1977802942;-1553426784;-2083174908;-2067757837;-1727055134;-677557538;932597581;-1801282618;534109686;136903228;507781025;-881653810;1218759176;-863664363;1564264180;-1693404894;381391279;790005685;2013580293;525643747;553415008;-258626277;510854610;1527519905;-202962944;35148287;1866209358;-313141508;590185659;540046869;1097631824;91902094;1024351763;688630163;752589519;206387720;27911739;613854449;1133540172;411548826;1546408102;-1730885393;263595407;-1047807592;1209662682;-1979309348;-1168986475;401015386;-1013638519;-836202220;-1178597176;1861724771;1028717281;1242739657;-81408144;-1786718268;861446946;1814124038;-886758039;504477122;1813214321;829119217;1724896022
-565445396;653310800;-501297259;1703234100;-592820739;-595765427;866887987;-342333329;-564907021;-616521603;-1447853790;2032573404;-1904489778;1655136286;-1180594583;-986421228;13397081;1930763680;483023899;-1904200450;-1373281410;1273948518;299906763;-1822744275;1965117653;-1052667955;-1505985218;575805062;1506757757;963213420;1403045986;1010894117;1358680367;-859654755;1909333631;363096192;-2102082416;-1127479236;-696277588;-1952744755;781529285;495967150;356092291;189774497;-1608875188;936541733;-1439430632;-1902336295;1661887754;2092243233;-1279927770;-383986499;1965916063;1081159225;-491754869;1265615969;1810154497;1103666203;-509374218;-505538738;545523272;-217944112;1861600222;-306705054;1004405446;-1207105980;-649529931;-131830796;154869850;-807255547;-266104483;1876177723;17138693;1574099275;80234970
48908733;1042939959;1838068041;1055418160;-694880639;-1058344097;2092550929;-1676987737;786921389;-1854003574;-773255849;1441854187;-1763556465;-2093212745;-569145929;-741574107;-1231720647;2099258980;-725347024;-765501194;-1431515752;-1563582708;-985073825;-1935716457;2008443845;850807536;1391986927;319042882;1147403931;2027486234;1338802511;527962576;553457032;125545886;532288422;138884514;-280942936;62169123;1079814915;16391109;173393935;1590311585;124466649;2062565969;-1152472474;-139873429;-976800599;-1289378543;1235364024;-986659472;342491136;-1258111384;-1732869746;-1022954051;1863055780;-575589774;568397112;-1685639867;628169994;644712553;-1510865555;704817892;-1962302710
-268652010;1840419233;-1941132075;1435599543;1303711590;1597871923;220080678;292258078;632897837;353081030;-1158648137;-1444893669;313419630;-2047276034;325397238;746955290;-1199724498;311999035;-63390728;1696057409;-797474162;1532101663;1451099821;-2133174388;-1494171876;563001164;-723496363;1842649144;172855653;1544769650;503567923;-147984539
-557253752;-260772225;1686807286;-1720852829;485545048;-803132256;588675003;-800389264;-2043925695;1834268314;-635925038;-1372619377;-1287794120;-706106940;79568714;-1842727166;858043919;-234982209;1702888712;-1607186302;-59750407;1499684003;794895854;365989848;-978093235;893297018;-998099911;2068524906;1258511242;1433007601;979983658;-2126729448;-1984266597;-1979498932;690147048;-1881287096;2139805531;-1965700454;2101950628;821465919;41659482;-1897889750;1414768894
-586565919;831563325;947416742;433255068;-931418573;1485851132;608886598;-476881070;-136461547;-1484624469;2016684191;-1235557932;1010487185;1307997983;-884633614;181403749;-153993482;-226520723;803521440;-1844327844;-327814622;1936979428;-105307372;-1467593668;-30694398;-1516023748;1196105952;-770461438;-220097958;311603726;-449502426;-205937474;79589057;-1648375417;-1797814727;-809120667;915463151;-2108403880;997696899;-499685660;-2090665157;332259312;181145256;-141333640;2004536926
-1082768661;715897148;1733849468;-1215894577;-1358124336;-1561252861;1120891237;1291412206;-2074238973;-837703064;1885913623;-544064083;1337897336;-1843363550;1947146631;1852483312;2026472914;1519951772;-1411403104;1609593035;1226440712;-9598524;-1290421109;-1328837509;985107014;-2091314397;229046833;1116638617;453880592;48314157;1938576893;1326427276;-84522835;-109927719;1092185574;1898642495;-6668606;581026676;1450335148;847628051;-1928123844;-1402114382;-1419821727;1526089495;755208051;2038134790;1924219434;-2001588874;-1626816884;-1191655629;1097154374;-1013338832;-247719394;-766786527;-169078449;-1592001267;2049942551;1449208820;1136741824;881689805;1579939041;1950917466;-1023604553;-258528861;-1657536320;72849956;722842363;-51810844;-793424003;559830040;802378815;2127910907;-183399864;333720324;264611239;1192776864;915964890;-182624746
306677833;2035818202;1738408555;-1609771652;-1894104096;-1717979519;1743972581;177725316;630886581;1983573376;-259879616;1204553648;-1354889291;545916704;-1213898137;1551977682;291006428;-584307029;-33157116;-2053323902;-864247832;1763070218;1531934037;673333862;-612876466;-1962447697;-248019642;-1996616013;-1495235983;-679642188
-618771213;-840471023;-1861460924;1142017068;497826312;899853825;999316281;1929394551;-1028558736;1280650012;875316486;525608688;-1737114166;31951993;-191029033;-1964737859;698764440;1623922653;-2073298442;-360969887;-232839611;1715840369;-1876403344;134582933;-600026774;500996788;610034168;1522153310;2099777612;-1266671438;-1181382646;2004401499;972030889;1148651894;384536659;-2030226593;-1417464397;1176443068;857813583;-619328705;1230459228;-1835228181;806382900;1886059756;697534932;-1479557823;2060363022;624838339;-695994801;-1080795569;320007723;1071914787;738223627;1656112552;-1339348296;-286069952;-2137132911;1901624277;2138234539;845811510;775079482;1645982603;1242095076;-441357471;-1079507724;1716386079;196032654;-813507861;-2020764346;-1759419079;764611019;-472610907;1470124945;-1517369657;1399852176;-1913379046;766708119
-1034020148;-2089782047;1651440705;-951004198;215284431;2087681587;-1301737060;1723530165;-1319821591;1088787132;374657828;1312024664;1860844370;-586551627;200200261;2004153123;380032585;-274501070;-1295244002;-1719644235;-779733378;-476513864;-19584633;-1345640288;286544820;1490430994;-1978823595;799036251;1964092834;-263270044;279731932;-1905930372;-1019007718;1492649856
-10582746;-285445267;-1322260616;-1021789248;-1692076353;234175500;-1233031053;15855724;-1112352282;-840911758;-1908683836;1998606901;-862663772;-2075660735;959528504;1745484910;-1255631903;-1500065877;-1520215377;-1060911296;-306729960;1566385683;1051150829;1459377394;858193230;-507789581;1688615857;590622569;1796213055;1896852224;642471175;1612429810;1051128538;1332481931;-2114867238;641203007;554965488;-1617614295;1941585869;2105246639;1797209639;-1120572778;-1449480118;1972433874;561339700;1580189398;1949536218;-446109908;1773256777;-2004832868;-1114809161;1131759415;-404362037;-2058274065
639126190;1910729799;1844876043;-393496086;2003674376;574988198;-422475899;-200013858;351840834;-1167519328;-1532958031;437633090;1261071073;56687726;-1524943545;810389552;2053049399;30602947;-1446354364;-1194018257;-685645596;313261052;-1100012275;1580432256;108791199;-1776204907;14605786;2057564856;-1190558154;-1901945889;-1046351791;1417960334;147672787;1636514799;-1865523087;1519432694;1853648256;-1028046631;737466801;862527086;-1753389076;1107511838;917800040;-1771334250;912304495;621209954;-2115220113;624739590;1348685131;1480710498;-1681488892
1272826164;-1424805852;-817499663;589588883;-1584120815;174129263;1523175916;1701815194;368469252;-2005787011;-596621247;691115556;-1816557913;760413166;127222190;2145428925;1997978265;1964494592;304471181;1124657950;1687976248;666728701;-1184972744;1678459073;-1070966353;-1399988236;-1240594776;1061623222;-593867214;-402411605;1322753119;1871583671;-351608696;309638611;-444253560;-1524754822;770847433;914967933;-1051107493;172919366;-1470510999
1978591430;-1125853239;1495227252;1148727276;-2103102135;-556064985;2098676250;691167299;-1405948127;429069398;-2051987346;1452469989;251127208;338650792;-1534582166;1819579212;-1891067653;375623081;2069060150;316553031;-1821090851;-1246556374;-1422074199;-650937037;1945186266;689345181;1794659855;1193997672;-953761873;2005816739;-1068787411;1995290358;1107565544;-1097935389;-2074641791;-171225199;-618521141;-290601955;-1978712627;539508425;-571566988;-1799187330;1748075478;352088189;-1267031999;621756469;-469914007;-929404271;323543151;708512838;1678573726;-1261493794;2032031493;741501341;1265041248;1626712682;1470310128;-392412571;-2007181780;781792984;-691105681;-255440742;-382745576;-504161502;-1091842127;619649500;373478678;-1741044092;1371259323;468601990
-745477957;-2062453873;-307774977;1986026936;-189122961;1451622282;1069062735;-178017166;-1733721876;-1564320499;-475904779;-429452110;-2095704808;-1046215073;-442520841;753795699;-498166367;-43280174;143646265;1331406694
208851747;1462843922;872954354;-242094217;-455502298;-2104622820;1119658107;-1067977617;1450167202;573867083;-1910043418;-1180299199;-1155770503;-773707968;-251704227;1872620897;257914636;1793709535;1220136783;-2021612154;-711904547;-619462882;135572922;-1203852643;493012597;406677792;-1631966292;-1888957696;-533454201;1960735361;-857177594;-625949465;-130224812;-955804429;315027331;-1541726946;1318757713;-558449399;1863079416;48966904;1498139144;984894290;-2145654820;1718459267;-1338364101;-1579494742;-1979667957;-1319848452;-839590322;-1293162549
1872583557;266086886;-467020246;63842046;-1926598636;-1333209140;655838720;424231633;1404045998;-530479849;557539238;-52370860;-1436101931;-908089206;-371632091;1151327635;-594329281;1530386234;-1821289715;1364701909;-999049272;607072116;-1613261435;114705956;-1981569880;-1625158179;1409156771;1077515531;238101736;1709076697;-965977858;-1696308575;881187345;1345760816;1578678656;692264902;-15014105;1633115887;1075582848;-339700820;-1334097707;-197810804;786061839;-163706727;-191431447;1696150092;2112362129;1398472938;1788652801;-929584663;-1334010737;-1324042150;-1783181178;1032671854;-438801716
1260681690;1509501542;2096456085;-65802330;-1493876020;-933179851;139937373;1591561383;-1724707756;-1228746811;1227385992;-1643349158;1656456572;1868850276;255301511;-637604348;917941659;-1322152725;1999202852;407304475;2058798537;-550167517;-1837041890;564550224;1331783054;1193295717;1665681144;1216064463;-1656183076;-735089280;-1470437619;-1619179579;-2137612993;-264970274;-52308504;1832935458;-1180922798;-428934679;-1766760238;733171359;-1820683916;1163084458;-1590770005;2141085954;1143715004;-740502349;107787261;732865953;495818025;779577407;-74781618;-1195213788;1824138270;-443655273;-111758155;174583437;-1082317812;-2040963658;-470887505;1190729341;-1911136656;-1275683025;218577458;-826076497;1158989056;-310596274
-1452781367;522580512;-1146332290;-965612220;209137491;-1669808998;1485659882;2097771344;-432391161;336122510;-356089755;-1158715701;-1403547062;1981058983;-1070823282;-1173384973;-752280070;-312638833;-1928246737;1826332220;286246506;1642550692;982413029;1731172380;-190855766;-1427108117;-1013061114;-1692162013;-307974133;1779948357;-1316211266;-1915848627;199225313;1985861855;40812155;-1805859685;-1152599670;2113574127;1510678666;1930949087;1222687663;561524892;-448652286;-683754025;477171657
198927072;1731222654;953626343;-2089828410;180200819;-342124899;-1561727315;1272781694;-1687125766;-1788297817;-157627745;1460847605;-1954794357;-399603514;1606942111;1189150261;1628782645;-177262799;-698863692;2074614071;281039465;-1965272128;1530706956;484955544;729622421;-1028287039;-1035742397;1630606476;-2066923503;574544652;-1821114907;-2096168430;-170553282;-1937201324
-132370839;-718762260;-929688384;1768978464;969624258;-608680452;110182841;-1264616795;-1280148170;1162234182;-1720170491;1933401397;1688436730;-274614340;1052381460;311477897;231342032;1583459023;-1663329382;-2096690783;-1062408768;-892553199;-1028422051;-1229407732;-2121877497;-1618712293;458421327;1391247462;36937296;-409612880;-1936712225;18461474;573871393;-1359049694;-258464885;-1382189175;-2059899753;432542708;1127413177;1600089858;-897307050;-187640128;985490887;470922387;-2018580806;-1032475813;2022356064;889859751;1605651794;868990774;1973432593;418674961
-1354909178;349355803;1529473873;-881702731;-312150105;-1418243190;-1970454764;985568797;-282985411;190103686;-207906047;511389334;444958364;-459906584;-868416078;1471069735;1229841641;-899383536;402294016;-985153796;164786049;1774220789;-522162813;-1785140066;1819364889;-1785724035;12035672;-682805660;36825893;-1113309938;2141775140;948167977;1603320190;507383652;-1660344743;1352460350;-1634783170;1801148068;-1925257800;-45580894;929898734;1010099121;950262550;1961666928;-1239495709;-385416514;994000738;-1700384616;-1780132124;-1664919771;-1200562715;-1303246127;178620944;-689692554;2019915212;-664305714;49477374;-1668924207;733032419;423257007;-461115867;-730825608;-1812648797;-524278086;-1054546306;1157896863
-429282230;982006631;-25464954;-147545064;189734151;1505322186;-1801900087;1156552617;-1425397674;29953406;-365179658;-1609939616;611215635;-1095128083;-865219744;-1122705669;1444340093;-938835722;-1698356942;-1743831243;515555953;-1950801645;2104554182;1155895696;-1045761573;-915412034;2138456119;-72797612;805110889;-1608903408;1922127924;1613302487;1845468800;1216095659;54207511;1157426685;-1780518797;133829850;1672388917;424392962;-1021099534;228745462;-1782834313;1993096310;-1575436096;-349713909;-1845691095;-822267511;-1984756056;-1712745798;1624524817;1938866056;955714225;63204192;198511555
1243705744;-966497417;233401651;1164303616;-1602981539;-260915908;1529484171;-864844069;-380388214;1082122130;402591295;1536408368;1497344016;-1875533274;-819951523;-104404119;681574634;-1855307822;681499945;-892514965;-1100856122;2019572550;1719591401;1870054103;-1502203398;622125541;-420448004;1836281996;1399775924;2134481132;-1645034959;-484980112;-1673664651;328358105;1905949781;1500452720;-60746560;1211497226;174353421;589541828;-583862258;1171471779;1967578086;-2123069577;-711383036;-1192779339;-1261270614;-1511809242;-1991580697;-318535780;1927582965;2143397127;94221903;1074343335;-1569701113;1148634157;2121076506;705328382;1375775706;2024361993;-1383266141;-498888512;-788552586;1667695155;-779629516;820970347;-858752380;-1149382550;275270072;311529089;883053857;-964845863;-2142488908;706934887;-1664659723
614631544;1986186383;-241525373;-1849030527;463134097;-1846117927;-1882105407;-1407486958;110987905;-673156298;565624299;-2045990189;1642806705;-592038258;-678564717;-1424039993;771649190;-1292542493;-228551427;1526190905;-1606939533;-1271521610;-182253399;496106168;-620486802;-67380311;-846490064;905487714;926568998;969583717;-1652277933;-370433947;-330721900;-114098243;-1929703344;-1602609214;-771926897;1441971219;-750332296;-2074284204;815655557;1247642106;1822082045;215232529;-1307225752;1161032989;1012751120;-2125650546;1406941925;-2077479074;-1914451413;-312944696;-184350501;1072415298;1800690603;-1010528992;-1192404726;391506571;1669843617;-1657708377;-577890293;1360452134;1827311848;-1869055844;-295874689
1239188090;-553803470;-81779829;777082834;1813924351;1466584981;-298929277;-934054916;-440296794;-2123935441;-2140483100;697393970;-1475728584;1389079334;81119112;2037471289;-1594175894;-837063127;971150868;593389973;1210793074;957973100;243625396;1007511343;-1070046756;-1009012752;1540901386;-1165564367;-722843747;400582407;-1254626717;57386804;474474600;-1063645929;-818177749;-728319331;998410048;467390877;2099082915;-745339068;2099731278;751849333;-1152369968
1302308084;2011332184;-1202019658;1675382651;-218857439;-310003547;-908067642;598275130;-1639118874;-716056221;-297760620;490643868;1307746121;-558582139;179543500;1443830031;1997566809;-1194689680;-580333978;2021362061;69241474;1543677883;1784444952;-738937347;1632236834;240105013;56588556;1653382617;1746465627;-369381333;1738079187;1835502608;1764959274;-1608765206;2143587992;-134959060;305598904;1715772802;299760024;-306928201;-786977040;-1816292147;1007651025;-1713992229;-1036412335;-1049306193;1657715961;-1990549688;1688287748;692668830;2086574001;435376218;-857864911;696940900;-1280444678;2144108409;-45052275;-524533213;1627108327;2096250307;1580082231;-1205191527;1729198228;-997777432;310253764;-640165723;1803649366;-1668007594;1987709336;740149002;-563954381;-1321523819;1618720375;-1156727951;-842399340;-978009101;-1925693861;-238957900
2030930275;-877537913;-1404245671;605099628;1211796641;843466971;-1034531236;-1312571271;1395699866;-1512971670;-87966160;1056232540;-782659317;-616332471;1851982344;1275660476;425203048;1685587625;-891613358;-851598056;1388891646;1207976488;-73292925;1449258047;1690861403;-1445578909;-702130151;144194053;734887917;-1908716849;455111389;-853620685;184994792;960664521;-1831537047;61558463;1128133485;-366503445;546223849;-874253508;963069672;314774432;1258059557;-617399405;-1008867911;-428574214;266686910;-1176766477;1426035478;2045806018;-1713114441;-686991354;917927215;1272048080;182281527;587636580
499834525;2112911756;2069704012;-917790256;-1926540522;1676085107;-680604783;832716641;-262613326;-1375563626;-1523222319;-1479451196;319983814;-527300779;2018583021;1064018922;2116868375;693550536;292486836;1975659988;-569031248;1100660996;-763525663;-702504070;-1087815178;154870942;395783239;427383278;1962312441;-83033492;1149068106;-1890590015;1797123340;1949053586;-165639535;1102228901;-116998505;590282684;-163002119;-352173;-702999509;841636776;-935395124;1175570607;-2011948586;52844519;-678145230;779128105;965049784;-900012317;555345639;1175650149;-928188458;1619601699;822208045;429798685;409991981
1396566020;-1274557626;-1699814390;-1957874324;331233433;2005923697;512636824;-1891460621;-1636256517;-872363148;1801177274;2009536258;441789972;120295241;1927337498;-1964605593;-645364010;-792242891;-1720748670;-1330936602;-1127808588;-1889391572;-133504918;-1014674627;-1337364141;1263047795;-1427147311;-1186683038;-249020287;-329442681;1572373840;-770207986;977962341;-216777667;-743491733;-1941078914;-245984264;1499921450;934225706;-149435784;-2131442765;1490077508;1891795176;1076186251;-980657014;2090045641;-2006926742;-1607948389;-2018648296;-439924641;-1437059022;2102210204;-1562567654;-1754788228;1310487573;546719645;-1952395487;1172884231
1617009928;1139060867;-1509553601;-1422473147;1459920679;2081829522;-605076517;-161940603;-1795024406;557014544;614133875;851622057;853336807;528908769;1903956254;374786695;-212278367;-700405246;-1458172581;-1128893696;206308364;-187690566;-279573708;866929231;-1372276400;250545422;2103911840;-443203678;-1981530931;-1556421255;-1943460567;-2030006549;736538463;283788764;-322462002;116965367;1597222114;-1221307981;-1972789975;-1108016450;-128576520;1399518089;80754644;127106301;-2015230455;2095869613;1346157833;-1137550078;-620993653;-1624743898;559763848;-628701754;-1020835709;88038115;1586047677;-1414666176;-4502198;-545025226;-1199323359;-416948745;-72511596
1854982368;-857663271;1304348590;624231476;-2112334149;-612336565;-131076602;-962823953;-944363729;351105921;2078094576;1510417675;1149999574;-1655793394;694704806;622574911;-1320189170;-1394162754;774346641;-865616740;1193053656;639077539;-1440830266;1260726973;-1096198143;-759324051;1822152402;148508988;-1482445690;414088703;-1905612614;-1854581657;-1785036748
254481212;1855185714;-1736928113;-950132437;1870339163;-338398608;-1169431308;67618867;1334184730;-1949354179;-650886655;861783493;-1183577209;-1297460033;-585777356;-101229019;-1922986246;-1785007859;-1823353134;1198110079;-1590301538;254682478;563374089;-451650241;1982137904;1043611078;569373528;815325855;-803212025;870054732;-665405138;690238081;758448979;-1003303296;842309329;1103750782;-1004571223;1444559964;784858497
-968103746;1410458313;404078556;1061244937;-1700903054;1362677844;1798795652;492003230;1603443984;-1126161631;696788222;1230193219;2099398612;-164355297;1696551901;830296349;1835749293;136334204;1884757279;-567123263;783279427;1323693915;202212822;319006986;1444957498;-1138448956;153526282;-1807869908;1229044664;-2037511972;-103826467;-2082690295;1340662820;1869567061;341968624;1063917763;-1830338255;-1126400217;1053113861;-540029038;-1879680742;-622760833;874075366;765020374;1918665262;-1008193544;-780650364;-1794110865;1031465871;-943529720;806293346;117827916;-215159242;-1397050948;1289788467
1205660217;233651367;2138613442;-1458498018;-105696176;291257879;-218984687;754242045;864540565;1436757130;640904901;51614938;1065889674;1049191520;995781824;77695335;755867232;2011093713;-1989138673;-1777732831;1899160438
-1870113017;1542089118;915002911;656480528;-1642654806;-1187646167;1311475880;695551895;1064130126;-325787504;259594136;34298577;426157440;789533755;-58480327;1005024823;143395365;6164096;-1955176105;1347321872;445559522;-417477322;-641381049;628897575;859761085;970407047;1754303530;1907912637;441073668;43417354;-220514445;391031745;2119570541;116040465;1512689574;1986691646
1389795646;-183226015;1527679508;-881937874;197296220;-376220001;1854061546;29388;-1844094357;-627873733;-135102622;-324672480;839679740;30860211;-1094592625;-1939541297;-2014880065;-859842257;1034183331;-1903606525;-841782182;2019591617;788013292;-1460000693;611139195;-1216033300;747714305;-765003329;1986608944;-1468375958;1984110392;1007643751;1581743221;-797611735;1984364122;-815836708;-954503666;1137470615;-1067053159;216779056;1219085463;-450542817;-1144366142;-623249397;950769113;-833452814;113717166
