-1328853949 -1739261893 -51788404 -356363369 -1063018501 1068463824 -1806852876 2146755869 -415194430 233214179 -621197042 -157660478 424743571 -1191329388 -2082203947 202945176 955305958 1219502368 362361728 -949944467 1977418750 344207019 -660951820 -294768087 -1382819713 -995364289 1762624890 -1257798277 -335571901 1110883092 194170546 1544953780 -151637651 1873411601 937754566 579436274 30654653 -1066723182 -1700791583 1523843968 67579429 465304427 -601786910 1421556861 1255029404 -207027667 2112272973 -1731339589 1691795251 -1452901721 63959169 1535864296 1934134629 -1820286801 -1016042960 543707123 -803438414 -1758916062 737452042 -224763224 987403630 -518455512 746444475
-735962923 70228668 -933322984 944298577 -352565661 -2140631189 -1750948460 629957777 1579869794 1547598939 1241482488 480273693 1286193604 961134222 -1712091054 1364105356 1286799154 -752088472 11716654 1941394540 -50086556 -1713530514 -388927741 -146606932 -1306558797 -1904676784 -929107728 -1452131522 1176910316 1877901609 488313512 -1251834376 -960879514 -606491132 -1902470231 784662203 1320126805 1397026722 -405803085 156641750 -904773023 465773689 -96515208 -623544660 -2018400910 119557120 124622991 -1286424941 1025309645 390869545 -141292370 -1532912129 -1106782620 1296420655 747767832 -1943948321 -273755287 1358323601
1275810630 424323363 -514361251 -2085831649 -1319591090 1428720133 -2144363599 692330914 -1016354504 -1612958212 -1218113154 -926375961 -1996433192 1970359560 -811661169 -349810039 1829750575 -1933134066 1156137929 -1581726037 1144120153 -1734855445 -1500588108 -1973271509 -1975428695 -513315124 -1885029319 2050094614 912295186 2092372924
1532995165 -1950575928 572513918 -100048882 1151008969 -1922810842 2129695644 39734155 1561825580 1303755474 445074623 1227329865 1369305304 -1267377378 -1583110847 1249460580 914216789 -1412411215 -623469568 743408435 -406584755 -224022170 -1020379531 1036674256 -1210963765 1135196787 -578260732 -1562861866 1671851428 -1550466099 -1445369707 -622571412 1728251188 -1361476149 1768401250 -121571454 1887306317 -1083665143 -1027039470 -263575206 -1718845843 -142002034 -779738617 -1223241910 1478201646 1161297457 -1828291085 -2120422465 -1048786174 -1929006792 701877681 -782357627 -2137839842 -2121558207 -485965742 -2089433276 -561469258 -2014570651
-1922795187 -316401813 412364697 -1639608613 -1870689386 2002358017 -1613472680 -1874350791 523518467 -14166443 841864830 968105552 983639271 444576141 -828683401 557342266 -1222971447 -1022254191 602567576 894606855 1665869930 699519673 1068378828 -1162241656 -873291258 -859241274 2074537842 -167020950 -1774554918 -1656429034 -738595962 -123535227 -1071509018 99160083 1533864958 -963389578 -1170093324 -2130345236 895478390 314794346 -1677424936 -676428152 -1381823218 1193121597 -1947422216 652027574
121765315 2091637518 -912343384 -691154724 -185180060 1041046572 1861044129 -1065770122 745677037 -2110877696 87121645 811792515 -1133629275 1283872601 269104914 830920158 -1475148129 2096362217 772204612 -965640061 -1197529266 99022156 2126500893 865183790 1328943454 1437618504 -1518989171 -2011158207 1576051649 -1868314538 -330691058 94865642 -549105401 805518689 -1619399396 1497665412 1299166194 956690381 -634702108 1735107902 1441028425 -1813388614 1716186427 966055162 -128527636 -1524763511 -364239407 384473463 1789225000 2121755294 -919821146 70637745 207550284 609088871 -423482948 -2046578297 -758326148 377843869 -96836083 547880862 1521742276 -1338186806 2010041279 1854519685 77397104 -431061238 238857621 -598438631 -1935271014 1564790805 -1585618520 -293773781 -1528558589
-388932777 171805535 -2106370778 -391231950 -301043588 -536666794 -1496927350 1622575949 -1636778528 -191740913 -1446947753 -884295154 489742064 855033482 1795208748 -1718421474 1025076400 -1574287186 -224181457 -1220541414 1266743279 675187564 -652871580 -1696535471 2074931899 -265745629 1262792258 -1340674612 -923452137 1899995205 -2110925181 -713441394 122112235 105645627 -1282161861 -60895716 1076037947 1612082310 1519569708 1255811903 85663899 983922214 193257304 142095879 1669661410 -2022421698 2081449430 -124043501 -425918947 -1882873608 -1211535895 -229069552 288186054 1665457062 -1331064498 -1452972674 -586734794 -1768640727 437524180 -564560454 -1064439209 -444800618
-91260872 276842909 -1554050026 -1555809004 1701024271 423630390 213169677 1779361143 1507583162 1047473535 -204044675 -149762762 1695178780 -990488390 -59750484 477791971 -83500860 -1983584258 -1710651131 840588250 979887730 -368967570 1765190459 574056339 1225830106 390601133 -1097629004 -464219080 -120866649 1058430609 -1931789276 -335917961 596308674 -2027231978 310863735 -1150880104 2106530771 1412690324 1100631283 -1838969647 1278744071 2088089908 399962269 693692121 1520448276 2145736608 1424713692 1970768058 -976110471 705752057 1027106140 -1920136469 1905671178 -617082610 -1658118347 1027567517 -1999419221 1282876617 -1462963381 -2028471979 -1050616997
-545362441 -95660358 -545165196 240817917 -217475354 550385584 1491368240 1494034815 496085057 -2112446556 -291511953 365366370 27563022 2023983401 -1726632522 1816472251 1964309461 -395071804 1820783994 1586151351 -1467384186 1563790595
-675415859 1427669145 614199763 1284208443 -1779431630 -1256861065 496741651 160573086 -623881070 1873402136 -2055522716 820672150 1662111484 -1910498068 1893096514 -601277458 -448495587 2018861823 -1773842344 -911528648 1716839344 -1584679849 -344480497 -1655319860 -553275083 1919743904 2039025767
-1043329824 1852506379 -211875830 1774452472 -421440556 204881010 -1908700514 -885570864 -1414727792 418534847 -2103268774 -1582244039 -805561175 1180861326 1735765211 -535703952 -489951047 465393681 1409274936 -2072544810 820439959 1903311924 -1126292141 -1869962324 -583766072 -668403455 1147977586 422357277
1558573892 -17196787 -785883007 790393116 2109996402 -828000791 -1323558945 -403115445 1851712454 -1478808987 237402036 -124739445 -15198548 -2033221613 1496862194 1558190170 957421411 904875914 -292977333 520573917 -1873966371 1703486329 1607453870 -255879659 405346025 -69535489 -793136367 -1217899184 2053860755 -2096697030 -1407632527 -606873375 1090988746 -1784084450 -984273642 1280540178 -466196413 -1676614521
1930352729 -1133368419 -524282480 -248732115 -1682956086 -1880091962 1543393573 -1876967534 -987518771 -1205607780 -916813866 -1415844755 -36748272 1937300439 -267853330 -1230286272 -1249780290 -1403979227 494598596 1655737777 -408245007 2123792790 -644815024 1830787216 1433058404 -485589446 -627642112 1255181336 -519390868 -647947769 1311569356 1044759412 1451900456 162983168 410117255 601039493 -694351113 1662561172 -1247882120 -651393822 -1245846742 -1766795453 -924675287 -373450464 -414842630 1071994247 -16270466 -426922926 670258364 -130477839 24947208 462825939 -1422458030 -767293295 -1745493349 -979709118 1716049892
1767422749 1593767117 2056494288 -1826500794 -920297567 1879251378 836341726 -767744777 -1300986957 -1416952573 1756325304 -639129954 504255733 759427753 -891318120 1259834208 -1150975254 -721460054 -2144420285 -872880522 1167749137 -308870994 -1575632587 1133161044 324526133 1072841150 1268013341 1499871757 -1952729085 487522895 1048809099 2049191157 529768924 -931519873 -586836505 1658267783 -1545688084 2142621341 -1390645851 1782576265 251802491 1725901295 1464839094 -487838354 15839619 800940462 1390227009 681785594 493763713 -360682411 1903666066 1000038700 1509675920 655751450 -1521410734 1596668247 1702348466
-1923144968 -1773555311 1413271665 -704954241 547944319 1081179217 -1518947162 -821881740 -1052244391 -1683838381 2115008664 675974654 -842159198 -964190017 -389707704 296104336 -1556034663 -1502556791 -359703286 62140091 -837227189 304922138 -64063145 -1864363673 -1128018800 -84378576 -970535455 -1189493920 -1382181061 1243501826 -243999768 20750868 1276332428 2056744615 767699148 464235674 -1339433495 -328806473 -1154165022 -730591754 1612465101 -1045775054 1801418634 -258504805 -395488768 499880608 395537024 1244954672 1793730568 -1677887366 2083085939 844741271 -1410551073 633117896 -1787246893 -776996566 502614245 1111609866
855904583 -508718824 -278415268 2102325822 -362794226 -1026152063 -514403116 -1357032964 17525097 -1128021775 449919790 -880885768 1320326732 1244108781 -2107855445 -210276692 -1838256323 -1356161818 -485206219 941954701 395197974 -106850387 -1999010873 -1789439836 575105545 -996927451 -517145845 2092598878 -1276769051 -105440199 -1569660604 -954103137 -585426793 538419472 2095923821 -1515769828 63492338 37786495 837790626 -31297303 1886821810 183161791 -1342146881 1123875665 -1566476098 217923679 -173102010
1387166892 -577897349 -1726111866 -1194189609 1889097610 1140155694 -410146568 845177480 -1613716005 269904452 1070310123 -990515874 -1219593760 1493646900 453577828 1846640859 958108440 -377450164 -749144513 -1929768981 -632288760 321440814 -1406394727 -127779204 1821144126 -1724646022 -1578574223 751429715 1611842707 623406796 -1469985396 1248903453 -900305999 19076328 -21479270 -884317756 1146059989 1358319412 946210198 2140493572 -162211116 439396966
-1346632387 -251809438 1908447869 953784818 -2059438710 868925074 -1480237068 -1896154409 -1344708591 -279170920 1181518901 -583353024 -788265060 570498006 -490809012 2068148813 -1813267863 1589234965 -1120515876 -280753659 -1816720323 -1600750574 -551371179 338441081 -1152377410 -2098191811 276924519 -1158407383 -1582660350 445741500 -1287680591 -942068827 1629924195 1220700341 1009062077 -1111509897 1902949524 -2021106483 -769310928 699112256 1579565817 1922194155 834338877 -1112507616 -1549816526 1248839488 -1633700261 398055003 701397240
-1178605513 57818680 2143563564 -1243450983 -149093142 2040173868 712105261 -1473085429 512407406 277925688 -1290676375 1710487387 1579777358 64476303 416452918 1469552928 -1788382051 1365797499 1740021218 -807357551 1852544296 -1246935424 1498099464 -1131912377 -648099602 -125128767 2081924133 1613540678 2085197776 418665122 -1312948374 -1165445827 -1837868412 1738156718 988632019 1073976333 -1566365489 -1503680837 -1329299337 1182241415 -211421453 1205758796 1985269026 1659620473 -79128987 308827957 1876507680 1729527787 1865780674
1362142555 -836858714 1863973892 -1316057185 393604776 175564789 -2029520144 -617539926 1400042845 588712111 1559770322 -1798319318 -1319109338 -2130735244 2015535468 373060591 -1624590312 1462415157 1374789163 2037697837 1654471686 318511610 17946012 -783639316 1030650131 708605407 810854941 697872802 466290056 300457567 -1941825577 609310493 -2088873241 1591555540 1855078891 1963732390 735158336 -85243074 -845799701 1853345635 -2118697534 -294971326 -1978009461 2088101885 -433195628 -1137829002 1204007576 -118578558 1194438117 1946292955 1704594728 -1563258485 -1152673727 -217408854 1031886354 -594512479 -2044362202 -783322029
464946652 -1230431529 87669186 1238286979 -456319284 -831700369 -1600487197 1195403526 -1225589859 1405138488 1266266984 971125126 950099317 616738365 1603542729 1757020705 1015072032 -1097699 542900364 -897288275 681386735 915315490 1589613254 623727084 1708302556 1825796497 -1976738591 -1712984323 -1623561486 -882498749 1770409118 1852017172 1139874283 199196020 1663687517 -164220563 1460053018 1586439130 -884423780 147105661 -1409156981 -1458112775 1466895037 814261099 677423208 -64615499 -838966517 703210686
540215336 -866244098 -1026568618 1993164223 -1765869131 255231678 1390771360 881970217 -1800996771 -916427547 -419853564 69490280 194784080 277645193 -1696301918 1811634136 1782514375 1178554488 880147518 907569551 -187450608 954259397 -904042632 1053575033 2035514602 -679280765 2025019712 685439939 972992274 334049232 -131274872 -1322460035 -1630909155 -1920415979 1180207162 -1075888262 155932552 -35009909 -598748821 -1538127750 -715083507 -12346624 -1505195823 1140684170 -2079523529 -1851149862 -1591560590 716033451 2063029304 -438785444 -323440994 75027890 -215818246 519314215 -657373409 -526700690 1104852595 1653212164 -203183186 -559282417 -925858499 674812896 568296871 1734849221 -1824398747 77679383 -450663680 -2041567065 249648770 1713225205 670484599 987524822 -713198583 -380863624 1216068362
556896224 403922011 -278885204 1000910187 496037680 -610353585 1239402549 -71552245 -1107919233 2034134923 -988211047 1934629747 1362126333 791105159 45901660 232644051 -2040525027 155755011 -1062998459 -931231361 -1554223257 735079757 496054353 1459355087 57519244 -118864700 -2146693654 -1797047226 -1558811206 1173907095 1487038552 -1368966923 605056561 1916738514 -1447425928 1341508897 -924375786 167159195 1141750954 89567267 -218851705 -1523041608 -888544753 -867788145 -1926127121 -1770071725 382455028 687798168 -208903782
1573569672 -683882317 -1769181301 -1114363648 -1654094379 1985978233 792077197 -2125674816 437420525 1701040593 2090540679 1744730276 343690083 -368489395 2090317588 1714718985 1024386813 -676682028 -249423021 -1552695930 942666663 1012817794 -192332806 782788213 415161769 1345740747 -565259087 -672701774 -246050532 -1995427866 -651614819 139795362
2141879400 778973754 -55460489 -807400140 1457181230 1827903853 -113627215 998783144 -838290304 2123061977 1250005479 -238841133 -1295945358 1492589937 -1763753786 -1360225948 1149917325 -223294643 -750147750 210290898 2018326447 1249941185 1295409292 1904441743 672481839 -1077560148 -1650692885 253549693 -829372860 1641584653 -138575698 -1402484063 -970042202 -1002317093 1562881529 950557718 1475493493 -454295532 -1884229793 -74417597 -1869902502 -1238283498 -1505601880 -1871257264 -1862411796 1777985582 2053170131 712525013 1168614484 37945966 -2034349986 1647938516 1623397170 1470161603 -1828971836 -1375905815 -1896268606 1960537158 -1032831418 -1053930561 -344039878
1667334894 1017300166 800040311 728064214 -1910521392 469105698 1318154455 1561091435 533395858 563987174 -1726535320 425421736 -2016334033 -1708962431 185342785 1549857333 -513599753 1247330936 2080829488 -1581030882 -677656103 1405911125 -1975013227 -465276951 1276644068 -1722396962 -1191547251 1662405098 -662839029 1923739530 1448542034 -1105371180 1144883496 -1130512080 -491231520 1489932179 1692468291 -208966911 1447877084 -1643984039 -1731213805 -1592016200 1638496689 -485061385 -423606332 237920783 -1667551492 121416301 -1888910598 -1616863372 675300905 441540548 -1750951659 1086250493 470594142 -34364902 255797942 -1419351912 -753591657 293081085 -254073982 -1685238650 -434432751 514462460 -1062142427 491317001 26686700 1334118011 683787418 818092635 1805897227 1834514375 -683257688
-1368026306 -714615959 -1110077265 2065702306 -1757580637 -817425473 1680069796 -172483341 1361138760 2067481799 2096850777 638242931 2125438741 -1409355458 -11601919 534635325 -1676957719 1287113961 608868339 -528655526 -682660094 -1561579471 1313886382 1522471287 -1115598943 -769902347 -1072064995 -879136808 1329759725 -1668569956 1862736155 -2030916468 591769367 -536430744 607960632 -1527975198 1810540478
-1782596419 -750309349 -481334123 -1644679534 1873357293 61962080 -1812209341 -115807939 1038054541 -361811722 373858698 -260316395 1559073958 -544175953 2046771370 -514533284 615969673 196071331 -1565222137 1496149610 1043550228
843324937 -1389779008 -431086798 -1627718946 836577859 -1407777444 -407287641 406833271 -578685993 -717493938 2084237325 -1205894635 1240040727 -1356722550 2012944921 -817568148 -139671696 -772789760 248849954 133756907 -759122301 -711718679 -520735772 706262317 146678164 104841316 -2124849792 -305568587 -1650876633 -825114047 1379864007 -1871091750 -1418422552 -1981224165 -506661193 -1238972160 -514161205 -1931289173 668494917 717486344 -1672748941 85213019 1840588636 -1742311415 2766807 -1133532647 -838945499 1936860479 -919632861 952723310 754128521 -1397747133 1423227355 1697859790 509170675 -345164420 682233158 550318385 1012336986 -282933291 954566665 -1893981214 390344318 -1996514896 1972557073 -725422954 -1044603023 1370868505
1435808959 1914906968 -395357378 -897819875 1873484322 734142322 322898719 -1677081891 -944858457 -1980646311 1552625537 2120560100 1310288239 -814951544 -817263065 255042203 1361707307 931174173 -1129000380 -1838324920 -457439317 776762846 883270699 -1799608908 764630709 -988588671 892440648 1989320973 1242447384 804236583 -371398317 -980118003 -1812901121 -548387799 1842092481
1330667658 1639684375 -365684610 -773846992 -558019174 1974744317 303101145 1063567164 -1373697044 -528978200 -1859867200 2042399691 -249568151 -788765784 632277036 1681975076 1631827131 -416995882 -1653057314 -1764627407 2141975075 -1036490216 -1765051061 -1881233564 -1197963895 518271907 -1334820908 -741867305 -1341008684 -1317649151 792920889 -1316641611 421105019 -1273800428 815927631 -251228712 -1199242148 2134534234 1564301553 1262294707 -1552073012 -455049615 57993012 -1067404174 -993134354 -1607080994 1250019294 -1662140321 753810760 904765449 1130887447 -745671801 1816289683 -1762879605 1634166368 -1214613347 247495890 -1177171284 -192078139 -1282230243 1897769637 -214075353 -1385874866 1324434100 1396420574 -526047185 -1142873414 1501199838 1458820180 1274995638 2089628527 -440994095 -1361771017 345381868 -915675989 -1962573927 -1690789596
1182529024 1070561923 -2039334342 27619135 2018659326 -1339295809 1369197 1091063075 612857137 -622556864 -57675303 -976253430 -1555822003 -1332154137 1728354522 -1743655454 372661672 -1930621729 -1603966310 1879626546 1324297703 1786685002 771139307 1836349530 -464891908 1310131741
608363807 392397903 1583772743 -555125901 -1460765593 -1276712133 -1579809512 -359868294 -216980928 -1064317765 1037981920 1195216410 1760902694 1117759332 152580566 -1428830583 -205644411 1698871958 623248444 -1187465253 -1655342468 1400274926 1709434047 -2145848169 2011441891 56215550 1782413603 1332951431 -1233634417 202731072 1054854943 -1735932720 1071315924 -1895311289 368524677 -2027320767 868072778 -523455434 1602728870 -1629759249 1871465428 1247652470 1307581171 1806452225 -140484130 891287203 1745858279 121630919 -1551786779 -646046778 814640932 -630688751 -1399736772 99362761 2117603292 1141250238 -297991156 1864907303 -429192078 474094995 834897563 -915389982 1989394528 -259708851 -1238432303 2021729978 -154817958
-78707976 818074011 2080587188 -1313369983 1692107459 1648871510 1055319552 -1734293622 -1922305135 -1652666220 1902518523 628456061 -1744849934 1826377222 1183961768 -1590129181 -1096155799 -307343391 130365373 -1167837706 231421811 130384265 233249342 -97994636 962459336 -1220054388 -914936728 -1275791435 -713151264 -660739631 -614748721 -862708993 -927642696 733231120 687980234 -284366823 1711170005 1687338372 44369422 589603358 1512141449 -1556048161 -122057576 892371346 473271924 1323214206 398259152 1174280634 1074622541 1064199902 -1906152981 223100711 1263182306 1105874765 -2090925936 -1898757228 789540189 712809444 1012025790 41196273 2030575304 -469971020 -123642132 -1726530113 -1559733806 -1179955138 -1210534287 1245142174 -1727952942 -1415195352 -578065626 2005219619
520527662 2062342729 -1923598353 424270899 55290454 1389083556 -981958660 904459055 1724010343 761534445 1460845370 1540170784 -293140325 686801264 -3224486 1439829921 862997907 -1473039637 1480297960 -945877680 1328986762 -1145112392 -1907429729 -1525238898 194770637 863766577 1020985080 -170879101 -76214678 1587259727 1271776260 -618624668 311702311 912905876 1276830587 -1650536200 282663094 -1089784022 680230163 -463917481 -1251057626 -1373759668
-871587083 1420674715 1690829541 -1216138194 1279543006 747375425 1731192438 1756717187 -1556500926 -66535299 1090443836 346477575 -1810390220 -1322419099 595590033 -1698794480 1443379118 -370467726 278526098 -1757327834 -1585220648 -304410508 -1939656191 201842206 1424237705 1289085125 800823149 821633383 1973194253 2142200769 258318736
-1464006872 -2005117323 1590300407 791490681 -1474641829 1439452309 -1977071896 1310439081 1233468261 -2088883277 -475036033 1369827424 -1218627828 1535419822 -132432870 1520760012 -708308195 -1001167256 1680815350 -824920333 434565296 553969851 722895130 774477248 1898517168 1137977004 -797822605 -350498466 574964377 629446881 -166505408 264884681 -1210172029 2131114320 -1221733457 1037585058 848457056 -45449927 394795720 -1911535550 -1518898559 488274517 1728423050 -1675068912 1896235358
-1624712877 -735556073 92592278 1908672371 1393221252 -425152046 726061876 2071814565 -2129773468 958368842 -2064753869 1062421139 1249607236 -1533000350 1516978244 -1996901842 -2038091548 -515051919 -1022478643 1597940821 908256021 1817763857 1172472629 -1262027565 -754381665 1932976438 -773810850 1661165195 939392868 -1785058430 397432946 1984313841 -1037416763 -225255210 1826241251 -762851652 1006967108 -1736194516 1353855660 -671345447 -110903191 -851945565 -835173924 1751761058 1128078058 -935360037 1876836180 1903220303 656448773 119590018 1926948814
-193826000 -834264529 -877757662 338894604 242526965 1003446638 1291676100 1932181117 1212122646 1747972891 -1859529071 1065841212 759782391 -591814157 -564334390 478691179 2017504573 1867272039 406678112 -1785819135 -2130621007 -1383358029 1923124849 -2022743807 -1281898390 511246127 1096268818 1542234094 -1412144597 6384357 991185231 40004477 2099338761 -537651613 1551372911 -1992610932 57043025 -1655718703 1560885627 -310856621 33377191 -1440605371 774101505 -3151656 -547728270 -1848239531 476886293 -1263038296 692913783 394427629 49551768 1570919619 -723253052 1578379363 745049276 -525920297 -1740018737 -213100088 1722611399 945429937 1788521949 383540352
986494448 1746018728 -378694123 1133156 -1278190085 906861371 486406983 634376780 1324715572 -724007135 1709589095 1189365003 546154093 1121832894 -77568284 1325811339 91925914 -1069009669 1958367782 1170940828 -1223763768 425589289 -691421798 -393540476 -1377235634 2068778526 -1594646003 1577120697 -1814375871 -1191505500 -1687500738 -582806292 -1799920340 -307830764 1718505133 252602441 -810359296 1626308157 -1115014983 -281049603 703843913 -608005239 -949396759 418889208 -295163998 268620130 -202819447 -896178189 -770493077 -1107235631 -65689992 -342708300 -434141768 978849384 -876918976 -707894896 -1253270132 1447484514 -6474649 972454705 -1341213626 1384940296 1464559876
1160393307 -211591339 -212024940 -1254623898 -1426331835 1772695516 -2119654130 486222423 -1153815878 467595241 -297161932 1709420302 386555169 1470677222 -1024207829 -1480138729 -2029421759 739804672 -742513331 -672650967 -1717716677 -1802234358 170442558 1691771818 2094160058 1305618337 975552829 1356994936 123612776 678910863 -1300460100 1819193318 -1719104861 294586740 1061438513 -1795375356 -1448642192 -558779741 1135313966 1458313507 1546489263 -597344439 1695600047 1389905559 -739464304 929130964 -1915743566 -1403356738 127305285 1327824017 928992781 724057921 -455424776 1743701399 1788687227 -1187615079 -1693580545 -973642525 -2016260873 1828462293
435640516 253106509 1047110553 -210006227 299297913 -2100363283 199480937 1444849706 2115759384 1646079490 1658073127 1375409488 -1753003856 -1116884798 157447898 1109322648 -1233978447 1031037191 83166128 2014187935 299036812 -1583320034 -2023692987 112848537 -1834895978 -670513697 193159717 -1529834363 1334062385 1258958845 -40722545
366844973 -643595617 -1676971908 31200544 1726986859 -62918097 -1744924449 -20876518 1163438531 -1051062672 786420013 2042762180 71235367 -781281578 -1726089698 1729260000 1272580616 1498923025 1341280437 -2058843018 -1459116552 983482090 -1237101954 2109370308 361063056 -337990573 2087035414 936524146 -294699629 353441464 -918850576 1373053962 621980499 -830614373 -185980075 -1231247962 490195283 -261297057 -564492372 -529478166 -1980197075 -1574263453 -1925717509 1371410228 -1185392202 700126802 -1704509779 1650714386 -1924428705 1464583352 2033661845 -1458759180 -251460387 191310297 806748722 -385780190
-1625608003 -659876300 -1571008017 960132880 247529871 -1593427905 -1150273234 -568823875 -198857176 1248718062 2041806309 -1000795336 -1330080795 -764176358 1578672192 -1687271458 -849508672 546557019 -546258488 -383016092 147724702 302878414 1285920724 -2026447298 -531195931 -419196136 -344223425 58825028 1987085393 61256619
1827101075 -1870286584 -833017272 -1477217756 -782967119 1178879211 -1800516412 -66336840 -1047775500 -895663570 891474446 419729158 -773114333 638345770 2124800879 -986069562 1842360925 -1805559183 -104104428 -221505112 -1231869127 -1691361502 369420489 1126769871 1036500782 -1970473345 2009350663 -1586070144 -2032233675 1964339644 -1623430608 -1653502698 -1803349844 1604493081 314494488 -486448583 -1266901635 1640991026 667735495 -1797852593 -5721473 801265557 -83166340 -179601871 -48925668 1624417429 -308293899 527699490 -845500109 652139613 1718184173 1180449020 -1563857858 -860882617 -1290267930 550087339 -689417545 -2014563986 -790288600 -1475535393 909493943 437152129 -91656952 -411255555 1108238048 -1662943014 -108628627 1132404310 -417267587 928762574 134921104 -909291622 650639335 2024294726 921734658 -335174514 321958698
-1261173773 -1861206788 -1670249753 -1118643091 1883013808 -59673109 -1807022725 1117736565 -1818585235 1672854032 -314367904 -902550117 2124622148 -1662687868 579185619 -655640823 -1583528067 -2069450570 1582970039 -827133902 -53995505 715052706 -138118983 -916432345 -1001215385 -1912411582 988119219 1072825896 -1867009433 2119962437 -982942379 -1329602690 -1611960399 -997586434 -1763423742 413679239 -1914026716 -112567649 -155665929 -83224302 -417676122 -1069983834 -1941630030 465658861 1692283684 -1817838698 751918736 311392699 550947030 -303539734 -1956485448 195205898 -1239731769 -1552552122 -614556872 680319907 84087444 1559118063 -1239405972 1764495652 112235891 -1257406595 -278789978 34182860 -46709897 -484826929 590056715
75542033 -1707236034 1941532859 284288904 185838809 -527959020 1428126772 -1385766580 15414158 -933217473 960667383 1722262783 1372980315 -736321983 663727468 -1452195000 -928464293 950468714 -1564598014 -1165801556 -987748257 -2135800247 -230934886 -651787999 1206478830 1096313439 -690745563 -738246688 186840204 -1707073258 -1460685173 476388479 2047360831 1239697393 -992201522 629644350 1956587086 -779709437 1288310127 -1723316576 -60416692 -822463579 -1689530096 1244135485 158224724 -1677043870 435791194 -2127642922 1010650517 -418654666 -1997871328 1704061610 210101264 1164468472 2066041540 1666121991 -1618977120 1524955411 -466411815 456477731 111557690 -1370710404 -234318582 322094124 957742710 1900243167 511325497 -295342692 1529334606 -1667923941 -754655510 -625751854 -1862015196 -1080514575 986316002 1657022174 -1499968759 -1485942025
1213462428 -916792516 -1386254126 -628625766 560817411 -1424358928 -1721078877 -898600845 1812647870 -252333487 -626063167 1414416843 -1130561284 1521948617 -1712643927 339729167 -1109252732 -1520601730 1173774898 -1281833724 1757996555 -1541735905 -1906666236 1113222190 989606089 1029999584 -536277174 -232337802 661227593 40095938 -351972698 -1848078586 2128407424 -1773471977 954729573 909466743 1827318561 1962803781 -1701006093 -337767122 -1072644049 1165860809 317729425 1660046850 1082030035 1891354751 -1163123900 1678974754 -1601533841 1631760927 -178732528 -758424778 835511282 -1885678326 -1433724058 -1188981565 -1286415507 1256524359 1244370138 -1518692909 1169778662 1089078727 1368787992 -1120326188 1919069292 -449793808 790690072 -1510835776 683214187 2143365464 -1866989679 -1965290882 549665089
-469130326 1854639495 -1972199919 -1577266267 -1970334217 -260711475 -1102231338 -1536408030 -1397732701 471175895 -2086430278 -1506786728 -860499992 -1954571216 -1012811353 -1536072416 257759175 -1834072318 1283644702 54481249 1811622133 -1573791747 -701145016 857382030 -1805325548 293581692 1461456970 -527270030 -728530398 -385382934 92943837 537284399 -1905365706 -1798828446 375207196 -904461693 1720474728 127102869 1810880160 1129662285 -27856367 1338845936 1473285577 1736240207 -166927564 -563467778 1046827102 2119607093 1491151675 1520269834 456971096 2053463766
1176673800 1886798074 1209323961 -812144002 -1983866188 1084603429 1802686681 611247953 1034887419 304956649 1523949228 -1047710629 1211726490 979817055 -93494687 1646218816 1150360837 2004202933 -404795543 602202754 914097801 778214025 971850041 1211103728 -341227084 159823995 1326763853 88872540 1127770868 -1769993731 -616751761 2035087248 2108060797 1546755180 -1204097991 -892322943 -316808080 2112900452 -211374633 -449032763 -27993799 -1037203121 335061777 1740266050 1593253944 -302588097 -828685176 -1479526617 -1504703837 616201725 -85689281 -1655014880 566373545 -97653150 459961181 754330821 1859742427 1412800228 -1724843984 1122817106 849738183 562107507 -1283932043 850182301 936719333 1618531461 1439304662 -1325214140 1692887479 1717066863 -1951896909 -789952475 -1875898325 -920667657 737520932 -1357253614 440398147 -1783785178
-423733563 791626487 2131483489 -1094094955 -1387640047 -2043164583 -1308226630 -1827899134 725092442 -1150459654 -1044233085 101134502 -1489562553 -479876468 1552570916 -1618100434 -1478812747 -1836738360 -595828946 338875480 -928323858 1001793426 1672926639 1239031732 -1850876646 -491812007 -1475993145 -571272785 -813053195 -1491303484 1415451003 -441440051 1294590146 -1915898742 2143522249 453988149 839064447 776939681 116902139 1674316914 -392589991 -72326246 158826048 1369214839 1127037281 -781081269 -1468656009
2142008960 932135854 -928659890 -601133689 -344650328 -1932640504 -1424295541 154642724 -900954292 1929081933 -139812951 1141451128 227236881 -1744760382 1627925926 -655810181 -1879180091 1322004964 -1981716197 -1729772314 1538909584 -2043232120 -1081913204 -2144031756 -665571224 415764035 -1955285759 -2022625429 885676746 1616950795 -282568491 1503002845 2017800870 -2096318179 1286711245 -792624341 451485338 1283519777
-1362581686 191247715 947345548 -403134844 1821659465 2049824912 -680560314 -506288368 -528381550 2136655479 395276684 -1163569855 280821359 -1078732947 -2135218410 936779990 -1089037872 385931824 -877240196 1518855600 273821515 896287656 -1165472556 822674597 1573291619 841197007 -224566880 1791604116 -2056502004 -1307303444 697217767 -73603400 1855094382 901728774 -96196191 1951874369 -2138641943 -268950121 -1818674089 -872084704 1088161369 -1474343552 1778519563 -1893118430 -1999131238 1215320893 -1792469164 -2029712320 -784802738 -211687591 1465630157 990355764 288076253 -1522699484 -383877712 1467863375 -181474115 1210718626 1571260861 1067365769 -1524734222 -1271770171 -947321504 1802687705 -1849010472 -913663009 -1916650222 -855441721 2059098144 -858596271
1224850239 -130055913 -2106354296 1901495784 1593533350 -992147410 -2100105430 1445949514 -918144718 -133481034 -1540544373 1803087295 380439670 -1696932374 -1818289051 -1520697179 -865842628 -230490318 883477448 1989829116 1468170646 -1973935962 -1202117553
657635127 1040653520 -1565297260 2115193959 1969756670 -263846730 -386774555 -501280445 541060307 2051614486 -1387096521 1472805804 733460918 107661299 -934447782 566310143 254485013 -44544944 -1428823442 -1330570278 1701699677 721411643 1150494357 1654534587 1452003026 1860553996
355466983 -1736308829 1211706862 -232704080 1777029260 -35556808 -1116503906 -1574464050 -1667467991 -1753460273 1774673011 1254125434 167664429 -1505384122 207514013 -1223410892 -1520273954 1168279609 2124884657 -972430346 1777831036 1910150479 -336111004 1666633129 2106316709 190212561 -36707946 -1289343782 294195451 -1154510212 693873042 -793664083 -911255293 1098860951 -1533882732 -682596847 1761482576 655769158 -939526518 -1004458187 -91735840 202964256 -843198433 398918202 2145611973 -1331573249 1126104564 -218667991 666394375 1161960216 -254610896 -518755034 385073608 -867519158 159284794 1090262757 880219305 727943610 -1327031611 -1864794531 472466028 -1536123745 1111239692 358354108
2118868314 -2097559970 -494683238 35065575 -1095456823 1301591773 594602096 -884441837 -1739258148 1540871298 1117350731 -1645475822 249957479 550952291 -609491780 -491715153 -638004679 98264120 -142248174 -2118040596 -1719994258 -1863020005 942497482 -892786066 1868346625 -1222983538 1108155974 454430231 1288685733 -614191166 -1076678467 -1026319628 281046228 1087921430 -220628877 932935770 -1515811033 1094958557 1774705705 -1340568757 -539038232 -1186602396 1975437269 -189695203 144763365 1425032498 -2099477354 -1975231395 -308338298 -789820783 -22307871 -2009618960 2007902498 -1367133107 -717768192 -121449349 1152251021 491457979 1466549181 -1013751804 1873266165
438506330 -300357671 -1898203666 -2105516413 -929361725 -1408386896 1201023178 -444937261 755079430 -327216881 -1940470482 -1911785843 -1147410174 99272685 1616363489 476427945 -1917255842 87964057 -1659006745 84013827 -30037571 970759899 -794532402 1009305369 -2145930961 -1835978152
540360979 72014314 -1900820422 -22603785 -50037758 2097261113 571259920 -1244165489 -247653780 518466739 1265588466 -978846439 422929672 -1183964752 63971304 698889109 861278661 1667060729 -133263221 1535163332 1127479057 1048577214 2030065645 -2046378942 1534799703 -396582196 -1647965771 651501786 -1083543352 1833124094 -1974483058 1264302101 323329373 304644084 -1720026430 474617364 -1273835747 -807870717 630490145 1380274335 1785029787 -497309589 1302529575 104130685 640602562 -920916785 1068445021 929330181 -221955884 -1562295839 -1024124161 1333583605 -959705168 185153628 1581536734 -382643327 -1414834861 -821183177 293332360 -2018959185 671488928 -1150035433 453671845
409561443 -788428540 1040011171 -615191629 -1384597357 -707752097 -391212907 1025999367 527275223 79664147 298750296 696523613 -1877729717 -1474173685 -1617882377 -283355801 1455846531 1973526499 1434079568 865205980 -1719317041 1078931937 517846519 575806092 862731968 -166436058 -1059433127 -1565229132 -811305493 1047552288 -1665164764 1191488403 685830124 -2067432382 -444153114 1129158716 614164397 -942109449 380900852 -301224786
1840067539 1388113804 -477816287 1689656042 1172924683 -1321333186 1069169314 199381400 949882663 874496391 -1209744159 118440631 855211253 -1132732738 -191502007 -1867495065 1111765696 -1225547725 99658833 982184432 1993813698 -2124295532 1434391057 -284065856
-1816660846 435547928 -2066657356 -1145922191 -241488699 572813948 -17917290 -2009333805 876624333 982105393 -1925489690 -1283961992 -766263111 2111576734 -753966883 -2092571435 279879083 1634905709 971228078 2095487296 7084731 742108066 -334211314 -2052915665 133312795 -17405713 424527350 921178020 -86361988 2013914693 -245929049 -1711554072 -1431656272 -238708818 794044398 1476164214 -164048495 409176409 2139468713 -307583942 -1449939680 721432822 -1605224055 -1900358917 1523003376 1227718724 84162328
-623264827 722210023 1639508478 -944375190 -1269065609 355361150 -730739329 680709017 -1812293860 -1590178827 193064007 1951286384 -905297051 -2123809513 -1915221399 -172317025 1746093896 -43774618 573762469 1429852590 -914168609 -493634770
-1391918799 -1262638449 -1339230761 -1251815398 -624051654 812041580 650218107 646540563 -234906610 -908093988 726533560 -84733203 -1538127846 1679387258 1184833222 1265669760 -1342450393 -485653188 1899642827 -1552997590 -957709876 -1228026153 1658175341 1196668622 -2133747164 -1688019871 673357737 4446751 1272857793 -288216264 1265821154 1753946398 -1344132384 -17713374 -1310400451 -1195311135 -985124899 1130122933 1349315627 231448469 1599646697 -550745607 -1080257978 -1223237691
676890443 1134496609 -2095505445 -1602844415 -1712729469 886080217 717352167 345829473 821893721 -2049529295 -487075937 -1021728865 350820356 -210341410 -99191130 1331128663 -953922269 -775160994 -22101744 -1142527633 1240628192 1464277134 -1059164890 -662317426
958393405 414019429 1136623310 1643878947 -1138982917 -2042939956 1129089967 -93206157 1891197751 -865707177 1047890255 133069306 1750378376 -1472360506 -368104233 -1704015501 454807114 -684673118 165187128 1307987512 -1720550547 400918657 -703149801 1499322153 949027209 -1778178680 -1852491515 980665810 1047993140 -461602767 451986675 1606772428 1178625431 -199655091 1736961508 -738530205 548237375 1098595916 -170879772 287698809 -561154512 920108732 -1418744776 1308400297 -656272320 -1502734833 8275926 -1174805585 -564686687 -1954818656 1076543767 -906135802 -197032002 1686706936 1855709610 1670134226 737481291 2070986316 -1478014516 -75725312 425113751 299787594 -1689549387 -1679326037 1040434980 1951694356 -470710699 -555005247 -756819848 1986553484 612397376 -966812698 1768466485 1627603922 -536216603 -1638303849 -477133977
