388943447;-607837148;-901873527;-1448559480;-732093571;1472965428;-369514401;661211632;-1655808216;2005868500;-1960638020;347995178;-747522340;2103883878;-457295674;1717927263;-1901861763;1549887541;1297998342;-571210370;1570669349;545709497;1643193692;2146061337;-515906248;1228120346;-602461134;2117022860;-600721484;-1824909582;-816222476;1127585892;839255757;986344279;901799359;2060047357;843544504;-1396725481;457007192;1461254508;376622023;-2079293115;1067475295;-1925329505;-895680331;-553220364;259938499;-1430391869;-2132106685;-389618878;1892780408;656665317;-1791876861;-2099001960;393438824;-2004303397;1634484850;1750996015;588993190;-777345692;-1573716404;-739041067;1535946985;1515957390;1304452380;-1895143952;-615385545;-370768040;2095328274;-2125230141;-1257655328
-2055169512;325408239;-1507472211;1167989789;1183519270;1823598909;994855257;-1398716905;395306709;1059977626;-1718845376;1584623798;-695426254;760453218;328369238;-237188336;1205736661;570063585;-1506930854;-1148378039;-767794383;823353621;-1155441846;-1501775379;-1785673684;-722688839;662675225;1948321952;-1005208079;-511560578;992617119;-1316257031;-353651195;649822107;209067472;-813542743;-1218859624;127800712;-1795893456;-637433885;-1852689635;-542900731;100316550
-1035292388;-992932511;1008285903;-1931189184;2130448966;1829943544;-477426059;-53809600;914428618;-601214980;-1546603328;-808008183;1849152230;756595832;699359628;1963273694;-468615488;-1291669358;-1146412996;-1483024871;89399157;-1040358384;-114271506;-1190657970;-109057678;1686177308;-1221573904;-397856592;-167076861;-830519477;-1858679695;173478323;-1883716055;2141986779;-1556598405;-1690407437;-1568275281;999700028;297742368;-1247583149;-561345153;-1946113583;453277683;-452904343;1348312113;-1329052169;-1492452678;1881829657;1801032676;1018847557;-429648799;-1683816577
946072853;-235291088;-1465329646;1091055644;1329822019;1768702272;-1940055035;956746349;556871732;1416895531;-1262313232;1699557823;1836846874;-1785720830;-982733649;632211959;258727541;-1001224061;1040386954;1290971064;281784028;2065748875;393143446;-672409867;-686236164;-362161207;-740954022;95876807;1328474081;-1316922700;1740633524;622149248;705202292;-1633176130;303870205;701120511;-1347227324;-1953105207;1537116523;-714933435;1545082760;1164488666;1581299895;1981945672
1966828043;1511377151;-1909042169;-2138824341;762470342;-689599252;169707998;-379722907;-439457232;-521144809;-2006463974;-346151599;-784651806;-1264816728;-332172080;-1913116243;185483998;-1355574464;1878284266;-1300813836;-915807296;71009816;1822763906;-818695065;-1360786381;1441602666;1537474418;558981136;1370965670;1438297359;1685024299;-1251486461;-505886400;1447513961;1149479110;871035623;2090545681;-1263028862;468955224;1499049908;-1555803511;305398901;-968077175;343130301;-1787838931;33836812;-636244121;1513246704;394203271;2066192042;991004279;1212170589;-1141629347;-1881180565;-1179035379;1601359092;-610236890;-1733763959;1976646621;-1333038958;2002342841;-1262717439;1761935825;1117290046;-1382765753;-1229475723;2025775644;-1009136977;-633163893;-491162028;-493098098;-2140979183;-292415681;1246497079;-2057053910;1829722376;-731634223;-1272471922
-571488268;2101017430;1617928827;-839963120;-846541194;2041081791;1204208893;933397256;-1038612173;66252105;-1162594991;-531715731;-1210600488;1510538810;966176660;-1077644895;-1614042787;523469257;-1844952915;-1662308879;415868044;-2138981283;2136990825;-634036247;-229473084;-1360414982;1462526438;740452067;-1391289606;1389011448;1918241333;-1525414943;-1196735744;1025912565;-1370800837;-287848804;1369853193;1455494668
665958364;293075820;-1549125050;1366685257;-675883766;-176383832;-710205104;-629106223;-652529405;-1792349784;18592366;2080848022;-201273810;-1283129273;1891528879;-776521527;-1047427632;1348809237;-1645632414;-13709302;738168990;-472041637;-40556600
1722647699;-860244388;-1741960438;640143729;1819794435;60604125;1819968365;-1088865023;791108080;1782970856;218552771;517690106;2075451292;717722060;230247460;-1850074944;-797145249;1758664295;-44067106;-1309559621;-1241048902;1748623782;1180047529;-1211838338;-1511118421;1668333644;1525073439;-1282115286;-825196222;-1012997389;-1478533014;1391141396;-2054058124;-1380164784;-2117606594;-1134383707;2088242734;-708531781;1782406665;174563457;-982704211;-163176723;-494621591;1750721259;-1495368180
2041299422;-491932568;-1478782946;-842642718;-960004928;-1883916895;1227782013;176935027;-1505282957;-303485811;1404005347;924085170;-348752168;-1408768305;-1188956233;-39233910;98085126;-1448124836;-774837781;806530852;529628985;-502594464;1863782660;1381177193;1137213450;1216599650;1196430202;939477188;1034225376;-151936603;-1148323519;2023006252;1852012966;-1743611695;-937084249;870180449;-1898207810;-835444781;267020384;-1968842635;-874809292;-1354632704;-1407598369;-1242876787;662209846;-350288256;-1584249114;801263336;1689129667
1150496096;-1723043040;-708535645;-677123030;935570542;552441264;1012594582;2128532906;792368063;393025974;45658576;1076817584;-440652252;439791353;-1533796701;990811653;1186613858;-121861076;1223575422;176339927;1275821386;55347571;-1303262187;789309919;1611395335;1186848551;-1780403231;-1411569210;-1121233482;-495612714;-1619762485;-332370492;-1743730885;-241455987;1623991587;-1998168182;1253489746;-1120127400;-824310058;1092204898;-227650844;800192521;-508958240;942443923
-496843464;1009651711;-1017634807;1877563064;-104848501;975539113;372127285;-1764139997;955250487;1535659071;1795490098;-1883694909;-357239866;830683521;-1204484568;1622974224;409392410;-787344828;530753781;1686960357;-163142479;2076967523;1904426249;1334653082;-562327767;-217111566;-538460015;54417234;-574026233;-2084151367;1284875735;-659743600;-287872589;-1127718688;5787368;375966480;116643782;1451593702;-1870913674;1848426196;163428744;-1280948009;-691123968;-815617924;1552596660;-1634090818;680178991;1463103962;-291245955;1126780503;190034563;1112528837;756672725;-1809118711;182798126;685903149;269400556;1068103954;-1326428609;2018048880;-1875359242;1720268803;145212163;-1608223765;-1236916431;-1828005777;994893479;668002002;-1224599514;-352688673;1219292194;1451848516;1320348718;-1849276920;1615722065;286418073;-1329770441
204846179;1828565246;-839472184;436336684;-150448009;1889553732;-1730524606;169674686;1123230850;-790074892;-82750361;1771201630;-273618570;-659427930;-675127776;-479917210;-499854176;825737362;841321594;-1961365036;-1838534831;102088039;472291313;341971770;-381815616;305683291;-1381093647;1436548089;1292984878;-212572797;-155157351;9913006;2063787339;-1336781980;-1388914751;1030989035;2053967064;-2118248759;-1900618178;2116860713;2077319053;-1962577194;-521568156
-1218495172;-1923338147;-1189560116;-460462454;-1348129227;-2101427345;1501768790;-940123082;-1929558804;637613622;-635416975;-2087284320;1814787545;1835101442;-595483239;-1573759279;1890519455;-185526367;1529863201;1482217137;-1883861648;-425925646
-19948101;1572332974;-1948531268;750452242;-1413097484;-1801165098;-362125381;-958798935;1168144921;-1781852007;1998854652;-1081234367;-960280041;1190758219;2035011946;1825938829;-1208124737;1754122112;1923943591;488863468;242732729;-667774988;522564127;-721094674;-1251117383;1009290667;229063515;1258343190;-1428676879;-879864231;-1227964014;303093985;-70590522;1934269699;1595457413;-247445753;1354696133;2069007589;766418060;-762075136;-2033130280
706303211;1355161289;-400938316;-976422038;1543885673;-1831961881;-2042993515;-1627389161;-167981021;-238317396;-1913279443;-955037798;1069107357;2049397176;-589516839;642560859;736486681;397699522;-512718315;1656966543;146464556;-1904057448;-1100473294;-363556643;1081818509;-211772828;-1578901434;-951711677;1869183279;1472756528;1287153251;-1419160005;1303961490;-1049896277;1673982218;39258649;-1098758570;1177314093;-1998658335;632743862;1175970833;2114805496;-1994784860;886211922;-746757535;771842752;-2024764839;-317103178;394689860;-1668703124;-1184761145;-234101607;426754982;-197866978;-1713260504;-1703623868;-1444262597;1013456240;-864094435;-584125576;734820751;381456129;226091233;-1020261745;-1574499238;-1428199889;2061990337
1604270872;344783141;749271755;-441054872;937656281;-1691817705;756191941;402396581;-350599851;-655925556;1938342496;807250885;965132355;1689193308;-216348755;488501504;-997094934;907276603;1150536912;-933504447;-1893216265;-1035519627;82038258;465915147;-1690489455;735615290;-111383940;127986330;711557546;32115613;709694849;1837558088;2103269016;775873432;-582133381;-322723790;1451011811;1352366675;305865529;1122281755;-661042336;-512033371;2078165016;-472138609
-764075302;-293487759;-1775195061;-2102140705;-939146825;-1360648367;-479322148;-1479902422;-2096849990;-1577526161;-1853163643;1643067679;809227173;83184986;-909346459;-73319957;1852823869;1833339122;448507097;498717117;1192480079;1793157144;-678787041;-1615703912;-1341021709;1311204008;233559099;-109125014;-1782744300;2129477543;506129181;-609297314;-947907794;876614841;243184643;-1665922194;1480337497;-1758050091;-1134198244;1043847227;1093612935;-977170885;-1148339858;343823392;189660169;1347553188;-878092808;826573700;1679925591;-1385558853;-2083983078;-863471249;1211262224;1816478156;-188989131;92215391;-1839647937;1387067066;1253969806;-1780183972;-2061396257;-448855754;-1147555721;-552480182;1308217505;1812694573;-1882715728;336781437;-1719200277;1522624130;-1259105526;60703890;1632648228;317211389;-852935347
-179219410;1797409666;32924507;-2040987427;2083453492;-547402363;1410476436;1313713814;1390960037;512603581;-1590497412;881036705;-1252833921;434993431;9877403;1418911517;1268618448;1140070637;1573890468;-239162198;-1027337351;1072707191;-1093397799;-1068578057;-1633255627;-2087818879;1751353517;1760489880;1750935769;-280474018;13177258;809958428;720675292;-169738468;-283346795;330147934;-1879556582;-861312008
-937925093;-1803784748;1097746196;1561549565;528485317;-1159318533;526415719;1904348395;-1004829546;1304247469;-1670494476;1122998189;-1521562649;11163647;-1399144386;-2030855929;557697473;1184652541;-1822953734;1295793422;-52960076;-1691764498;-747112442;1907009806;-1003856665;-773509413;537083033;386969774;-1290484624;348162898;175176892;305281362;-597939995;1795182695;1889742073;435089344;-808533453;-1997562373;-1512213679;-392219643;2029206189;-441198016;-1191542926;1979277209;-1545870233;211017340;1050817065;-1367160383;1718054853;972991500;-1955182571;-807260620;1321072462;1054469547;659717021;-23111167;1970435269;-1906259724;-2095558109;204882607;-2019691654;945800229;491653241
1019941853;1529005093;2052805267;1105575372;-86133677;-1976146233;-895098242;-782092942;1082905420;-2123481776;645589648;-668202383;-1162215787;-1028281546;-1127084319;-731171184;727639018;-112628438;-1312196103;1715043880;-692660529;-95155112;729942218;-1244766454;1858690975;1237828077;-620903968;-1790932576;718284772;1056214745;1242696662;411256913;825219049;1459719125
-137856726;-592922226;1348253095;-445698410;-1747583558;-378653605;832879012;1259398262;-2090351300;-902727978;79988342;-1082897138;1453708539;1763500312;2083562783;312688079;474477298;1652753565;-659382722;1879687990;1232524978;1608338780;-1439764593;453263865;1813316744;-18634729;-1583983176;-1819150468;756528862;-1824015885;-704942527;1137347978;272267745;-684491445;382858724;-1251166911;-773956252;542398400;703407878;432471372;93315331;439942548;-383320955;-1264887977;-1581449589;475641400;-504210252;1068564671;433518233;-2021140957;1823895715;1473233545;229753728;-721780252;-1158567005;1612364950;363681392;637275770;1845970696;1701851156;-581762349;-1080257821;1031943728;2077687094;1137949690;1459846898;-1497049404;-614873050;830081272;-498906267;-1311973059;-482674374;-185806130;-1808820426;1797741994;-781448090;1766748360
-1297571665;-874126351;-1592420571;-1714850618;-1791454000;690426475;-13366275;1671779616;1178850287;1073237982;1392068191;-1637725835;1734759699;1810271811;-513975367;-77672545;451719786;384131384;440590204;2090471916;471157648;545500398;-1073440512;61157681;113952785;-1018703768;1569600420;1637260325;472235564;1885847265;1233997113;-1039464469;832274906;73710733;104498848;-1478173200;1654415374;727298692;1393588913;741618423;1606666813;-179941893;-1430208674;62823281;1742812703;412114612;2048218391;-817925871;-1370966601;-2036848457;242165872;183393696;189172625;181640514;-495416831;1281572621;-1350484150;732933885;-2018721651;1875622087;1439299157;1555445105;1371806054;2144863823;1083380987;1718227899;539368207;-66460920
1362269820;259636771;812227409;-1609796525;-389399277;-1937387404;1968347861;-2090441610;1412719118;-1609439626;-683013087;1177360095;914388701;1805287134;451370358;-2005855731;1037616840;-1498334074;-1459634464;-1078972752;197522722;-1760798061;1489169799;1832231532;-1972393282;-136921384;-1987518396;1412002524;1379280546;-1308340611;-1577768586;1828033753;-259545606
-15850986;-1857602565;395302735;-1939428182;557003273;1800871519;-577843976;-609981602;-2017539659;-326389590;-846716208;1669557965;332783831;-1892377010;684870440;-642976492;-256897390;-1924201972;353974015;-2090989893;817925834;1731601081;-1142502032;-188445929;1826212018;-115558332;2063001195;1307492080;1911171747;-1587086090;113491111;-1008144030;881487663;-859959556;-703395113;939502344;-192766090
-719632357;1171956566;1726768823;-461151775;1817950137;-578344890;1760463657;1269445531;-2118565876;1724832822;-1065967605;1453238564;-1659028292;-375263728;-1189919494;-1384735868;-1812807633;-1976946773;2053277314;1788937722;-1817053122;814657136;548221942;462817604;-1972327893
1350647427;1231904541;1885993427;72173205;-257264253;-1771437561;-169938913;847294950;1007301646;2033323338;1758753984;2126741328;-1681665065;-1000990405;222998298;-2145321358;-348325580;1497077697;-1680539008;914972056;2009992318;1152513301;-1791419998;-1329348070;1592816795;-1179483960;-1188121277;-1782643962;-729979176;-666410230;1237398062;-2006914564;1617518587;1536565800;661584490;-728883623;-1516922216;1590590550;-80587348;52633240
-1652123218;107105549;1798892532;62916166;1696193144;873567740;261508176;-17976332;-634403412;1199356021;-1445411237;880948670;65330100;-1904745358;-1343308817;1910538725;90657141;417344162;103696058;-1089554257;460715920;-702870440;1995094815;-14174338;-447753756;183146181;-1708853922;1357531421;-1937300649;-1282704022;-1559177999;-174422179;-585961002;-1418336313;1072466489;-627097120;-349813095;-462363048;-246637990;1586396724;-1627083093;-852245823;-1295401630;1509516579;1283440553;-204497081;-1641284944;947466568;1145152713;1422858626;503359379;1015280357;1019541534
-213963727;698957044;941255705;817728781;-1921338711;574885755;-1633613486;1078452224;744301692;-1196387548;501089416;334143511;-972416472;233404940;837644518;1101891031;1993253141;1901730267;1473598087;-1499022963
-1125149932;-1013394116;-1525859127;1252114406;-1639671379;511814540;612628236;1282537370;-144133406;-1796089348;1270634944;1688741817;1753021509;661680783;-922038425;2145411397;611176473;1556612239;41314839;903987391;1068620512;-1288321906;7374117;-553254968;1433171507;1628745895;-1611117024;-1286210292;1725586641;2053125385;213477633;-921936293;1204620281;-1944185675;-1594612832;261992728;1651140091;1501010566
209169622;-1851037172;205936242;631767118;228555839;-831646374;-866587890;-1889434626;-965660616;1268498784;33075031;-1264485289;1245757762;-735669382;1098983598;-487171559;700400419;246796731;-77160156;1299713245;286076612;268579070;236543480;120639813
190869563;-2113455523;629681779;236378062;973722907;1406511743;962320062;375578960;1385651661;-905286968;-537305181;1972427852;1277017114;2046386014;417793273;1039430282;681930166;-1473091600;832105320;132555150;849053145;-216912974;135501339;-526282690;1569520654;1321542053;-1470921804;-1353606456;1296536651;-381920997;-1721948544;1171306690;882422848;-158873990;-1118327829;1378853266;663992819;318904383;1464354614;176313103;1506715532;-2064230330;1881863014;-610541976;-660785043;1663556936;2139152511;-406872252;-1052789882;1965641891;1748762610;1779188010;1820069606;2113391713
1892103971;292370580;-988064398;29059150;167086494;-1849845601;-555862468;-1950101285;1293491859;1732190323;1832975701;-1178247504;1622663145;-2027652243;1634280591;-1486781705;348415004;-683395918;-190536652;623258433;844496154;-284694980;1895626386;-369174343;-1617407634;221693237;133713849;-62687588;-1162288224;-1091821688;2060455298;-180771864;1243294682;-805331277;-1773165612;-839621549;1770137550;-80845854;1577027874;1388932222;1835566295;-38710983;-629938377;-1705869974;-1381054370
2110723125;291799851;156834431;-935999834;-469493798;-305304870;613193451;-518179474;-899301115;1900340175;1788233743;-1733809875;-1479340168;336297999;-1379651467;-559792985;-1936067105;-428414973;1752893034;76880342;1530247185;-1587473045;-1669757471;2134192125;27158933;-1839478383;-1327203177;-1382336772;-499953561;-521620799;2076505207;172102630;-610127878;1493824760;2052333631;-1188695344;1690943617;-1400501798;-1559826846;2128259563;-1934240150;-495637527;-553294288;-885212715;-1279787478;-748830476;618148659;952205099;-645427137;713586636;366543580;346057058;25198962;2055998781;2040043615;-1386722602;-1849134243;-1097077700;-1204307238;296818211;-1735014100;-752607908;-1528929860;-74736460
1777351047;1179566948;215360152;-1545408657;398611433;2068326920;-1827284068;892949639;-568717521;625455832;1415751061;-752726506;54219248;477322082;-1464626179;1422912362;-678998421;1700659512;1496326336;-1598803136;-651046541;-1424410673;-2044520872;-173226430;1502088358;-1208739671;-1737914601
-1466085403;-879464010;101279171;696722178;-528128513;537523703;1212191591;-555271699;-1484027729;2001818725;-1256819096;1002888485;-732946488;297228560;1015508694;1740371331;1722204078;1105886346;587381764;1501633064;397482760;-410286715;1567139673;-1340586815;575331251;1123295418;-415233944;-1766980084;1302697721;-822832372;1471641150;-1713570150;-1506586366;1974987245;-1099449860;-1196843051;1341211530;-1894756864;-476948828;-91588284
-2040308736;-282052041;1582405133;1576018909;-678909985;458353662;-1072714053;1013844693;-1301623246;-718025688;374485825;-1110294326;392017867;-503433067;497643839;-787113562;-1742539865;210938608;-1267443069;-441767077;901729034;1170482179;214151121;-1504339108;-1882000408;911898693;-1090612249;-989900978;-380107385;539316664;974047930;-921144065;1858147169;-1168311567;494610694;1924732310;-726920626;-220444808;-1959069691;1844750348;1660677090;983575889;1249202557;1454364379;7169043;632218586;-972310528;-182424332;-320719585;-1504601129;704606063;-517300747;-957905492;1453925579
-1907483237;-643097296;-78179447;1326734335;101235316;-974849390;1668955657;-1749643367;582709209;-2005847791;-824795009;-366623785;-59104485;-156225691;804126633;228594601;-352485380;-1316891357;-1504715672;-748055643;930195553;-1642988955;-222524270;-847487922;2102635332;1576226217;69242118;599291032;641398511;1617931257;-13999872;784949419;814430822;-1144826036;-879848787;-1760601881;266234404;1751822124;-1758287615
1723718666;16797592;1236346568;-2079975350;1195159188;950254123;1328932603;-1768421393;-1300959411;-1631654531;-1043109291;-1949492097;151794820;1938001608;-244913628;1506010480;-805593536;-1696691762;-718650268;1183063494;-1876790672;-1641329926;-1670376183;-1203311395;468306023;98432965;2130153627;402386790;1337128838;-1511110309;235598856;-1557705553;-2026783430;675474813;-1485529675;154491942;-831631831;-1174957655;-1484512299;-1222336737
827718775;-2128741378;-80801068;1353363054;-587409083;-1083865095;757604013;802325390;-415950314;-46490663;-942366014;1526759586;1830884279;1086378318;-1613305187;-671149500;377403427;-1514652614;-299857852;436514754;-1033333976;1842631812;-1032299659;-637793519;1175940425;330770733;918767923;-418722815;-295651098;-654036832;-1180539007;1475103410;-2117325414;190794317;1457627501;1964571974;-1713555997;1281475960;-1570891953;1846185175;-455929080;-19365555;-155467950;-1401436757;-135472329;1698396728;-122287565;241358502;-345197075;1535137907;-1437626295;-561540097;-949486950;510579679;-85914940
2032670084;-1917386472;1514675513;-960092603;1723487979;1635179459;-629492899;1152267285;-276098963;417178153;1405875984;-1053967309;264938667;-76491255;-1988353379;1767366595;-1490981587;2053109417;-1241730240;-1185408588;1814141570;9521198;887537640;553207861;-1691061589;-807191507;1010399293;-1727047322;-743272007;-1111273599;189992931;562204498;514658485;1643409758;1953929728;1748406045;-1293437249;-714324058;-1042966277;1710665593;-18704263;1171252347;1228686983;-483116450;-959198811;160284948;1709955039;-637889030;-1890056948;1109135828;1730036306
413888161;-2101360744;1868776450;-1388507752;-1213606938;61985360;1841214696;-8820449;-471331185;415070416;-1318296550;50428173;1127116132;2026625512;212731216;-872518479;-592033941;1048439473;-1102318940;827809158;1611341125;-633895383;616154776;1767275247;-1634603816;-1189912062;-1923345827;-355943133;1908382510;-2090795850;-964905902;1366381413;1697749148;902486239;-1219521846;2089369977;426386214;995400132;1866579730;-325656494;-1809593566;692442422;1760117937;-1032833521;-1673126374;-99635555;898377969;385243432;-71328778;512266061;1083793054;-1857596700;-1624810918;-2034593763;-1361661427;-1157155570;1011546701;-1036621766;-1481445025;523785959;-2081172454;-2069498568
2066083166;578321786;-2089373591;-601133944;1633907326;-1805775374;-1507482254;-185003133;-2011787225;1520354682;-1724137957;-870960400;1827176960;-1956513441;-979208347;1115640491;223814316;1649109865;-1746512927;407781170;-1460856773;-45715648;-1770152129
258724834;840139275;-2004920539;268425262;107567342;-1809500071;2023705921;116978744;865009398;-1279023548;-1610492255;990139781;-2117754032;356230611;-1161126847;1698771715;-1418789435;-1152278624;1248813285;356643872;-376238968;-1450853958;1091620905;-1369942969;1793313635;-483290932;984132309;-243156311;1156098610;-228204674;368960630;207276608;-523864427;1592834074;-1790671319;-1771213296;992980192;156972147;-430413127;295495087;-1487641514;-1858617342;434055148;212309511;-1905767785;-1475846063;-930170599;-1745968549;63464022;-191455333;1671151358;1093636487;271677774;1544355252;-97818416;-1294171253;-1743550090;-1329853658
-1820083383;2031974771;-663514467;1860904106;-1853914995;1558179917;133854340;-685498192;590585422;823996517;750131439;642631561;1823342899;-716755546;-1556309061;-831531852;-1261159848;1728860922;-409266445;1035782883;-1499469231
-1530155147;1650503117;1384667246;-861380613;-227719212;-1633614526;290961984;1010550541;1418263936;-1282310785;1619980124;-344167772;1062196260;-117327677;-379407010;1383188531;712848207;645801506;-1165387728;1317778725;1001462357;1955000728;1925325452;-16015602;-153145737;-1010998944;-1838345537;-1413145821;1444808513;586757254;1309644718;554924268;-386638541;-1304635717;911071774;-813085641;-856162653;-929530520;-1943120337;750395983;1080864481;192512516;-1770338007;1271780974
-1798742;1058781050;462436719;-2028202877;-1896977947;1637338879;-744030009;-1016835793;397445838;-961500798;-1228721995;1261670719;1731438169;-794119293;-1153272392;512807620;1268509930;1617312571;-368565951;1952176863;1216853806;-917771299;1268563370;211578025;541769000;-1854981858;958295398;2018740818;-1380111734;-798130441;2021362040;1941775500;-1107876794;-625419863;85209896;-437068759;-574188701;1684666881;242666740;-993609214;490096916;-962299427;162959045;-139001573;-1319448571;-1186106130;-1642419870;-1085636860;-1156940040;-930321986;1591192873;557252225;-982802288;2123015925;1080829947;1269416045;1386005613;-1771714345;1414835832;-719053094;-462910088;1234045712;-799357844;-1596146051;-868773505;-1659800909;-1291495288;330822217;-175628797;2095125632;1541982036;569390425;710735441;-265421979;1207933284;-1414406382;-1366204721;131035975
494630280;-1089336937;-1635992575;584636874;2051424800;-1713391543;650143916;-775163180;-544142217;1555670812;-1540624607;-1697701970;1621172098;-1080355530;1622551483;829832176;1424751862;-2028437954;-862462623;33816757;400450282;1717459246;1520786882;1977258383;-732198983;-497258387;-1252714014;-382507845;-2036748243;-322558180;-1114206506;1349581461;-2119203879;1061240751;-862597429;-107997107;-1116224571;-1298008128;1489228364;744847835;598165328;-1397977825;-1791223357;-1246744784;1246454610;1707180077;-584817856;618141869;883236736;-396679319;-1288996743;-441239848;599252500;-879204277;202922257;-1910259379;1814583725;1635363152;1118520604;235682034;158539123;1311920470;-148476957;-1103763090;-45098114;-1052612567;-974372124;328830426;-678869640;674311261;-84031205;2000751801;1290226560;-1761955235;-2080163193;452230949
147841220;1949169639;-1219233973;-272578141;1441357291;-1930778940;-1004357095;-1164527663;1847804610;-934883916;-1231036363;1482504123;1293985507;-1235390244;521376304;1630794733;-1055696412;1112699574;-1921559557;-1188752896;-1573560852;-845365997;412291993;-659935936;1942419336;1843099235;1380970262;1186191246;-1589811521;-361576652;-1432558153;-1624390520;8101219;267449336;2136008818;871891686;-441481559;1208274698;-835125856;-1829771226;-1409043460;-1713715469;372796400;2015990379;-117538035;1212552424;139206815;-1977277278;1550127406;-177221737;1218561253;-1395056410;84512736;1327359522;1845900978;1646101797;-1454256470;-683653269;1643534489;412716547;565972523;-225265262;685272332;537936894;-1988792206;1460020667;1335062730;1225144018
-1785963500;-719509356;-1333982434;-1529848993;1796051990;1794037286;1965538887;555445175;-486593270;-1847867291;-867908453;1637587869;126317262;415513300;1064920505;-170393363;-946705704;995244108;-1931740367;913242922;251129211;1737848044;1427174759;-1274666869;2014547817;355357517;1127795388;-1448908710;-181198984;386369786;-710200082;-37869954;-884425560;480319007;928932031;-1423201194;-224802716;1491502207;1721693140;-1191927097;-1376503544;1437966763;279448800;-1554157160;-376958813;735717488
1111312380;-1071973379;-1433006703;-919215767;-1503356304;-1406640677;1729455029;289437761;42805703;987777665;1588071074;958194633;-1185224830;622606199;1837800875;1303195843;-359249051;378037136;-1431612057;2017250577;-79827386;28130087;107925667;1036341149;1335262759;141835436;-767297383;-1881318792;-784507001;-528998050;135623777;749796165;-2035052556;1495813721;-426090585;930426328;-350511643;-1279012397;1500461213;-440507111
-1028624222;1962621235;-1573110226;295347283;-84506623;1303744389;-1998929448;2105130536;2146617234;-1818154603;-1251223523;909065369;-1294268506;-2062743495;2063716903;-2001311809;1975762876;437407062;1498295916;678725075;1621614920;1277720910;-454690034;-252930114;-422765900;1438354358;-109086077;-1424373008;1744488107;-331941044;2018700920
1939475348;917748008;-1291670286;1598335283;-264638628;2074522416;51176374;891799474;1079665528;-1009743407;554413547;581011126;-99775190;-2021233429;-1406246915;718069109;-97595902;-1602792436;866201027;161241314;-370978649;1552942560;-1756983581;925610561;504372695;-1848401176;-42465931;343653113;-1196556885;-836393110;247081702;-1260342867;1403234591;1012766888;-257284322;458773644;810749905;416010580;1160312293;1887323368
-975560382;-1809113470;841650181;360214265;-454413217;869908901;1110405427;1763374917;-1556155167;1444684166;-211246817;-459000892;2111659199;443484237;1151321701;1396578440;-1658557852;-1050562380;-1259414680;-723485669;144911518;-1436150550;-293429914;22436619;11475420;119326650;-1473488698;643125161;-458479976;-148718612;-447502668;-835829235;102453009;2129239531;1271787503;1602917468;1755023422;-645291097;-651507487;605638476;-1319875586;2063988412;1650555631;4461288;-603966317;-1804919597;448614162;1228656528;-733914287;-1883176376;-693408346;1563003716;-430936430;759204621;-437885054;1531950881;1706210028;936824269;-1817658296;-877864662;-1431149658;452877652;-1940852227;1735953995;320349799;-1852226515;1534530011;31467675;1868269103;-1560504692;-987980187;-889688607;-831805045;-888619410;362632892;-1842464167
2050483710;1738038065;299371448;486122200;-1254218694;-496072934;-1222199188;-426687252;124604374;-1066658839;1490278183;384896512;-506946464;2122373498;936417950;1559670052;-254646876;-2117353557;-803199603;1524985450;-1629434543;645084465;154442495;-783073316;1986793180;143507369;1557556939;-1280536144;563326372;947583213;1980873313;706315706;2017845590;1363053993;2132646342;-767417823;793175186;1182011693;32363740;1041660757;-301200946;-2121549181;-1822467865;1218120000;-1573340550;678256324;-252426676;1544068027;63554661;1537227943;1025283738;-443375037;920492382;-454333094;1515495118;-1726104853;97412382;1246498452
-1386496876;708648293;-245663253;-283941049;778154076;-1006964638;-166650526;-1515894141;-316707244;1404089687;1651558726;729740765;1684525429;452608893;2087683897;20536871;1404286675;-1901735132;560352910;2109362811;1807301650;-534393570;1946888664;-1250134982;-1936461543;2068163677;543072701;135277394;131199238;-2095524389;-511409905;-134145346;-1786440095;-685471047;-715373028;167762258;565624467;1446271147;572446021;-270011720;-359673704;-245715822;-125026099;-1489603403;778959603
-1701987853;1627753649;-1355129630;128496998;-1612906687;-1209665163;-723185965;-230672552;-1450976218;-1640540875;791428630;-1400263082;1461423554;-1976796207;1712115667;-1652457062;-153280255;867799383;1806024509;-1336633686;-1055842837;8219852;-1992905977;-1899445320;-1182919623;1116760876;-294304234;1775207498;-1554326230;1161752238;-167993479;75289629;-146626921;-699003317;-967543403;-1529457594;-67757243;1611479425;876480676;244129435;328612986;-1761618860;1675042912;-269030576;-457522990;1431703445;570112250;1203858660;982453330;409764198;156633937;2082801213;-1774316099;490619388;1847190624;-1056293102;1470549286;-1311928154;-1551925257;1139251848;-791160890;-1425849074;1314675373;-2007780321;1349170447;926781631;729263892;-1180580145;1338220800;1917506791;1981125166;580715118;750569403
649257760;-824618156;-1348952492;1410509284;-1167850971;-950632384;-1350535957;-455894351;1945338565;-1063468419;1586599420;-1590543062;-537047739;692599872;-1546877196;1201947632;1477829473;-1217728172;-1033945592;-325018337;-975913928;528688632;-872652478;-1964948012;-1466700921;-214022137
-1141878289;2133231641;-1893808551;-247820591;-1055445991;82478462;-291669399;458186160;-1061989880;-156109574;-1933211593;190750898;1113854209;1263198656;-1647060880;1398692623;699991710;1680620640;-883846965;-633840500;1531013585;-666793604;-1313657163;296218968;-950509528;875972546;318515247;-1834861800;957014866;-1405271787;-1887357193;-725448896;842529505;39795469;-1428049435;1928672932;-1999352240;1159707298;-2114807656;-1070527922;-532262072;-335687901;1423717713;733473169;2103483422;-717088660;-2125104866;1247114590;399772320;-773161897;-1175030214;178453718;-112465135;-2070462606;-749888333;985507615;-50185359;375682290;-335962803;-1084955014;1790616321;-1814693400;-1396435290;-1413183339;-1980310011;61566898;-287870822;1649342493;2116002251;-1932203597
1740735383;512310508;1326989894;317922325;538295664;770406353;646073071;847378832;121653586;2019064184;465456083;1200261654;-1953584456;-583617416;639731305;-425907881;-1426396988;1350443074;1994370930;1925336026;603265871;465126057;1387828262;851873309;160445762;-1873883741;-2017567057;1259737599;201367587;1772148048;-2099827238;1176882786;-835683086;182116924;-1819020277;607106316;1226219062;-770153504;-400436878;-1208954162;-222654638;-316586130;-2051383940;-1620652569;580992284;2073212622;-11889781;1333552809;-721218641;-1557773341;-481339672;912973405;1659217280;1563034642;-161365512;-728733597;1145057199;-1000316925;-253971283;618269085;1274253215;547789737;-290957761;-1226733042;-1462534712;-1238541696;1473216028;1271291069;210248139;-654400491;978204701;-1781358113;-1242803258;390147275;-926427143;1215014708
-1654593829;-1715056642;-203453776;-910403255;-1287577700;-284442883;496493406;-576363277;1226616068;-2019923579;-1420585855;1043885636;-1308823698;-2002349484;2106076924;-182731912;-1728533604;-722934262;204309747;1906303360;-235405056;-1644204512;-130264143;-1635716585;-1630863305;871776023;-447535157;994309910;37004757;-1561307660;277012358;-1163899129;207895911;-780379925;494301045;-699810055;-76320587;-1029165223;-2143302298;-127316590;656377671;-928930569;-363977345;157301610;-1923573206;-1226732468;-1028670045;777104534;1302970355;281154659;654584601;2007291778;-265718524;1379419582;1370078831;1601883395;-640564211;2138299018;-990164580;-1808781909;269742805;1420289555;-517888924;-1011589025
-1670250631;-733048064;-1492836825;858929270;947708836;1248654077;850814789;1104240803;1347863156;732713572;-1352911480;-1883487616;1698868029;-955493094;1143767009;1961465717;-363869070;1231981705;-1266326730;-1004955180;-1653048673;-1862556288;1332511862;-123682975;-1808387428;-1575808937;1138360301;-423290860;-1961424129;-53835945;921860568;2110543132;263473362;846534488;1870210108;-264979417;103877509;-1476424022;-1795437070;-311194912;-2107423706;-697665992;-1631039738;-1791521095;272133070;1686632682;1876682306;-2032732950;705342814;-1767482037;-420324347;1148950200;-2051901845;540407148;367263320;-250526214;225158006;-620517113;1860094530;-567419432;929348448;630160870;569923163;342039510;557968924;815317637;-1755622754;-387545840;1933888166;-1183858954;-215174781;1065081799;-463151053;490147844;1030868557;2069031195;78954153
318907552;-1789812966;691145296;1278735719;1914989910;-833628424;1524012746;62226106;522204306;5910432;-1649689280;985228466;1879719188;1868943467;-754949666;747889050;-861715250;-264825810;-1493869440;1806433936;1820720824
479934637;-779123096;-2074454560;-148460258;1343717571;374653648;529616324;-1061060624;1257703540;1635280820;-393341981;-187932468;1597368944;874795235;-2108287343;1758857693;1893543267;208795122;1311454475;-601761765;530662434;-855263136;1376804042;619200531;-1863590624;1787719675;-731240421;1252215534;309245222;1669781889;1509052911;3628971;1157914947;-1135817847;1330516719;386456750;-2105588736;1820087715;1678031827;-434944641;-1101651496
-1433067276;-1239480118;-333379354;-805105718;-163730657;-897637715;-1496285216;1396700062;-1007410773;-728752333;1135882307;-1946075878;-1371045427;-1949941478;-66748465;-1588901232;-55085270;-860827428;1778240822;-1299643041;598886829;1395972076;851919887;-1905043231;-333228902;-1348350912;-2012054512;683586438;-1249289501;258404367;-771074180;-1145244096;-1389540166;1901619675;-1610427174;-1121683934;-1920511385;-1092659022;987154407;2098394179;996749402;1734371504;1521724877;1718464488;1885493379;-1512526905;-2108551021;-970066207;876821729;-1301759294;-24367657;-1103374285;-1477789863;914514566;439080123;2121194743;450992840;1525506459;-2048676067
1895154011;1729886698;-2097714678;-1855080253;-297325539;-510633272;-10915469;-776770573;-598800431;1839212338;1799107361;1212110956;2056366849;-1007444902;-1115677466;521662929;-14032554;1559370850;1833355796;900947576;1332549674;-14278298;1585910835;1626622980;-1530052517;-339813184;352647917;1175251539;-1357481630;-386529658;1607178061;970731675;1886640547;-1048272553;-160002520;1358418127;445114374;-776358313;-998525477;1926724934;-2087019835;41045367;1685906230;-490969954;1487400839;-1067309575;1370821047;-2059794466;1245147310;1997599539;-955032838;-806105382;-141149203;1122509202;97087856;208994011;59923996;-1729533983;-1489333681;-1925253250;1349490767;-1117345589;-1147985207;-276571684;-71638492;26732702;1176530047;851574251
-629908655;1577266488;-1546200541;785624748;905957064;-61936179;-1989787292;-650940459;-1081215659;-1420602265;-2049107178;1018081010;-1953409918;-1393826323;2116352402;1333489424;1889786893;1250290359;-443534656;678649347;-237803213;1347644039;-572760320;-1873497225;1578940977;-518163528;262365773;1565093189;-1096575481;-124313161;1248945055;548764935;1893674110;-365553998;1312315025;-700335378;937292396;-1179886448;-264242364;-601706030;137657910;1265295648;-1774487422;351770762;2036279447;-1907162732;-1592003546;-863040387;1167488414;120641840
-945528455;-2104325635;-1442887875;-1604034720;-729703742;-1296420737;-141434812;-1170052874;-1667276434;-1426181158;-1487913352;-1712617099;1327336431;-966127449;795960691;1122331289;-964424975;2038383533;-1445122779;-206208314;-488288410;218151013;2076502024;-148729558;561544670;-567796806;-647776104;-389072866;-984415461;-1047062769;-2123740670;-1476830767;-1085383196;452114310;-1818173413;-1581245657;-1767886311;1966572927;528872083;906801374;-579340025;1001984095;1365165930;-849847566;-833166595
294830242;1951150659;-317997537;-635072046;-2105454283;316517492;1787164281;631054248;1200475465;1364523541;1649410903;244162099;-1810134623;349741827;884135379;812182823;233307735;-252967666;1988697262;-622320872;-354950968;-1576757027;2028106083;1400223480;-366516018;1765024014;-469515655;290602462;-616745676;539240353;2085850904;404799752;73565030;-377393770;-376059937;-1277956061;-1868911000;851194067;1522821364;952480713;285157641;720137291;-1878056612;257352778;1654941527;502756957;844995467;1141713070;-245404843;755409273;1096104766;1610695162;1359669483;1815397129;-1348705143;1104168626;-1385810659;1800586381;1042456619;-1587113313;999781503;-352214264;467022121;1898147538;-84034328;-362643302;1688530841;1228977640;-191422875;713272430;170884286;-681969522;1141491569;-1245985579;124986453;262334023;2057222242
-1608515794;-1072365972;-26232283;-1444436711;1234578173;-1814508172;2112982061;-150771661;1071524721;2125412981;891190696;-1337144732;-1851930490;-1587304213;-720050701;1525408943;206306839;-1181224265;1413492816;-457739432;721146038;348618345;-1420136746;-1730699318;1463753663;1215231425;-1509971800;1991312571;438283434
57366377;-1606856563;-1942077535;905160490;1888208879;2064198135;2097951058;-1685601586;-1625402826;244660964;-1827800571;-954655734;1363319958;1278379419;-1889417744;-1304830200;2099404344;-785881057;-156844342;-2133768322;1143887046;-1974144552;-1911104867;2019240174;-465018527;-2112983182;1450066912;107034409;-1036123944;1178030340;1146662596;52548372;1668649749;1546112629;-926011442;1380999086;-2082200102;1684205083;5138341;1746363217;1149810349;121819556;-545122259;1011153207;-1056628719;-803050183;196638419;-854698177;-1346624010;1816726752;-281620438;1985965041;979326321;-1472312287;-1985589065;1316477119;609135535
357893896;753323149;-203999193;697889465;-943951093;-2113174925;-92459505;-1396268304;940652188;995649729;1246828816;-1106488436;-1497056417;1743991875;1511467324;-111499526;-434445873;2049729477;-83703233;1076567110;-1149039209;-252905511;1882716628;976098937;-1937431776;14770903;-983101061;919041596;772295274;-602606300;-1242630296;126396864;-222131425;1478576567;-1942164802;-2057218335;721262053;-1823901991;-924819716;1915618185;1305366259;-2146367701;1027381943;-790732718;-274600473;-648347923;-1373041271;98769263;-2065905963;1595765116;1382846793;-1574088244;376705187;-1854248164;1460603516;-1828180878;1932344467;-1512623368;1933581322;582420528;-809323744;-1550374554;-431431116;927551863;198642190;1957676654;-1763055419;683609733;513607612;94338188
1537706438;1168902076;413762485;210524152;739622518;131962021;1037357207;-2061452483;610036618;-1635103961;72137765;-114188457;-1514278704;-565618081;1185292114;1286077588;492460629;-692636309;-1032591589;783662151;1332231686;2080197185;-1732090677;-1893466693;-999600231;1042141628;12639866;-1173604764;-1310339411;1185156343;1146430422;-1761173161;-265276625;-1903524898;-137549019;713798139;1945418752;1361975553;1855912586;-1175618048;-108870700;-683800917;1734828422;1596543632;-452460451;-888792781;1029457601;1897982149;-84144217;1869724305;359632394;-1714557606;1374484421;838574899;900455068;1845088164;1889631405;1051149329;1042592163;-1271985214;-881823648;1767783935;1483194622;-1841798125;-368307;-354583999;-1393209787;-1797931544;694504183;-301811612;-769519092
923806933;-1509644981;1160053609;1849507102;1051634552;-601043065;-382216269;-1323738186;-1625612301;1699482860;-1713816948;-449618326;1697626486;1637295456;-257162718;-939535976;-1780640452;1176688374;-715201615;-152775416;-1027411801;-2095872198;1790733387;-2059985052;-17835608
-1749335589;1514095846;-358940316;-763526091;845344871;935343443;75404564;997648110;-1529231468;596845863;-928038612;-822520892;1999932527;-2021894639;-851590465;-1347419804;854131562;-1533054303;387296033;783879216;-1823435101;-617516737;1133656525;-772205486;1773706348;-563006881;-143888247;1052911890;1196556807;-942715406;-936131129;1051563372;740974257;1572914207;-1397417650;-630365731;-1267420447;37717298;-255209703;-1118593155;-1794615343;95880404;-599575425;966447186;-2124356803;1816808572;1095013267;1784414434;-1462631574;541344037;782276813;-103520503;-229730455;-1671819199;620031721;-94004723;-1638758500;108197869;-1551289073;1406711791;1634935417;-1356341659;1252307763;1713245187;-938344051;-698323783;1851814078;1682442946;1894431428;1234870464;-315518611;1461303007;-1728847385;-138081715;-1161683847;-881998953;-2087707035;1885546400;-2140368392
1989433685;-1556703969;1259401859;-1386210987;-2039199813;1109328966;-1337975529;-577693169;204920073;999173594;2099554112;1223695416;-655871511;-1341377692;-1637969037;882745468;-1722315975;203170781;-478574149;-249295794;759868759;144152485
-1616762628;1194465181;-376203334;1266922531;842399741;-1861467089;-2041560027;1397825910;88647821;-389077005;1188556215;-1140339638;1347476091;1721446112;487167733;519377120;-1616160191;-1452590980;-1978265520;-1331997659;461738581;2709663;1849041817;54311952;-1295520322;357064828;-774667597;-1716614577;1236453353;-1233226783;616918409;-432734943
-1724043587;-455261374;1925307013;609790955;-884465949;-133270861;1760430484;878118539;227710477;-1153401323;313056811;1569928676;580524066;1016137207;-1356989748;-2147142518;553839035;-373878923;-1275269947;1286908590;-477068573;949483946;1213982354;-672652623;-2132022754;1009899106;371276927;-1472564487;1548106668;1778784788
1706848520;1812324622;-143993074;-2122673498;269894090;428948681;-1982334990;-1566476837;-839066835;-181285271;-1935069856;-339966931;1619364599;-13167928;1629782772;-1383075998;-2094360877;-1674533744;102813555;1936606761;-755938900;1368088829;1923511360;479998080;-1655504323;173380839;362291220;1812532821;1737496296;229275135;320375021;-1767875472;1647092423;-1316656040;2050838855;1045562255;-272330751;-1581125591;-907113335;-1993476654;459633502;-1005256752;1708496578;1926348377;1450315036;320434714;-1154141292;-919804117;838632194;2086185153;-1531959184;1451972953;1891739574;-473077963;1789052419;-937223326;-960437429;-218705505;-1895361297;-866840103;-1223585506;-1771186142;1596103102;1957078597;693102305;-749759901;901243923;125073479
-2114760885;224746785;1790737666;-1607684093;361454859;-813823647;509620406;1426637755;-994325152;-146787969;791002798;-305459455;-2044544488;655959700;-1630977188;-260550348;-1987981868;484742554;-824341311;-542658366;1257313550;-1375134180;-1907491566;-744516863;2105498461;-1271193555;1648980888;-37249729;-970680073;-490080870;-1921490985;756101911;1261384823;-1712649630;-1579261198;574162438;798825697;-323385242;619324237;-170292675;694026210;383289948;-264489356;1500472504;-41148325;-1424946679;-1629993669;-991025522;310219040;1680080303;-66990555;-309007989;-1117267972;-140748605;825764361;1167565307;74202360;-822877213;1641789170;-399820344
-1994842106;-1488958137;-1211119417;-1121829386;2090051828;-2054200533;-1500152242;-2015528423;-1268266247;723419686;114167817;-990435096;-1766768683;788853508;1466286605;855222100;1190676214;1258669053;-1891869651;997290338;381914344;1452379413;1468506252;-304965839;-669215220;-688548155;-1546774669;-942539205;2128846983;-234600741;1872905317;-163908901;975909245;-1092814946;1010014319;1120783886;-1918713473;-2110284491;-481577533;423408509;664484929;-1426399928;-6039417;724020154;1638352784;-1758888729
21601994;-477854334;-1566685013;158759545;-1155796253;-1860549138;2128337690;-2109047633;-431041674;1210931998;-1213733553;1535647954;-2133826450;1882195395;-645931558;-1484891908;855467450;-1450169304;1466907108;-278719369;-1338373367;559239338;-609381225;-1505895090;182062036;84081511;-1813157700;-1134150880;19607457;281774902;-1649786715;-637210825;-1125787004;845849046;1917812812;-698065448;-797221399;750624617;-184603204;-1580353316;384962961;782491938;240278447;-42614913;1736145114;-2112374979;-69002632;299181943;1039202370
738857763;-1795816632;-1054351571;-441727201;-1741147942;-1325352490;668322278;2035604372;-1544094583;-51879109;-523591709;-127080338;169905861;1992269530;332771916;1107864602;-276153367;-1237567820;-771768642;617317377;-932487550;1065427962;1713101387;-9366208;-25435156;-1884567326;-1236432699;712789150;-1218674884;-686132291;474121276;1472326074;1737795168;1445953353;-658310972;1832126852;345030021;-1984584637;-1474086789;1287087086;-104000328;692015168;-1672598583;-2111688478;1224776655;-450619971;1590690281;772794486;-1394315126;-1604548236;1035789736;1731482205;811838196;-173137679;-775439763;395024544;-221180913;1688069731;-828824200;1718374798;1266053807;-759556681;1488414574;-1755597583;1974221478;-1103628574;-2108437996;-422350718;-1058739679;-1058764418;-900028837
1610338641;-616835688;1668236956;1406413368;115048525;-2006714937;-481482461;1831784209;1736128310;1107701377;-895719695;-754655962;-1920944997;-539908439;568279741;1440333930;-188348897;-149383829;2113610812;-1213381195;-925286567;-189662900;-297827422;-768181765;-326747397;1532439676;854690151;-2104440640;-2032612811;743828078;-1098160562;-1242034741;-788007333;-1394304342;1229629346;-1010332135;-1801373500;821032161;-2036790334;1002114068;760532213;1645630017
1672506117;1412595967;1073102859;730597381;1897633222;2100865061;1262167905;-456352169;-1354392389;168629185;2016157284;-477675874;126566145;265434727;-2060568962;-868994812;56513256;1485362506;-1762862085;1645072156;1410384287;-1265570850;-873456930;-1420670427;430377517;-1797085761;764534002;1910837646;-1554284632;1556255440;-1447004898;-1379820099;-916801888;1614969255;-653390851;629777163;-1965763109;1041394728;1416741294;2106913043;-2063155641;893125231;1863882984;394887724;-1969668564;1822154739;-940474544;1608941363;-35404896;1753999079;1702954766;1280654221;662913600;1433583075;-767646307;-113283733;479019036;1913883587;-242840606;660219472;-1615708685;-54325809;1380477824;919162831;-299766113;827681820;2118958442;-1921535847
1693085745;-529572423;-981746249;1008141826;1190396396;583504062;-1088308205;-1513101919;237833894;1956824411;-1263012292;1145586577;-1963639147;-1330075506;-1396569495;-1042310441;283647090;1666473550;1577358526;1846461838;499946331
-2010465842;-536441059;-295442694;935091662;1876645216;-395790932;-1871869467;1468111671;506188150;1913327315;-693668281;-2027435798;96135562;-730086508;636021952;-914144815;329113114;452515723;-873480822;-699720954;200203367;-17010845;1062633436;1407357283;2037620344;-1583183220;-1096000622;248724569;-910194843;843326506;-1727182579;1245125120;1269088209;-1511067824;1998842711;-793851792;1358698167;-635428243;510421131;1517387854;1459858026;412878342;-467540877;533308585;-1106207274
-1078558350;287964166;-1303355893;6416913;810552228;-1942690119;-1474675716;-226207810;-473845181;1892689526;1863999107;-895515514;-769821876;-134935769;-592752473;-2066490983;-981590686;2023102719;1732489249;1090195122;-1537930255;-1963951154
1024573323;1268056469;2033245078;339141693;1084253331;-138033987;985163359;808536034;502178525;-1365089653;-20438201;757216685;2064066394;2023635966;-1994005796;-1799101629;1916895562;-1865727661;-391159635;1640609104;-613765137;-1268908121;-1039832546;856833998;989616004;-5085983;12721788;-406681977;-1487023764;125722062;222993489;-1934212648;472484782;940421772;92123128;-1205261386;337931169;-1137392340;545675123;-1942382346;859580387;-396487021
1277485768;-709046897;770749856;932781528;790783108;-2143492946;512490643;1239731443;1590301097;532867053;-680050516;1104923816;-1841305567;1922958224;40523794;649948257;-1154628919;-1416147033;1270749686;-566713760;-1037479887;-1178601090;-43893512;-921070501;1706832287;-1703669671;1005074377;-705784499;1042318938;-1334777504;-171374575;614378634;-2145097948;1968787160;-687471726;1123613204;-271903225;-1712263533;-761063540;-1293579219;527099476;536591273;41622115;1951758893;1987256552;1850029928;-1831529601;1889097877;-336238415;1327420808;606838131;-274572701;146957168;585363363;-519715232;1394848679;-878597440;-167445533;2043875995;-1529933482;-601274026
867337613;-1656735139;104417417;702501213;1126618330;-2049364487;-177991148;-1307344991;926427589;705778501;1289005595;761753163;1453724883;969903636;-2117073557;1043611827;1976735661;1603292416;-855703546;-1307778246;322529610;-1886001982;1568847837;799328452;-271263667;-93139772;11358175;-547320985;50589611;-1440575244;911564594;-1820105633;-1667513968;1323273435;1012568255;1554493253;-301466493;-1657748499;-799656204;-681579392;-1694683449;-359896286;349886404;1807808251;-1920902140;1453389765;1280439538;-1234345704;775276839;-1105213557;-1766353777;533015779;-1961418106;1040299494;-177779263;1885098891;-2104008634;351220379
-586297331;-112784128;-386224750;114723126;1747460401;-1686515038;-1418368020;-1494233714;-1685358918;-55807597;-1600906662;259991277;140574168;-1171225062;639217836;-1882329575;-678035231;-268124160;949254824;347968198;834457152;67530867;52582941;-182077930;-1197434195;-418147796;-412182985;1520101730;-2013736290;729984980;-471020525;-585362118;-1199862020;382225571;1652151445;-1014969174;-1470750438;1735897930
660803775;17689058;1397182227;2137973672;232998985;-1271205808;278852421;-1141599028;2001563617;-911152348;-2034715444;23244326;-762132947;-1581076013;-725403111;1240050334;117143650;949438654;-1107385017;79274523;178787082;1934032037;-1933869954;-1249569772;1739766534;-1343602338;716518556;-1295169689;272397014;-836024383;1756906001;619991913;-474812392;-108626202;1142805514;-2093078979;-2124430002;1752528018;1420139985;1688935529;-1374034972;2005059821;47731315;1445723558;687782512;1811753337;748926626;1599632119;1302885179;1525319487;227241181;533613052;363534079;1027341386;-1747460147;-1158604409;-1216702478;-447343527;-1897992462;-1289282705;1383598339;185101519;639123838;170479524
-448077842;1466524544;1992965251;1247579206;734375748;-1691086523;-755507092;417780970;-259169948;-529312517;1945282704;-1160913193;-1814935847;685398678;1677492495;241943145;1523505751;-1095623178;1029722689;1048839563;-1606455244;-1235134647;333676371;666859716;-1973360362;375146926;-1598539242;-442867593;136010732;1005606938;253804563;1127575142;400091937;-1405516673;-228535070;75386743;98056463;-1529987798;1234963899;1210896827;416100273;1099963500;152355405;1599989419;-1315303523;-1563001220;-2094483762;-1536817740;286652976;51515803;-1415195821;470332148;343239434;1532413049;-1897759648;182136390;1228690620;-181684521;1219125443;1886686844;-1276586816;-606662547;919195805;1533922538;-1275022679
1292825024;-665287381;874192538;-745638649;641295680;1929080095;539190012;38644943;1405497924;-1198536398;917011819;612785885;1057950236;1135304932;785961712;190039252;-1240385128;-1154041980;-888638603;2108583142;-1633559657;-41448130;1788059765;550849654;-1189469986;-608965544;-1663661326;1432541438;1625276714;1068648120;-452035412;-48215246;-1294276217;236939177;-1954029425;1244098661;-517194782;1120615902;-155197844;-2046448084;92976093;-1447444042;2119663084;630791232;-774208286;-1386906687;354518208;-1769285464;-1106557574;1113943938;376669213;2077751831;73202655;1261465206;947243367;-1442003822;-149889073;1767118677;1488266796;669779029;629400994;829818263;-185285805;-277433609;-536975713;-514198215
-1276753204;40204938;-263201088;1049311531;-1116836726;1806685825;798576509;739308231;297843502;600392967;1419084307;-912956472;-627568096;950864737;360184630;-1077146710;-398558827;-1355755488;-481972555;507478203;-1890353868;964613887;1829826745;2034909716;491702523;-2049464850
-1082772282;9777252;18900846;362016803;-2059780014;901022659;-1958437345;826928781;965787231;-440608783;1556544919;423966161;1448653222;-1745607634;-700023692;1959142306;-2011236304;1166760515;293204916;-82886936;-921965373;-1094034201;1349902147;1603088066;92613529;-2003142557;691344341;634953166;-1915064749;-307412616;-241795595;349998503;38777645;-638058880;948911710;-871375185;-1387912335;135921362;1433515913;2002325517;896036144;-2134473621;1797218439;572488697;-19495888;-1028578359;-469470960
1905786400;-1744454118;-233194789;-1027874080;475758098;-2090632810;622478383;-1686842521;1878844201;1273257000;-1512081479;943556571;-1313657199;-332305325;565181856;1202732649;174216367;-1908573101;1215992278;444140325;144469401;977208194;-424186959;-3282423;-207554360;103000573;-599782727
