-48685392,1841974547,470654701,418663534,-1332460443,-1715166238,-260167357,93793849,158298980,-1881048128,147352122,-807587105,-2103016381,1741391283,-2109374635,-432758174,655440962,-1112809470,-1531355737,-171753405,578642660,639123008,-1839369335,-1775968988,-1814291263,-26407544,1636249990,-1387340114,2137628570,-1913710327,-1820741990,-666246732,-560753746,1472492228,691067804,-589243752,-221006261,143434900,820509175,1081563117,-1510370905,6057326,621037984,2133773150,1857510896,190942954,-1574428093,245169357,-1057792096,481783554,365030335,-959181890,-140486890,-2009230824,61712853,-1918983434,653579618,1171075389,1203179291,685326943,-1157461408,-1170509648,1647659830,133940014,-584327161,-1653998940,-52885433,544504391,-1811450110,545260101,-1453831259,-962028321,-2111416192,8516349,-1641337395
975892808,-937537550,1363647894,-121969000,-823383537,-68515885,620339880,361009922,-1505677043,515031252,2061030190,-724824438,-1983395635,-2077499146,-206376758,1091124314,1941975108,1736922763,609149129,-1087173877,-197724123,358376697,-982879337,-168847102,627464563,-1789724227,1149808501,-1032340714,-1296178857,-868725325,1917686376,1255786870,1033406003,-1159342445,-444629132,832689866,-1969849866,1038568638,110480138,-1498696297,202460593,2102708539,-901834050,-565874713,376846954,1344421883,281119804,-1861282520,-340024528
-943597700,-428932524,-1058790289,397080076,454942773,1329596498,1825752197,515886021,-1151702386,-1060039525,-405202539,-817364263,-68491493,-1213972447,-1868466022,-706825066,-191526393,-673879957,178553278,1303815180,111485324,-1259423996,-847602197,428846612,-71475285,-1233929450,1213153698,-45828715,809339673,-2016282287,180685068,848662530,-647443592,-2081417712,1106706766,1006941734,-414546746,-192741954,640987937,-1478968029,1723889178,1306701686,-1445215584,936238007,-1199861876,797871593,-594855836,-402391103,-1184648331,1781226116,1696188365,-847628285,-690366760,-1950138670,561620642,-231705047,1897346335,213026846,726256092,-1357583094,1184860937,-1590560420,192781246,-1972203731,-2002285342,119134024
418017677,-1196422155,-477687089,2043917357,-1889921376,1319731007,-1967245906,-1687260701,-1448286827,469427044,1681782105,-2082911879,-709406243,1442981350,-1347579875,1988437645,-2044823827,-1991012460,-881764216,-1837662017,-2009650111,-2124357056,1970410248,276730497
1971854772,1749682641,-1116624592,1755870125,-938139675,-321586428,94233192,-2082424693,79729769,-1739700979,-1481577837,2029790469,-169220314,1006302540,1081643203,-1828687428,-244240821,-1424777993,-1629011007,-2108503885,1928413060,947654717,-835007386,403477265,-1201052567,-703237201,874764584,-1465327836,325673526,1700346843,128069367,1460904617,-1563834175,-1028521159,-600665271,-1175167670,187022504,1022450251,1898496883,-761143449,-706039607
1742802235,801454360,1663419126,-782770089,-904242006,-1584523918,-931287063,-1662087349,1300419365,-356841975,-1153199499,-139524627,1066286014,-321092938,1534321150,-442342450,-833687353,-2023644774,-1255906261,1701283488,-1652619608,-1670788254,1551042009,79733276,-76492814,-867766324,550817618,1619522086,-1518661965,-1655701912,1726179262
2145806091,425437091,-423961639,-430076712,1738991359,-650663423,-270492698,-1091716386,-578439283,-252629079,-1245190941,1983430709,-1744024833,-368639962,-929625859,1256415342,2093194372,-1427731861,-1340847291,1514335,1601131771,-777975016,-1982315868,1322092290,-2011829998,584471291,-1420888052,-782441572,337904783,-2119765544,720385008,83316257,218814189,-1168651924,497725173,-1140837162,-1667361494,-882029393,2097486313,-1271795144,1181730015,1487204186,2066952436,516403740,-88791920,1687652776,1670139404,1434322199,1143031109,691516511,-1699467602,-411122145,-1546180263,151740689,1771954378,-1284295055,1583250577,-1154469217
574714805,-677168784,1731090942,-1020197881,1722330208,62509000,-879363267,-1316721292,725726810,463904916,1872715462,-527743589,2023746528,2046878469,1959162595,-917855023,581464746,1614169818,-706846332,2037160404,1693733200,464906228,-1247658433,-421406324,-730597656,396257065,194252951,1556231667,-1496246028,1962163288,1129037440,-532082608,-529134725,-1239247428,-999580894
-17827979,1675253893,1619566045,1431239803,-1865182357,-1501030748,481330573,-2016268636,614613599,164826598,102263822,-217210207,2007481576,-1138457532,-786264574,-914732803,-1566136159,-329771656,-7189807,-314062072,-1632845372,-1867856429,-1833852687,-22574138,919436049,487059021,-1063540122,-1173208023,-838060044
1695800716,349089411,699237606,-1574368245,-1635117548,2138240309,834204178,1931794627,593996363,193058988,-1175751620,-1577822870,-893251422,769638542,1861513182,1194722102,-1168909974,988490799,-455748973,71365306,-496697122,-171493815,232906425,-1520840512,1666702694,169746412,-1940419248,1466657882,673197594,-1584589133,-179787224,175704635,826150276,-1958106568,948112955,-963503806,-2060530518,1621402825,-1729586089,-1787552681,-1981679030,1796553563,2033705984,-662643334,1054939751,-1145911106,1694600851,1853636121,-1111698940,1068664850,983890606,2145794209,-432370897,-1126038919,-470767153,-1996822698,-907422400,-1955716083,900293691,-1096047513,1735984482,-757978092,352663328,92378940,1972689746,-1245123470
-1081392365,1201090151,-1748104098,1844379713,-293868854,1745151697,-714849704,1091557426,-767762947,236701477,1915795802,174604304,-409074861,-2001417704,1682642253,-1592020871,668218389,-1849157494,-165360962,-1610800369,-1387709184,-148120634,-547242543,-1182140329,-2044028837,1593274376,203906165,-434972700,-295619254,747158334,-519657511,-506466636,1785585764,-1228821485,586735902,1150300121,541794691,1693459752
1971944283,1009689308,-1238181724,518374538,-976629924,1779529038,1129437166,-1937702775,1630005117,1132971518,220847033,1267785281,2056515200,-1461331677,-1103787968,-11598112,-208722386,238640670,1286615506,1353298942,-1180980869,-579112755,-931011183,-1202486508,-1914458905,-791618528,1021098614,221809711,-446045914,116617707,-714101097,10596320,-250946557,439913469,-627862356,1214926966,-1364087936,-1923741070,1260049871,1564207726,-1767901374,-515349691,-1783297150,1510359082,449598507,-489580759,862172662,-1709044511,-1184911800,-1926094952,680366730,1207399127,-259724050,-264623573,-15575407,-1243572019,1867265311,451065132,-375860648,1502882489,-1886032335,914579817,-76693402,-823479878,2114710705,-357364406
-863176891,-1586010236,1278119206,783901185,1397286820,1615108943,318903505,1120527023,716023713,-2073411560,-2098780551,-1404402640,2053558654,1224029485,1301420722,1902206455,-1160114905,-875493564,247961038,354930311,-2146863190,-804244253
259682433,-1427075610,-1287006975,-33535643,-429597731,783847042,1507361773,-1626952021,-1364084873,-612595935,-333399441,-1394926638,1789648589,119832787,952300332,-1608550517,-1683644409,-1453162546,-1090502066,659884667,-1599646154
-2210972,18063699,-352918560,-1393546473,369197446,382221341,742248892,-1281482156,2047065532,887021273,-231991879,687487709,-1518487649,1868584776,1959904837,1120531938,1079139393,-381285370,-3523125,-806223312,339967817,240330974,1727492732,499430050,-122256798,-1402749863,2117371473,-1742936104,-1240363306,-552101224,-330116271,1053909287,-612350603,-1463281309,-853215217,-1822971697,628689083,-350946943,277850230,-1691545741,1028277553,1497764169
571435717,-863413229,-326857607,-156923676,-1586066560,-2135747534,1590154565,-1912164921,1683660443,904377628,-1702921549,903481172,1717759419,27996281,-742086619,-689709993,2136716008,-768344649,-378338761,-231545145,243856259,1113164777,-1842217781,-471862709,676828791,-1210225172,-394985887,139091711,1397565871,-539450165,-502668117,1062440055,-366343481,-976704412,-1187856800,-256413437,-130488571,-1689375157,-272576944,-775888588,-989739382,2070511341,1567894456,-1820570721
304040184,994350039,-1452020512,462317606,-885912838,-1167245120,539803617,-504769765,-1773974712,-379659918,541830748,1544173623,645506592,1062719269,599704990,-605565009,-168355310,-2104181786,-172067956,1992932363,71120539,303011429,-2127097877,1010340889,-397209326,870174477,-479513125,-12904412,777724871,-2119521707,-1499221596,-1953724826,1116044136,382495829,-355858764,-947961158,858576550,-1001903716,1410781672,-1892301419,263429145,1610699072,449678346,-502856137,1939851873,-1299233739,-1902940006,-1769810916,600000141,-1811640862,-729314095,937284537,1747987647,1217958385,-451003678,-405532060,-946927857,199082854,-1507684990,1301046675,-513339729,825997555,40136618,1542850888,-1421419696,604353161,-1413317477,1673343436,985539780,-2047122382,-1582640094,-1114995558,1644133093,1770723869
-603149154,-1324673100,990480890,1643558973,-1316323937,1202859972,-91953784,1592093964,-1381016840,1339319513,1679688299,-1633481934,-987048562,-651215157,405515074,-1556066829,-1059605251,858902192,-1676055047,1758691323,-1129455596,868540473,-1707836581,352494941,990238851,773479772,1588489194,-109592103,1709948370,-1466120141,-1941504526,-1822638243,564857749,1061285667,277553371,2010167502,10192606,236076864,-1079451201,-2078233337,1003163378,-1595385616,-943911620,-1129718239,-978893506,-1081947442,-2072470902,384590068,-964345717,-1438902576,-1555483697,-826760994,907329392,173761963,252800945,-1278551102,1672449544,724733045,-1506635731,819190355,-1588784411,493111436,1198709414,1193175186,-1527957692,1710740918,-1754735295,-1091218795,-1043521919,1837974153
-991565431,-1192533811,1264068365,1566157770,-1019783943,1720237341,-373513825,-1470777051,-1381026737,195917413,700759575,-1457665827,541086875,-561328123,1164094253,-794571659,-1748468077,504585603,-1864998376,-1971522462,-355557158,1134303611,399746167,240755234,-1081943420,1946384339,-982551436,-1287526510,-1873401382,-805640398,-1934988505,-666228863,1771553625,1004697010,-991981257
-1260235520,577604819,-407527993,-53591301,1929624011,1027799219,2141896590,108085132,1185800570,-1288065413,758207559,874209934,-1041764202,-1342765540,-1495911860,840994801,-501031755,-1010148549,-716216195,-663922099,1799686396,-672315031,551327846,-21382088,-2060146971,-1039206505,-1873785184,1293783771,1235279681,-1518065976,-39060105,215592387,-1119484032,1876752392,-961643059,-419330060,1894344496,624729500,-1957742019,-1528889788,-284339773,501115770,-1356961661
1680251028,1022819067,-14355174,-1547162046,338204972,-254323250,-1973091034,-966714097,835546048,270752816,29766292,1748118427,1314125310,2001459801,-750328193,-1963661720,-1547311608,1737490745,1308521941,1697720316,-59516480,-858704284,-149822406,-675484679,-2139736506,-1530958007,2104979755,1040039787,-1847233602,663980970,2038649702,-446668191,1919213910,468738888,268060297,-223318338,1288119686,-203785507,1024249593,1547901008,-1941700966,725718094,-1268230139,-1283106271,204146541,-1869181408
548349197,-2022210442,144393771,-590501800,1700946836,-211452664,1463907214,993417109,1075177201,-882334507,189311971,-1322333343,-1080454805,1005181363,-660928590,1086186619,755126762,70793634,694884906,-2030803294,807519436,-1821960947,520957965,-403964289,-795439623,-1885191856,2091977196,487997889,1623179316,-1474916486,1455457684,-1145500279,967763380,1327786835,-453317944,-9967863,1289321971
1923862319,522207847,-620493627,2126099621,1255654799,-1649880090,1424873131,-1750279702,1160268859,-1389211833,1525057128,129832002,-1761366326,-717604499,-1578469419,-119259384,164941577,1721151551,-261237775,1740978092,793905458,-425964335,2010786364,-1366620563,-1915639971,-709000250,724849476,-1416933529,-1397909450,303376367,-861575041,-491761712,-90219281,2034496312,-872749733,774826878,-1994890632,1629698499,-1797306989,-1202614612,-953533971,1917659989,97367236,-982980612,-1210751920,1956464369,-1109875905,1182777023,2043454840,-1429084990,411325472,-1015060108,1965429320,-1985873347,-1183598433,709273742,-1252897246,1713929350,-1229509466,-1072895622,507882398,1236862227,-713955166,1602762208,-2109332362,1950850191,310656157,1760318248,-1920181051,1690816512,1429596300,624809535,-451598992,243627051,-1111677467,-1260638310
1706801974,1781806709,231863162,-1731201791,-1160413041,-1017607057,-1314200974,-738600619,-1391726836,-1265901625,8615462,898975885,1892083028,-2126461760,-805439916,2127771175,-25904004,-360605757,-586851816,552542572,-1580903180,-757476749,-16352917,-1934245219,-1718710876,-1562960387,-1496558868,1705826156,-1268872879,232306356,582248931,-1132019027,1730307654,54064348,-1715699582,-133958835,-124892113,742788805,1866150509,252659330,1599992903,1094477851,1311323003,-100542140,424873909,1069941372,-50776386,1322122491,-280416205,2041045835,509133248,1268269945,-1777527055,-209747261
-801057239,-836792904,1593808975,1409182460,281971848,-597021103,1933367319,660478367,-204442155,1701755942,-1517259298,1079790877,-538850812,836760618,-2019589878,-1504744148,768046583,-1457719562,-529306108,1174366423,-128076048,-1175015116,411132098,-1775145090,-1140885184,-21436864,-1203565407,122140193,997748292,-1931034357,-1881326217,985779421,-1137832559,-1649078461,24993256,1630423221,-1657080466,4885168,-925331720,1860617621,150691458,-1536109343,1036788962,-1778678636,1832949454,-102299385,1338547495,-1639699847,525121500,-131004384,-2136120855,266297984,622267448,1657594711,-1186140552,2026072413,1349310495,-395704150,-2060048083,1872610433,1636399478,-1756097075,-1076296073
-1325657347,2013099341,-1455822,801167969,1264596676,-21747208,-1471712193,1372518543,-2016263203,558722172,-589348528,17012272,-77632686,-885326002,659566851,-591034853,2067566681,-465085235,665782322,686174400,1418622918,1113858982,-1560523128,17297700,1581316800,1875404153,-807198120,-1751204311,1729245367
879818153,1467720723,1255261333,1107117792,1508083861,517460551,-1390155469,-1469056079,1068217554,-1092861612,-1457872626,-1382030590,-778510703,787428663,1525632314,1932537736,-804643194,-1209983014,-548292715,-868987386,20937031,-995711010,-1990128576,2000704426,699840474,216389529,-1464437173,-2019070281,69514632,-1116161950,993022895,647904611,693450487,-328737269,2108175488,267464450,-901210505,-1660705106,447551842,-161655965,478679451,1978348204,167683388,1134312569,119399436,-365143822
1176098365,-1222026343,1494752126,1779308986,-866821933,1390551441,-1352966111,800215119,-899893013,-1437534892,-1893469818,-905866265,-219923863,-79137753,1404439666,-1386047995,292686152,729942600,1725365581,242526439,2016410811,493904194,-84569632,1412319227,1752426645,1805246338,331440991,1618424721,321986793,677580073,-782353238,27005905,-1668541451,-1772490205,-1317986097,-765143314,-1913446853,-728710793,823702995,-982106469,-760349456,1957127648,867899314,-700821314,-569933158,-234306659,1487886243,353541987,-162827788,886686597,224996255,-380462094,-15949036,744848221,2133955108,-793810524,231069391,766707565,1860136502,-1397365965,-936780708,145156432,1856987046,1521403857,429780278,-1445265396,-561357930,-1671150758,1872978759,-294294174,1912523067,1874544076,27536706,-352846746
-1153016330,-236477104,59170129,1325235003,-2044785809,2041294318,-1665217899,2017400523,-726811703,465058068,-48239823,985688514,970450695,-1249796710,-510392762,-984419849,1737424715,-1991221545,-789849110,828605741,-1305335853,975915659,-73877700,-2136245351,-354425050,-2035609346,1537510840,-546603359,-51099511,413973352
-2101477402,-574414664,1598727315,-1455108437,1458281604,308636114,1691998143,1571658592,-1886654312,23849620,1445198277,-2017524955,518102786,-1799840567,-923524994,583396596,998805867,769885953,814693476,1920080990,-948325239,1688665473,-1391003526,1128684956,-2116569951,1847230073,-111135639,-1311318301,304905805,-733831812,-2018214677,-276608260,-671643777,1928311340,1669867116,-1071679213,-387373883,-1739833804,-1834684946,802604494,992440014,-132694405,-35437524,-1597806175,-742556628,-1751786603,1317709570,-1116446624,740160346,1762340221,1007922443,-567167467,1487812865,1597769345
-612872941,-840974730,-277874307,848035471,1310945611,-1246677881,1371541323,883534675,-1639199523,1690936951,395763577,-970230557,-1840737806,-1325678266,-1639120836,1696977668,-122098232,1126157108,1661469093,-99771565,-2008475379,-803795064,-1397659630,-1781211985,-1220044431,-927743347,1950243302,-126907180,-2125166474,577544669,-237505412,-800920504,1270739850,2071188705,-100697000,1842136185,649701718,-264449641,264821919,738059303,-337770408,1727351190,603531721,-812286465,1715511983,187786063,-1149363308,1149324680,263899957,-515128428,898544187,841000514,-1639882798,838740830,571767527,210161932,-851548913
-1090508954,1673223110,-2035267863,-188628379,1847815450,-256032970,-407121177,-432687192,542465843,486014767,26951534,-870823483,-1656375264,-1171773201,-1415195564,341402020,1018611266,949933001,315689138,-1592639448,220000226,-1498806269,-674944515,-2082694731,-1340210587,266481665,-1146298281,-662608394,106545341,-1132791902,-427285470,-77699109,1820878115,1236811241,1564506326,273527265,328403458,1938685151,54886676,969583253,1595223606,-1501803592,-1873395717,566515034,552978549,1848041268,-661873735,-1236999319,-1598448115,-1824936888,403043684,-1475161831,957862095,539136253,769452553,1089475424,-1049307061,-1706940521,-1328180987,1046485401,846682685,-223074312,-60896365,1025877894,-265447866
60848550,-449459303,-932095778,-1466407477,997697529,-303205010,480487816,-54301923,-255915165,-2094305124,1773709384,-2063478658,659774831,-708261971,-1273016750,-1407983227,-1121423829,1090900842,2107115011,-37790979,750583616,2065857115,1153977876,-1455644660,1753791555,-1782815603,8969228,-1889559145,-153033655,-84531307,651096566,-253689883,-1736083264,857124565,535354196,-1605198206,1423050108,-1283431427,1171309907,-1902886299,313153040,-1479287852,-338139585
-840127393,-116782280,1210263608,1698230663,-1279767438,2022590563,1301007142,-412566389,-982486646,924884079,-1662144022,-1296314263,810614905,-1530058469,798576341,2128017415,-18117843,416130767,1832805213,1762417613,-1338476147,167132893,755894029,50835339,777087879,1386169865,125938109,276093593,-2102974359,-636380341,726893827,-1717141953,-2707600,1905503954,537407721,-1984692649,-1083818594,1754363212,-97497121,199028785,-1393795888,-1573270684,746882547,-1334176842,-1515171825,-477098612,1953312575,-610125105,-990613211,-1147607044,866814369,-1859403001,-284142733,741712633,-1561770575,-1323727506,1233764354,-105812134,-1520782609,-1626578752,431546071,-449284281
-46087737,-1619713654,-1146570940,855843211,439471613,-485637351,-89595027,-375670824,1433539700,514453753,1240587523,723550296,-1629230854,-933629586,1518042150,927755761,964283767,1021565724,554021347,-1912031252,-1438020198,1760276956,1367557745,-1048513304,-1404899148,1740635347,2105259960,-311856879,-1165679133,303114689,80608274,-1181207662,1163677299,-1536470634,-292147884,723806023,-1834825088,-1834012086,-879468529,-632874313,668478431,-197103123,-2070729966,1467190081,351925054,-1318289667,-1036999885,-20156524,-1723303031,1324261879,-933966002,1098839396,417642383,1168839728
-1880922535,-908483099,-1140576284,171080426,-925980597,-1695637750,13241743,1421572594,293538988,-1127358005,-1225383301,-1106960949,-1589501115,-1461911064,1785312410,-1347683208,-1281850331,651894008,-1845545067,-1967090854,108512469,1966274953,1873536804,1680700665,127536336,-2043841397,-42978656
-825361103,269672685,715836885,120671382,-483336274,-1374667384,843807516,-980707142,1768444100,1570727228,882893481,1115686193,143644980,2122292568,-2142893279,-1941137038,-1780340051,71181887,-361412752,1481772529,1668084682,-2044415417,679980504,-1039698012,261717822,928900836,-2000982964,1014933442,-1992060339,-612479995,2143587838,1298678733,-105169283,1973571005,-381876683,2045958611,-1297769843,-1875364826
-506432272,-1803839834,-1953024639,-106211976,2137159190,-1834655792,-1074592094,802756209,230929680,-1490811226,1850576266,-1206076364,-1704645181,1218600269,1644075605,-882420578,-1200505418,367083682,-880555434,-1621646116,-596527659,671269042,-1278674560,-769505031,1324303473,1299897454,2134631943,-232539976,1634270091,950256799,1208216134,248333731,-1578109102,-1973495273,2028007651,1109091939,-207394583,571136809,-2067593424,-1244339374,-49051284,-2085948326,-60935724,-474498994,-709740236,-1432246184,-1592498262,-592330800,1360514906,-1373781206,-1781934360,-1097827524,-1907958406,327601320,14014595,980716665,1652681657,504999470,-2004535854,235582660,-286101240,1623031692,600351857,-1890227007,-829387863,186888000,-51078041,871328211,850345458,214301158,992341131,845194412,1619604304,445113583
-1281051353,-43626098,-1108823919,-550137651,1301976916,-1582130601,-502401794,-2091687006,-905761324,971186425,1388207832,1286187159,1110775143,-963766165,-2031665437,-1572704985,-620651069,1340554640,46063867,130059054,-2018509913
-129966519,68772120,464586798,-263186056,1591795377,-1049663430,436150632,-530066557,136543630,496323967,1950548006,-1048519656,-1248574047,-518557625,873436949,19763317,-1869940667,-1205605493,-1827385587,-1971173734,-1130261528,596086084,-1522125653,-1795117744,-438317642,1517838349,-1896486116,394963053,1790440086,1447865094,-1982760901,32517462,322724697,2043120636
-153099323,-1716248528,1418891206,-1897352083,-1371894068,-1071114401,1796074737,-856900941,1497727514,1642736432,286737567,894603000,-952588421,716317481,-704574037,321504590,-714549083,503053440,-1494020591,-1244868821,588747056,1410747854,1032750733,2133649464,-1979892506,-1375292925,557249665,1143962727,-2110544323,1498771098,202018331
511330593,-533673715,-408691530,1868909731,2099678709,-194265207,1936726401,435214903,1856909531,-605873947,-2063847330,1167287015,1020942643,1309605840,1549045004,1256508160,1100359010,204905802,-911075705,-1257611823,-1305235756,-1692506539,-1871643474,-323111810,1211025987,1298206955,603208742,1541060115,1663371320,2083415090,1206058110,-884669221,-986793518,271210478,1683696787,-1725534990,188546501,-1193658570,1116143926,1267542041,-1428350555
213465611,1015679689,1040294756,-1144697757,-1592897357,1180429962,-1334427879,-450760980,-1261504979,-1590235772,-240454398,662073969,-1011711367,-1777646762,-590322740,-1545669386,115751550,1536747302,1494110993,-143205302,-1901555667,-765840648,1211263521,1218494331,1419100389,-509531069,-1144189180,-463539316,-1766492647,-907525695,1670295999,1750839141,-902869969,-1089432954,202901462,750451466,-494509141,-967503276,-409732078,2076171792,-711303028,-128245971,-778414460,2012315979,531528693,-1925293016,-1438228279,-1560004660,1805487120,939451784,-1587737970,1133880074,1684809263,1570124298,-32353706,1560962654,1960329011,1130902909,-1028262278,785325492,-644354511,-569665384,-376720783,-702182529,-772852398,-37938681,-778859439,-2101202451,-228657926,243231942,2068510357,-233976996,346909995
649579040,-1977526773,699068716,-742417827,-1181066110,1540007700,1109111141,-393569503,-1900792199,-1521305447,-1755725940,-1576885641,837103289,-1247926467,-1345277690,-1064974455,1622732015,-1949068586,296125319,534606341,-132441853,2050676320,1425778683,-931408589,1451801246,-691844300,-110733400,1487767625,-92697365,1070500728,-1242851437,-1562652675,-1625011552,-1010800679,1106939427,984706396,-361941441
-418050300,-1782774310,-2046926184,444682529,-1072004786,-1438025559,-1619165293,480071874,47743973,2044048718,-1328861396,1121117210,1289155618,1763370864,-982243651,-1389818960,-745850190,1999178738,1715249283,-471411450,-730266946,1829716804,-617422502,-430676210,1636089676,-1324976906,-2009213237,-652484131,-81878300,141170829,65605960,-1398012514,-1959596682,-600557670,-327180619,-475409208,-1690913669,1903099143,-258242262,-123886189,-881424039,2069849524,-2040005129,1138448039,71213579,-850270655,875585768,644651798,-657823743,657136173,1706479561,1337954700,-1973186236,-546582496,-1468999124,1363876549,-705222691,-663156860,-445550231,813540158,-1444338825,-487738535,649286885
1666545987,-1530571191,-2031649129,716431287,-1149778405,-494154758,-1155574840,1943231577,-35588375,-1112550493,-589128167,965534630,-122383542,383463393,-1514303286,49997883,-1080193427,-838045749,-1689035208,1333032686,1522844225,1901835587,-255450713,1686230852,-1022265137,1379471,1477255490
-1365334045,2137532711,534686815,1577356754,567657202,295082960,-916252154,1183859222,357189431,1032246761,-2143638605,274407355,-998283746,-600601084,1471699035,-670877633,141783526,1221876151,-305151060,-657700152,6484097,-1592422220,-1487608423,703246164,-437290818,428002583,1980769813,-1229635276,1307884969,950574335,1477570845,2011626682,-149394383,-1767425697,484247292,1634747441,952614667,3757590,-1733358390,467861517,-484447018,1624203068,748888373,696520291,141350016,9484222,1407351171,-390089318,2109443047,-1508258516
1466306147,-2018200381,1374098641,-1384741966,384800998,-305349694,801785348,506010044,-111578819,-1105828364,851994045,1040576452,53204773,971395177,-1634437270,1081186309,-113967886,1698448919,-1597774077,-64391509,447566275,1657901057,2014773339,-1715205995,-501630217,1660527510,-2097084487,170414683,-1819053857,1450496854,-1119828057,660519825,-177966412,-1775573573,-1609324535,-1350706611,-77412917,800962134,1050321520,614068966,224654343,-750631625,-1448499280,-1647955970,952466830,1785780370,-928036177
1402876350,58922142,-1578384257,1088682865,1492624226,-335467072,-1878284881,-1880065510,-5362656,-131229463,-1079260962,1114716073,1686713142,80797243,-107914608,1487204132,721726309,-1457688078,-1078326716,-1731391696,-2107638740
-116016955,223112154,1159055929,1151111931,1123825600,1918421140,-484224228,-434426700,-981012842,-173244804,-625127363,-1402156248,1914665075,230015716,1249613072,-545528038,-1894674529,-912961010,853793926,-1169564160,-1593845228,404128311,-1899005498,686614174,956328783,-1377369386,-1179721700,-328848400,354357098,2062863397,325662257,184824396,-699354262,-667090208,1388669052,-391910712,1673821910,-1698769844,338521848,-630908712,-852200824,569478778,1920186903,-1685262789,362848454,-397575988,-1790051594,-274988776,318591636,2003513528,1287109329,-1773469597,1594732099,1328910027,-324897352,-1015821691,-416697523,-52013071,-2139083645,-1256011204,-985161884,2068201203,630235650,258391487,-779218744,-164824512,1688778617,104025125
667316719,-206660534,1678576902,1825880556,-85046780,-2088975116,1585178210,295563105,-1421652751,-2088182468,1101718721,-1278355724,-978814368,-523556440,158003612,-203338669,-1157513681,1010175028,1631587323,491372529,-145321028,1574215744,-2055805089,-1684883943,-245032607,1872929223,-2034559775,-814243002,2119456834,-308341802,1317280410,1015724465,-86195131,180247098,-416146107,-1727890390
