1231727972,1523503403,528049122,1821600473,-1592212701,-1138787651,-2020858026,500938988,-1362825707,1893034179,758684014,386483079,-190852408,149150536,-1009304882,398667195,1568680198,-231453975,-1349069636,-59008540,-273765782,440661468,-638379059,-519002030,661247542,966703412,1994803683,741096490,331456100,1633139298,1732633430,-1377785202,-774352390,-1515936514,1057626992,-1556170757,630675618,-943161145,1581419551,-1518106637,-1195666567,1221026792,-1468910363,71525083,319190823,-1775467139,322434322,-1595902427,362689327,247493716,-775424715,1424683697,-1451722105,1990555127,1376629712,519712112,978370922,1697403370,-1986680502,-2006669750,1852048493,320081200,1591260969,-600368831,-1942393648,1242257940,-294463872,724106710,-60791274,-1502429147,1450293669,-1420879701,-226363176,-1094008703,-612412121,-1691155607,1085046485
527926270,1761660643,-1231158196,46633894,-1372112124,-706075781,-700257651,-1469289911,-10027100,636519364,-1948016691,-1535258312,-907438640,188650857,-2066382790,-923279865,-223143624,-330132404,-1875889073,1825934003,-1134824008,-742763534,-1689640856,-306499683,436630289,-649891043,-1663845992,1681922518,241485787,495494586,1989333946,1531232669,-367466566,-1678821123,742145222,-1248369371,-1702461233,-1565116982,117127525,-1191113830,1321393266,-823474858,1847310022,-17746842,-1160407267,19643406,-1891285582,-509692241,-1657248854,174091959,-519949603,-1260874460,-1095545407,1529165270,707743871
76951435,-900271,-307870429,-1734389969,-534294869,-1121472939,-599952449,-407902440,657085549,1802754426,-1923755773,-424056550,1608652096,1689753381,417348085,-343959885,-1440556191,635285550,-95871043,-833307460
1766961346,-1420649283,-1907055375,-729013079,840703881,-976075036,-140600400,108406594,929596170,-456567996,1325633024,-909567430,765188430,1973608161,1516864469,-1445617859,-1016568381,-892505909,2037774993,-2031144383,683014499,-157152914,1797579726,894089981,1493440789,-1042525401,1527401562,-1917828709,-1923242413,-921909221,-1336348798,910604971,1900801548,-643374780,698890899,314318427,1689338314,-958750004,655918237,-1065664795,139558679,1904875933,-1189314950,-1731980728,-28235491,-895443400,2031820558,781345594,-2124810100,1696264390,982355919,478813532,-1231157824,1248625260,-344924793,-1495291729,1189146914,1373601763,706441560,1504053318
793932103,419599872,2085859389,-101854603,-795901138,1056738654,988432105,2006815876,-811152132,5241397,-2093169328,847106437,-1384765324,-1431723474,1016244955,-1525298491,-149000558,-1474442205,413022281,-1996196041,1154428313,871022234,1638327783,-717779048,1431252071,-1559879025,-366442243,-549144366,691621647,-1026077066,1631247499,1849716901,-2142588759,102546815,-2078514891,-1526423420,597165667,-1021626597,-612972421,-57476420,-162684964,-82220354,1235377964,593331675,1828624561,1511195622
771881551,784142167,-222660004,-1017008108,-1347758515,-1132563158,-829349190,1462013961,-971813901,-672379962,-1605287124,526350993,89746864,1676862357,-1470222214,-1232396398,1016872163,-731582551,1403696965,1416698172,-333873470,1076101836,-37333616,-852885192,-1034323075,1739278804,-87684990,-1697962719,-1103819870,-1311041734,499495529,-405369293,2036635586,1203311597,285957378,-763932607,1494019669,784476516,1168497655,1119835116,-911666214,-173508366,99914664,-4517871,2147381570,975762525,1495164974,864216707,-608500594,-716608592,827988124,1018763257,-1070368842,-1089919920,-1538618745,-1352760502,1857110477,-124039860,1070975432,1591190487,1914648161,-706484999,-2029666177,-1969323193,1877288743,2036655038,502131547,364221049,-1951826985,-95240148,-1987998183,-1984258634,-172366763,-2006671279,-856019894,2025345062,-1807054575,-1788490675
1070070405,-2134024785,248722981,955562698,-813919978,848919017,-1960236329,-1525613626,-1054141225,-1321952076,-600670035,447310039,-525083659,2031041953,720099030,1304446192,1689480578,-274345850,-542983630,771023025,976807012,1308630877,2065810284,331505896,680201616,-458105237,-650640819,-2012878502,-1268468360,151903908,1526417999,-1015664702,-744236862,-93355443,1158296689,-1512916199,-370234311,-1500227613,1561061961,607212311,-1752387576,-1892024517,-17232289,-550214663,2095137317,-1076708118,-1885710921,-1923261819,-908565494,-228237338,1130276527,1197096010
-858563219,-1603022581,744357932,1199601570,-1106622683,1042953038,-1484297441,245903023,324272004,-346234549,1163031858,938324576,-1555345295,1327308794,759986895,1215792396,204523563,192498319,688111169,814777093,1219887209,-2027653944,-1716585099,2101395213,-149703741,2034589318,-762175484,758329864,1822508368,-1475834721,988889456,-283495949,-898982257,-1745184014,531864493,1819272212,397117322,485301179,-1091824157,2005868147,-1410998984,1450809383,1586854770,49573000,1304054307,-144996822,-131293386,675162933,-1543412406,823347088,2092101387,-478285835,1444764488,-103709102,71842707,-1579372714,1297778100,-221543894,2050144310,750147236,1706529995,504243049,-568821910,-1687630618,-690737332,233760520,-442636492,-916615410,810495139,-761858052,1255215597,-1030464661,-842281655
201434953,-764895134,-1469606550,1613744233,1025642901,1974641244,-874467897,-1494224587,969808703,-1375695614,-12128547,-2059507356,1037559963,-692919385,1376778823,275637644,-519812636,-1718942458,-922155424,1515517558,632007040,1576121900,-785956820,-2111140043,-1182459257,673638583
6051961,2016758661,1659580480,500140350,-1759091420,-124558977,1111923477,-1678640050,1847139357,-63832268,135782955,1421018155,1412655972,-1931805532,1582441554,189644338,-268134297,-1047489835,-1770086230,-2122367743,1487552915,-460390444,-42261419
-1833671379,-1577720071,-1664802963,835052982,843219297,594604399,-215182024,-1293578993,-1119215205,1823175412,348740506,2063478432,-1222087403,-690809124,-1598005813,562949336,-1230665040,1529469274,1779291721,-517427459,-760615416,635949314,442807310,158527567,-1387077182,531729545,2055380741,-103293587,-1575689433,888146127,492523450,-440835082,527409910,-610041057,-1837814191,-1650517902,413187957,-233133131,-620991303,-774695309,754944969,-1886651264,-206499807
-1568835449,-886622168,-551051862,312965392,1953231242,588338513,-1357160867,-847259450,1751237894,-618833375,-1005818274,-1291857860,-1775802403,-147264512,2001931106,-651178224,-432886991,-139749474,-126560674,1645802504,1638905657,297014585,-1709179776,1114682602,-2137104552,-1510011617,-1728349342,-42164054,-77061269,1411850354,2109404285,-1100111926,-1497075102,1730558507,1071104987,1904498429,393745,-560173984,-700953072,541495310,-700100536,-61809207,-1171670678,-433599232,-947281632,-1332376704,1184859751,-997889675,-1991045481,998171400,-990921881,2147020371,1862106463,-663979889,1215928226,2080996260,-1348629774,-848274057,1326448987,1466920125,1031129321,83286802,65020757,1487641250,-734799474,-1243048531,1092611462,-1427775320,1309295023,429743055,962030858,68994908,2075460533,-678025790,1993551706,-1175815773,633624564,2035878226,2113742013
-1754655165,-1120786988,1765586429,717569759,29074639,424201322,-774504098,1116410152,589529132,-777492348,72053451,1431691187,920301740,265350313,121908050,-401416954,619954420,-648362122,1160571858,1353389081,-234485301,1098294503,-1980729613,1249269049,1327589173,-288260139,-1971347883,720735534,77572800,15321023,-760189173,1052306079,1978294045,2104139468,-226545334,1169716661,782282993,-202476528,1026764637,-508822017,-470642451,-1260749298,-1097566244,1784251029,-2067569892,1394137469,58658588,-1046513537,1501024123,-1198567346,1995654121,-848129193,645367758,-1500705554,-628483214,2002580524,732239537,1581891016,1949304964,-511253847,1956318188,1983180045,175596027,-1221626762,-1969284596,-1485008713,-2013836172,-1946302755,1597045038,1971914,-465368249,2029629104,1847862045,1095070172,-1185878860,159711850,764460191
635913563,-191044972,165232651,1058059518,1813589745,-1858296726,1506262303,515480877,893648432,-701349186,-207699440,-197511836,-694574065,-1873905381,-1255718431,1180722054,424898099,1004072236,1468402680,1228751453,1533794980,701696606,288925933,1889902560,-1066044732,-988122172,-1371361115,692427704,957342076,-2128203717,361885087,91302400,1910225079,975697102,1815142797,-1389134260,65051155,923611483,-1069252826,-927227156
393331574,139144506,2036646002,-1974478050,1817211789,1272997638,477944176,-330074020,-1738825653,-1951822391,1540685445,378823426,-1901413311,-616185962,-1756217701,84031355,-1307606589,-1822177428,-1738090647,2083756635,791675152,1488878211,684681791,-770848809,-844043083,1341200104,2036873474,51455607,596494386,1796896588,1890234228,1775227145,-143467299,-1772146665,-1432109896
1036458246,1086843331,-1573404395,1633540382,-1504559781,-1996845976,-1651436551,1166221494,-129106802,908202130,1239574081,-2047664362,913764660,-1237186214,-1250523977,1218154363,-1902342672,158350260,-1902428453,-1765063323,-1367512112,-834676988,1116567014,-320722619,481270518,1682907895,359176203,783797364
933344912,1669073919,-851261337,-1979394929,-8483711,-2121445188,-335913695,-213002268,-550860612,-1128934016,1041171176,922652492,-1957870776,-1476932069,1814946619,-137511264,-1789449128,-1785362582,-1773245182,-1647373341,-736273000,-253034466,-515344377,-903186521,793816266,1396820418,-1729844316,1515028400,1337643921,252933627,-603972418,-403773482,1770373261
-730376463,1448490287,1568564647,662340268,1729905932,-1881675923,998610861,1397791203,71150783,714660995,142005024,-1039568526,-1233243757,934398606,-436864436,541738826,-685501671,502658035,135422105,1586416207,2078939750,-1876002364,-2067876063,909495644,99445438,-1882328985,285388418,1450681994,1792747918,120986233,1489265140,-909328718,1279013279,65269231,1163190173,-944827089
-2022422658,1305240099,873053160,-1414695579,2025189436,-1208479869,-1588228211,127904709,-1977362041,2053394721,1687334943,1534039528,728544037,-2060707553,-1891467850,-1617994966,1851473836,2028382449,-612491906,-369174599,1858407204,-158159567,1837222658,-464499059,1868261354,-2114534737,-188384852,1643234969,-996878889,-2032355124,557812364,-980252866,-2120009824,571352327,-2013881768,-1241552896,-70419841,1582177240,819178419,1095231355,-724986861,1022698172,-554290766,1403600279
244428689,954187419,635165946,-1235223830,-750728925,-823829777,2134054846,580293103,-375939834,1756416170,-758785181,408922802,-1490018651,1316763336,114472967,686811118,1282933659,-2074662645,973121236,199449435,1870836033,1030461435,-297712711,1800916819,-1668026489,-2027516626,1815113307,388990649,-1071483641,815251401,-283605426,686135062,-2106679209,-443550394,-1467894145,1816871172,834335390,-12703113,228983797,1159195343,586751849,-1719154487,1082856376,-1414815400,-1701329473,2102946765,220060688,1191068476,-1253431694,-1729496332,-1615088398,213105206,1550085047,1204689818,1096252343,-1125128511,-671328775,294534981
2081104385,-475569687,-951594451,394141748,1391622627,1991031769,-889303553,227242594,2114784130,1997706314,-1766509347,-1302386299,-869130292,-447501885,1509963945,-1016975564,1775365733,1577262051,1255674499,574635230,-97703221,343006137,1718013583,1218852418,-543834182,919227731,812027899,325531428,-1099604783,1716252308,534384960,116934717,863812212,244979530,-157915993
505985012,-1162992000,579451150,10882889,-470239251,1848553743,1680025323,-482621032,1887690479,-1141734021,2029767057,352999806,424745056,395286779,622962866,637474967,-1137703520,1430467033,476657188,-1983241366,-1710277778,-1568546052,2016568295,-1841278682,1764651401,2136157379,1364891239,-1447529842,-1773041510,2122700563,31782653,193530928,-2021422511,1040668851,-2106135877,-647299108,709298125,578412502,1432269160,802740564,218331712,-1094070279,-944344887,-1194741184,2119535058,1530710255,-778686430,1587667300,-1763549498,75598649,476809212,-937236204,-106143525,-1142338149,1253444135,-2067310362,1844054260,1936218091,1658037762,-1903257943,306555130,730134315,-1753707271,2114437782,-965259775
-1205707954,1856645829,-476569431,1832668038,-2104588004,-1082326558,2007033798,1534098086,1211656089,771181856,-612658877,1233537958,-798806373,169622892,-1356208829,2123996738,-998711715,-1301846042,2063714184,-1345764842,30341506,392139148,2049026840,-1495168138,-579970215,-1596063176,1598430237,-1051008645,1015787105,-1920757044,1414759436,-1922393763,-1556986096,1454631595,-2072671222,938849032,1249601232,201498730,1390920074,588925672,2093493065,797258183,-74358470,50189576,-250303003,-868743463,-388469729,-1025804966,2061440912,668202121,430861054,1211042136,-91902785,626324032,-1239710722,-762399029,648746420,-1270221087,2108868234,764285929,710960895,1041314041,1285869948,2082684069,-1849119161
668219255,-206083773,-1964214,1505871380,1486964115,496097834,1482456353,-2138416164,1146687552,-253416195,-1742259256,2042579921,596503139,1806986987,2061555166,1274304420,962439877,-297369530,987734696,2135303722,-66296915,154377554,1901295707,-2017482163,-39817014,1115824223,475154074,-1791326905,-1500053673,-2147167974,-1649060547,-1297688564,-1130990471,-981576417,-1480250541,1819949063,-1653189142,556963281,1343119978,-976438519,1380620508,1657286510,899279373,-1062842754,-1868924137,1273576797,-496533619,1198378465,935938660,-1590421558,1756454404,-1366389647,1211743790,33674868,258763414,360728100,253413221,-275665723,-1897373446,-1599558692,-950601051,2105897762
1229782744,470677655,-410193532,1220515763,-113414292,1301379223,-1344094393,227222634,-330616076,-1655318121,18271297,1820348026,758482182,-1579131582,818931478,-2135605529,902367206,666595683,1643041995,-1854904933,-1246742466,-501503096,672320920,-1524099155,-1339365362,-614049054,-1909951743,-270053913,432927969,-311110545,715756327,-1520351358,-204755648,-1988240038,-1077588645,1263932723
1648416673,-653431821,1116098666,-1664640186,-1499163400,-1799420063,1804894936,204708241,297137133,1233766016,-434699726,-1069798820,890284876,-1810214863,1124418613,1304293561,-1098979388,-287194586,-1126699287,1824956850,-1488805942,-1008910083,1063463208,646964349,-179977796,-1195510384,602337121,-1320451602,446472266,721619851,1799975065,-499214548,-795328239,-1600355010,489404338,1011924903,794587528,-1547241293,-154589968,-1441830327,-2084059617
882277304,-445329941,834267044,-740247835,1973258394,549794058,-1700343063,-339359865,1004446608,1506572474,1043066532,2039216288,-1580100985,-1225706790,-163177579,-485379386,-2035052513,-1288597624,-1995037970,2104845052,-1175946577,-1234043433,-1324144914,1794295951,-577671285,-104046657,-127862322,1659292705,-1579460984,1862928724,1056603873,-1437518843,833364416,1851916091,-876709386,-1060320818,-964835950,-2127026087,1349480704,879478050,950152428,53569228,647857144,1735364563,1662758347
964386562,-491768017,2062139907,-1737925449,-317871410,-1208410473,828508219,57611924,-533291199,-303708338,204067131,1753296694,-1961517997,2082652562,-1142637206,1482734812,-2142442182,-526116112,418459281,-1879163149,-331474488,1034149332,-2083286555,509065677,-479237615,-2108656033,-1317157309,-1016047215,525566032,-1237577603,-357555523,-1842687886,148253962,-954514635,-1115299500,363783203,-526392973,1920113987,1494675975,-1198137718,-1741462511,649586403,-785024500
-1960858721,711273711,1810727773,1316421383,-424016845,2026432812,-1345216395,974750141,-1082989918,-1522541600,159877211,899513487,-954594781,-1690670425,-1531711777,1637102257,1703733298,892901510,546643235,-1869310978,-678147402,-1274746048,2140147292,-1965517708,-1939549083,-81276440,2062292186,-485226782,-2088250521,-720215881,-315274427,382856927,287858233,706246175,2122208808,-671056386,2015025876,641703199,440285619,-1826410433,-441232371,1953054936,-284211268,-1054491705,-572440258
157313543,2084685779,1145938982,-1520870954,-1015395130,-2146132246,1134731533,-2079746121,-884069022,86069330,485618988,723141486,-375631493,1255077060,-928911542,-83934671,-765695443,-1749415326,-1902195030,-20899574,1681024917,-1440015384,-1089950684,-223377101,-262242157,552871714,1299468689,-391045721,-2042662192,588871325,-1319656596,-662340107,694828802,1103225505,1822458037,-1722181034
926264670,1878998296,1349125378,1786111662,779251300,559683918,1868631230,-670397260,-867319464,-1904124477,-505189191,1593982990,1552395236,-1166410887,228042136,-515281557,-1781993745,-2118199509,673272783,356695901,513324814,910893749,340465458,723365984,-837263303,1666345139,942596043,-596264678,-183811903,-1764151705,1792390125,398434020,1771810689,941314015,1573208969,-849435000,-1448232621,1387887190,-2021466945,1100197708,-274515515,2052679898,611882424,-1189840337,1132219149,117098287,220381106,-298213006,1366966585,-1845698829,-533137572,-829029287,2132452522,-588287230,-421042589,-458052814,1789059010,-670339813,-1922954676
-1077111844,-321502781,-1000008572,-1401899794,1353566588,-1136841111,-304957515,1932762424,1542942663,1151579594,2026894938,1667278347,1012391733,-1506607466,1036469909,-896988712,-1082764412,544077907,1238441791,1229046130,-1596485393,904424066,-1200635327,-1655692849,491464864,1346195967,-1416832991,-690220528,-108785566,-1723649875,1769779423
1366720922,-1119669423,1085554178,-1209538730,-247442569,-958246466,1981553133,1394982663,587220072,2126105906,918302838,1186488761,-900471090,-1869696768,488692920,-556784559,1299916018,-185714322,1066635304,955977523,1486590009,-1443937056,726554342,1466412551,-1735594090,-281595083,2071121237,85891008,1933295935,-228403344,-2046666003,-1812073766,-884628573,-136683621,-1633761713,674396642,2118048154,-1960749337,-1145604455,-962739141,2018467294,2132944408,-2143750661,-598616290,-1882637895,-2063157729,1058638218,-515489054,2000753408,-987358968,142013011,-1355651,-1077074625,1000955158,245803955,42206026,1587419701,268955179,635124454,-428346612,1684567426,-979490451,269902812,1499087410,2035058590,-223934681,172578643,-1955384228,1482038285,1007419116,1409363489,1953376541,-2121509168,638355969,1913603537
-333613794,-34543620,-880651662,-1129962797,-491166381,-1106114136,540948906,-2129211624,-840340952,2109392427,-1228010735,-273727522,1650605349,1342488170,216836540,1244716730,120677459,-1709862228,955644695,-887444722,-662851788,-129544579,-79974665,-51092854,715001591,-49205548,173405422,-1123734026,231292391,171189880,1312404193,21091885,-271324635,2130756766,946016472,1534772588,-291874922,-1681759785,-50565611,-1785571124,-972182242
1054282599,-1744288244,-5480179,212812666,2005677759,229579156,1504737497,1660429108,-1955453949,556601526,1773506574,523124262,662347554,54121526,-1539057023,-1419841624,-1429417112,664721164,-3369525,912362754,-130128878,-619160216,-512254475,1760128526,-235638236,-913215499,1542003056,-719496164,-55661702,-1827324063,-1356763065,-1661170923,1976284957,-1166754787,-1945566569,-2051571486,-667446568,591881825,-1319349698,2141556494,-2039892470,1507498610,-775646255,-370818391,195169724,-552411865,1328798420,4484720,-1309596171,1349971112,-1520741084,-806571222
701798777,2139441591,1174383188,-2019952705,-160715850,-2071736696,-794749184,668344771,-2088019808,687892940,698597625,-253281124,978521175,344461929,670948907,-1998650642,1779403753,1265779624,1959800385,-62694253,2092544907,-965142488,810593423,-2013334354,-877898459,63152149,-1936458702,1635556607,-671417581,2072176282,641659510,1220874872,-802450647,2136300180,266068855,-572786927,-1733212680,-1632924025,-1574595318,1225921752,-1918435761,514098133,-598475811,-1026539957,1059874052,-930679508,-2120931620,2076139497,-693086988,1516262464,-560005930,-1217947898,1050676039,1219063482,-773017504,313090526,-1348298760,2036067951,218435065,-1173275411,-755215724,-538761004
590823805,556685121,-922357327,-302241920,-446588544,-1297985535,-1920047851,-778126141,-642130785,242421304,-716186487,371983048,1473424018,359053419,-1854241912,1589938814,1631327922,1832357962,271531822,466590421,-474302260,-2037082897,-1422009042,-1324063069,-23169225,-1089239704,1948433929
-638362072,1004668786,788033148,1430328987,521672772,-224659833,-261823431,-312072074,1458232438,931733275,-1093578278,-1428268878,1131865346,-471537119,-659110382,-1046298429,-149306406,1341570259,1471744549,-1878418280,-1028052944,-1947594573,636253081,836258885,-1122571956,1405192140,-415589075,2000767969,1473931934,-1901035203,262486794,569329073,1086565654,-455413257,-815432136,-391339387,1340973491,1077118405,1792654163,826883170,-196439718,1378634892,-1793439619,-1772742816,-153178648,1752070100,1143588502,896091349,1760174218,-1424888698,1950632362,-652585805,-1837815477,118861047,1611928747,1779038510,46539758,-2073665756,-1127621537,-1571962719,-730692099,399536959,-1501444709,-524088910,2017012257,1796189802,-1438805327,-1403349581,770014388
38777894,480271691,-832545388,-868174434,-543543128,-86406315,-687027398,-1617944297,-390096834,810336775,1104915210,803243467,-812419391,-1998123433,-1335672084,-1780269090,-1879377526,665988505,-1342425062,-37103039,558218348,1521944940,1521428283,763479862,-686689820,3247575,-1579472463,-1428906733
94977454,86957102,-943137979,85966811,-187422406,269662861,383482775,-560536063,677391128,2050811103,325768116,-796972750,1847103329,1393795523,422546154,761084432,983337227,-469421574,271099952,-1841779361,2000492942,2035337529,-1255408534,2051166972,-1830859062,-1675247551,-493064982,622102541,891943719,1773884461,886825530,208271481,2115259389,441747210,1663491864,-1292205158,2103239222,-834079316,1944323009,1425356849,-876129998,-1083918657,-481164942,-1635148902,1433937898,-1082222820,-115162581,627159104,1067837527,-884652195,-46479179,-904827054,-698904300,-1892069710,431492326,630696374,-279995070,1171445494,1624496164,-1202224067,-1479762261,-567302659,1147627047,582026009,-1313417687,60217391,2064862722
207908424,1558523993,-1064962205,650308320,1804876842,953028802,-2091016167,1279542685,1054419627,906654077,-1612270122,1228171769,850310084,1045456893,-205551562,-1713360245,-1257173964,629347310,1601607423,-831799741,-134617764,1161037122,-1329004374,-1201531234,-1228084886,-1400082551,-1233464030,2094826773,-1496492614,-1220166011,773542091,-37401642,-1737992328,-1463918595,1621312453,79738293,1840647817,-340732207,-1392760463,-1014845083,-733128021,-790598834,1130542131,-150574110,866440922,-1469051709,1249890681,1484824113,805152501
725576188,255623755,310049697,-1570637555,-216243643,-987847850,332623981,1121867066,-2113036429,-2088239850,238528567,-820331275,2042106938,-83419486,1054591949,379211263,-884598225,-1528019878,642240214,-456326957,8690498,-709845736,174890739,429855480,1743441802,1500524197,1287299360,-706461034,-1707502776,1136201069,-2091376288,1124249420,531339557,-521544842,-983787367,1865053248,-1971323714,210027150,-1193284420,1453608823,826079586,-461677116,-319090904,-2137855387,-727660263,-389331432,-1010197168,1730648007,940765160,134887029,1867671450,570727089,-674728108,268171999,842465930,-1298904350,166845987,339451624,-2140617185,-1229084065,-1871593367,-274428056,-1222385795,-875282370,-888702014,1455399788,-1000908597,1261063362,-1228319781,2101559406,917191518,1351199400,-612508873,99945926
-901189184,1511826480,1982786400,-1971961336,536325822,-306545094,1278222255,1234085725,1358283857,-911883409,-327225119,-1544113031,620185973,-2000979385,506338644,7363935,-1766360827,-1824108634,-1289951416,72280403,1244825235,1984212251,662677460,1167375552,-51942277,553873254,-1771430626,-603366052,488638261,550437179,-420223034,-1586948983,1448022507,106225221,-769463390,-2029923330,-109520821,-1318337939,-1941010512,103235750,-493571683,1587087707,-529934008,-2094921785,1411553559,-770833860,1204977297,232579687,1242658672,-1237304379,-1859875787,1926490858,-506990158,1424755832,-2090096040,535898367,-1612000940,-662643930,1410632901,910915517,-493266553,-1511330892,-327075222,-647288312,-1853284912,-2086226911,-1017784314,-1458958023,-772788778,-683278905,1287318048
-205149571,1984911072,-953335238,457012093,365828146,1323604043,-280818874,33961151,-815136120,-2145025136,525379929,819737676,259179780,-1777353439,-1219534690,842917393,-405107404,1089316578,-1189939316,1788990346,461498886,-1854284053,469420123,2138653212,2013690966,150300300,-48368205,1061968834,-1519149880,1942664593,-189155674,-1226981908,-1963521321,-566739514,715386336,1438487203,1867053358,287384253,1626570781
-426243274,30091726,-382525990,585218430,-1816193041,-700635553,478835791,-1820123010,-124533245,1902208612,1972697499,-394404406,-1770367720,-1975262423,1113376833,-2030988723,-1772345243,-922994098,828587475,-733496927,182707848,776975123,-720875284,-715359495,-1430568299,-1726491690,-398667166,-924244928,-139214223,-1036104744,1702563260,-763841662,478484065,-1108921017,-792429343,751899275,576771549,1919873912,-702905582,205646029,1397011882,-2072956557,718496538,-185325690,-621704409,-1235041100,-2004097852,-849103838,-1073827610,1923119152,1602837900,64935133,-1243176834,879821717,996610200,1031619500
1469625046,-1289414168,-541389987,-549826971,-754875930,2086557900,1778488060,-871940879,-505237309,-338817642,-1272218760,1454226998,1006572469,-626712943,1488335751,1485220368,1497474007,-876988367,-1893833274,1927205018,997462998,-190890869,-1559059165,-90425152,1111715064,-530991609,-906364034,2111845394,-830277536,321077587,147086,-1114219557,-1579288433,-210623846,-1698410751,458083186,1814886190,1138326005,-1882544665,-1816450097,1336650506,1582549793,-618081200,1830249568,228112991,-880685966,-1273439949
1167646040,-1701662456,763195793,-1719943718,-1077205802,1479172671,-1133066535,511080155,605317488,-1360176021,-903274610,1777196717,352593594,-1834933563,-1247054298,-269450957,840255178,-2108981601,1779309109,937343998,-1607360009,-1918239265,952614858,-1059183646,-125356316,-1308728150,-187064039,1101344709,-1054187844,415499871,752981593,1641430202,955285950,1135425990,-732215313,-822198451,1822625788,730291336,213901004,-1413695968,1734525534,1855396322,273012498,1105179062,1192191981,1978001557,1744361725,563611022,574286,-1022036959,-1610892288,1301739123,1575042187,-1596398287,88414254,791149074,149121817,713375064
325999565,114801686,-230344194,1107889027,1024973518,-796411695,-1794411884,86837738,-783116963,-246369905,-702503410,156702339,1424348534,-2098212724,-1379046510,-904569835,607294102,1104009535,1176615533,49035675,2010758357,2108757986,-1718059706,-47405205,-1659656903,-1541389007,679781525,1760119451,497358664,1697210993,-1760007083,-2002855264,-1928071202,-1662266957,-2052142857,1229634871,-2004452031,-596300199,1393176474,116718727,2044023922,125086169,-474272391,-698287225,-1106622523,1782640833,-434863452,2045414557,-1593165133
775533555,-808759673,-54358289,-2067303856,-1120909258,-715230338,1327449782,1989672497,1336616113,-71870824,2022733931,-141608012,550157511,-801012883,-1841633438,1758126813,159647988,510071805,5821947,-709291489,-1442088704,128223441,877811,-131244767,-1497344655,-599818401,-247589898,-202275900,-1192737728,575138482,-634701961,-805563035,-598612784,2028057162,-2068219964,1968669791,-386877669,1297013568,-638866092,325610963,-1980513746,1947246509,405646947,1323964842,-1778668073,486021196,1376117184,-253462821,355222427
-2050184475,-984672279,-1121940755,-1770112051,560333640,-1572277329,-947391331,1175713684,132830448,-788205985,-374978162,-360604579,670362186,889679560,-262713172,373482347,1763280700,89228246,1758617628,832421306,-1957953670,-371564961,-1988538956,-910758556,1956830744,243278620,-1295945044,1326207301,512717409,-1213900556,-973293930
-1270819354,473986944,-776743541,-143145338,-1377255463,-2122884661,1084380582,-381608531,-1993754213,-1791452839,-1804083274,-1134597210,-1017411438,-606005910,2005528366,-1014217613,-1748246208,1092364927,-2082730656,-424731149,-1209092207,-770613731,-510391318,30305090,1322434675,-1361411376,-430771600,-580089248,-1989936980,-144074638,826446731,1024682000,189744359,-55186259,-1741488896,-811860478,-101220593,914112445,1210201908,367857459,-48397089,1347809658,574359519,1522452116,-186508359,984054421,-184112128,1051139049,2011282871,1025947169,1129102608,-242408716,261596159
-693914246,601860306,-835280293,261580688,359778377,-657603676,1157343241,1064208540,-1555234781,1166424176,770111950,1946793782,297326965,-1435706550,-1257866927,274799054,-1511601169,-796701266,894209445,948201354,2037479218,1899282224
-416066672,2001823432,260740182,590243977,-126162812,382050644,-1714808892,-1772493009,1506711631,-623282422,-673605222,-1816632135,1513882658,-640400544,667787545,1261733856,1908719802,729224709,753210508,-1234826619,635017957,-1833470190,-666535067,-1521075449,380051524,-152716673,-197738843,-906314028,-442797999,-333408553,481299329,1191275074,-175531613,987689775,-1191330750,1960919455,-263256208,-713809836,610429804,-1026427002,958645076,939651395,756258082,1099725940,-1241084080,-1097898275,2081712840,-926125158,-1572725740,-181280037,1266138346,531865844,-401023104,1654789631,633085787,-928144231,343494504,1567956363,-1098667103,1283692373,-1653308265,1657111542,1830487440,859069556,2001570326,1503598813,1918469684,1830796512,-459809618,-1673800649,664711412
-532685142,1716467917,172971763,-133434764,1287668704,-108992024,-2139681607,1306204830,1450424818,-301045685,1180227090,1129970433,-803057455,2023172707,-335270858,1511254640,618555266,513115068,1135723049,-1363924466,826089764,1144655799,1610460004,1303359780,-1674402255,126260090,-364197707,1772053044,1301984772,148933415,2012585827,-597689010,1509575834,-1876765105,-960823660,1200513953,546267292,565786537,-1072097549,-1018429356,-1500512868,952605694,112715917,-325031274,818560671,-720741273,-95409413
1072360667,-1405358150,1280709574,1596268009,-339163455,-1700806847,-736125178,476485051,-210848963,-602336595,-1835778484,-1287664252,41903419,1378895690,770576833,157778830,-1120849043,-1026046349,1811091343,390332644,852043851,1659203399,-963723905,-1520927707,-1083666853,-313759844,2048614626,10835355,158366898,-126973901
1254588555,1223894969,-1667508179,466949631,-1701532210,283310644,-179713090,-165009794,934742944,1311488640,-1460454880,-187660926,-526078281,-1864220645,-1121108279,1157695255,-1686374249,729513321,1284274655,553939305,17796900,2076434869,-1380359189,-117516188,50444664,1163679605,-1513510707,-1683845222,-1149749770,1712480977,-153109009,-519711126,200203679,498934886,242296765,-1612406179,1916840100,1839285318,-2019089836,-1505088557,476309563,-1023801021,1565827449,-1875631906,-1915762251,-983162771,-281551924,1400611437,441349840,282777816,-957557444,1047424940,-1570740407,866703266,1700371645,-1471880277,-1031096395,407472179,1488204088,1179101501,-2110547567,811388102,-1462943293,-1203615454,1296904343,649245481
-1995573656,121663827,2041917888,86795308,1456618765,-2104568588,1380069583,1990841441,-1068534039,-390400409,-448371721,-1657226118,-614389046,1047882913,611170305,1325150514,-1960527392,1644983868,-330934054,163927269,-602734757,-1426961851,-125856802,-2963833,1344390738,-904453549,-239199656,2023984086,-1762903578,554783196,-401381303,-254678317,-869289049,2061434563,-1984015512,-1170348434,-472085450,-1179496652,-1414068630,2115392127,751882794,-1829625676,417918083,399160061,-1270019273,312908915,-1440657109,1776245353,579953549
-69093339,1598061451,1460924285,-1301473137,-1934544452,-1941429664,1856430946,-1801353691,108539727,1299597394,-235936322,-1039766060,338074640,-971409495,218095523,334814172,-1835254264,1645851201,-471011501,-1986287518,-1798855842,318672765,1111908650,1479362692,-2022694953,879019387,240439996,972102829,1969462944,380014984,-2087263174,-1662332887,-1190572981,-1833061418
