2090120774 -1619648570 1166787979 645298787 -1923770889 655836205 -2062725506 266468431 -2044580166 1844214221 -653297063 -1379113224 -2037748902 1709428796 -1069748129 5731799 1041822109 -777814940 -1034097104 288980598 -1817588518 -98471544 2097743487 -1939514608 149466575 674039428 1618188039 -1015817351 -1278028879 -828953768 -1874122305 1807278139 1631974019 -781585690 349582668 2028766210 -1972983125 -1503103750 1780871350 32700217
-1491317621 -302633378 -1730940428 1721347242 -716818880 1270575663 -2070093808 -164803867 1272681269 -524306669 -638112872 1201263396 1762841598 -348022871 669927786 -1303750370 1973227499 -426717644 -671650791 -1130072925 -1169470323 -1503772714 621216021 869065200 -331204231 -198899971 -1147249655 1369789252 -255368117 -1242222308 1585329284 1155352499 -790681363 88089502 -414131750 -231146695 1789059609 1372707863 1651065164 -1395735535
1747025852 -152939930 1311535431 459398107 1440149013 -1958996568 -1134854516 46994459 185223920 1212852584 -741068471 -375254276 -979520616 186982646 1943859957 2088134086 -849308857 -1325354495 1171553451 -907321113 2125417176 -1077488584 -927291402 1929216572 -1120329792 -100976844 1261762799 -714001521 -2067683778 -965692780 1015625098 65712480 -1185801519 983209065 -1713791445 -472442392 -1767743766 -348524076 227777407 388556890 650677475 821878254 -2068122231 1061838955 632903471 933210855 -976689157 1003269652 1225959121 1149147505 -931682361 -494748266 1565338897 394828382 -767021580 740495294 1376312429 -177600889 1780046773 1350307434 -1577878322 -976195344
-201677493 1862782715 454489897 1562830009 2113610475 -724110510 -205736970 1195180385 1616422386 -277542988 2013083698 1868415310 1966054052 -1313001279 -386060817 2025641833 1410075821 540049989 -646215198 -1448285824 1409601824 -772375823 -1407586562 -853060332 -657404739 -1631778995 794110046 -280302222 99867250 966868973 493935975 -507508992 1224021540 -1238804766 -987241427 620848088 -1570205778 -672438157 1361368597 -345057894 -1179473367 -821812467 240962236 -1811437443 -1458853010 238778999 -559915753 -1309135961 -491896872 451205705 1129668315 -1928926529 1837364814 627805086 1317920287 -492606273 458160255 1800618504 1691836734 -1994290162 -461339793 -1820326972 1248296194
-1428167629 -1827151570 418982142 672648816 -1407320840 394538870 -1291815366 134680977 -1800563127 -935380332 990940181 1944310528 -1711734640 -59334023 1302990695 -1123572962 1032964573 1012520838 -429500443 -1016666006 1367313382 1198484033 1238767561 1462474844 -996207026 -2017254842 967858610 1862412657 1699969321 812257403 2069428424 947589767 -1394691136 -1812393849 261355299 1261726570 1322257297 140340611 -944941459 -425426258 -2108534888 1749982706
-2036892482 386173908 -1702147346 -287621146 16732213 2024534276 -1685907804 -2113464184 433501036 -457837391 707909122 -1964707834 751619923 -1636962959 872952238 -2138661312 1903741828 -1019629719 1762189881 -623174206 53577621 593816851 1879112596 157344805 1519850925 -566534080 641006530 -1325736779 1101056601 1571684192 1162055887 541583699 -2065959520 515883777 10111488 -1518924387 448043348 -1397047403 1760012363 596682827 493007018 -1913219209 448348681 -2117116197 -1968448243 369461552 1428942313 -869687440 525503534 581803509 -1451284184 -1294541577 584543 2070396020 331099390 -2052462197 -129024991 -1502174257
1909199642 2114608635 -1757146392 -1985852718 855303752 135831948 802332639 -1158501931 1059371923 -1678231325 2130117592 -1586753245 -1033997641 1408489742 1190387457 -1773349507 1005518931 1769955568 1212102867 -145766241 -908873268 2142738776 719929495 -904738450 -387298448 1301635662 -1836051925 -1705401491 -1021549346 -1080696402 -716930299 1633350005 -726030426
562051960 216790949 1692718124 -16975764 1250795574 -1589925738 -858672943 -271565493 1774604309 -300135981 80758611 -366364289 2115320341 484338568 923014260 84528743 -294285407 -1665718408 -462680615 -515558168 -1879566571 81189684 1405788725 -1415748407 -1871928704 -1275801207 -917825626 489135421 1952820906
1270082654 63136449 2116578904 2032711406 1187782022 1998226984 595314126 -1969309589 345208926 -474871565 1181547156 821411588 -1370728024 1446277862 1229527933 -2139843760 1834450758 -1835832105 -1401527068 -640588772 -1329016798 1042789576 231286073 139831970 1772502605 -959201480 1084483003 -119562758 1529882474 1553897909 -185934970 784525776 1218762573 -1132338506 1825498320 -42886058 1021776094 998173351 116692591 1592885116 -1668693693 1438405188 -1749017186 1051808094 910246205 1873721897 1775696383 831819774 450676946 -1134274646 1064621027 -1102853070 -1561265876 -1254849824 1413542601 -1489324065 -947478335 -376335868 1847990309 -1444125849 1387208115 1791792639 -880360863 518610527 -1894645128 -864039871 -1169941464 226144133 144564413 -934422063 -307356703 81778673 -826253689
366450553 1166890377 136837531 2088228915 -1590603675 145512634 -1152115424 1648262727 234568679 -1963744924 -1939968638 -1744560874 1682672527 -1526941931 296906392 -1852812909 -1084278268 1572335737 -451483640 -854268670 -1646256124 -422248943 -21058582 49920202 -1324821080 -1373836253 1531749291 324737934 1112466412 -1391079439
-1737499779 -88077714 1628935213 -326770102 -1299338775 -691561098 209492139 -1049867209 517448726 -1730330570 890247512 1665136042 -1911810732 -571572398 528978026 -1391496997 1789118032 -1821831263 452167640 1352914930 1304849830 -2132560587 1290243597 1464710569 -1631775303 -1430251880 -824163881 -234531793 -1446736953 -671088552 -93738587 -737765809 -1632687049 -1876108090 -621327887 451854033 -1360617419 -1898421254 -1249726726 -2031826400 307454080 1294583833 907828663 -759480788 1287197058
367419399 -779840367 779357344 1614618949 1605296172 1929487096 -579491117 -938064195 30705530 1961076157 -1423825801 1117857857 814060619 -1169043246 -1567876509 -1845557522 -2029659339 -1883469086 -306766791 2116696263 -1732827265 1963374265 1632354302 843262648 778219216 -173035806 1908219628 924647128 687442984 338614161 1686686598 352275182 -1947372012 1968958147 -382233363 300333878
-926063965 693545842 -437871259 -812968063 -2050447825 1644558955 -1461086231 1485880101 2146819099 -432944310 1009783156 1184042697 -1111259147 -77920789 1523518651 915362173 1787057545 -315448788 -1487242118 290545491 1779676806 1535254210 370299836 -1276070315 -1854654879 -1557917366 446289496 -891005255 -1851479943 594355102 -357241410 1937240659 1444385915 1721176682 -587233805 -2061492406 -1190492921 314867966 -1756416295 299008526 -1548673901 1263384164 347061684 1164059273 -1056828273 1819514805 -84997399 1328504980 103975626 -6851672
578698156 1305362707 1894478699 1366718987 1069343204 -803097821 -1971796811 1296704479 1060092445 1066739386 1888866588 1684835620 -887661195 -135915001 -759687517 -1030106832 532165629 -434195380 238187927 1718753882 -101537618 1526799554 136972186
1150691484 -996746311 -971451393 63744408 1887986027 -1544377853 433517913 -553385945 -2021821694 -332049774 -1265105842 1320773903 -74119041 634161760 1557388208 -291285173 1929088106 787276430 -487650867 -1837485649 1156443180 -1632225072 1760068358 -775007259 -1334731071 -1383839225 395798942 -1001481294 -1678122324 -119321809 -111345964 -1802238338 -1286707413 -1900368773 1138495794 1036722962 1033295020 -809604419
-1361290334 -72226689 -10906869 771132627 -1472177138 -1372186676 -1253385057 1039884322 2025724004 -1511723578 -178881281 -466842084 -2061224023 -2009491168 -234972579 1281275514 -1880627495 2135841983 -1838809025 -626539909 -1951442901 -1747200078 -1080624542 1029894136 2003727000 -2066720674 1822587355 1392638390 673215902 1026338557 -844502912 89649403 -745433791 -2118700215 1982353029 -775971741 -984100270 -739446413 888516201 -381128717 -2092264717 -2119945638 -1228293358 -214797714 767344473 1347605241 -592360393 1739760615 -2118818093 -350347488 -1925434115 -427902569 1017065739 1459692390 -1151377180 -1523039504 -374923380 1672587869 -1218356508 851217393 1300718468 -709142265 1256563411 115331260 -1375515702 298557065 -208833271
1394970401 -1985975522 -34936763 2093038860 -1717406018 1807147598 -1494383150 -959504595 1137945863 -285836194 -2101493787 -1053306315 -237259619 -2039985398 -1754338743 -1382523815 -1780790372 -841919119 642095421 2045997987 -1492959455 -1040040112 1909099164 962927181 -638487796 -165826702 -1212121794 -1182585774 1450189318 -986044057 -2037015906 1673572929 513448389 -992260493 -464562500 -650965677 -2116356210 -200689207 -478549435 1433751744 -1419204357 -1148195847 529713904 72834125 1210561790 -246023771 -1342716374 181111849 -817557211 -901975685 -723869196 392106489 -1678997729 1182149982 2136172556 1052134193 -247927170 -345898266 -894845110 -1505253211 1816641213 -20674805 462419789 -802882721 -815448699 1490442524 1485875798 390871730 1960234283 -526210827 664410483 1106646927 -602071171 -276632464
-1075187433 1910526142 -258213861 -654044504 -884736400 -179032338 1330081579 737762706 -611073573 1174614350 378519217 -202017221 -1425663738 1188226082 -476833781 -1405938561 78610078 922537144 269295260 640706333 390091048 65210793 1216494783 1369929626 -1850330351 -950520994 1447744504 -665950107 758831107 -916045611 1869986924 920318267 -644754567 -619154267 1097123730 -1902723636 -1115931499 -444033473 2106669611 529044127 -342738128 -978322570 2110353775 -49259470 -1417686477 1988175424 -1652086904 1276284004 -1198294236 -1747518787 -603911357 78735895 -563976445 1309856121 -443441404
70219863 -2079135251 -1640459525 -372355037 1828670083 -876674741 26939029 775596940 -1240147363 2030113147 -1438999244 908745118 -986209280 1809611872 -1998474719 -1170412638 1289570785 548808543 1908406209 -481565448 190716192 -1643885792 -979378682 1596234370 1157431072 1287977878 -163439576 -1678367677 -738147239 -1853445059 1015224725 1266304322 1067819116 1992176802 146371110 501902772 -1484031113 182065448 1895565714 843070297 -1766428502 1698372616 -923704793 122887205
20339353 984689334 -1369770205 -736899628 902134481 1935423438 -1518731370 841278517 -1211257589 2141084717 -2039605663 872415097 70157833 -1081027469 -1397989976 2066793617 1112929597 1303067161 355459766 -212904648 673635140 1826369952 460227104 -731002041 -388758350 499271693 -663393749 -1416522424 -1976988396 496022420 -312418454 -1450342326 -1428492750 -2118980718 1870210987 1753922291 -519290988 1291668416 -1401372908 -958693925 917596743 -1654114651 522075016 1939146007 -1043966752 -13210804 1634632270 1008834323 84888513 -1824619977 1228026868 180769956 1262561690 -988101229 -561810831 573894236 -295369678 2055329964 569337225 1525865248 -532455065 -767696222 -503242379 -1310399496 2061449331 -1906364323 1430377410 484907302 -775339152
403987065 2017887353 1654154525 47347222 999336319 661859554 341583586 2037304283 -1780112834 966147911 799707921 1415276440 -1274134139 555839639 456847214 1761891877 34686892 1093266718 -1206707215 -159171048 -1194279172 1035102489 -1134192183 -1071254405 1088488525 1915561613 832208548 -58906434 1194669551 -1665661869 -1864509395 -1592435729 619261133 1780607607 -164477994 -1234462937 1162830799 1877616579 -1666269481 47355207 1458270592 1801426070
1158960100 -1553467407 -1995534599 713916551 1676099455 1646341852 -1828051981 1684280373 -720539911 382430219 1351481884 -1356514557 828875333 -1806742022 322687343 -2145891827 -1985152929 1902865595 1863363684 945804180 -451702660 725988633 -950340034 2108125368 524651138 -938159616 -1514390879 1698554759 -1866392903 464275484 2111193703 -1205807819 -210131773 1329342399 1777117619 588231853 1752895945 -1757447929
51345736 1907348983 346211903 -628957937 1965116891 -537044695 1524525189 -1274332663 1804232695 -655247642 -2108261715 -1910352575 1546358635 460917132 -1223911835 -112573899 -162850291 -272649011 -439500903 -1963442588 -1961074759 -959814823 935928344 -162215902 259779226 -2119980068 203588983 1910886060 -150476888 -511012565 -891446475 790843259 -2060412048 1905021369 1655540512 -2010647332 2018828059 -1314440625 1174823414 -1598780992 1371204008 -1019514884 -242989490 -740927792 -1552553605 -647371447 949393336 65912004 793588252 1028714161 -207922141 -254566411 -1212022217 -2129057201 108633983 481392944 -358799894 750563033 -963663453 -1660346420 54393152 -1617054260
-408510210 -1367830793 1637954792 1784142901 1007138923 1651048329 -1328211233 1908862036 -1905672706 243147881 -1259265208 -815752666 -1150804741 -1822538867 -1820559911 -829119461 -2027771820 1802268460 1162970325 -1076544731 1384407099 -337797688 -606282045 1320027223 699956472 1740160623 554362720 1192693960 -1855663365 -1576186563 -1549554730 287633341 1377690676 -2023740380 1108559404 413482758 335164066 1074185199 -1030716416 357129640 1550821418 -1037782653 -1736784780
-134273111 176194408 1726169446 -1460548970 -455107764 -1012380793 1589983203 17519656 -451210210 455543093 934519772 1613838504 983944930 -786944145 452625178 -1079174287 270545442 -1351169177 -2036542609 -1600339930 1651644807 -799404225 2121777197 296918301 595526251 -1255586541 -1721322788 746762233 -635966036 -1192399299 -842319066 -1296729960 1615399619 -309914925
-2068496848 208568340 -890043020 -1725612927 1846018740 -1671633785 422649668 -1156296508 1774897275 -1986052522 1158428724 1428661167 568921635 -74081496 2117263238 -29048640 1073063091 -1520659105 -167470960 -752987757 -851950593 1662474926 -1032872001
-1697283760 297469933 -210273314 -1360370936 -1590883261 -1357681104 -2067996776 1535157778 -1058777615 1789302037 -219963589 -2010498216 -19790256 -1533178275 1463533246 -793218911 -2006916136 1798205117 1054792709 1130913478 -1102638743 1919713270 -1111262878 -21218320 -1982282133 -1289682909 106687583 -1621418746 470541623 1419772497 -1687227206 -1062806944 1186206645 -1733147564 -801882192 561974208 785726021 -1729753640 178215806 715345793 -1939567390 2133224630 828890916 -1130999536 -693206396 -778476920 -217724309 587612827 253386438 -1866803329 -2134547927 -1697202679 -1402326583 2142463603 -779744061 -114081495 -249531817 -2025368005 652997364 617658669 -1767729589 -592751554 235169995 1509413209 -1371386577 1683080266 1440310010 -1252460298 1338851621 -1231242845 -344949684 -1941547891 -1394769397 -1769083553 1735806839 1778323025
-2108733968 -1767954156 -1803896356 -2004831922 268682242 -556640790 651869982 2086559691 -537270137 415601010 -1215102831 70916479 1029040143 201480343 867840177 1955778755 -790937764 -89709380 -620393813 1962391494 -1545437899 -1630350589 -805641644 -1398914196 -989768326 902347724 1763655516 1587214451 699945336 146816636 -1181255741 -604543273 2044375422 -1455766145 -1257013877 -257820808 -1348840528 1793558159 -348892242 -1327861767 1533719578 -1479769291 1428676178 159928554 -1299490296 -253719152 -1003158982 1293316648 -1153743212 1572492628 -1935292544 1782677891 530331775 -441138923 1696887681 821905314 -1184507580 -1138157627 -1434726889 -848373981 1643521898 -2073837957 1241122317 -1606940154 760066585 1358990965 884533455 -1473056437 -128222736
319119713 -2105402664 887458581 -235478570 -733252974 1959055776 -1936153459 -1863465433 -57991056 1082964994 1385857228 1776233307 934149374 -1994097554 -1667263601 -1297243529 -1134801884 596457550 725504234 1737298431 -1905528090 -1500305118 1111970204 -291658308 1542628824 1278712813 109766826 -975210817 -760739119 -1599012145 -1947599318 946483109 752599518 1814559987 773407583 -456904421 -787576454 -1251837782 626725894 -1578567004
184308696 669358319 860281753 -1025682354 1893670542 -974127154 -1443352463 -1015414810 1184949240 -1833247662 989638722 1491850225 1133256057 -174782857 1803259528 742963148 -1399770092 471829016 1969190180 1239197369 1099183117 1076394951 -1406559578 867910351 1021647 -1600272672 -202802994 -790420687 -571521264 -610907941 1327163215 93016450 2140488498 142659042 1812242135 231123608 -695500308 443400867 2068670539 1848645231 -2114126551 -597577882 -2011268009 -502412449 -301332688 -1041510303 -628238555 -91680623 304762372 -568500405 2004059243 -1166330961 -2044645107
-1317460053 -450386470 -2043720457 739120001 -1771879242 -1354337311 -1535745575 1219377013 898108529 943820206 -315426918 -1784548721 -1319128613 -2001039101 1874945168 1607464310 1918274382 -1567224986 -1785062807 -777448946 -724990972 -2128320678 -1127522994 548769220 1134141916 1020262607 -617297595 938788139 -733240482 272293082 -718583338 1868231880 1702164988 -466706264 -479041551
-1266178918 -1486167120 1004671502 -614389700 1629662800 -562075352 -337755499 -1867878947 -366652050 162614457 -700962687 446596528 673128128 850546293 1432794687 -695115728 -241739502 -722703864 -1988183333 2079551752 -2075470602 -2137838291 -1523521186 -1488016223 455529668 -439385756 278295153 1486703355 531921121 695327969 1241191493 -1849072704 -2028458940 2061635271 -2040675146 1468118934 -889400010 1254300309 323967406 1551973044 905629272 1580521184 -462892089 -1960037192 -712578070 1661223746 -301387980 2084506038 -1049226935 -390674030 2141511393 276299924 -1092216135 2020335189 -1477487145 -941188460 -903536795 1699984499 1590248165 -652193743 1161580451 1076951085 845439612 1313064751 1733555067 893830478 548932314 -1162816019 -663073431 343100576 443537003 871163901
441113761 187699307 -1349478410 -961282028 2114863478 -1298020401 1754567304 842679922 915583008 -999117723 1965102800 167436655 -1226788627 -1181541830 -731600916 119115272 -1515012816 750712635 1462485970 2087742856 -799833036 503596830 1463595869 269063687 216468333 -960194174 102221736 1535289139 422125040 -539183532 -1796368225 881747794 610189092
-895346478 1870965895 -186673991 -208886119 315396748 -432990637 108493785 -1212994958 1192354340 -518694050 -1775256162 2073273868 -1674083950 693907319 85104323 -383160454 992164164 -1039792679 -177011043 -1574069582 1021610546 -810994768
-1866577483 1830954288 -1816971557 -352706260 -613917966 1628898178 -1699666702 2116785041 649271788 -269486923 -1593735543 -1935770445 1579406874 -720128596 246555318 -1435582745 1302955021 2062345464 -697270576 -854028017 817810648 1852729453 -1801709959 4059219 -124571733 1845499889 -554332193 -488310511 1014110657 587907479 727085118 -779199727 -1985406852 1765268203 -1332669272 734158077 2023524813 854225807 1347482376 -895081713 -1915982119 347880710 1607427940 420621580 1702970585 -752698417 -139357855 398344048 32704577
94897676 816196586 -1136998876 2039689573 1689344471 118369546 1652645846 -1664378047 -1083390240 1422182712 1877238994 -2110266509 1929016185 2091610344 515122910 846670147 1421548772 1433291787 -633574292 1748027309 1780034142 283568840
636868398 -610177954 1143786859 876660062 903379166 -1001255906 1561458589 -479647212 -87802173 -949325990 586744533 1233661304 545539427 1785664599 -841653234 -1214919678 -1055337830 717269542 1308481722 -1420165010 2110229934 -967448279 1300508406 -409224732 493790368 -1709445162 1866783998 -2033807272 1632924356 -1233573958 1007950818 856480563 -1556972397 128644801 -493520519 -1488843214 1003738304 -596197196 1973818774 956530830 -963887480 640351490 789642873 495190621 -1001479858 -109747006 -1681366904 -1330584520 1853792614 1549761784 -1554678465 2024625436 1325560368 185794838 1893506403 1208695445 1574385001 387707334 808546941 2113333016 1975221181 -1544139802 -666133626 1459442352 1051245215 1410444244 1429356766 -781534755 -1626485923
-110036093 1069139640 424265582 -1814842036 1368882046 275359835 -2096638450 117665248 375955872 118733951 1695661836 -37566819 -747306898 1962913637 1161320162 1406627593 -483919783 1778333178 -1370613754 1691568892 235791154 927516213 488734079 -1199703127 -1936915748 2006643140 36303546 140473566 2008164162 -2006432026 -814519139 1325933194 709705611 -2124031078 -293470244 1618436736 1856588428 819259129 1806174348 432625274 166615678 92409056 -388057355 23155295 -1410097168 -1845805103 -623241813 945187528 473083902 287792410 1561255135 -1506023488 -1175684669 158918455 -839801102 431464395 -777806069
2031901258 -1091272919 -1676204979 2054297558 -2105549719 1495252827 -568087593 1151713851 160784955 1912836838 1956687947 264497600 -1495010898 -1967503018 -1364037047 1382297954 1583605896 -559861883 996183405 538254055 1603509364 -1637699555 -674469764 -951548674 1034774621 -1872529318 -1990069031 2064082853 278969086 -1504271084 1712353597 670724810 1601501881 -2122761220 322970534 1292596021 399921832 -1070238427 -971686256 -1782734428 -906380046 -1124951866 -1411422878 899235895 352771679 -1763805891 -342326229 1927883278 -1408530643 -1362513577 -1874006387 567228720 -1218056925 1946189518 2071067129 -509696338 -3149081 1939697938 1288668956 -71710457 1208422540 543980620 -17551720 -1356671794 1437708655 105930911 -1032649481 1153794954 1390156610 -495123024 -1834669604 1752810716 -1535888791 -33715608 -1281845638 1075699175 -523456636 -1037759240
-2027382037 -526017972 -1426755811 -984228616 1744467763 -1363075678 -629695835 -1728614243 -549527759 1793657061 -977991119 313317171 -2028146458 -1363504509 -390424005 -1241956283 -1173791097 433270738 -1895242150 1172741094 -167684259 -380463584 2035726020 1961022435 1393597164 -1051510520 885932564 -1415912389 696457815
188106574 -1416984881 -1086010366 -1629356722 -1962654689 -634493355 -151480967 1671321561 1113934696 238161042 -1602654320 -17724737 -1390460931 1473380296 -1341708086 157859788 -888899671 -1271020692 1771203070 -984155316 -405796235 541896732 2125586743 1727084329 -572435927 2090063567 1644476124 1068014392 1605459475 186278733 946123024 -729848113 1883594502 -1865600542 160213339 -842375270 1166888869 -643199922 889075849 1134156206 -120693535 1101152767 -147079982 2049092830 221041343 616664961 -1793450438 -1909413043 1533120862 -1707243211 -784337606 -1875808956 132337208 2002517312 -920782944 -436238778 -24369752 1398669510 -2063151181 -1652328608 -129482581 -1535468456 415941018 1438708420 1155699434 1114852266 2040382205 238830744 -1328483081 -859552631 1632954604 520942859 -1523507497 -65160949 275927040 -1011877974 -1824766272 -1745712889 1044701887
1687119907 616306375 1792254532 -1731742941 -754813205 -581291268 1470256415 485433181 -2052521209 -722381839 349683833 -987086872 -1321529306 1444449283 -1641296004 -1073566001 -657644095 -1957956784 -393851663 1969423281 -2069177506 -89163601 -727903446 -785903656 949445905 1601785311 912971297 -1149155447
1562010370 -481956895 81652893 -415006530 -1901157045 49329956 820629072 2078379479 -1482296074 427006013 1089843800 -1325514737 70387320 -232093640 1062517561 -185944374 -401300744 -1368473025 -872849449 -272277933 875363325 1306992446 204589132 1032056352 -170260889 -1978660918 -49503237 -844593319 2050166947 1815486526 1861012709 256620443 -1854470118 -1691544793 -1570550725 712860664 807805417 -1631707679 801936435 127590466 1379982039 -933215359 1034355486
-580746621 -1115272715 174457786 -1524440351 -1759722019 -705895062 115760836 -1973516440 828173527 1377154541 -1814195759 1615092870 -168116389 1908538196 1608990558 -105160330 -132364929 1644831583 846269477 -686845691 -1793534218 -186804711 49708466 1557700250 -633786935 -628595580 -922505676 1914765173
1335016820 -1047598696 -1323449285 -2058525126 -1473753925 -1767471149 -1681127759 -868856485 74705030 410097791 2144399304 -855834362 -1723977466 257373097 -1622828583 -15046351 199493202 940147688 250106672 1879270554 1118042251 544136626 -1983839026 1227661887 -124774848 1630828522 1189003626 1877876243 1097055508 1752930748 -206520135 -1445645074 -1152167778 -1614065235 618482415 1433371588 1575353232 1736313325 1822251140
-213393638 -41710097 1758194235 1316169652 1199920272 -1849338565 1615093087 1436401042 -855235255 1090791298 -820297649 -832693731 -643179318 2095279602 -1343132867 994422942 307534116 776455628 -1906745038 1009056751 500039066 326346802 -415023788 1171954804 835332998 111557445 14921835 1159848266 -2012289668 -642932625 -405876063 -735825727 -1272627025 -1205906436 1531432329 -1630272504 1042974867 -771853841 592618082 -1085314522
-993987565 270897307 1559447089 -1827851995 2116173135 7069850 1034403001 1704233036 1816299070 178525880 -2071886716 1129357341 -830996737 -771763568 -1034219904 1958830260 187677257 952884857 801356021 1766768008 -1903577663 -573885616
-381490996 -197356657 -145230726 1783426345 -1851139816 50518318 1254729768 292163733 888210760 1100793731 -791662627 -410714884 -747865436 -91283407 1952924972 -326044360 160739649 1031302187 -1442939194 -648730373 1361232550 -2007263350 195961268 -123935045
165148319 -435076384 2011461866 311384763 -63698868 -1545470759 433726058 643045114 564234639 1157414358 1049488960 -1193413081 1903603295 -1002704389 -1952299385 252064608 629248955 1055755739 2105181862 695558735 2069380863 1555578173 -1601962811 -1359526518 685293176 1742617123 -1568076164 -305453252
-2010640377 1321563341 990812165 1544105010 -157167769 -2022849708 -1327843297 -1563055497 -637962876 -1949585732 -91590975 -2101541148 -487224219 640927349 -182307897 1713105130 308758306 -2144299613 -1103605870 503340705 778804830 1351245657 -666454740 875566625 -134008556 1301408262 775805616 -1823975409 -733942377 1770524207 2076324840 1816827770 1103873747 1986198622 1509176119 -490624281 -1938818600 -1395823014 1950151865 1725498026 -247421031 -146065513 597161896 -1333759881 110282480 1093789935 1937017345 -850635720 942060260 -925140078 -674248089 2104181280 -2124031698 811874107 986866758 1611101695 166612217 -811317340 2135648826 -302274601 -1409400342 1613280572 -954993998 -1876421200 -991055009 938915094 1056791248 -433203544 -1912292358 -719354845 -1884925037 -1876702387 -203333280
1773215032 322551598 -863512515 -633570088 -1500015396 594775983 73696395 -1996396035 -1140852634 888106013 20396564 593162869 -2143320925 -2100854014 -212631243 600249415 -1712959055 433107129 35251171 -1533590326 738333089
1548388083 -880883044 192648536 -901634212 -401501291 -1554496808 -775078987 -296676663 229782817 -274610809 -1534152968 -798130188 1522347798 2033343830 1513395297 646516409 1057771358 -1130183031 2032734743 -475062654 680280278 -1676760784 1095520075 269202833 -881688050 242401943 -1086696803 2141784476 2048230476 -1036013054 -1230642498 -1876656738 1585002199 1040211097 -1007792810 408234219 164465 1684937889 1460680743 -1578419323 1441298724 3944428 1768939633 -1380920402 1394753089 1921456530 -16946024 -863364930 922544805 342616801 2014983172 2061217590 1584722238 -870930543 1857036616 -153363948 -98383923 -1361692356 -1403350395 1573117288 323147757 -273177076 -1148036080 -1390643673 475855955 1678868149
1572436798 -678425002 1619244966 -732432401 178650090 1506428849 -662740614 -501462742 1753444166 394230920 1940714676 -1345411704 -17577691 821719464 -1631640404 1901289138 -154171359 578212627 -1817481789 410876831 -1838804749 -754610502 2132857565 902011634 -904402171 85301132 -1985446384 1769346976 612348485 -258517841 -647808872 -2011147307 1599590972 1632715020 152169998 -84324840 1519935070 -396329199 -247025959 1290134700 53058467 1581802673 -1937840668 1875995449 -1690497194 933249967 -1111575151 726103724 -1389877460 -1449201124 -1907314708 -1903951013 2142817943 -1313351906 1103912484 -874686101 -374504100 745897970 1253657398 -742567051 -1702900893 -268828365 -1924430358 -2137658521 575206861 -2041730981 -2079207933 1972842920 1316405579 -1624718966 1128063153 -1515515265 -2038024787
900372554 563973557 944811705 -866974717 -363408583 -2120334216 -1344266690 1821629987 -1132505546 1504870785 -662906008 386164031 1541873079 1753030521 -587689132 -1978641945 -1065823579 -164367976 -1050726682 -1158084825 1548703315 1827705487 1232060890 1552897548 338074027 -33243736 -1966287079 -1211665050 -945409111 -136800726 -1191924147 -1473367602 -736466163 -1218739967 822558391 -114124310 -1001937076 896955550 -982969537 648522479 1246723271 -1904680164 1387221964 1192608103 475908158 1701290659 -516780075 1370214963 2101841287 833058833 -160752072
917278074 -1057806378 1209214538 246734821 -574109905 203895071 506963502 -1766210325 640309355 -647260362 1243810410 1760239697 962556246 468081960 1939942071 1141649581 -282112142 111646631 1975894040 -974524344 -215845944 -131450574 -983848915 -391628836 1883605091 -1143800718 649365960 175622559 -2025740030 -1047981849 -470438208 -1082947456 1407451912 1595567555 -378001659 -192716881 -1989476169 -1646792939 -1465939724 -1693999517 262042525 -1896636118 -202644755 -2013803561 -1592036787 1424875056 -1774144991 38549396 1016323410 -1778114021 -1398541648 -868627978 -2108899488 -1654736693 -1839883022 624679144 -2077885235 753445486 -598662124 1080034545 -2077686209 -1433433565 -1471165977 520381044 -213679451 -1889596705 -1384391692 1551397683 1118708842
-1485689389 -1359629292 -976282136 1486136207 271606972 778879784 -1419056870 1578656801 -1335629730 -1913626136 -1561504106 -1868862335 1886817519 -1588078655 -255846471 492157680 1962101380 -901351215 -767346653 -750285282 -273771103 1180587251 575617637 -1571203636 29568276 541086457 695192569 2130151858 2049798398 -2040775625 -1803467662 1062898338 1725732657 431455304 1347052531 1745416684 598888641 -67528436 -733018907 1025831684 2036249813 -612784401 -2119191324 -1543785630 781157565 1442332017 -1615501063 1717025961 902241609 -345657375 501727502 -1652167413 44083544 -1983082901
1880001003 -7575121 -428559531 988713643 -921020221 577250827 1322475653 -1571772683 1301668423 402987896 304165190 -567687576 -6077494 -571606045 -759765941 -401102635 -821218591 735367918 -253869581 -1303058971 -1150019771 473555971 1473553102 810996553 1159225085 -1017522773 -2054104481 -609316298 833843388 360889888 -155809245 1189675024 1174593671 -1210784480 -1103290158 61898341 -2000696678 1097682691 200346084 1043252764 452360332 -1941609200 -1839607466 -723764755 978367665 234114827 -201834579
-836276289 -1372335598 -1115966918 -429470912 106339507 752076968 -1765919840 2020190929 1293444853 803506194 -1555359597 -2033378749 -1176820038 1720829665 -315874078 1527267300 -1806190679 -2102601520 -705332042 -342152499 1935939008 -344042545 449373723 1543393295 1683514489 358904415 -326295872 200288043 -56966104 205834016 -300004870 949721544 -1857513050 -2144528984 -754402546 -762758497 1194994739 484992149 -1699766353 335050681 -1710768744 336239845 -2116727099 1667054556 428179596 105269892
-1466846398 -727838376 973427238 388754507 -401397876 2093569213 -1284067242 -1644091660 1637623542 685236501 181441999 -1600282676 -1243780406 -1901505097 430404874 -613898758 -1925566183 65422496 -315632360 2139579318 -1501299287 -331574706 306838961 182393539 335345193 -366514193 -694955892 929047869 765939115 205149115 -1599183888 -235290988 -2057604270 -830958691 -22400374 -1592600360 176552010 -2084993512 -2056915839 -312180170 -737582856 548621672 1943631303
1976522098 1598337255 856096178 1908931190 -799546063 1463330994 65215434 -935921798 1380766213 1883537292 1361833444 634412197 1242175048 -1851019518 1495675759 1514014787 913054294 -1392322098 -70794739 -1838707944 -968405700 -717387648 37498725 1676865445 468980910 -2016900006 -701905865 913584553 -510310338 1294806140 1458179248 -1013044758 577678283 1876394304 -632645121 1672475188 -922477257 -329473561 -761280217 -981072479 403794268 -2059171724 -2042846442 -1436114661 -1326056385 -954347560 -1979700745 689252383 1815011462
-1428576317 -1037004349 -752041433 2123947528 -701836770 1570578937 -981800862 -401199605 -1475881120 -839257323 1225218800 560866646 767731953 673649548 -1247041924 -378481079 1412437721 -1846985730 169407570 -143282107 1760202902 -536583819 -348034730 -2022169201 633315120 -1309235217 1921253430
1521642635 -1273923303 -780184861 1317460163 1993272315 1481032541 -138213572 1378756158 -1079085027 -153311970 -975252724 722474418 -465045020 -1298528190 499731254 -999881983 -21828366 1143140848 -376966610 1522934667
-1906079078 1369782699 1540356052 502135168 1851073085 479751066 -1179667612 1604810777 -78072601 168734293 1525071598 -1680210029 -2028555399 -532441068 -462571340 -74450532 1150031022 1904936355 -231041239 -1866313013 32043611 -1273681835 -818687529 -1982985300 -1067108616 -384762056 -340609917 -1697394917 -462151842 31502217 523583630 1193593301 -267938606 -447319958 1090666653 -1678483637 874554177 -752353838 -897027460 682612665 653955021 70371012 527166271 1037720439 1425167240 1510099651 1086527914 -94580849 2082766462 -1162257788 1027017426 -2044827761 -640170248 -825348123 -1529817853 817103007 359319807 -1475702498 -814199580 -2126407211 1524611615 1127772981 1858496729 -1433764409 -142011028 1810026423 -519047512 820113761 1107723210 -765353564 582190942 -663258119
-613139030 1174386035 1989614752 596482444 86800790 -1481299668 -517537605 1992818069 -1843374329 -394657984 -1439592495 588194878 1493116260 818574782 1659101349 659196959 654462735 -1219689683 -413799545 448767097 -1769912870 -1758577676 1676873190 87608114 -1015856455 260778492 -475090134 -1232099554 220253369 2083977875 -593873216 235692671 1911700273 361965203 1278104438 2032110031 -681072842 -2030077757 116110344 -1122725188 1075445843 333026940 1025210617 -1397272717 57423993 -1738936689 1236387751 164024865 965655348 -1609158042 1709291161 -1766554442 -639196129 -573588120 622013211 1607891179 1426942106 -105476446 -824148979 -534760314 -2051741511 1118812323 13299190 -1125810724 -1475929217 -826774618 78797919 173993111
-596836874 487433310 132137657 -1737355374 1447925390 -1582914448 -215166496 -483226418 -1781506561 813032844 1716941003 1337625525 2062244246 -882425484 -547896036 1586986670 -1967237955 1855068749 -865933985 1694340224 -1616413535 1074067314 1072273226 -85241012 1016304149 -873620604 1140108870 -1879609667 1728370101 -85727291 1773424174 -1402385027 89789006 1437540518 1888163413 961540586 -1013880451 1329751965 -1015908147 1968323081 -161954155 1546026556 -1531526682 -399594822 -2064114746 -1823201665 -2098359307 328219181 -1665151622 14922853 1995561814 -532623980 -2040008702 472622273 -304316749 -501653991 -42779791 1915833681 597774213 -1097139950 -1653417528 1475082767 929824474 -115667085 2000057171 -1089729593 844175961 -2027894652 1791368529
2141410691 792218579 549064410 -1208882784 -998399173 1599878763 945700861 -2110041054 773251975 -580604091 -1504815320 -1037932983 -1401149032 653184766 588810444 157276003 -577053177 774262474 -1589883583 -601217723 -346799775 956740264 -406581018 840297382 1390940901 1346921175 -519617908 1406393513 2090622859 -444503929 -837524460 -1719849285 -2073772728 474530260 622395734 -690449505 1739290256 -1683586833 1444393284 -418444090 -1920767460 -1693832547 1402635598 -1729548061 -441343251 1403258853 2131921672 -584927553
1670733573 1350255626 1122720073 210364322 2134296485 -1193068520 -1870042896 -1932369258 -185397681 904463745 1082367541 -698942795 -1389864163 -749825077 1409089915 794315110 141070259 -709210992 -901317599 -1908596305 378343535 -1999077726 22734546 -257711621 1470196959 428691317 -1137858277 -1563746787 2146147187 -1794515266 -807059907 1612981652 2039463027 228425815 -517917884
867735602 -1606012827 -737906089 1515096628 1208831108 546416060 -574623918 -1841494882 1590680940 -1382898047 -1706882671 109958947 -1215849190 1757709072 1303361294 -2101473698 -1026187501 552655648 209570990 760924524 692103857 -1916137179 -132515881 -1738770960 -2052497202 -416346123 -176014011 -550811555 133073084 1261651630 959123742 -1791200141
-1034944811 76897347 153872905 -305935331 1607626946 -542178584 -735143411 -1826627427 1072446012 664584294 -2131392567 -1440037457 587340639 -953848753 2010786407 1337334531 1764695494 1877212355 1152443063 1019055293 -407860763 1743182337 -1389983442 -1115430113 -833532234 2058901312 693786673 1111808391 -885932137 1882547391 -474630509 1471738012 699583602 -2074816741 -182999460 1606922180 -1944446946 978493407 -1484661812 664275416 2029424900 -522685599 -271466337 -285877989 -1952223227 -1661675573 1458562961 1224648295 348242331 -1807677065 1216656420 -1904791640 710860094 615882880 1223244447
33582856 665060245 1240964186 1072281726 1194653595 1045672976 382624825 874659017 1909581378 -1491089593 1036953461 1821937183 -973688490 987898144 -1504383326 679064133 662606050 -381729814 153692908 -2127193338 -1459568759 1614727531 1067596708 -1807509658 1176069543 -573974219 37603323 -803199971 2008257207 1768566845 1949659404 24301379 -642848524 -1489400403 983998495
1640095554 -207972104 -613255893 -217658075 1243856205 -1353607889 2119145884 600732119 -845695502 1445229971 -1310721193 -139335924 -937114658 -1131468950 -1825000454 -1268137193 -967037836 1284646166 946511976 -888702934 -1362440972 1265542754 -629248892 -74944829 206542296 -1417346529 1228871483 -1067723931 -959195007 331289839 1331311304 545983371 1619544851 305774944 -133339853 767559129 1385424540 -1350705860 84733209 -1352410732 55575419 734666782 1002909363 818112852 -872458241 -839588024 -1327133424 751762680 1118027086 -1668947276 -1876225115 -236648743 1215356551 991231848 -2116701177 308774977 1687696939 687678222 900668406 2128529694 -2012414536 1212583107 -2092537955 1667454706 799339414 -40505554 916206615
-790291657 -785737771 220124725 -1711294466 -786965639 1053243307 -1603487362 -911167930 -667148466 738599148 1328491382 -454498225 -399287138 861081133 1891637027 213464476 646882667 -758004050 -630098740 -1960420032 179906358 1796879346 -1921682941 -827998316 -1790919519 1999092881 651335142 -732569820 769881429 1046673484 -1077975647 646055145 -1089259483 -2138435230 2020953398 37712829 -49355917 -491952351 306368640 -253370613 2126680018 -1447344705 866207860 -1072949051 1301731564 460244842 580038826 265104027 -512667482 -1893518691 -1563408101 -358003095 -1918467967 1045326260 -291827668 -140936720 1153441091 -2055585854 1854626027 -1121750584 1107316949 -608319838 1724711319 916952981 -1296744849 -46863797
989915000 1694377201 -570036888 -1776440191 673372360 -271203436 208247592 734388562 703075842 -1085545279 1512325714 -2127926782 -1375715331 437400384 1982516635 1634963261 186265697 555662741 -1626305221 -166465224 -1588891814 694733734 -1416657475 1662291956 1284296839 -1192564063 1229346838 1726124995 -1557173448 492786460 -807135495 655530507 1487692249 -1562768003 1101765993 -1870296503 476392616 615938203 -1094894961 -577292456 1125211054 847517349 -1741764915 549409011 -2081291285 -1762081726 1877440018 294742392 -1884140589 1722596858 464911216 -980347922 2036321017 700913619
-1306829239 -111365878 1829210943 1782169234 284634092 -640096260 1711587125 -1523916844 171062382 729720198 440692381 -182133237 1678289568 -1160634414 54857968 -2001530531 -1192112177 445340016 -1058608865 525578436 -1530136763 539768974 2048695988 1131372138 281460246 92560742 -542522057 726443321 -632128744 1459055606 -801638958 1715813298 -532141262 846314742 -1234084041 697049086 -353542695
1532620737 221307202 -1951668776 651356456 -284262951 2013112887 -1601351089 44084077 -89943397 -862789383 -1979288579 1951560433 760462008 -1392742370 -945851711 1749865484 264733085 -1188426487 -842451107 826709441 -2009105708 -109768832 -1258738307 1528423802 1410006442 1978904188 1546691063 -607612426 -1539541230 654489152 -1079688876 1955889538 2134275529 -1603531859 1536457359 -1251158170 1689965754 1478594771 1134807580 335772834 -1730697309 -924238133 751579435 -1662648358 -240923145 -1714386749 -1829806803 -617611123 -1233694714 1644846169 -1206303849 169646477 459926107 658264877 -765905435 -1910538581 -609981596 -1217074767 -230051359 411419057 -21510312 -112341182 537817636 -198610284 -1426651564 156935036 -1023114531 2059570922 654274759 -583682871 -1982308656
-1720934896 1602327611 -512599903 -908964911 1433160037 -699428196 1231672403 807017531 1606422774 -2084013374 -256633590 -513703566 2147058513 16129318 1967891224 2048602801 2006916872 -647921481 567905846 -503328306 -1834014576 -2061316884 -717615087 1396290919 -1931511188 1933394199 -448113912 21406298 -79187063 1760742657 -788176588 -1112070022 -317364244 -513794382 -1043169368 -2026203522 230700938 1013660047 -2126022151 -756958916 707653494 -1441011030 1002807808 930208280 -560654015 -1458131371 -1048541218 1111797942 1458478237 1231543032 -756437440 -339133450 1168987971 -380230364 -1016283421 -628836831 2122108694 -573517593 -2112093350 1437735007 1530290824 209658977 195372558 395436396 978230076 1606152087 -673022074 -1302129781
-1239335545 -270699543 -1122394694 -1809368435 1559593595 -1285905216 -1116363738 -524557391 -1207116894 -1487865089 -1218290719 -1274999765 -1211747364 -315044539 1421503953 1933439992 2146787796 -1104107934 -671410965 872883548 -704081069 -1194758118 256797601 2015864651 -758605357 1159988776 -2031575912 1459646987 33090643 1428583813 -2126845282 -245888490 -1189776791 1714383849 742048731 -942774972 2075749533 -1156408430 69882949 -1731756503 -786690573 546379587 -382514343 -85902917 -540763447 1345120911 -1527002873 321880888 1952522467 -848858538 862496237 -993803706 331881668 1282292112 1161792200 666046299 1071554623 -1221435831
992004703 -526266804 1797440236 384186209 -972458098 -1758740449 2122420163 -1261545016 2145650339 -1116133514 -1261320002 1470944030 -1829902286 -1405730254 1046608754 -1260828089 -1470589611 355398441 -1413133980 -1727028416 685075850 1852249146 1666994824 -1608617649 -1939403045 2090685856 -383532028 -254945157 959286335 -2058600821 -266956999 281973311 -329963968 -446553364 1154354434 625478010 1084582365 606216848 2062192958 848806312 94951857 -701659792 -160222581 1212382551 -1891400364 349571398 -2013017515 -800925741 1645294336 382661731 -1165201138 970737187 -79036553 -765722177 64355006 -342052039 1702271012 192576082 -365742146 1018178404 -1272220800 -344846431 -1979777601
-493573193 805325723 -1593623279 462185617 1360158602 808102309 -723147230 364810661 -943735433 -1057968910 -2139446460 1613243288 1690115350 1574471704 715631282 -761977052 -944256315 -1511642656 1552559316 -1045041319 -1766823545 372622173 -601316671 -381887534 -1129640151 493886271 558334214 1096142377 -2147320154 -270515608 -212594011 -1675951444 1707746508 -2141749825 -1913421728 1639071824 1346419486 1468365124 -35354570 -1929866267 168801532 -1355278235 -171529938 -2041443701 -1926112511 -900237425 2051131218 -1181343900 2099099820 1655173895 322276350 -831991670 376881217 -1415231751 -867695014 2061209411 -44939023 -1553523503 513757220 -1372553357 -196359368 -1733256759 -938853710 -1337083311 1685454726 626115266 -979875785 555059293 1592574753 -1491416745 -790530748 213108369 782624585 487495215 1413650066 -1908413738
1803756691 1130057470 1813404601 -312804165 1840481088 1583800788 1615007582 949484590 -13595011 1624859983 914531764 -693027196 -1193625746 2050955616 -536972822 -765076802 2095082666 1005840046 372975393 1129336301 -253626356 723864030 435756130 1298178586 -1777015354 888221459 -1287627823 395812709 -1974581061 -291995208
-740201616 -209948660 1843688572 -1185207476 1190148861 1317921267 2051655070 639550845 -1176634923 206352336 1044743018 689122125 -630846229 529692545 -1641868030 -468431819 670470849 27960822 370379617 -684019134 636143115 -1325543677 -377848163 101765125 -1942591855 -730190216 1893006188 167426509 568609881 1490724462 652428520 -909918696 1044941060 -47264029 1896246934 1435013445 820558712 -1625560439 -28372316 -1771306866 -81561153 108516570 2093656177 904880182 -204868306 542915951 -1854849197 -391698178 -1704117047 1289864338 -1125277293 1721202909 810729958 -1382560495 -1298783300 134965999 -1508244721
-1349737451 -1552581972 962036012 1339718066 1784708715 -954833315 1258775265 1227508223 401963027 1393247436 -1191417291 -65254295 -585177042 1429914171 1872109683 -1756152956 1972281390 -1817921386 944987220 1355169186 1152080025 -1709795605 -1685813667 1816779624 -740645363 1232751641 1102266246 -1416016995 -1610171773 -1474516793 -1031057892 -964155323 904427223 379808920 -2056588057 1139925230 -299724665 -1808108900 -243328881 1870495305 398643130 -1727876855 -89008325 -1163818245 1166715268 1732575274 1408792186 834483637 -2135901592 -443163498 -1862808730 -1109852031 -555686627 -315189083 113541382 837980511 -380036715 -70012640 -1476992780 -186877936 878512186 -578340553 -1314913729 -537658063 -920959622 -687763017 791184018 1685868170 -1396530811 925491068 -251712107 -2037408601 -164710315 -693439197 -8374637 -494142040 -461439506 -1309105148
-102028971 609995495 1923393631 -1131548820 -70163851 -1948177112 -694573868 -1476091316 1167139167 -1235255052 -1840914152 1282010167 -450473007 -39971287 -1524187163 12959233 -2071640576 -968071738 1774264370 -1072944844 -1379497745 621976494 -1306387036 -70809220 1056598531 -1048938325
1475436612 -301740073 133550261 1216449392 -1710569824 -1031565235 886581619 -119788522 724539757 -1696951323 1265450241 1859823136 720225206 -354788783 1856922867 -1727084246 -648262823 2082518088 1488269721 -1527131014 -1736178711 -1164654950 1797894532 2012316209 -1712976938 4762244 1506749769 -831647299 -1962248245 -194756795 423254916 -32897647 -305934249 -839712528 585650463 97749016 -730184242 -1632110460 1704833491 -1642419226 849067633 -2134369991 1097458927 65469232 -209968436 -52650212 -1574809000 -1343092098 1489210463 1951679197 -706352176 1554776734 1665022592 301160167 -814119302 1034573275 129790335 1558192561 -1840133987 338695279 -605116405
136818600 -1820158923 -1894996269 -1283496868 843117173 -206282846 -1646494096 -1990261790 -882523183 2109448182 462976897 -1479554343 118602044 -1756858706 1602314519 -1638275416 788912620 1663236668 -874716845 1596095737 -1103226344 1663027705 2096475214 1166271184 262981234 -701141670 1739441464 -972443425 1547871220 1865151074 -1785647677 875120919 787662815 -905740457 -1302747199 512008578 -2100466688 -20591688 -625316597 -1592891313 -818068683 1396814957 -2007694939 -1035741906 2099712559 1232035648 -249134049 522304478 -983330696 -1053908597 1003429949 1170191363 973591991 821599795 1812695002 -1311413700 678483762 -449261868 -304966136 1176202869 1313520021
-1744338820 -893774983 -1072366863 -1819383266 -204260567 -1324469302 1479588102 2005891584 -2118258134 2033512372 311859141 -1040135820 -1278493212 1129101471 -1624896497 838627215 -496110229 -1771356763 2069368515 770030997 -1018379483 1328352612 -1740932105 -131799309 -486350932 549257492 54633092 484488306 -2145413384 -1702968101
-1648118103 1952545725 1265176927 -861756506 -1614959693 -883004142 1204906653 -187361071 -527889374 1374933587 3438585 -1000624822 -1178078413 170144071 1285769621 -680098010 621467202 -1581940092 -1305534747 -228331116 -230244480 288745489 -349011326 921808414 141033442 -1958565299 1777323839 872125999 554273884 726114064 65696378 158617812 2083027535 229334799 -454983757 1646076102 -1171370177 -71373436 -676894366 -2099376472 -1994123320 -770853362 2054943492 -419433588 2022406610 -1709898539 21672054 1419651003 -444975613 -1221042959 998352519 -1916937803 157797493 -465940212 39379144 -1932177034 1088698536 1490534981 1755123877 -412244997 1198127290 -1331844777 -1147369032 -1825727741 -1980967979 -487600646 -285790372 -112929510 -1511386137 985206921 -1878579327 1578787282 1976968856 413411812 312567487 127032915
-549059177 -1119196756 -546154986 1144563064 -1819207109 -806572174 967076845 -1436500580 -8690660 -1427912293 -745173178 245683437 -415832549 -972548818 -2098511441 -1262694477 -1393109802 -1919651584 -1835945828 -204352541 -2110140411 -1367308989 -1242880152 -170824490 -1842098649 -1031835550 1056316825 354596412 -579297699 2122050833 -439392920 512672335 1706173588 -1301789281 -1303757185 -1400066229 -952388630 1338615950 1135628548 255139868
-489967003 -749218602 2015890521 1593751640 421675203 1960732949 1458248561 -661887852 399303351 -1766105112 1475739427 -1533620039 238058063 -138116487 1644527923 -94715290 254862190 -965963452 1101346906 1404528640 960345058 -1926036335 -1385490307 -972458283 1776445621 -785329858 -1654697438 588744581 -2120510269 -1004128830 -121752289 1010652317 -826809203 1328141166 -1243018605 1689894788 -618329269 -1235642380 1010178586 -539115622 779480391 -1661846739 631197243 1930993565 -865035416 -1137027818 441592869 -1396691633 1447556108 -352694245 286986907 1295630165 -762446565 1594538904 -1596918741 2064856418 -1423357096 1662435996 -1887043419 1105811092 1785268986
1872032203 837497373 -34046597 -1837924267 -672534715 -1868536282 -1322516305 2108280852 -949928489 1435660527 -449907945 442276020 -1442501163 1960276026 -1640298122 1362956805 -1785201451 -1333857559 -294196827 -963694234 -261251418 650625254 -761061725 -1920496061 1298440577 269466946 1201256944 -1945859361 -921919106 -86161760 -619301350 -307575469 1107033929 1349761492 864054935 -1620503339 -130167275 -279250234 -1966161707 -1578592451 1088171215 1029449628 -1119835505 -961441083 1243250327 -1510745576 -957056670 -652857328 1580611179 526162749 -1603280992 1166037101 -1933825499 -44405448 -1285782942 -2016410532 1089183911 672829310 1261884643 1212966480 -1652584621 1023992113 -1296116468
-1094075711 1370392007 870284618 2122124854 2056433323 197373933 364576679 797833016 1156366636 -1344751960 2027363864 -1477769303 1767347497 932763838 -1522125805 523905534 1534382095 -1544859053 -413219483 913968248 157677246 -1403148074 1851565633 -686675543 -1896438332 -561229539 308547739 -927181513 -1690986290 -739437618 1443904182 -1628188448 760362330 -1666132991 406602492 785526206 -658797391 27827235 105809165 -1375568437 -1898378988 393483549 322677785 -554198618 2105817653 2029898676 -1258809742 1041923734 401503464 -1330911182 -161259940 997329103 51657242 351419462 539171879
-1165256447 6081320 -996199041 -808444963 630849685 -1795674112 -610054654 -1150132327 -2108607426 -1989179768 -1504826093 -1213368138 2084198350 428718575 -1255068435 -1775158081 -1592703312 -2041946624 1578043131 -1251168507 -813585822 1768453763 -2050322074 -1778929502 -2063956960 -265301789 51069422 463023291 -540795423 774886416
