1235598660,-1780969707,1388330448,51863835,-922944932,1272044913,574533546,52140208,350221171,-1961601871,-1308842341,621317879,1272158041,1178061769,-422333400,1733591857,210719109,1390034239,-207018046,-428479160,255763312,-876640274,1423129146,1928410678,288522016,-1692010490,1893792883,-857795928,-1447741694,1911282774
1135305694,-695396611,1730325453,319150864,-899235116,1659304643,-93290691,990589808,973281702,-1390185111,1919476578,1033414577,225832752,-2070520263,185747235,-1892030622,-700364556,-1192110393,543001111,-695863649,-1802614976,-1357701567,950628170,1138959235,51568528,-1552366069,1422129216,965762778,1722702128,-955311221,1098378297,-685839333,306081829,-1065821376,1658130358,247635092,988365389,1338474777,-414855109,781060583,-29988155,1844955652,-663918505,1326678964,1276374922,-1447281980,-1242185759,-348478313,1502209378,828948487,1260686467,1034273365
-1150305353,662926972,-1912492719,-1284115370,-1257106544,1969178017,-1085443260,-1991521442,-18279182,43932324,-2033247956,521769692,1376403959,-508626792,1162182789,-25622898,-873309240,-2058214732,-2009666634,-116515948,1147551276,454038102,1933497806,-530083826,-62037919,-378566325,1614090607,-43626237,7540527,-656833459,-1003265270,-602219900,-1269255111,346493388
1045820945,1628749462,-445689615,-1264128297,589069114,803143839,-762848033,-989174732,-1845234039,-1868261622,-1895159749,1681897736,695753375,-267735753,-892039954,-918092410,-1672929380,-1628917047,1244009513,870378789,1205761220,-1934109063
-560707694,-1352832930,-1342252506,-848677573,-1599019802,-351524385,-1197566929,484800898,-1673666277,1555417672,-1856720379,1461423864,2142583484,1004478155,-1123053573,881421362,324378844,-1248548428,1258764896,-59972505,-923882424,1974709639,-818091057,737995058,312145919,-384905628,-180118332,-616717162,1411304674,1928390067,642349170,2037231427,987321511,596044796,-1300018476,-954603753,1151436819,1373904150,-1499972606,146385383
1373747843,817720517,-1836222338,1694790683,1984827418,1276528749,-1852422683,-1733257527,-1326145818,2095554529,1713108708,1581642860,-1773956530,981000694,-694299192,2071254985,-537861259,1163920644,-1368392089,-1981404116,-213659933,2141844918,502597217,-744146345,-2100461468,-518349022,194209192,422822071,1520834864,568123417,-663067839,-2100634919,1609659468,-1834221121,1396869707,1870556188,180440367,134579037,1488055104,1579155878,1252043943,-2020913291,682405242,-669425765,611237885,-1465143786,-1361136391,-1790562932,434994775,86345842,-466395037,878147117,-490028963,810865069,1006412619,79883851,1647357471,245115127,-2047147851,-655673604,1834264374,-33683236,1368140249,2018348823,-1521874648,-1891035174,912147751,-1789614106,-1160742895,-379556301,1080172939,-1741188838
-1084103419,1737939442,-884543490,-1517547108,-1007041897,-1930580725,-1669728785,175186577,156522484,70061393,-1892693493,65662505,-351050818,-1683608247,-416196055,-2096701003,800476731,906005512,105563912,1381200943,-1908305228,210978296,1469243338,-484446558,-723326466,972828123,-1712693086,1039455944,-2095773096,690024974,2107893964,1593827316,-828436360,1690751506,585161661,702842418,469296607,1001498696,-700538468,1784199084,-513853324,-184333317,-483198224,-1701302194,2104940369,1688244132,-567452775,-599823443,-1744271145,-1880006808,-8486652
1515957767,-2069511196,442939290,-1392968128,-297318636,1300352301,750683000,-1490332835,-730452685,550414866,716480613,-635296112,1825871286,154103715,1918340352,76890312,2095723096,-1199811338,-1689250503,1274251567,675644122,1160734504,865439746,2122384085,340929486,-501614174,1899742277,1822720144,-868391246,1305106077
-1811795171,-1205280960,-1484950553,1550284078,-2127661686,2115867139,1928376294,-984239728,1133935576,-1607106515,119790301,300303245,-1192048677,-343126873,509349998,-1532780049,477202533,1811158634,867968351,-1883133585,1476740771,1248666637,1154461088,-395918231,-433683002,1161049246,665968268,-214738477,1444755685,1764002228,826921327,-648235157,-1764674783,-899154236,1722411592,424667951,1248785929,792773043,-247961905,-1138474990,1914733120,-933396307,1394825657,2037141996,-2098196899,400695604,-1191012807,-2005930831,1441056786,1214010491,1387155402,-2016924955,-1278737521,1081908468,1887007275,-168130737,1795390760,1558288679,392885675
-1041264332,-1613977659,922858406,128407590,-1410167240,1685338365,-910000306,1480679494,-901741243,-635870963,394823342,544749606,-199410530,793477147,2039234540,-2051326167,-1401411427,-249687227,1419077326,-1186761873,-1781231914,-1849556235,839962239,-1719412155,267270012,-1087044998,-1391785071,22248411,-961720061,1926157524,1218263621,-1928403400,235039239,-962753842,-1167497974,257583985,-1938971284,1392447058,26758979,1141739288,1820495045,1593282296,295872589,-882682125,921445625,-1649826849
1360163566,-1735710429,-1269942592,534080499,1705734225,-578646086,-749237184,-1445699643,-607491019,1621409266,1548483972,-729951077,26016052,-923398816,-1046857974,1340599204,1486105695,-1021343772,2138181815,183488867,921044340,754384322,-1983229141,-60278162,813737552,66050578,-1251148196,1294755955,799346082,379214170,761849186,-353371269,-1878636319,-1551038855,-1126124657,-94104718
-9526842,-1273188670,1372489190,1374751070,-1097542024,675662588,330837007,-565900669,118383175,-997858509,-400323313,1666792969,-734686381,-223204506,-234002311,-144740777,1867661381,-1235079183,-83041001,212551829,-274686285,-1331235294,-268343321,1721008475,-1719362615,-1178922485,2081970023,1124733099,-1224238300,-1170356839,-1554690286,2055780641,1832435713,-1407681307,-949254359,-2070524312,-253352810,1028602826,-1721797450,-1962512656,-1012423745,-1712205642,2085873101,-916151075,-1499850531,-1620254523,-1437196779,1529553474,750008827,-1210638069,-1489979514
697069617,-121089743,-544912525,-99972282,620319309,-737359038,-1477892149,-184939020,-429087313,-1167999802,-1732143973,749829471,-1635579533,-560767728,-1268748842,1198279675,541110229,-1021856556,363468120,531798434,-1877620271,718654204,-1835400920,759881348,1665894666,1081232059,-947164675,-106507940,421845996,2071459553,713022979,24902884,-1106491372,-1186759055,-654984226,-347359094,-1428519186,-1107327376,-612574737,111507556,-1797797729,-1988690689,676847061,-2060867488,-1865170650,-1722742356,375195701,738363071,852419517,-408211708,-1959692098,1844163011,644968581,-1757712020,-1742328217
288569441,1181587248,-1884403717,265510862,-2016479,-1098132004,-958773034,-80504769,744260579,-2076933942,448554480,1995590225,1346365365,-396129028,492183322,-2024244318,-1546614145,-428868053,821012616,1695774797,-529052129,-120942305,1203628175,563083099,1363120085,1296840513,-255586898,-1820421511,-54929439,1740126062,-1909849902,1929086187,-127443093,1727989773,1158756309,905897408,-658665310,889992803,1871031367,-2040934073,807331110,-356847835,515963505,366491073,219727530,1999764558,-623776618
722228693,211897395,354088572,110321486,-94225559,828921300,1228825898,-1044575624,348645286,1833823860,607602418,164416237,284615664,65496170,399134641,235843835,-831710545,-1059720391,-513131179,846114650,914831734,-1788943138,-480280417,866881188,1943834982,1247016041,-440717783
-993125932,1250346447,1452899242,1773322027,959478057,307988221,1589136761,-839253109,-418170870,-38007248,-861235121,-898785090,-567967048,1877870979,-1371956400,-1305043385,1851464888,-303819831,1762735692,-1633538435,729442998,348832413,-1041964991,1762213060,-1905871195,152043958,-938540508,-840553731,-1400368597,1328828287,1401207264,1317302847,1474591548,211463910,940853662,-1522722106,496248580,-1668980109,-1820018873,-135381205,779425546,-1313160035,-2137956282,1149963989,-710910830,-114372264,-685472366,1602552751,-345657790,1120089330,-1763699733,-895074533,-927452153,-1812401121,-1003213725,1744847397,-666784455,-2104753838,1178022175,-955157253,-1644210948,-1415425203,476797535,1702310301,782117098,-994225925,-1143334981,-1884731952,-1157466642
-1163017810,-1533599656,1421922162,1928779650,485908312,-674357915,336385212,1789993691,-1932622721,1548985933,-1593546603,887630,-941519914,1305811067,126107435,-1025959511,1420079490,293250983,136111672,2010754074,-1498885671,315207495,-2003981470,-2075138370,-1014837140,920004420,-1130560284,1867454839,86305607,-1748357136,1669095534,592260865,325287542,-1077548744,1885305930,366606663,-1325138997,-880211691,1959636671,445542131,-1721951521,1853547848,-1699364934,-1908822461,-964983467,-1984109498,1102264489,-245704413,-315718811,-499218064,-528593238,-2108416393,1888775320,-309751674,2137901797,297043127,704045264,-848311203,2105840949,448481729,272829835,2133572816,-1124416243,688974825,2087355240,1176506356,1489788057,534720597,-1312989207,879854223,-1865018845,-13452664,-1424568455,-679881783,1068157880,270928187,1942039473,-490094556
-939594637,-2054735402,-715442263,-1647380584,1667549391,-2000925274,284443491,676056332,-161006558,794645587,1993231889,-358874141,158463809,-972485681,228377622,791701074,2143543581,212724298,1732853428,-294202520,1858918163,1236302328,-815092103,1655409263,1345756802,-1389023977,-773834504,-186038120,-141370466,-1687884240,1783610812,1248533718,1777410435,1949560988,1691563641,-88271351,-297963635,-777616055,-719362427,1673998175,-898060314,-486017090,1864469893,-378528009,1491209055,-1337739428,1371083115,1514924742,-1170135421,1557221606,84759455,-73111618,82746345,1772616770,156181884,325584684,-1673967670,-239680896,196644861,2020447841,1587296466,-1465221093,1435820727,2000802964,-1407034822
658914826,228459270,1452419862,-858855477,-1092809581,1593103207,1540167403,-967402537,-903274524,863328376,-1384955004,-819321480,-294427529,381279473,680912901,29546754,260727007,777176228,2052030784,442326286,-1279593409,1891359713,-742754489,-1406066052,-1645082624,1967962396,-1506539455,-1135028037,-1042601794,2073760973,-513635199,-434675129,-1969538430,2127575959,1683187668,-1126625933,-83510218,-1914634580,594951194,-1610017432,421416533,917096047,1669345559,265269101,-174100255,2112269146,-560241270,-1202902936,1046129818,-1424377567,-1829511809,-1893017948,-422208660,-1947221993,-923500063,1034085331,13272104,-791258927,-644086446,-1548995753,1164606839,-1166279160,-1149582785
732580874,-1742905149,208135726,-926788983,1187147798,252795573,1879932506,1620131128,1302205951,-281599261,-984598144,-476712319,-813965741,2080417929,261157627,-1045862178,-1497452295,-1190315970,2048088846,2042455883,-1877209175,31903574,-1531555712,-783965874,2100861854,817283463,1457504110,810028854,-845495670,-303262514,-1052305060,-1763440985,1256638154,-1390659693,-295257460,-1609312427,-992569637,-133761781,-988950381,-1754992626,1502816267,974441437,-971925976,2023673854,-1355003789,1790577416,1052112959,-250525650,-1362682844,111106307
516346189,774551967,1814071589,-801284083,-899679821,-1688888949,974709575,1011784188,1898524578,1239272865,-163987033,-640629824,1716284366,-569822486,1553115406,928075095,538214431,1072304940,180371253,-282216019,-112193868,203418017,547996516,-1043114890,322858283,345194218,889908572,-991694530,-363792353,-578891710,125982327,1258227645,-1414554895,965178870,2059063564
-2095607861,231177492,164123160,452316260,1285004258,-1547081630,1916227866,1818756948,874335226,-1095152494,718783037,1766677238,2046489903,1507015603,1413156540,1303991441,2009497073,-1417120791,-1653690495,-1031842349,141374287,-633584288,-2081206768,724069856,291057273,135586685,-343240797,-1438306386,1296633471,-1167354538,930344597,-1412032113,-599586210,-1708459676,1699956227,1847222799,-82272451,-2078191497,-1602096209,-1782694401,-1602199821,1983382505,-181029848,-2007043119,1512022733,669047574,871800103,-789819354,1765156493,-870542325,1502599740,-908832859,-650522700,1367724924,1950158761,-631303666,-1429134076,1543938043,-1366259826,-1133614450,-2021705153,-1953637273,-240349883,255172948,507253813,2122151330,623680271,1471363683,-480196355,1692481414,163659247,-234891862,-1761681278,638156056,-1102326826,740457553
-1138479106,1282770943,759951189,1113126224,-467547346,-477154916,-1604334762,-281332831,-354724632,1430124722,-1614047825,-1381459577,-968260635,-1051531967,-1206319417,1309339770,-907246640,1399438503,799679910,-1431217130,-746124043,1473106245,568527051,1464200297,1883685688,1944692834,2079215675,-1466724243,228528199,1399888463,-158946083,-1202049837,465235219,-591408948,-1006565115,1619450626,482168443,-555333718,-1451743666,2046989406,-347133622,-258362447,-2035039060,-978727475,930431331,-883395645,661825216,1579403126,-241747910,525791297,1801455470,-8874805
-1646719828,91378860,-1313791799,-1394897612,-1635872881,16401309,-692276610,755059102,1259578524,-276393507,1703654859,572078332,48553237,-1070462946,1695009899,-539097318,-1398254995,1010209267,-309499085,-1356553141,-620507346,-2030469397,118196123,1156431517,97657373,-1502461726,1496455548,662248013,398983067,1963867026,-1973390054,-1303282307,1060836685,-1253475984,1435550053,-159440092,1205089279,-1436722763,1334709884,-2072385211,-601902139,1172540346,1284952177,-783045021,1736275555,-379786360,-1587166637,-1557753293,220474350,24187823,-1581812376
1308736946,-2001422250,-754773830,-1492314693,-1350761642,1175592851,545326292,807583409,-1900337602,1892698877,-838682675,-11398910,2035111728,787129982,231370117,1148257966,-78529991,456413293,-1698500562,1899881315,240954577,-186691877,-261440242,-1888920594,-768751043,-1431222740,348043650,1876377838,981881396
313308229,-801988406,179099077,1020098773,1834366706,340628708,428101239,344580413,-235902009,-1819005426,517669809,-2046799212,1469455275,-211995588,-2047352228,1340858174,1311574129,-1134908037,682830534,-1550255700,-1211095202,-1491640286,-1009674039,-822746200
-796015546,656894508,-815120655,2048307904,-1481107342,-59054264,-1237413110,1113287954,1723895191,-982232594,1251335246,-1024635893,-109855167,-849125752,1250457672,-978914149,1845945611,226532222,1712390977,96494460,1214678613,-606901542,-1334772967,-714950286,307855667,72053294,146553690,-1393162285,1192213416,455517365,1838655113,283173193,-1368203757,1303071671,1948815552,-408309034,-2029858327,886026546,603438969,-1159321320,-1821444188,-1696640842,1382290091,-513464882,-1900525574,1271378576,-1653724390,1824786842
-709536470,1214751211,543708679,-1566025101,659245233,1118152054,803400654,-1240932482,-1337564936,1644171103,122841429,-1827043810,-1425596004,-2048702489,-1246859913,-325905411,2139867239,-1387492737,2134753930,-481502599,1695947257,-1620222050,-1307200099,1401681559,223270052,1160536020,-1616830975,-906879945,-462230120,914789405,-250488566,2108776585,1546976319,-617216134,-1048068586,-569526337,2092922858,926375357,-1679536434,1284250115,787131309,-1961786460,-873289812,-1095072853,377717894,576703529,1191146684,-377797461,-2119262780,1649413912,-1351291227,-1485745333,-1387974746,-1697932063,-842325014,-606956007,197116993,-1860494417,-144895379,-1379903200,656201383,-817716807,-1246276299,-1651154343,1282392133,-1454071593,251488880,1486641505,1134991501,-1496352937,-833694277,-141003156,-1646531884
1508221600,1555410041,2054383228,1102482360,138152799,-48971066,1166994773,-568289933,-2044770320,-1938091642,-1017404352,1993831595,158452040,-1242245679,-2121471467,-1557220826,-1883282213,1974751452,1834309830,1920112212
1718036073,512505028,1964797673,-983618083,-1176588672,1521479329,-2138236501,414037979,-377541025,979147510,1348790412,-1118978567,-374002514,869762182,1517105915,-1458304601,-1007725321,1941912739,-1803999114,-1819483342,-1886478764,1677839824,65583203,1014054653,1797630313,-282004313,1037148960,-118818031,528189844,-43613444,1652557912,1453387993,-1135252125,1181307203,138479256,-1815355611,-1219634618,-186293714,1031749665,1881239672,-969445499,-1366287206,-1570612993,-210574977,-202087309,2134622123,1134543450,2024868830,-678742556,1600877877,-1673763061,-555755214,-1529596197,-1137990051,132386162,-1046519213,1000536199,-1945602433,611615366,412171993,-787890832,1177978962,-1532501460,1816447201,763653101
-123039539,-927114991,1438364633,-1345487043,-652297694,-716063016,1365793670,666678345,651716945,-1613465350,1609164784,1897471220,45780541,434664011,1940067381,-488971116,1590592537,1801340602,660720708,1270533104,1228205374,-1078831983,1665113813,1897129511,-1675102145,1199840762,-1681728872,-1272332336,-1321967047,-1117536572,2111294128,-1970842526,-498087314,-807765401,666682978,1653437910,-1899484395,-1654675899,-378337271,-1249015158,-1653503125,-1304726478,1240563533,-952646296,-30130419,946692406,-2005527916,-1527628729,-59816311
-2044394569,-1054834544,-1631083215,-1833796866,1793944569,1287233060,1094107187,-1605891524,480576308,-1627085699,-927524122,-1184720695,-541284780,1580342803,-1777335194,13182448,152195337,638261760,-600438174,467103238,1333558968,1918151654,1874806068,2110539503,83240626,319882768,357028145,-1090338585,-1173239897,1203081687,-443283134,1486229374,-1379060132,1308600902,-2063378765,-697532700,122102684,528997633,-1312839094,-22677146,2037550443,-791816862,1849881243,-1037115080,1509134209,1937069540,-1114823782,1056981621,-686536970,370074564,1224385393,765632867,1014480185,-196278043,911487124,-1055332102,-1239675322,-1120841741,481203473,246234534,-862175721,-3514677,692173612,1248966731,-1347063461,-187772134,-1211893973,-1847374454,68844901,-2114534077,-1924162963,809329986,987497319,632296838,-2035932223,-1812928935
-2065176738,1946525940,-359023940,-1508159664,1264971561,1928992171,620367779,1127200053,-2015594994,-757204109,523425305,225090098,1637496858,1079652118,-1226487877,-39979892,351895724,-127475920,-1587448897,634287579,1333405971,1364480001,63051832,-1124981506,-215327371,1232832643,-703181929,-2086001842,-992195598,-1666958146,1841150580,1974931733,-1075502584,1412335963,-1574666866,-202717887,-1895564232,-538684297,-1772631024
-1294619670,-1623234630,-1984098794,-1686740322,86275981,-902916185,784929646,-900997714,-877577982,-566916044,-265456990,-746014459,1325760058,-295174499,-1882303434,-1566590451,-1330343907,1534754932,1999842861,619175753,1919648685,-902815747,2068394962,1417678540,311343467,2064481720,1433828788,1461368815,1176858361,330245950,-2039927311,-1854579650,-2135275776,833243984,469636279,1141584818,-1545475245,-843310292,256809224,-1563336667,931605844,763194658,-894572100,62809089,1949190294,1461023847,1297726156,1304809531,-1755894845,918528553,1143149260,252468607,2051075008,-962198557
-861412180,-1563507442,-2968846,696168949,729934467,393301875,1812998503,2030096526,1747628698,402442201,901353501,-420351546,1305873814,-1736469387,955865614,1316328655,177886872,1991927595,587579618,1109201365,597513207,17670704,751826632,-1229698750,-1637748944,-1933188368,-1600904823,194216765
-1276389582,-1710918950,-1062124686,677799773,-296107910,1622340081,-1390996200,-1147153372,-920958546,1089915482,-519531729,1442844945,407016188,-628411382,777793802,-1894833039,1554487290,-906147660,-75921652,-1516433487,-692759538,1021794907,-227989578,445717007,-1548072689,492937000,-107069216,1750504084,-228045780,-659470724,-538800826,1325350208,529120524,1965771593,877746758,-1711087737,330337079,1690408861,-556358169,1728487420,-670716492,-905556609,1903401245,-192008885,1101394162
-1764105654,925098093,576929515,1773744006,-66866168,-1297854954,1636812166,1189519477,545680421,-550700176,434806588,451238637,1757030126,754264590,-1592008194,383413483,-307182928,861073179,-1683474346,789299096,-308603013,-593622575,-1004377908,-221604641,-2082248919,1170550065,1206087562
-818919010,1417785584,-453505470,-65473311,-990668464,-1251942992,-964889009,1806871276,1247618057,1922648175,1418785050,-1681027560,1774265323,-921308860,1301719743,415296385,-1912683340,1636309319,-302644497,-579402563,57882947,-353631279,874973207,-420719056,-875944613,33298149,1590624450,1563192990,1338269606,-925823251,744105787
605704187,-89835096,-1660748939,1837789596,-315658781,1016851554,-1679667409,851290959,882942809,-53630618,-5148589,465941037,-2079352879,535603377,1788482975,-845224373,1579755387,-1025722392,939913606,-1590914598,1241877192,1540662666,-1978003624,1268640120,1776611884,-313611415,-1264034144,-1565377086,1563662885,-680489898,1797525708,1159082541,317496188,703289627,-791958253,1482493206,-719127605,1675497645,-1878655341,-1162447594,485278270,4558754,-1910685511,1471295387,-1889266531,1731691232,1834364389,-93801292,221159561,902648214,2132202572,1165536299,-1371810555,-746638736,-726969056,129411032,1332654136,-83959802,-176885265,611168052,2012226928,-375086956,926026824,-1125879764
-92760848,2127821731,1338255671,-981114160,1678607032,675405186,-2026135382,982897922,-234779190,934659027,1904852298,2013195033,-414411527,-1437342312,-1237281758,61785384,-1261754884,-2089699895,-297074793,2071247300,49298601
-758377543,1645827526,1433878883,1171361334,1351680987,-1215294386,-1617757487,-993157707,1480805733,71176971,-1112709424,-782457938,940719080,-314489158,1922543274,-667358972,2003311218,-598215700,675850887,1536409385,833660451,-373264373,-214194141,-823799103,1065063936,1969581726,-899127103,-291535740,-1499509754,-1490329909,1474857567,1191930984,-1481833598,410492189,1995296810,2117298942,-1035399009,-346915448,1441791540,-1229263589,2014250304,-1978568279,791690339,-72923717,-942485745,-1249456303,-1189399380,825836067,-24304938,-1417086140,1660051585,59333701,-783103731,1417346109,1807235463,-624283801
412924469,417481100,86708997,1545037153,1300852196,856626616,831455222,-1617190501,-307297145,1479409921,-1830149170,1452752489,1458666468,929612260,-1000683900,791521062,1062828683,-218663087,-533174701,-1645969257,-2032293795,1779558630,1788751332,1106005566,1883933521,1085316704,1352935596,-105015056,-2126189451,-16549298,-1832068717,4811429,2124351795
1633884118,-1349176434,-554101546,2065370333,-958507475,-226005907,-1775645109,-865944431,622966831,-1238660576,1081355819,1259147530,416061941,1342772861,-1319407368,-531403454,1666558,1821573733,2134311334,1920652160,-1020127918,-1687059181,-692320163,559531723,1353651689,2025462965,952803709,-1512681570,-328641716,391021629,-1926692638,-403499049,924593532,450146936,2125923688,217960949,617622035,-1673054626,1967718577,-1981784190,-1125872727,-734100308,-822036699,-4625714,-351241351,-1089926480,-1830298566,-1711773731,857385283,-1179575709,-1728082187,1216622754,999327091,23921596,-1255368017
-1129023103,703000386,2057338908,-582266209,-227753317,-7385629,-1730442615,-1657460569,-1603087742,-351931900,308573540,-1995637974,-1851958607,651371993,-736729599,1609480828,740124099,-496282891,-1162986085,-1266613673,-819387627,-1978855644,1464633240,-217537333,-1458222934,-1280138632,-1020164080,1463119987,696790863,-749905247,1397567119,2033755625,545262847,-1793966206,-980094694,499699835,-1567100536,688192768,-1599220880,1589507614,1938647405,-1872292324,-2103894383,-47426910,-1413289202,427734339,1492552835,429068839,-1701219834,965324260,1297542227,-1105740081,1077800148,1155957571,776372826,-1591847500,-1272094532,-1681487732,1785112769,-2028390628,612165615,-1957073365
1617651179,-350163479,-1047277478,-251502273,250268248,1145130522,-105407749,710888671,-46699549,559823048,-1025616217,-1401602377,-336079226,853803571,-1926057210,1079690879,-1923473622,-1156956167,-1215831456,879358486,1765555036,-474163012,718445172,-520871993,-1152016320,-602674687,1156632200,-219533106,1676106949,-892753829,-714443071,-696852454,-367582438,-395600440,-1096353612,388055379,-127077024,-1208554918,1102579004,1072278557,-1624086112,493185817,-74186867,-2076993634,820885758,-374609113,1705460105,-697095618,1512181294,-1459109083,306499922,-1547861587,2049034023,92048085,-2064360416,264697641,-2041143785,-1169637120,673483347,-1546984447,1596910998,-534606438,-1968832309,277654100,1696498717,-1552154077,1623499639
-267076935,1075870799,874114348,234023540,-1548696837,1316163304,-1014206281,-390369522,1100505138,279975155,-1348610252,-1310682618,-790331428,-267234543,-1620447327,1231081951,-1462082216,-857847000,-707877971,1366680520,224353504,526165570,-1923226154,-2098394592,-1342166601,1157028020,305654962,1238355772,541369246,842491010,-1275244660
1151022987,1117871618,1693308978,-1556134612,-1850785891,141104830,1463950860,-1473081649,1270376009,-95284577,-1541718416,795253792,-1954510631,999598918,289752629,-1838277261,-1698640617,-1427110467,1237196933,-1292958486,139320901,20135502,1237065463,-1575194891,1335264591,1188228787,-1492357411,1338511131,1198985283,-372346257,-1554837543,1872176377,-1516815104,-2089120390,1278943158,1361264011,-1800430803,251484451,524259188,898581674
933337906,-794716764,-1365398827,814002640,803597132,-1465683466,-1059282125,-656250484,-2121381221,-327985648,407485912,-1901455380,-1304096339,-1835300960,1562272327,-1828542329,-910010212,42602420,562753079,773311669,2084519279,1427344200,-2126611303,-2006495169,1483517120,-839257824,754292954,105022805,561746078,2109300952,-1893047707,1550187460,-566326860,-462794951,262464619,-470223001,-330590550,1537844173,1381148134,1130977758,59133387,594320308,-21449254,397407102,-505312025,1706001849
-506171512,-894319750,-330585185,1038988506,-2042146916,-19449075,-1137574719,-1427524591,1243327087,1436156380,1192054233,847339617,-2070830661,-1886954568,1898463775,-699318839,2097005431,1731910958,-1566559851,-237751508,-450311608,-1241803543,1907335329,938962004,-2113507018,-843585708,-311419685,528209976,1197035170,-445579133,102535976,-1829058687,163900023,-1160708013,786068231,-222859446,86934432,1505051855
-2000727001,-1906296647,-215451947,-1623389368,-2022186648,367626248,1457405176,-1948059855,400011423,309549742,-1493387096,2040092450,862864734,-647164135,1277047184,337232218,1598374213,-245680452,-1187540161,1728436461,1943163963,141032194,-894000886,244465111,-1813943046,-1352639105,871695407,1902635603,752020945,-196556952,-1605658563,1353552237,1040312741
-1411147341,-533736746,1608691000,-649870364,1243192039,-1061660681,-978708307,-552837232,1579180841,1058090568,844270923,1140203139,1691360296,1412625121,198931328,-1922833000,-428838509,334603088,434937129,1936703044,-1290631421,-1738201171,1339492368,1538277575,-2047219689,1988618732
799927710,-756951328,1700204146,-413006511,1926244923,350133376,-781901334,60135703,-1009724169,-1066352627,-2071375784,1633638333,859874375,-480622662,-1855817363,1303331130,-1433025235,-752588744,637974045,-2108664368,1491168498,21382745,1840063342,-1696699828,48255505,-138170633,-139917677,713981067,-1494925194,-1658525421,1072340537,1753828416,291257576,-1994979776,-1817496289,-1638908939,1738009538,1846957377,422529516,1956691535,-343789847,1316674289,-991764420,-674573419,384052985,1717106019,1572949755
-410434623,-702116535,-801431562,-2080162054,-1044156431,1043823001,920769711,294696682,-1810930671,-1758856851,-1941265296,186659379,81077,-1048156118,-1760131166,-1083268935,-914198545,90410980,-1860230050,-1924192681,-251879932,739458561,1655533636,918714918,-560711327,133234203,865606539,227440127,1330723279,1269243691,192223577,775985725,675499749,282879715,1357568341,468617671,-2104343106
333645433,-1296842163,-1253927444,1795697390,673832748,823923920,-1853797972,-1352930715,2065857167,1839112808,-1547061926,832258389,-1595306217,-1790615231,-93670873,-91523898,147164763,-1210487322,-2011672568,-898621419,1734093358,481078465,-1030606095,562928666,-871196944,-711098398,422973251,-1421331315,931077921,1014600959,-2133263998,-1724461147,-400040906,900796347,-1061585590,-1480201215,-1976325969,-90467285,-1022906493,-2005788469,-210788503,1369765269,-1180717101,74402842,-1738752976,63933818,-261730988,-1207649384,-971083368,-648642858,561955462,289086308,1365002252,-1021679195,-1215579001,-1376426183,-1867130329,673665705,-1096998527,476748239,1938408002,-1370832022,680479330,-814156159,2026196301,-1633851778,1152885714,615631151,1853621986,458466314,-670700959,512147557,-949783913,1599931016,-1853852160,-806337092,406881939
-898283341,-361334656,-367412381,447665725,-1323248509,-771969389,-2015771378,-2108611982,1931914424,-1790337136,607930726,134487258,2051511879,491036210,-1734400096,-803636271,-998003831,1635943415,-739760857,-383069731,948864814,-314363136,-1286073428,-995705802,728148592,380293691,-1692285823,-148638327,725652106,-116381757,2066504999,663507192,1376334187,753644934,-1832001243,-456269467,-1781875289,-494306265,-440138469,-270479120,-1300623955,442075174,-360800490,-1210798915,-1100877249,1155116350,389040164,-1484773126,1405436958,1322587150,-45153493,345678112,2124912900,-1688437253,326630646,1052170360,-2009607210,1705272148,-247023216,-1106592032,-111737831,-1742450762,-119455019,-295158322,644434086
1811950661,1988579733,-1622824551,1738672811,-11370469,-1224609049,-2114642545,2000324612,-997529187,593925274,-314561009,-852388230,-362499915,-1026672209,1544417096,995681999,1606703809,279930767,864960252,-91430231,-184482649,1920432278,525631164,-1521439560,-1851733461,1997017813,1193753941,-2107146467,2124664452,583976723,-40074358,406522890,1931393579,-234284011,870430722,-860568411,-341917194,-886601185,-242659708,1328163377,-1713468571,1768303290,-433605023,22711663,989102652,1809457334,959200304,2071912513,-2087161007,194968690,1241109184,1951563153,-844660569,-457203622,-1710295222,-1023014032
1563060656,-1941232410,1014750081,-1131009252,867737999,-1571583168,-650154600,1077574720,189626925,50330763,-996149091,-482448747,1267801184,634668724,-1183834698,111164118,638617955,-1088853029,-731174491,1996648864,-1412213543,1768779262,-647853970,-1977915324,-1593541871,-203972105,-983806148,-1681335586,-1571039350,-908411480,-2030698364,1434829734,2127167418,752686451,1441590890,-401467515,-1480554997,785562864,-2065703068,1409365995,-678631131,-996376871,-747382500,870133215,-1747143822,1179246665,1698706843,-1361444265,-18510114,731620133,562325155,1593165769,-1609281314,1460108250,-1830024357,-300472063,1775387316,1481961032,2076982321,-192573131,-1658836496,1962313213,1955541243,-2060238506,-1715808967,650239398,-1380866721,-1291655512,1249194317,81537473,-1761108107,-357071212,1034955333
-516653910,148296636,362339613,-933353111,1453091047,-1229766576,-279323276,277095657,349414385,-2024513121,-1611361393,511906027,284309778,155810032,1833170595,384363868,-1099363079,651900307,-101046445,-1072285582,-2082511394,-1479605198,-125915529,737329189,531517929,-130056340,1789617182,43620061,-1618898988,-734866012,-2017312042,42147692,1436278222,-1999554539,651602730,-1750113219,-1137257822,-542464215,-695674005,-993907250,1033151768,-811814901,-1281712205,-769291173,-681802341,-555880582,-221217242,392087771,-584028645,-205623840,-805117061
871730228,-1291245406,-797502534,-1446546535,456567184,-1662755655,-1445993658,1954970986,2124035721,-791452031,-1788707810,-1952050945,1021041425,-933868847,-776228001,-1691351315,1582543317,-892322485,-974736627,2133356155,-921464416,1310701556,-607257582,-1168441008,776276221,-1427638266,891028613,652189293,704180256,1530196997,-661588432,1719074908,1984148742,-1826611441,-1592307380
-1567636005,648908152,-600213618,1146751633,-1698579045,-209826154,792093542,-83040519,-178243846,292425688,-1726738555,391166881,648767880,-536912611,-1863167328,1899432857,1722742032,819663426,-1429654668,320878323,68845377,-1227042307,1978267913,-503545927,-1688991856,-26241560,-1874166983,811854369,-218032804,1419422688,337016691,340749311,863118418,-2024754032,2054876604,-453959814,-1892814062,-2003339448,-77870601,869297410,-426731502,3710739,98852197,1831493761,1095532739,1511568647,501705838,249929168,1423556337,324201438,-1374956383,-965957524,-2000533393,-217214779,-217116936,1807250025
-1763429004,1228345952,-1778358618,646710845,-1291720834,-559850887,-1138466239,411805310,-1663629079,599070362,2067288397,-746829577,33267201,-1831156457,-1344249150,-1064138527,-192404375,1643888325,-1230501964,1451074188,-130267278,-143624514,57487816,387793610,1231816111
-1550023454,28993678,-719250488,1013136796,1905422371,1220164815,40355982,-1378754707,1010852370,-674495310,-1935983024,596415141,-596341736,-1543400985,-419998356,-1326922002,-1005197007,-598485678,1744458792,941075984,-1702003744,-989104146,1484447682,595974511,-1078921373,1570741742,-737973563,-1621578793,1393707048,1427847204,-1622821731,-1582652548,-1814384769,1463519142,-74568083,1790165051,-57710960,1518385070,1682463008,890997286
1737732546,-1155370818,-695829441,1606804524,-755855340,-244320000,1497945986,928244816,889672235,-816840923,-1371200984,-132947962,-1729972287,1008018694,-1986210006,-598562377,-1995479569,-591738520,574491139,703518105,1653586567,236183953,-1144978758,1267384169,-631574080,370497565,-1212869089
-2850280,-614005487,128728660,844794434,2030228086,-779906256,-1605814386,-2001151707,-638013810,-211753331,1737237789,-410389552,305601929,1411373153,-1311374679,1512221402,520322788,-975479778,-371497539,468372693,-888663657,2006737347,1816351625,-675527996,-262977158,-436663950,-399036701,-122486839,-1003710748,-1824850881,-151715185,283097122
1297219146,-708465729,-621112490,1927827413,1049955855,-1009997604,1951550890,447438556,598058236,4165766,-1626899238,-579651212,435023171,-1846577959,-1586828283,-601954340,-127139599,787396338,1498497768,1938086895,-989231553,-557707599,2023582799,1717356677,-320848600,1664338623,1852207047,-303756519,-1832824261,1875676370,87339672,-1690137684,-966882638,509937199,907924465,1512322792,1423023554,-2072479632
35747463,1110396724,2031615623,-1178756970,970804213,-795271372,1792729602,1277470511,1668149556,1293525864,136872080,-1476255209,1730356223,180673860,-1493400125,-890723614,1724088114,-229170788,68058391,1294910091,1107002984,-1658690182,-1739456462,-1849432992,-750827547,-289209295,1733625197,949107773,-2062960458,-1223535951,-1923738990,1413383164,1349725974,-698444771,-1052485657,1009325099,30056212,1045767066,-2122844309,-778349568,1282637169,-1551571094,1242627167,-1639467895,1862560974,-1020501704,1439680263,-1309562073,-104785658,1483206580,1579282609,-1468637380,1716249816,-1609951902
-809107677,772951497,347134127,-432020161,971567200,-1480512952,-1438084795,-649943158,1361792792,1228678674,-1570916705,1522501998,-1489211197,-1117380392,1319404511,1068410460,-1967694305,834556702,104236255,-464857,-60524441,565206373,-780967803,946185413,-439108156,-491543156,292779099,-1298279337,-1460510460,523806322,-1345317538,1126048614,-348804983,-47639072,1265535509,448882031,-1172289405,-1180040026,-868740635,-1675547743,562474081,1293769987,-881160797,1688372196,155837316,307389257,642948458,1373709341,-1484249803,950738113,-1002879057,-1366587984,817700825,-453590837,1524399506,-236538554,1346078563,-1642096566,-1827991434,861461199,-1408461047,-338890946,233958611,2076556746,-1898350023,-1140851535,527543882
1145950414,868017367,-1355751175,-1391700195,-1348353410,1547647344,931169296,913718289,-873638505,-1404330895,-1133665884,1700653558,-1311900438,-1574541086,1605636035,1197513410,956469511,-1999534583,-990662969,-701738288,-1775163222,-2001614648,1036695791,379763427,1615692916,1524533059,-192088277,1841370730,491651549,1432634053,1601761078,1209719301,-297252503,669879268,-624337174,-242702777,-1091687399,30639330,-1626171185,210086589,-1091148764
2017498612,131183919,478424294,-462509558,-779890430,1301180709,1616635416,-79249369,1489518221,-2056086612,1323447873,-1354665329,-1171065171,-65654951,1590059116,-1724917110,-1495768115,805751950,923779355,834014371,2057702082,1250157051,-179198341,-1316167980,-1315422177,1236687208,1766324184,681012448,-721068346,1160760496,-531472302,1067581184,1414353858,666470160,1617621201,-841599295,-1579838636,-1422141791,1519414582,-1790269908,187091787,1225421347,1735112914,-942525145,-897390952,577435387,-1048898021,-1198393062,1184839201,-554253442,226831772,-1909824812,-208153899,-523652753,-138342355,1051387568,-1141994240,2105767110,155166820
-1028064032,-1355177293,1626754891,2057947256,105285751,-1244355359,630290514,814041486,1438675618,-1204675330,1009887367,-2136894688,-372029590,-1324647301,866397444,-745139177,294795673,-297282416,919356583,805738235,-289782384,2118918786,50901256,-1660079648,1753492823,-162685912,1269621415,846778495,-678321675,-1428307797,291779685,-597181278,-1720504830,1763717516,1724443189,-1638414139,-1408649862,-409561109,-102766829,-1757675270,-1310744877,-244377083,-809152972,-1228798451,-1379731120
-1411021954,-370182425,1319842967,1108643552,299974458,350358583,-1836434047,-1139845917,401778951,-284997042,-1336798159,567179758,-225137135,1621814602,-864735385,-1260074659,1351419523,1396274038,-1195818730,-781549052,193764921,-1587123727,2107191347,-1701237388,346117306,-2095816820,1374444495
-940619675,414622200,-229213337,-1984587278,1473716457,-1401738975,-1906003846,650899635,-669905670,-1930603308,577871196,344459751,-1532795071,-1521721177,-1934387894,-696605047,-1442105709,-505761255,-965396035,874241830,589561189,650732791,-911599357,133931236,415861887,-512378367,68559370,1494120133,-1492267792,-1304146995,358089087,-1155062995,1318827329,536882668,-1852589033,-1783509599,1714937325,-471180726,-797173205,1171114193,-883857137,-108523302,1968093322,-684772137,-527617699,-318435982,1900008074,-2046688831,-1721732012,-1058490381,873470304,1738282572,292514741,1848357548,-1890046799,-2140889358,12028463,1521314559
2134034727,970215261,-270561211,-521798711,566652638,1898505970,-1468558098,-1520435770,2132899410,1906837298,-967533075,-1565560175,-1280251390,-241778013,1539998802,1995814514,-1935602436,-1237434108,1130941752,-544407078,866643806,474715006,22985696,-1977582921,-1488566503,1524373529,-1207180770,-333215991
-1809309583,1482609395,-690801484,29277664,-1750806616,-325461125,893766296,-1491537831,-376347746,1395648009,-1380329762,1483476556,1920163167,1709829008,815222420,-1944769778,424164573,1906808644,464163452,1032785308,1684718558,51642496,-666211040,-128624856,714404919,2127666921,1821859370,-688583212,-297321158,1043258580,-1676425486,-1940615236,-177173396,514255844,-4600745,1431908922,-994429573,-1601650697,447545809,1991315812,-996809362,39343171,1542664646,-2115251239
-920871237,1216403229,-562731331,1520742116,202298807,-1734665199,447870465,1811340179,-1169822765,-514166201,-139811609,-591385944,625174038,-1137305567,1521404613,1330153919,32829527,607264596,-1136281592,1213448009,219173851,-1479620425,-150386821,-2090574724,-1243237309,-512669346,-1279148087,1692883594,-300009820,-2098508569,245352768,-278931691,731608823,-716715757,1811512279,-1775393823,504262579,1633220248,96192882,1258331594,-903694408,552370996,1175570531,-1917452551,42285679,155734277,198681140,-394518446,1373359662,1994610455,42412707,-1628676560,-1170912032,1433630526
-443411372,2094011108,933387558,129002831,1666245914,-762378186,-1404519768,1776137417,646692845,-397174836,1295021406,-1236775644,1880185596,83179842,1783863673,2068434742,-2065034195,-822775624,228009425,1070609765,426667345,-1332123398,-346159811,-1352434583,1254922137,939559906,-851326684,1524501589,-1550400951,-2006860550,319027540,-598463017,1801134251,-401663387
-509145154,-874390715,-1233491970,-759996047,-1107025732,-407084979,-1938650943,-1782464281,-547765907,1217709916,-1988842903,810700828,1574343319,2002992226,1366427483,863106053,-786897997,-1197824550,-1726651710,-1106934479,1829242284,-641926594,1369547514,897016930,-408320538,2145056955,859123249,1221674079,-572484223,780810536,315878731,-204980984,-416931618,941082420,-883681018,-1056015445,-1674814623
-1821887137,-593550187,-632765576,-1317171157,432201523,82721258,564912860,2087979026,1089949736,-1909482568,790515478,-112259910,-1853637427,1116042570,-949047739,1689437927,-1885277953,1444391866,-80428002,-2141797712,-700133745,471540169,558484275,-1691940491,-813985247,-219618062,362192503
-434765226,-1766680644,1692169984,998198857,1273556269,-446517936,1831158287,-528740209,-1128491098,537676362,-640363699,-645505819,-1227816024,-130556205,-2111539369,1420638746,1355165731,-1500066321,-1788433796,759164988,1610987385,-428231149,839448517,-173566642,-323129319,-754307334,1327907893,889205048,-1085213843,838996152,349964881,-326390530,287452918,-257452018,-239515167
