984521610 -1474586865 2061502478 -778394002 -583856319 1089951900 -406309973 484025630 1679683159 463415019 1948094333 -728661016 -1040850971 -367152417 -490655283 -1082705134 -690527904 1705320668 1709217792 -1693899520 -126596374 -1666328435 292435208 332389777 -1768504091 1674317026 -1712327906 901985224 -1033534775 1309098072 -1723360083 484053422 607147831 -59815556 -186359663 -321487241 -127306418 -698442831 -334764672 348987107 -1579093188 2089932848 1826398408 -1594239001 -1298308585 -180819120 714236986 -1033275508 -2029678868 -1767491065 1521571686 -904230890 -1917009640 -846945360 944427016 179679591 -1965815338 -1161470963
2065714341 -737642215 1224925584 -97280759 -2093871590 116345756 1093047253 909780323 755034460 -1100061130 1458744947 189867731 -2033937491 -1812942222 1743432692 1662601869 1971669156 1470836830 -969911007 -1477465362 -1780501236 188797347 1972109442 808548015 945957899 1214280150 -1891973596 -1338371241 -1733981562 1792638988 1770367900 -218336527 1401318596 -128373325 -1093596084 1777307903 -267806127 1355495071 -2063351324 1678854830 1103154212 -25782685 -702951125 406980170 557003011 -442515742 -1649500417 208592371 -1323346906 -838917083 1636233626 -1742257775
368324973 -1662828010 1503020037 -1800779800 -313918580 -1142480334 -291043424 -1864824714 -320584592 -974472618 1419705816 -883121108 -956259328 1868014548 502263352 -292831526 -1172248022 1577231216 -1817249640 276574168 1416695356 1778911266 -1522727282 1117358190 1875656563 424194585 -1065328604 -1951196042 1957292753 1224869379 -959031350 1884254528 1299499571 1071337611 -102809202 26031797 -1050980190 1332174371 246819210 -457691458 2127169512 -691975421 1766391196 1463461606 397783910 1020776304 -1684201892 838494269 -840676315 946506817 -1592292534 -692436609 -658429398 435231646 1537154631 -1610117258 -365302003 1893460491 -1159558586 1657628572 434570700 1041963940 -999091901 907888899 245091292 1641546154 -1191172749 -1806207111 -1683507327
-1894815300 -287611674 30609247 731325546 1632617831 -1928672007 1639384911 1860172392 -1520599277 2129684227 -2034608522 -1763683297 -1564962068 629494306 888707732 -851798039 -1072842723 1419681698 1374428313 1167413147 -1710896766 -12673121 756468349 628228038 701924770 1016845294 -2074052016 1057206073 1980422620 -320230083 -1666332016 -1134042422 -1129829153 1728935544 2073310138 93131093 -835101601 371987054 1615142691 1446892549 1956602372 1570992052 -2129455353 -1015523631 2048054182 902616777 -1651416094 -1146237623 -473910601 -636258694
1157492626 -1692385536 1404883591 1975018061 -1958820945 1757855888 1383528583 -1804456584 1709258497 1448705264 1721409288 177305655 -809022448 1250773915 2135790330 1003020771 1361633419 -1389986388 1519654732 2082229832 -772780147 -1058861863 354818775 1111732159 1908962337 23348639 365389947 816307836 -559296504 -2100535105 1781544327 -1870327516 994892473 320323560 881177182 -815543645 1220787368 -1451179595 -969375402
31324875 -1313316647 1645819875 -766115105 -1071851943 -1767042408 -1445900812 -148038975 -249076524 -298018696 1693523868 2045688872 890872906 331659576 1873405173 346052231 -772141097 1448219905 794084416 968144587 -480937875 258705627 1230398033 987388404 -1229380137 -1536436895 -2013227735 1791218919 -893418502 893549752 -1089856284 510551425 -689708963 1536166845 676234965 773325039 -761922580 463553149 -2012832017 1465348924 -632392456 -116404247 2144080742 -304192469 233917826 -368667446 -943640939 -124365498 -1797516871 -1047354894 -1486894302 -632885962 500261568
2046879327 956638293 -1144264269 -1306542955 1885369587 328214145 2027878123 -304817853 511139257 12189235 1844138369 -921749563 -432029977 -263758641 1968372497 -1887891469 -2104106638 2140345404 -2143360064 -1374880983 195722929 -201910857 1303775871 563790135 -559858624 717621732 1626662288 -1147699045 373326374 -1749166554 -43389111 130786801 1497763642 -1601395921 179454743 -1885051222 -297406526 -75024166
1377153788 1798290012 -95894729 -225625090 -1806380263 1106261793 -203336473 605607440 797123491 -1973168890 112835242 323397618 1692640606 238064006 -1381469130 1369431687 883774502 -77318531 -1088625078 949254948 -1908967132 421401175 1308826113 -2117516721 1113353276 -1537634711 190029163 1972327114 -306022199 2086750110 -1972872871 848275663 -1887315572 1153994070 -1838649224 1100288412 -593887264 138635914 833256352 -1912384719 -1189635533 -2104255181 -435308690 254970967 1743785393 -96264212
1288835300 -1045539007 -750048811 -789614498 1357268541 324569012 1011927227 121943345 824787996 -1716236485 1729001845 -252547600 -942785133 75779098 605315728 -1293047450 1696855633 549392539 -528542418 263902683 -1466775518 56366148 1943992362 -93800607 2083978428 -1889401781 -746012288 -585896082 -1692368969 1822762825 824812012 811788715 -1823658787 -530855890 -1157626160 -938262006 -637321564 278518901 -1094445478 950990878 260415736 522475928 1398360549 -1257176154 -1099682756 -98570812 -1961571680 1288052330 -943321966 2032537552 251294829 936367946 -697509542 1183226475 -1928551669 -702725485 -107798279 -1909758315 -1494667914 -898770028 978414811 -1997104816 -1129303155 -2037879951 1172373946 -1010067306 -1596481035 855181622 939778079 -1342317683 -1369927619 -467237074 382585129 1323305465 30530882 -356458123 -1854780532 115416817 2047716821
997727452 1028424405 1259188634 -473994068 2096251659 -1214427010 580670002 -2009158755 996397616 161757623 1285501084 2041809095 1308312201 633519852 -1035365160 141782985 -551640381 695578145 1343468493 -1245280311 756165240 -1785455323 -582619284 520248011 -1340673800 -1773710586 -1690995436 1289166406 -1913140149 -703376185 1547820600 -355438348 -1110008714 -2003891888 1366931262 -373054999 594315005 266741925 -607776598 -1192045337 -887888215 2066639451
1716361200 -400886901 1849468742 791751124 1001176603 558524224 356377207 2099566815 -1905224789 1954259317 304311653 813502702 2110111581 -1379004243 -953115799 1793636066 -347708160 1103356737 -1544832913 942526928 -2030936757 -1215675224 -1080346902 -1045474335 -606955798 -1439585544 -510441208 -485749383 -1018628903 1893660844 1529305383 -1961415014 -212910603 1866888871 -1135209082 495778443 -990055984 -447878535 1518207807 451711412 768939716 1321422048 -221000588 -955648565 -455453366 1189733520 -130892344 -629560267 226030732 -1216886474 -1737283823 -1591106906 -1690596296 1807356602 1878627147 1200699914 456687510
-1511191601 -1440965721 678663644 1602446978 -1481516349 1310047362 -1739570240 -1820408153 -2111209260 1922020098 1223064143 1252658102 1913639458 2029994707 1708461821 2125707391 1842900604 2054537997 1045041404 -1826820886 1374619853 1445053076 1235918801 1139325683 -546295339 571150017 1825117987 142428148 -1130915301 -835321791 -1053711403 -2086715862 679214881 1186214461 671258199 552882801 -1736427559 552011707
335667794 811865176 899326787 287283968 -932647361 492242121 -1427753787 -1402040771 930149404 -1407599709 942195130 -1803994406 134704641 1230716702 -1706570872 1363332535 1685190974 -45015582 -1597540310 -1433867404 -666015329 -682509567 1001005328 -595304560 -1571533584 -818748121 -394302397 -48420685 -1005870397 -6410992 -1729539124 794981959
-1716539591 543145814 -150181044 -1626343076 1447773401 -1201564654 -204031380 2072679294 1876906002 -1278452006 299921229 2003398687 -955541660 -368968552 -231835354 776390880 -518658975 991290601 -365704556 343425281 125655462 900856572 -2078596434 395410143 1066972169 -402847552 1086051158 -885259842 -684004593 751519806 1893996754 -855798839 1394402464 -402415806 322492058 730978390 209858557 380268865 -1751921293 1829613165 1484389361 -223532170 1707515580 240435082
-1365774515 -851824377 -825986398 859452026 470875909 709315050 -661529757 -1116549709 1871433872 1050571031 1769562560 -520972817 -295703875 -253595478 1547885996 2087917183 -1198657384 1979320002 847588132 -1853031499 -1086357744 -1311597486 -1690273165 792287196 -357252902 -560523975 244768945
807197845 234556815 -715199348 -1604465554 303407 1097603137 -1664859318 1637837141 -891743098 -654322977 -1226405362 857170638 11651154 1057940148 296165209 -1150424831 -1234101951 -1663422697 819620051 387631112 713473123 1016655104 -1860585141 68939680 -1853669688 203640797 -2134961412 -2074066403 -1804510362 -1839795290 -177976814 1201397406 -1697363136 93279278 835930988 1725586050
207480252 988646306 -394879462 1916147573 -531455270 1844240968 426203295 1151069386 -161537172 -675261068 877281126 -428753067 913019139 -932472451 -1366848430 -647921882 -44692365 511199493 730492809 1998021233 1191860386 -906749638 -861771671 51379565 719904418 1818725976 -722683459 1800762495 1485922050 -404425615 1390701867 -1529140072 529982561 1258791024 1479186929 -1590059558 921160515 1052228955 -754982192 -1014879103 2047734567 -586733097 654532423 -2097337344 135818456 1522543089 1801085956 52588650 188824067 -410586853 -1364730217 -499183085 913764873 -1761916813 -1267648408 1380009847 270229526 -2007509685 1727657195 -749897383 482700914 501269477 1132363537 474871087 719713047 843831934 -1739990527 81846717 1981034882 1684551821 -1146541817 -1541514753 1069557197 -655604148 -612678964 2062209611 1347808509 196384887
-181916745 -1463886183 1294388307 733762547 89790903 1709321083 1914150897 302912450 813219338 1871713769 -1396454733 1547199569 1173790423 1331697383 -530621937 -402293028 -659727598 1539015878 1857525394 -412053645 -1699299036 -187461888 748664104 -52410642 644754379 -1378180281 111204506 1495537693 -869250754 29790171 -538302633 1676383300 1563275412 1365374747 1376123254
-234428059 -439818145 1755669243 -258715617 -1909536335 668316164 35888728 1730285591 -1720037888 398475463 -1485366473 1652215603 907235275 -779902890 -44157578 405970799 -596263398 -406687452 821155955 1868647467 -1485489042 18638716 1135121032 -1758838430 -1044165664 678701017 -226960167 1568616993 1129079433 -121236364 963746636 -1245564363 -247163612 1579540509
-402442458 371373810 1216477774 1558905859 484455524 -2125261859 -282515332 1559113637 -691124544 -1889982240 1191174320 1371216881 -1962564835 1688862373 102250838 827755445 162610278 -1375794577 121143893 -546592288 161371330 -897861318 1946803039 1805747013 -1229492730 754845983 -1100391543 -148383586 123293035 -1802185475 -437543395 699436242 1112016512 -291719595 -1488205649 362492794 552943970 -508649098 763125358 1668055969
630824921 1889629371 1577300683 1697310629 -1940697906 866196735 261880888 1537740617 -2141128617 779098041 -1681336215 194976871 1760924755 1728980181 -1199593245 1082428573 -383856674 -1769568956 -265692110 -368651377 1967351 528384456 -857289168 1833430997 1135598692 170199823 1372907654 1843845943 2077215698 2062796547 514705267 489900567 -256716225 -1880940704 746153676 -2070319570 -2121853284 -1346886266 1809357635 -1761955718 -1019458387 1781292944 1588026347 -1501325705 -1133312972 -1424174428 -2084855813 685655692 -2064693683 1743707788 -1936861999 765747144 -305322725 439271045 -1780207558 971643085 444342692 1716831063 1047159536 988273164 1936755705 -1495557467 2092134243 1080477490 -657964646 -1146931322 -1984190276 -1326978079
1229008979 1641881118 -1530593373 -1589628422 1821943234 344520238 906294555 582898660 169936691 -281248043 2005780605 -367632395 518277194 441513284 -1023393473 -378021519 2024954813 1521568312 1747032848 -311401825 -1265563794 -1166973313 -25015799 757333748 1665951164 -609351 -1722790367 -658189455 1568516117 1075440995 -1992898074 -1927542455 396553935 -408519151 -938225558 -68438330 -1254340040 1142680826 1768463994 1930162796 -1936770837 -1898307655 -1208503530 -1516014498 888354660 -2127989678 -129533156 1174301184 1553937623 2132539250 -555963 -1853071395 -635895492 -212518150 239168341 95970763 1709508782 -895840066 568195470 -1982017203 1680207861 1675996553 -1357240987 -1832500681 952165985 1288697956 1299114616 625986968 -191577895 -758314473 564800702
1017066035 -1542512400 1340480255 1477459727 768390341 1196985538 846185607 1265484497 -1763378885 883513136 -141240810 -459096602 651095722 1911073835 1532736026 1654203781 1837414373 714983096 -1566025697 -1743787851 -1430183409 818177526 -1367093370 -1060038932 334852209
-949810828 -1563341576 1152356749 2052692814 -1398444531 501124130 243667315 447407296 55740642 1313005456 -1994367662 1736211806 -1549694809 505508843 -1656279983 -1685599046 -1504934359 -996473535 -397270625 410520025 -866335106 -1691302101 -1392182328 655153649 -1120113539 -1616172238 356509002 -134113422 581782896 1295788398 -1576289688 -1754036918 1477172488 2028662640 -1228646339 1868657253 -582982511 -170845855 1840269587 -964456077 623901030 -1013982870 -1451859467 2002946285 2124539558 -555372202 -992533118
-2069529049 -810311050 -1843855357 -1847908405 -1278245718 994768837 452178112 -1909189969 -479875760 -204796341 -508005233 -1612659002 -1744709555 -1209483323 976864685 624780910 -2019686182 2146390917 -1244740400 -1191647963 -2137700752 1466243479 -285499524 1646793039 -181084878 1287394341 805930901 -1613171145 658289066 -2078715108 1097732149 -1813259693 -1184588873 1841554958 -91552833 -1316528693 -471335738 511084633 642582324 80837948 -1149762240 -841127031 -1363108156 871333048 -1425515197 809223162 1679452072 -924123375 670114963 1103821762 -1104635090 -1187328681 -1340310062 -685789235 -1477365995 -829287778 -1432020753 -335619256 1302406938 -444526589 -542215972 -338700989 1780935634 -2053206799 -208228221 -1568799599 756726458 1151436704 -550669574 -462983694 1345684364 -1773737506
1713602676 -1228421421 106382866 -464683653 1941947413 782715329 -1931681668 -989217829 -523874643 -366759104 1725597889 -2133415711 1899766538 -1426102714 332924838 -1407449787 1308876380 -2006241939 1117857051 1930321764 -1494001709 -1025995838 1373670012 295338545 682694278 1365231324 -737147630 -1507565715 1046004118 716439088 1170992351 1980623126 1966337683 -1066343516 -500190310 -783446500 -1513688547 -1942820511 -2034376712 581127770 -2025351474 -744228627 -1212810963 -1888052797 -208806313 682887032 -1562433871 1951821532 -1343409944 1993743221
1555590249 -43606315 1250924396 1935444538 355125867 1451956342 657513998 -678643223 -1577554359 -1787903922 1013687177 547348102 679317068 -1635992722 1139572765 -825206246 -631334832 -1609751525 862099439 1039472331 1186615224 -527105362 1253665821 -1134066591 -376744286 6451387 -1242158830 1477274118 -1543727525 -296400267 -278198758 1250398285 -323536107 -1423502767 -1895265736 -1911388299 -462932265 1255860968 -1749169609 -642314771 740720564 -1978086623 1230369790 1362877211 -264078017 1137004686 1163049768 -467479976 1436178749 1012519958 -2060944684 857203263 -1860819044 446080213 1631199416 -321383385 -743827036 711167295 926954876 -1090809875 -1066651541 1028720267 765957701 209033206 -382852466 -697385394 86619023
1474521373 -481144219 -609654465 220589286 858171351 -864852200 -2139307016 -1283144987 1102111894 1102084987 1677543340 -1342916322 1455964684 388112407 -138572938 140239771 1607676335 -258444342 1264336551 634459717 -325562126 -1451685141 -254153954 388438702 528639413 158442673 1809320157 -19988982 750988797 -1093250348 645740247 -1635599490 363263719 -70781068 -1239175922 -763771235 2081828569 -844481222 246692829 1778203182 274818811 356412861 -1629393774 -1404457165 -1136166939 1261095462 -2036623553 -888602586 -1058226791 1057770006 -1789918767 -678527867 762683059 682288326 1007836257 -1717284719 -2140810529 -2117678993 1911631562 -27187887 -1039590262 -1518918675 -743765125 392772829 -1186895397 1987667614 1157864333 -1351708968 23171300
-1772824553 -201873091 779819796 -363938598 1307182273 1185765727 -117910544 -1507182518 -1485357161 -571776726 -1329131774 -1605638592 769243679 -447693650 1189468433 755186137 1635381164 2144353246 -783251311 1256225103 -1721078540 -1651870572 -68591267 1846356382 2079522016 -2067377961 -925941853 -1924329365 -438219101 921550176 -294748642 -1376587743 200632590 1153973338 419269515 321020509 -799965407 -125476759 455664469 -697666421 1144650212 80049134 1706646930 -1839535407 -974402697 -1242640248 -616887758 -1787802325 404512616 1258466013 -1571157131 -623828266 -971523004 -183740775 185475997 2031681522
-1536014666 -150672923 -334214814 -1339034567 1646284286 -1203381583 1327092470 2015695656 1542906830 -1324697850 1759361996 1878777499 -261918437 -1871059141 292236531 972820368 281143738 681039088 -1515659696 88124868
362770495 -1280932411 700103164 -851431466 -985574351 -30436209 -737957471 1172126250 -1874051468 922871535 -1817999470 1011265985 842583626 332220940 72863285 -629096328 -750928189 -2062877673 505761487 -562998305 1647382573 353012400 -103761387 -866698180 651023563 -1283214457 -587293181 -1377454122 977114310 886254406 334818539 -2022248849 507477344 2114088622 -1140497968 1928077585 -1707683985 102302208 -95857164 -335900147 -1408417528 -197672291 -741549137 672164160 7161465
-1345310079 -1259530088 -2052884867 -1778661237 -2019301269 817693910 901086634 1142551696 -1961542534 -448760172 -902802131 1485110866 27629219 -780003446 1175892154 627515451 -115267370 723615756 -344729667 1516943087 -1093268148 1299880150 -1985585707 523436721 -1561430492 574280972 179924610 1582635781 1652933165 1216448635 -1470455780 1048180887 641305349 498654756 1466270214 2122103131 -176881566 -1842793733 1390238243 1088848628 331752623 -1423910676 2143339913 -312760487 175226586 1235650078 -508940171 832827318 1316230508 1330443386 -269788803 36843919
1596093806 721507339 1370329643 935154457 387939821 1847705097 1111563311 -1221907850 -752652614 -1485234983 -392393848 1333220775 1975459046 -1631742584 -1847889010 -1253242082 -1191125353 1815639106 2033591142 233948574 -1838276598 496776967 984738983 2063249423 -309148454 -1725689954 993833023 -926123371 -1739662975 634720458 -17181289 1620765918
-1735886149 -1438314507 1679739323 -760804486 870963911 55678498 -309471246 -2092384443 -183831975 1871884364 1791632465 1618240677 -1445291735 -209403859 -595930874 1874643952 -1712648531 -348379285 -367917522 308546743 1070034638 1754378306 -1880565845 -282535674 148848095 656039008 366163002 -1770045206 -150323254 1083358735 -1206177341 1905502771 1880493708 205799321 1274301171 1830748282 1492263906 1265433831 1349280264 738156901 -1842984380 1243157355 -2031510293 1123600681 92973330 1768328255 -408850813
553115661 2082161806 -1335467705 878076859 -99031544 -83462094 1542420245 -849409046 -2081448226 -1038232930 -1902824894 768262267 -2110235482 1272982014 -793928719 1641714416 15188005 746997916 930208680 385213365 2042735748 1949067397 -1460849632 721584224
346375532 253655387 -1272323526 1625625963 122808525 -1083026436 -774549251 -1484123383 -1217948587 1464722898 872607199 -954021413 -943755648 -372857931 1739713231 -945026492 786552196 1058896021 776237565 -1123348090 -2101773203 291538383 -962985568 644396079 897103496 871896258 1905082355 1341144019 687707397 -753365598 1017940863 1806822394 -207111465 -312703093 1572129695 -1913363876 861735647 -1570290215 197805377 1446987339 2007536712 1319188150 -1327269911 874314608 1689346356 -484096269 -1298774277 1010322361 1551698840
-1648889031 -212452207 80493667 1237818821 -1471895415 1341883218 -1810007835 703472426 -1190419460 747654391 -1035672978 391283191 820590091 567037206 1053674550 -1050891933 -836229854 526403596 -2092610692 1937529986 876098658 1718717561 -136632848 -1072919845 -260058461 -909176850 -1883717035 1018895928 -1930742345 1108288229 105119586 2000638397 842753525 591392753 -1451354903 590734908 456916469 902052406 1846338363 -409221177 1060020888 -275181798
-925566843 19363658 1440243516 -180111858 -1397304119 -1140452726 588755620 -221173844 -303430560 -747981142 -1652462532 -839676203 74034474 -1312828717 -1300606849 255567852 1730853611 913051724 210518896 -1131733141 -2142285725 2109829115 -1234538036 -1831938810 -1225280101 1384266795 -1166911102 1081584913 -1593616511 -1222847857 -61840030 -1771793378 -1456886601 -951350650 832966677 2062981354 872158119 970341280 2046476877 -214810503 1038024154 1241983072 891281468 1314879614 -837157750 289231171 -1664894391 -1949578240 -2063367563 -417172479 -1988733695 1986575931 642150131 1252735762 404634699 -650481725 -913525174 -211000973 2047530464 673772015 1690024769 -768094551 -1430984967 889777268
362868485 -1709883063 517372239 -1261403164 1530383402 1283771181 -748201240 2117754201 1967040972 -1332193503 -662179724 -2006946845 -23713094 1537080950 -490173286 633056828 131613213 -712445119 746000985 86775127 -1453689599 -1468793450 -795149272 719447730 710160405
1384657246 97153006 -1376897618 -1243095291 1157582292 -606347360 801925137 -635451265 -367509560 -251308183 -890014735 477517164 27156484 -1689941181 1409294134 521843603 -1940690882 1807450654 -1027719169 -1020034517 1912662978 95046571 -1953914902 -1107382824 -57264562 -1834893450 784551826 -1937860651 1711977788 -1148479174 4861529 -864682899 396054246 -92436880 -1836209562 664226991 561728581 505805096 -1531052815 -1696370847 947370203 783471644 -770873667 -209773260 -1516872494 443433986 757739750 1258638393 -391662235 -952149471 391214556 1120951955 -598372481 1392589863 -371788113
1454254241 2021457209 -469860212 -613080785 382073352 -1761643446 1908909703 -1323838484 1023971854 -1337613393 -2095787110 1080550174 577970128 -1727035917 -912066323 -1465125995 -1720085232 1834111976 1339513943 786961067 335643229 1191221246 -1229108444 1445915580 -756280975 -17849641 1323676952 -1144233771 -950353447 -137939686 980874163
-1301230629 1147236998 1725645239 -1461918771 871827 -489786806 -966744345 1289118493 -501701025 -728760172 503667728 -580974212 113353852 -120101528 -1781011636 83691204 2058184945 802702514 587370629 1748851195 -1696127573 1138813853 -1106403784 1127272644 -2020926999 -1088839899 240970363 359991832 301625561 1758576619 -240613312 -1984008138 1310451331 -329590969 -1150201637 1806917080 -2012784922 -1025580637 -1451884095 -549985626 -1799840928 312502790 1328935570 -632497425 390617682 -706196753 1608165208 -979612010 451915011
-2085502191 -84391094 654688197 -2109343927 -789242262 -340742663 -210448299 -458349067 389482189 234327942 68562567 2042575362 -1113265763 1070811320 1983587106 -1468598428 1320349632 1117274486 530768136 -223976260 -2081993379 -355205327 259777690 -966049554 1386498534 -248109408 -2096011942 2069020144 -79936424 1083925683 1185660369 -1385392923 -829737023 -1490455872 1110764978 494061417 1745191938 -475354621 -157246914 -1701076434 -1562116394 -934618555 -148295446 -1242508089 85037330 801003481 -697692096 -1587563836 -1442913234 -1795722033 -1653023998 -2090601986 -1765481469 2132662628 547248532 611285555 -2008606506 -1765904457 1953598875 1917262292 -1215095404 90298050 1562237920 1085617181 1087026783 -786263929
-1687110554 297421641 -910467191 261046572 740823737 -820655266 -1759934595 -135638517 -1098607197 -2039333913 -1039801023 1393959012 -202048177 1471313901 -1858924019 -1313974308 1062851536 1459741692 791545320 973485527 1452318397 -1730143704 1402072412 1596604189 1385139714 -1066610092 582428268 513092539 -1349729291 626231985 -568289082 -1007866585 -1832285529 514503813 -2073436876 -271781210 206244476 -1693292243 -2069108648 -521269262 760174078 -1734677659 108342424 -331306474 -1981358355 2025552069 130901846 -220819811 839362714 -1977208946 898403684 709236971 233884532 1808665766 449809079 126585321 1477058019 1581270497 969722201 -1011501592 1154815572
771077028 521481406 -1254016364 1320928256 -328096340 2037596213 -1844989855 -167388916 399639037 1850248358 2094449470 -1943935790 -1650041466 692119520 1196389255 -1960167298 596834003 64281165 -714841404 -1543475966 1157295234 2124351063 164278593 1843311383 494069487 -1030348281 1025679581 -1738563711 -565696207 -574986513 -997781214 -629147754 833830218 1582275658 -1081071466 -11386368 1678552985 -1515511967 -372850864 1582571457 -707949165 -902853073 1967873741 -1378766473 797744050 -1920599993 223144707 -507278111 2126804652 1388231157 1679313079 -447215967 -2042752024 235038116 323720459 -1457466301 -1698802387 1864195966 -632503718 -1209382275 -1018387556 2142703449 1221373512 1221704632 525583840 800050385 -836958956 1518648015
-735123023 -1146059217 -1846852075 20707395 312245910 -1635615214 1780162204 -285344059 -1772560938 295405900 1284689844 356569353 -255995747 -793316134 -1147196750 1122527295 756286041 -294826054 766917362 765779097 -1477886377 176030146 733935134 897944130 819618734 -1273300051 -705876817 -1033563762 565064539
122519219 -1055349135 63724717 117893096 -812295983 369124149 1475242979 921717366 294075786 -1438805401 -1046577389 187672135 1920720577 -1817238510 49407308 -503753323 -509293700 -1121730001 187436031 -1076867529 1269151212 389298267 -1361551718 1420276347 1299027370 1647321802 665844853 944511801 671689283 -374204293 277506289 122613540 -625171978 1645200557 1944492510 -1300276381 692742331 -2110938223 -1802762211 799129951 -1104583801 -393914816 496608902 -1278235170 1540168654 -2086092306 1280500491 -201872047 -1052336311 -1266979232 -1202121187
497883129 100587419 -1862138802 -634323985 -2027331478 -349853987 1315067447 1924743892 1181751356 -236124464 -324195685 -911015545 170523871 859473661 788014796 1369238406 1736608413 468730494 495298893 -1388923848 -636409379 -1802486281 -508755272 514727928 -1378784091 -723308345 1351801058 -563899788 -1776082848 396766585 1415714876 1362669112 -451725343 -628761216 64493435 175167877 1522192807 1206207523 -1879256709 -1655391129 -577642910 -312918858 1510627680 742853638 1583819701 -1969149942 -32183042 -1626720453 -41429187 -730301146 204949882 -1914976154 -960729646 -1272696522 -1877137871 1677955198 392313612 1129982659 -1879049768 2143416169 -783577847 1666200612 -423072285 946457997 -1233522580 -391962317 2068390954 -1691870554
1939741764 -290606390 1422124505 -199890819 -394965421 -1467811255 -272669943 -403599678 1149654652 1164720637 737374570 -1899467931 669271215 552240813 1950644051 629756080 -1399059549 550668152 564701015 1853453517 444177930 1550228725 1839530645 1039525772 769993479 1607063195 1659350095 -139452318 905129436 -119383453 1174102713 -1659443020 1748583656 -486006101 1937322259 -1863506347 -878378033 -1522059683 2044374777 -1272690099 -709806854 1238024016 -1000316679 -2060949540 -903266750 -1636261138 -677048730 1093154750 -1804493593 -1256488682 1353719915 -20739153 -716723002 -957137598 1239834210 1731130928 1616522955 1113748972 -816211098 780380811
334597677 -890427098 299817237 -429668426 -2075775577 -2117196804 -765195341 1507547476 -986162523 -316937155 57296542 1253530157 1595708032 143548626 945025386 285131526 -1628666812 -1733513465 403557443 298297514 1416515986 -268383326 -1993247366 462335262 655653319 1021372727 -1098104001 -1678258153 2001654621 -651591750 -1600948816 2129089200 -1163446383 -1210599082 1633355026 177775191 -108346298 991778940 -164327331 -867926264 675993641 -1518048450 -2140131331 -1270427458 2146381076 -1152753700 638660823 -1698176987 1629795511 -1686155617 -2015036535 1173612179 841685877 66030821 1955245046 -1677252295 -1168304757
64888065 1294209941 -921838985 -782380492 1143041175 105645355 741896855 1961308847 -1368638477 791332467 -1272726769 -1478722437 -761778148 -1963992812 -169327632 -1706176414 -128551246 -2140137645 -839684971 1162535168 -1148038421 -1300408635 259351120 -424692075 436270807 1174995532 -60955322 1792629787 -1359008533 1132584768 -580520041 -1991259749 1843500476 -349408789 -1998398783 208904124 -2115731958 1278784827 -1409220795 370378908 -768306944 -1689314894 -221525365 1287016930 1079634617 -2105933919 -1840163070 614732819 333664006 1089478804 2071958155 -309724379 801605742 -258499568 2135580439 -952531887 -254856331 -1604281477 -1283417714 113067309 -1061586399 1360118107 1571826418 638226425 334660537 -451946557 -589854780 -449279688 1205509327 239956489
1905951362 -1979098239 2133226940 233606977 -291197288 -169327622 -1766408492 754970216 -1419803976 -1850429121 1585074987 -1643035523 1184848179 -290388440 -1728521940 1774788883 2038114620 1447652011 1864713673 -1958934827 -1143576575 -1888446112 -952765006 1686560421 1467967231 415072576 -1152866877 918419719 883213202 -317014096 -211222851 976503232 -75908149 -2040187202 -1127765960 216041914 1812626565 1399276457 -1302653224 671681322 -1279345478 -2123212378 956467647 1775209460 1360673298 363922657 903277378 -1653423539 -684725571 1801951681 2010941662 1412358050 -1003095935 1392120944 -1174153620
519428374 368176282 -963202924 1949477395 -1095428175 1722212723 -1257057665 1313450908 -437738530 -623246849 -28740912 70590077 718125458 -1614645875 -207143981 -662777265 -685721984 -14204 889656055 1443681911 -757370709 -2132950687 -274373767 -1463418675 -1972772292 2022834687 -672079774 -291128707 -664977771 987494681 -95358541 642070322 -359480155 1223944205 734609629 664697456
1295909090 1172641910 -248524991 114458147 1325588620 -1731425494 -1125345773 -1687062618 918481262 1980798447 533892320 499038322 -189906401 903524732 -1429670513 1668244453 -380404624 570394363 2111913626 1166802209 1595091117 -1103381508 1181159920 -1395157469 1155455267 -1646458451 -1633161701 311581716 9329122 2089358152 -1975997019 1776817375 875438276 1962323916 1157734584 38822403 276183469 -1132094737 616570116 1362091177 671953683 954974546 1580640228 1046896377 1332661952 82746358 -147644733 -1385689432 -1803126058 -1382920466 -1893432900 -2143028011 -1417029868 -1315995818 1466975360 1154772757 -996160937 -461630333 491866492 2072126924 -878384030 -2061346693 -1761023173 -473615426 -786020383 -1908069465 -808667128 975387365 1169668266 1908883398 123847639 789848708 -950310330 -1558802907
1127455356 1208236720 639401228 -248779876 1689714653 345310556 -2029623173 -455904196 964982463 -916776326 -465468906 -1145531208 -1715385005 472016507 -96453539 1153248349 -579142604 -387576364 -951143137 -823574855 -697346046 1963491585 2015286064 1035161914 36554801 36326604
-1866563820 705992478 -1385747762 597819535 -670341272 323661667 506795574 -1729072280 1036474786 1913084523 -1717999416 48903370 -1414044638 1048499272 -685489112 347344869 1106454814 400804035 627231576 379838306 561880517 811273652 2004676735 570376668
2092969620 1438374636 -846421617 -603042731 -1712415408 453126489 1946190670 406857541 539794527 -1441819533 1870418106 -1323787785 1636972054 -620907111 116593072 -1563506084 -753412806 1409021412 1587267843 -1128184971 1990021847 -1674778265 2061527147 223415354 1878232399 -857236809 2025033660 1142737085 -1124082507 -389838163 640060250 -1754642033 -1565394853 687761514 1975272939 1301228898 1794777513 1563870619 630006094 -1257277201 1148626992 661080829 -602215732 271796506 -2140333314 -1832767197 -554475891 558039891 -1340818637 1740964214 104001101 -1649694658
517530493 1122025295 -1102893931 1035229918 1565784671 -1070066799 1946090573 1400913822 854890149 -1736273344 -387118089 -986084801 -1875427261 946479982 -144565143 208965796 -1535845160 -958377215 458626205 -1606007688 2110158388 1462005486 772904408 -1703633278 -1467980517 -581905241 2027826702 636611389 -252779448 392896978 2057096324 -1947743065 1545228212 343555130 607935671 59770201 -67529705 601908490 2068097916 644243671 1155371695 -1603876040 239598184 656428329 -716669633 -817147586 -1487936143 -1953760854 1393585754 1937275407 1115717332 692195103 -1193492000 2065346888 -1116289734 -802007798 -1845366327 -2126159194 -1802119146 1170528320 -1732773087 -1584556872 -1731686832 -1395759431 -1612476589 665254613 -126659801 -80710489 -697657943 74166863
-890650935 982565138 595992296 -1131473815 1524514304 2019638822 -193488252 -220202877 2029142050 -1426670233 -567415776 1417682975 -327304691 1304649162 1090828802 1284849735 -1160108289 -1660011659 -282105038 1612509938 -920745691 1005889224 576400424 -1038979159 1128423281 -23509087 1713375942 564439662 991536304 -2129940260 1557355912 -1133183784 -567727141 -753457128 -826480135 -1548436094 -1049367124 248489408 -304906648 -814061146 995564404 -2019536567 -381881637 1712145668 -829158613 1108278712 -820460220 -9399288 -737914680 899443303 -1076116238 -2040146901 -77227821 576801799 -1074364086 699373208 -596633545 1870946792 434597814 13951251 -1320966820
-1888158500 557791510 -815477131 -1490906616 1272642834 -779371204 2118418710 -221062442 360329234 -477499165 652351240 -117246649 189778922 2011766283 1623252064 1138874739 -463060171 591360388 1114071758 755329767 1020246671 -1725680312 1479554610 1190417317 -1077026491 1237896485 1352189556 138677103 -1462623924 1192384927 1924438676 687443780 272390772 -101702381 1329078527 -1598059221 611163357 -1110884577 1609543972 1147996206 -551053655 278784577 -643001785 1065597097 25733363 1092599742 1257970581 855485636 1635768318 449686980 -1953349257 -2110395075
558838738 1587422250 825240170 -1165669053 974946647 839676815 -650136194 -586020046 -734569831 -535118785 1380862474 1808626808 2073225176 -472649246 872901575 -779517439 2131153586 1043057345 -1154130798 -626897577 -1232316983 1564197016 -1461129545 1317777310 1112154786 -888223056 -1697269903 1847942087 601768400 -1431952083 719349169 972679168 413356369 431143332 -545963746 216037994 -6240969 1092877552 -350677667 985664782 514592394 526800454 -1207497327 732855568 -1304769428 574120837 -657308635 2023020837 -1463522434 1285533394 -919991608 858104642 798218114 -1929729692 -833868103 109640085 -1580195006 -927531109 -1650410172 -1142039880
202414679 1571753099 -714147548 1277457228 -575741561 1112804489 95212003 1428508364 1698370560 -585227180 -496633207 -1540848646 1784924303 775102369 393337444 -68861480 208596049 1164505229 -720289038 1382703371 -490941887 -1904064102 734763923 92125045 1102325778 -1291037705 1749455999 1361740323 -21502914 -798292477 1710331129 934414698 -297434786 -579477996 -952280892 664789836 -1167385924 -924908173 1353412822 1828026399 -1431683546 -1531240533 -2138530997 -478761616 -1303017724 740313603 1390421660 -1671701724 348411564 -365490360 -815410160 -951357728 949566965 511726543 418835825 1606410666 -1039340534 1153400249 -1020624381 -81468464 -1191659904 -2010620552 -311165263
-1485238615 -983262574 1004180873 1781419736 582055978 2113710244 511387754 729431863 -977218358 -303265622 -902714628 1597268340 411965837 -2115184003 -652070945 -367636649 1174585601 779944604 1084822822 1604760709
-1790744530 1455227910 715056680 -134383436 -1138421945 709146570 991940815 -1482831799 398857066 -745684982 464347282 1348061856 1446561358 1798353435 1135986553 1217896633 918124261 -1987936823 1524385309 -1698757291 -1666112359 108648771 697653904 -1140188144 1058644696 -722798506 -1810073223 279682485 -301862702 1667957470 44676483 -2026179123 2124007809 -1135608200 2001729784 -347331207 1595387881 1951997820 -1655523928 1193443201 2134703009 1339471146 -783536369 1405784492 1148168593 -806869726 1533788854 -1361522863 1369044220 -1210471911 1470485209 1255133485 -277087040 621988297 2032482121 1544175223 1243347164 1436661289 -2132256620 1026667314 -1211775949 1904152030 -781035166 1561147329 231915151 208187377 -1793396191
595544808 149526209 -401743132 1567839760 195259876 -1542459846 -55238776 1671205940 125325473 -877536954 1062672920 1865405147 -2031309902 976525955 -1234907278 1174605245 -1029284248 -506391497 -964068822 1336755369 686798418 -510930048 -968355923 -2093802529 1303587590 -289006897 2064706473 -647189094 -1500474848 -491741289 1669090732 2147377393 -1287450742 -96473280 771525899 201841119 1748977149 -1932677279 -1557846267 1380538016 -1444574264 949038382 -1127085273 -1246687682 1243359184 667742255 1649199601 -498637718 1960958679 1966490675 -213677639 1384777359
1693904515 977266127 1169376804 -447637614 553157209 -1182131231 661406785 916099836 -1641281390 1564945313 -633486731 1362850072 -327684445 694602916 -151212842 -1600658509 1327591625 1407213197 1370272088 -1700794547 1730540420 -1576257686 -249268126 1006696988 2001469509 -1260850083 -144420194 -324384937 1375394149 -109924226 -1505136624 -1576574288 -27076263 485246463 -195758998 -1451802591 879759652 2010709393 -656442211 -525397013 -928785908 -590917625 998697395 522462939
1618189880 19760347 -1819792690 -482091368 244581160 381604037 -15215752 167146222 1754047593 945790000 775141216 347395052 107881663 -775744 1052228910 1872250743 -1533666046 155222292 554015016 665557547 1533263688 -1852556009 -50651398 -1913518121 552667202 1446275990 2018864053 2064627499 417538790 -590654957 1150168089 1112652976 -1838489010 491727832 1464894231 -1136731913 45643231 1649292622 108483728 -1917229547 1219738542 1688180879 928970851 877537358 939316510 1063128888 1970313638 -1580009969 -749805107 34229636 627951154 -1137480927 -342293328 -570389866 -26807708 -914810084
1129167381 1320154402 1056962329 1530769479 -1666823427 1993457692 480172715 -302555793 -1274445900 245946452 -1399360498 -1477231686 1857663835 -1110158625 1587542945 909986494 1625497703 1485920748 1653370513 -1247599741 1825569903 -111444475 2101625046 -1037961882 2227527 -966109291 1544338019 -1052971713 -1468622004 -861324119 -436243559 1479568070 1499243777 -800190726 -318266116 -279402446 1557592026 1644193323 1312308776 -1872185310 521237080 -1361929650 1744304133 -1351025215 -1029016747 -446532948 -1700800967 1170375460 776239776 865041605 -788804642 1917768181 1664663244 445730709 1222932340 -549834154 -780350395 1930968857 -1406916071 -610241537 -1017478749 214385680 508079607 1093313960 901446978 1946033158 136740861 1253465774 -1531293678 1926686093
-839549200 -1186788950 917159117 567927044 1315932410 -389156445 1185225791 -1329787769 -79955355 492012067 1378223541 1613371741 1549747837 1447163832 992950173 2090130833 -1490397404 -316405146 303624837 -211120022 -325666827 517055490 814682849 -290727202 -2020094036 -1648023615 2057274124 372439875
147136267 -2119218804 -1148456884 -1023597983 62611349 -692340838 -919609550 1632620144 -1936720210 195132384 1834232113 25405964 -1133533737 2122030468 -426712011 -884503773 206183577 449356645 1286187733 179242585 315562899 1378118563 -1795229824 408353835 -2013479726 -28739740 -941785355 1382241367 -1212932763 -741675 1967406584 2131921787 -687995857 -562896529 -65982910 -1370884356 1609736702 -1974499717 1628427960 -397941975 2077540060 -1760525865 -211539232 -891883617 -81663835 -1402801926 880766352 1714441710 -1654753575 -1025948620 -1032582425 -579811716 -1082296397 -1415894982 -413622911 1314826153 -1926112646 -647232542 -289828122 2138899252 -1200133354 -596308438 773595970 -1672815140 -2005437723 1032601726
-1806486198 -556395825 -1585338054 -161685570 1553793069 229812887 1569776236 584614972 -1705472857 41345396 -206786337 1426369172 60416231 926229472 -1808330924 -506716815 -842661354 -149902674 -1827132910 -395250538 -1152170633 121003874 1279987361 151880535 299569097 -2037435972 -669051951 1133591114 -394418449 2009707158 98123265 356347966 -1417741870 -1528690705 -1135533155 -1301199252 1594720902
1071191528 -338486292 1989322411 1113111340 460952059 -1948695446 33438229 1713837332 -175882740 1536882201 1702168495 -488221587 1560475379 1324196583 -739998565 -948370958 1389081066 -681430799 -931393122 -773446080 -1370868076 -17250760 -802263365
2140992832 -1785128043 291783965 1664871238 -1229816466 -1966568726 1060301625 1324059218 -437692271 251022490 -2064070861 870921397 915164438 -1874225094 -1720519807 1663700959 580996516 1298439304 -1820980786 -982374185 1377933477 2018149019 2024683552 -347353965 -434779131 -1681526692 1583940668 548114825 1652093242 -1181696460 -2018680504 198370949 1685177731 -296430586 1225587634 1707883197 94487155 229204319 -605823151 2096698146 -1690457424 -894507796 1315560393 1356570872 -795107592 -2061519060 -1505014990 -422924888 -1658912923 -1915614107 1052057339 -1026035756 1965726961 -1274830373 -1290119412 1411259820 1229324091 -1382643137 -206092502 1361924223 1714078346 -1561735834 -1036431712 -39744107 1346064914 -93335750 37217818 -1235711941 87327350 -875580939 1553344467 -612830946 738185358 -176281717 1823618546 -1076959524
764241511 1824138033 19291096 -1112516459 104543578 1641300416 -24804019 2035750301 1807696592 -1958544280 -994662491 -1759530542 -1169474748 529178098 280089611 263073102 72438517 -1574851896 392981310 -1827110347 1094530777 -1449479971 -727877208 -1213476546 -552167214 1136701898 1130578095 1127830129 88328991 554535737 900170058 339414578
-713817722 1994742742 -425942403 -1724843251 804081826 -1915954903 1777637490 -1468540000 1993631547 594374887 280956436 859747345 722939929 -950918892 -504186803 -2126814710 1642630603 999221994 -464158411 -1821497205 1109650562 -2090284819 1971734163 237135391 1513983548 -935431620 -905610077 -2088240560 1403581732 -1947631832 -1210140391 -1334243749 -1554968520 590660362 -684627355 369571111 -1034678740 -1082265776 -2097725639 1957041779 -521209203 1634063321 -1387593145 1752766799 -173831894 2027147395 626716239 -726875699 912569263 499534849 1985855064 -182733321 121441681 716391409 244448829 218799619 -206835151 -505853395 -943497365 1858425797 2082795835 -1944943776 541726183 1704662372 569318736 -557810980 -1607171690 -1184977072 -816307996 947969963 -1165252680 -1687498381 1258896744 -2033680669 1789345973 -797310042 25860266 444796734
-1952125594 -370967428 -592731671 -340923160 1422976199 1477209236 1320864924 -604071932 1526986920 198325938 -83566358 1128779536 145943079 -216571641 1878246618 -1329203867 -1737438889 -850158891 1806516405 -1185546922 -1162925776 -368635054 1701828129 2074670009 1152982727 -2033067310 1677554798 -551141467 -50167874 708686372 -569598417 -934569348 1015550973 -1337267141 -533867508 -1396308949 -1886081375 1807173136 -1675863850 1131362224 1024090676 -1124083513 -447831332 -1525718052 -1852947426 747473424 -1760817540 981150810 -1628933284 1921883856
