1084361003,-1841643036,1342692803,430447086,-1710952825,-96036098,-650332491,-1874631956,-1293886384,302779350,2097004637,1099261779,1464866208,-1096135966,-881917286,669361845,-101444390,92661834,650841817,-1092203408,-1757139201,-453914453,1619346819,1409415696,450009151,85932055,-1136230730,-373206031,1258593747,-1057836704,-1874916810,-1282788311,1244932361,1803351446,-1031521627,-311122012,1828577184,1706696653
2039486863,232813909,-383622878,80991503,-305835782,-1954086211,-87854848,956646630,824714424,979465557,-397787745,177867405,659949961,-1865716521,-522673971,39022775,1387060859,-1741481522,-1761927951,615535726,-1929929844,-357109396,-1949374901,-1608372482,-1612396908,-2067117413,1571339392,791956276,1836372577,316553297,-1433315243,2060753352,-1429418973,1426928936,1089761722,401660183,-1078199542,-1147309011,858497547,798098452,-519481811,-1743328521,761177745,1422605440,-846728019,-1796773637,751224654,-814701479,-197141478,-1704964065,1945855481,-1193420145,384487700,-1333869940,-1647707833,-1470427395,2111508021,-1297589816,-813959060,-2111118954,1935410478,177453827,-661554464,-432373537,1257999919,-214590288,555716710,219200412,-1490278004
2104333641,-500172338,-745064547,-750048343,-1252194584,1441419484,-562017563,-795127852,-321151883,619063055,-32966539,1173014040,1213704185,1418009155,-1053373806,1700881050,-1859452006,-129622565,1989360021,2084460152,846270240,1213662197,492293906,-412778979,1526759861,-468130338,-1869162692,1128448213,495588332,1067327432,2012431496,868963747,141116932,-1738550342,-578770545,-2054291118,1673840236,2127833031,781086008,1581294025,1383087242,-1754418302,1672453397,-78996829,-1059488841,-249573200,897778189
-379100530,1762313023,-1512744132,2076333203,1330702950,1974332535,-370023658,1009642503,1012345628,1059945838,2039710418,-1257092480,-483043563,-1323541311,-534030331,54890618,1682305922,-1139657856,39284876,1206012378,-1274228507,90232170,296673455,1933652803,810125268,-121931687,62297986,1715044519,-265388547,1976921855,1344574862,-284788447,999602026,36002514,617441713
1136982020,-2007692987,1827805250,-1416314071,720566621,-1028296648,-1402810248,1733326488,-1777354583,-1483637328,390927371,1398334786,-1419501299,-1263423798,-1278069477,-304613591,1068865052,638427628,216878673,-221172568,-1882578275,-909633474,-855762620,1108131597,-986034286,-1000007080,-608155875,-902056342,2010834805,-1427033028,-1647493251,-689502036,-1326896700,-1999897466,490760605,-1656154644,-1094176064,-751346974,32793526,-1236134395,2143722352
-967717724,2131577702,206542316,254594878,-636582971,1436946216,-1252324905,-2102982281,-523861209,-441906590,-953912020,-1709528617,-851068959,1393504444,308843838,-2096124957,-974357311,107302978,-739894279,1764922149,-384918745,775703162,-1696729747,1729535076,-1144588752,406538935,-2146180723,877481492,951600150,1072598447,-1885837773,864164880,-1462404651,537038411,884039014,1929384582,617794834,1296346046,-1060723745,502447153,1821012024,1455398105,-1869829175,-736970802,-1464963868,349914268,-1510017080,595701960,1288913026,265075727,-698826179,-1398755531,846536504,488416594,2035963079,887550725,-749469438,1104616435,789435404,2070859384,1352719645,-598092161,723944376,324088784,1731770281,2062175579,490849989,-465573304,634414473,210172628,1677811709,1952030276,-356636019,352585843
1983004873,-96692781,-1649082986,-210820102,-1497535954,-1512816534,-169196741,54365065,661632019,676352567,1134727455,-113392230,-1127793006,-780406500,37591047,-862282619,-1346710348,270859862,201227612,-800628023,882009127,700630566,-1325270019,-1229298352,-761086931,-1276803661,-1003143600,1097186807,831637462,108915502,-635976294,1217153614,963098480,492434487,920908432,-844576101,-1643852482,-1658401154,-278985938,-1451659995,-1277509271,-1289904467,1917491654,-282965586,-163319501,947605893,1300177243,-469921472,-1765683854,843176775,1515692847,131626540,319765563,1690536276
-137883569,1972036060,392120855,-1037644772,1454490007,55084304,1239355170,1443406006,2119622341,-1537736083,-531124841,705515125,-1301569421,-389840096,-1367613239,1659825486,1362993241,-961680675,-1236643038,143482673,-85039413,-686444272,1780011334,-1848283561,-1786065787,776968536,-1115878536,902495455,697316523
1572178236,239999384,-872619254,-183457537,2134618942,-1436807648,-1457982813,147609113,1699878770,-1609909715,167358570,-1951892378,-1611641989,1133367338,647585355,-1351030532,379588944,-176503035,1266262637,-288344040,1509270045,-1468426937,1550263993,21715024,-1954069658,-891451036,-497472355,-751465202,65440370,-1132276908
742761532,-379588122,1241682785,1673673929,-536063172,1064019375,1159234114,1649827045,1605824283,-805000923,-1942845847,413122438,2135487493,1271511917,-1982608743,-1551384343,463605754,1578999326,486156730,-498256727,-506616639,1571988006,-1085406224,2025985856,-831261411,38248174
-1191947314,-1793822402,-870664260,-28834954,-495541735,758371962,-487025831,1339757149,1699397844,1864373820,1477765619,1643952748,-557936604,1301755964,1094946116,1714343377,-610152353,-1531073552,-738767118,-1447484247,-1789753066,1285799233,-589403847,-1200258346,-1434821547,-1788796798,-196457017,1662224149,-1858647511,935905693,168492774,-1027344562
925270671,591681248,861666862,-2085530983,26932501,-599400034,1693855219,2122602100,348265383,-975950702,1344298118,743546920,-2036642395,-2099466026,-1862095666,-1497863361,2120833744,2138815381,-1747101374,-366117990,162818555
754979776,1977049785,-436302079,-1468169339,87494301,714298682,458705913,-476798379,-287898884,-197962593,1577677224,1478397795,1750255715,1640935764,-1855843529,-2034174788,-52801141,-670422801,-632913627,452918803,1798054518,2060264633,289046398,478225636
254663788,534195020,-1412752676,-419465395,-1296670402,-1329183922,-780437897,-2018381344,1723913502,1247594471,-892926485,2049154672,-1513532868,1579886169,479980612,-1820766630,-646428977,1787323186,-1627984689,518847229,-351254254,293664774,1438091452,1307557005,-384391282,166287453,-505031938,1031002662,-54642274,1189040623,1478958710,-616610012,-1945095120,1325710350,1967974991
1397163720,-495900061,1119596715,614598302,-1534360374,335517404,-400721025,-706982281,-1987780872,1803040484,1890476986,513705936,-1439682248,-2124025899,-558932308,1676788453,410822811,2120883882,-647103067,-1426423198,745899418,-1512528135,1209402333,-1223662210,-1181516127,1905360159,527169171,1490935629,392382161,313270204,-924972169,49516374,-968409854,1792848993,-1203037876,1524633443,821462790,-1128154232,-910856503,-1651094888,-54780620,-1866166332,-1022250048,-2013679161,429689380,1076241465,650131586,-636952318,-391028041,-1821067699,1396791168,563382896,913685081,742287007,-1835283147,-101074332,-793831543,-2036339401,838216259,1714669739
764271871,1582482396,-83129563,1870583986,-408278414,1483720291,-1385259626,1587361051,-1050744429,2109951570,-833432898,-230575430,-1223526625,-1314542755,-415817050,-375419942,-1629978363,1312436696,966044220,-1414197714,-1085890027,46743125,-576221150,-1411677931,675972344,-616280175,992010946,-1384600545,2118828640,886528656,-2049981531,-1637629489,112914047,469286149,1247900677,6795938,-1428256324,-1684311561,20780704,1751723088,-1996633948,-381850462,947469006,-2057909935,-116758754,1086733722,-1355381547,1047409826,2128739043,1002989110,-980678788,-1614199352,-1791067860,-1409679829,-773381411,-1714267884,272425900,-1763733642,948567167,-1401984983,-932360000,451824767,-655301468,-710433093,2128528100,1662583931,1754807518,-310401127
-1626506735,1478603751,-1442558484,-642124700,1654521920,-1334777166,121441984,-1775956503,539853183,239392445,-1287502140,1724316281,1454527781,894727593,1597810765,1004373688,-700020981,625649163,-1361115744,-261138334,1686271343,-999933564,-1321469072,1579688063,1716054299,37786638,-605208667,847854806,-981857339,1250847897,-191195042,-822182754,1886707897,-1865186602,-112541895,1512963195,-710597707,-1808048559,1036563665,-1026208344,148222483,-212440379,-1341372280,-353018768,-1596071379,-1818491477,-1623402363,1479657954,1153592572,-444116717,-724464128,1667214532
-449978441,767728060,-259330617,-1031389847,-309555635,-822922027,-1451707652,-1545492372,-1413997028,875850171,-1440706938,-762164234,-1411095342,-1598232194,-1610783599,-266676856,638461332,1391620427,-709739390,-1277481377,943777621,-2145024970,1133408623,-103721771,-1842127766,-1079476935,-163580463,658761735,2122985310
1455005304,1612138935,179980547,439679702,-1270961986,2016967284,-58661943,731509395,-219942913,899093496,209256530,1405289591,820676168,-86374960,364580677,2062645762,1264493646,-678365118,1005380705,-177635850,1369515168,-362907286,1895122645,-1442707434,-1892614624,179656870,-756567345,-1411301073,-294817361,-2071604173,1995579475,1707909979,492887847,-421692136,-664804531,1579440772,1244624270,960951618,409073896,1981131047,784609927,2028268528
1023956314,-569776885,-938083248,1972177814,-1358470641,-1348130983,-400207254,-1002220894,707106970,1291813931,778451517,-541468754,132294256,1120090921,1532427559,-1520642623,-1935813839,1206540450,1565110665,-242624678,-2073062681,1316689017,-824713046,67645567
1161210973,-967825700,684099092,-484422439,-2078331588,-1935986212,-1877412240,-429634260,856416249,-234372738,-2124892371,-1911040276,-1999942309,-62681463,-1619051457,1324942079,-1244852919,2093038559,241450055,562492812,1178391860,271168993,-1176033751,-893655547,404453843,142189585,1942084571,-166648985,-243673066,-1437478664,-901003648,-989292352,-859514541,-318002103,1867618228,-2111072783,72419014,-225359035,1670859817,-1373183819,1179082808,-1307931807,1457472370,296243681
-1117308121,1319797023,-836599059,-220879326,-1477939879,-1936495863,1189040050,1047588071,-783721893,1231395054,-485347211,1594120298,1212838866,1898613055,354922531,1998895013,241667719,2005684024,1134527198,-594821990,1605125777,1215073841,1754464440,-78226996,992477619,-2019600844,-958265155,-1916337424,1689596930,-643910194,2065469494,824100068,2111687371,-150661846,48194092,1641769184,-874454605,1391046235,-339815637,-2082990357,1518085662,840677112,-1958580921,1622223759,-1738699564,468586221,136370275,-6081329,1632124386,-2045867888,-1172602192,-1591195047,-448668994,-788455950,1573768564,756430071,-1714715987,-74930313,884720140,1731402059,-1535362711,-1781798999,-1809280204,-1688364613,461935613,983498824,-822251900,851485609,1528680436,1262920869
1180326887,875870386,-1987338961,-1484039355,-73343382,887291680,-95784882,39026544,1837548860,-243800177,-787200913,1475962880,1909238455,1662742997,-248295585,-2002714513,2141985519,-495624260,1387685596,-608170645,-591681424,1565769117,-1471379863,272801825,1991448617,1805570375,1710382690,1634531773,531749030,1147310884,2114011215,603562801,1578711173,362026398,592444540,-1852129994,2083459106,1522237118,-1056209720,-437138288,-975908204,-703498218,1559652541,-142506347,-420857379,1059666145,1276870369,-1655610897,-1833827748,1882099304
523431840,654469510,1498515110,733025144,-1894432698,-193829931,-1351638738,1920819038,-1378690656,-2108703233,-1314608564,1679935426,430637136,1228512619,1869325419,-1930028602,811555298,1828590560,1083859893,-217778235,-956617972,1561377407,403226624,876539747,-1646676425,-1914992653,-1688305432,-1803526945,215318078,-1014344218,1955686456,968994730,-1847430796,1812253110,-967901555,-1439767491,-1074708245
-1843132867,1583105831,354052083,1171865052,-538068876,-560212635,-772560927,-693244094,-1606471520,-19411467,1624964113,-463408948,1227336206,-980662099,-819049939,1363529381,-1536396331,-641538488,1813467822,-1181853407,-367804686,-963580479,-1257790046,514454580,810265268,1506372323,930652080,990243368,881537882,345645601,641708889,1400092042,796976890,1491299746,-1090026880,911570533,-1875016541,1384667040,-1232958421,-33552718,1363601862,-1040873998,804549259,-825925106,-299765295,-906835226,50011449,-787393363
-809734316,-2125382718,-265443954,1533578248,-962688529,-1848120219,-1109250064,-1801423003,-383911970,-691172582,1165533188,-1907566828,-1101018486,-17568554,-1930246429,-1549201939,1144602297,617122573,750631361,-1855194654,1784647900,-803904648,1679503459,2087805796,-1966062940,1699319832,-1239558450,-461340923,-604002854,1735711609,-1347647936,-238656162,-1276854161,1303500091,1976277347,-1549425358,-455680558,-276944178,329961408,-840281133,664953217,-583448452,-722897807,-2004598844,-562057501,-956463444,-513164262,-1545655905,200292947,1284007780
-485808327,-63760513,-383080433,219557116,-1687841533,1229166835,-553571456,-2041875917,-107660878,-714484496,155451446,-973696762,-2085453790,1888363394,-695662879,1946916041,-1700861065,-973215279,-1649672924,-1553199539,924658053,744572598,1390801052,2112398489,208496497,361133201,-491102687,-805405479,-1605907304,1352725593,906002763,-470897258,-246857809,-1796745740,-239888328,-1157811929,2139413034,-312495672,1050484619,-829944986,690925025,-2041436271,1687702199,-1602316633,1702543601,46003828,1801337980,1053567974,873817056,824705620,-1547779151,-1496802753,910706180,-1796810139,1612816452,-1879826014,439479332
-429353857,1735124166,-290755233,-393997134,-133511540,987694685,1775409740,678431392,600192571,2040259978,1391260258,-1589425654,1724664577,-3134065,1824131994,1925005604,-1373979069,-91378485,-1517137838,1430694702,1275225556,902899426,1360607092,1114886084,-168713540,535270973,-2112333097,-375725196,-474974149,-1033793355,-1534390299,-1592304239,-6779123,-1752448118,2117625469,-1257482426,255043822,660519577,699642393,1728399341,1766803551,-683186482,1115291955,-134892895,1245483178,676141014,-1016781084,-720529135,2095030820,-2043618023,1628650190,-1327380585,-1079904590,-1016233497,-362040516,-2101064056,-1416658291,-658597648,1348042119,924499149,-1709269687,-1639429383,-446449477,1111814066,-6359278,266394829,-1807419783,1300270077,1565269561,-1869078415,-1002756578
-2101061394,1252541850,1355320868,-1858023307,-1955801265,-1413563037,-213878840,1702722241,1431863713,-2126305990,889221357,1095361943,483845852,-131240677,333531200,1685769993,908398444,-816075519,-310827109,1553159511,1444034614,627793304,-1418039122,-1030471478,-2029602344,723576886,303120348,-23750976,1509662773,-1801207284,584825186,-704787960,1859499568,1166313112,-768113474,-1299506065,1837042102,2028324190,-2090788274,1721304474,-1790563326,-1753778474,2022164278,794080022,1119531547
1489210247,-1523518035,431143329,-1892724458,1023948444,-1894043653,-912427574,908298680,553870791,1526209088,-771553114,1740542319,-1014413011,-1626837130,-195941206,-1078829677,-1106357522,423810982,-1826590101,1955177070,300561544,1420927863,-1777723735,1005423342,1862454908,1991781639,1084929167,-1855801451,-1069287886,-804457987,49829944,-916277068,-248302055,343063262,-1512131211,-145328169,-1556288494,-1844681824,1620084429,742999171,-1958057458,986454396,-1511958332,-311199714,923204853,-1187503608,-1520810656,540468526,-281805367,1523351428,635462632
-1614130933,652346995,535556334,232135996,296351837,-1502037907,800813712,1350943007,712940136,1758230579,-52536071,-720863897,1351230719,1064856323,807861038,-303790098,-680202876,610179886,-1412718585,1058977567,-2091584630,818851815,-545561734,-1614139412,-1642845764,-1983918500,866840607,-1206878459,-612898564,-2053179382,1487021295,33919302,-947260978,108296781,2132512591
-867852297,1412973366,500367693,-1739103973,-193842079,139866016,1768998952,-393831701,-1933747903,-2115983739,1326663445,-2144510974,532104315,587273613,-577701312,473546421,662969412,1494950632,581510672,1034436737,925663753,1393600604,-1476806993,-894139073,2008115087,-916337759,-1007348791,-1804166761,-1331326374,1808123884,-1250235246,-370317134
1284390089,425934862,609114419,-661903196,-185592275,1484465548,-377666202,515831782,-76914229,-1771628173,-267435334,1966497406,-533420634,-690564544,1064168556,-969498044,1344506855,716366286,232269189,-1065378716,-2046035984,-223566120,-2007464442,625340553,1922685104,-1810017604,2107172704,-1486482889,1276202040,1487472513,1191035945,368557176,-1345984370,-723037669,-1964286195,-1246838854,796736961,-559774483,-356391678,2078296567,-357636803,1414772366,775749311,298978582,803582560,1167681743,-2018081426,-2123700335,1789581388,1002642428,-1735176545,1941107543,1067260158,-1033088414,-1776532608,1745559282,1742950815,-154810351,1953838923,249738476,-263522278,-388767005,579219711,1848866159,475553262,1490394812,1841503314,-9230805,-1952986044
319362533,137608315,-321139388,-810932561,1099417273,-426146358,-1459210589,1412235957,-1994358047,1801515571,1925106048,895000035,-301195399,178513255,-1689027728,196464406,-214715434,891859411,-869548841,1236409873,-1699235330,2080580098,1090080889,-125139584,333726298,-906873793,-1637447600,-1768828615,1988636329,2003528830,-592774241,-964158267,546351160,-504438661,-1569912249,-2029177313,455689551
-1679310504,1771038907,464818670,-1673761741,1773270250,-977767223,-101191751,1294578975,1526506286,-1049839942,-1156513488,1526369332,1173091519,-1972321533,-142994398,2038523136,118451773,-1517356512,2093367139,-1657391887,-466409700
-1592449092,-1352366277,-1207100999,913443021,164208674,97282815,954654894,-249334491,1477286187,-1226727511,1033205094,2059167655,-1486810179,-1062820967,-820657165,1046475255,1679362824,-1479046907,1665017886,1047340823,1150192053,-2114800356,1801594815,-2029197010,520969823,1961618799,-1580794289,-492286069,-1550507198,1832408972,933023163,709945576,1383501105,-727167252,1276741754,1291083250,990000589,1282290958,1502603489,1036597256,1864193267,285188067,-2010248779,1828376643,-1394336394
-323718142,-1988711754,2110304526,1270770593,-1926253014,-534920714,504946575,1182488468,-741615552,1338017500,-2017188515,1420267222,-1317387882,309631113,1256103198,-2071322599,-1130896492,1748990122,-1124804431,1145012246,-867516981,-587087876,-250620577,-1061209167,-47509687,-1740466414,-863535280,-1400362918,1346226478,154367829,196442176,607434421,-1484056961,-1069516724,-1132391054,1462717308,1291128121,1375841566,1725483236,-338115932,1302322345,1772508756,196897219,921796798,931007738,1933241314,1170149409,1614263968,1957209103,2092385127,287209444,1748220740,-229358701,-1747822925,821632769,-816472081,-1531866035,1785556618,1510707946,-619355499,253268664,4240807
1157194363,1438879954,-493914109,1097293789,-2021852386,-1386741452,172659286,81608669,671836499,-1178050718,1114363358,396992571,-639541585,-1426339484,-608344994,-1991535759,1441392424,-2023940459,1156335721,-70136718,1574012155,339523514,-772420129,-593500453,-824924463,1997343829,552820408,-196903319,-1988305891,-499918533,-2143229952,-79771221,-1999475769,430873700,792070946,-304763912,-205639410,543324674,2003476328,944075426,-2001608023,199024340,1694713793,111063403,745220144,-2100595781,1225466053,989590071,-217570886,1338455693,1839975158,-246993917,-454408762,1333251112,962942281,1684747541,1632549214,-1009688630
1290642549,357664377,1065395104,-622301401,-272574821,1770214560,1102956188,-1653025040,-2065364631,1351583701,-1527221365,1587971611,191546203,-253040209,-279171738,-279596473,718797308,-2006892343,-1269981977,-1118682145,1007987611,-1797621155,-1359568033,760107608,-988094402,404113963,1224754886,-57302857,-1779350057,782722207,1794558739,467525206,-1170809931,191215410,-557478706,-1126977562,-1141284547,975258383,763195618,-142555977,1509391321,1020624378
-341345225,537577519,-1338548883,-1847168640,-923476041,59067029,360083459,-1488623151,-273550219,-1307512123,-1179932390,594735219,-559306282,257369805,1844888242,41025915,-494344206,128026952,2012567963,-1449927015,995263062,1929670354,1330456527
1977160452,146192056,78971164,932106399,365756862,205650671,394163718,-751485841,-250791037,1500597063,-1302576918,309798282,449666650,529786848,-717233818,515019615,1292655949,202157788,-1964307976,632651058,-50143048,-562155178,-2089303067,1143204400,-740235581,-1586584687
-879264062,78014508,-1203889036,736032217,-157676763,-765786807,33347638,-522388274,614592314,-1146814643,-816418219,-565922176,860907418,-637533751,-475903285,1212463919,362747885,-2015854474,762874500,-667474823,-1767152004,-908546767,86932234,542022912,1235451139
915678593,789726793,474088139,1425071344,-1032295206,-468215577,1115874296,342623264,1796740931,-860380456,1108130335,93976445,-940606755,1131366446,-1754289637,-1802866004,-1062354511,-1787794959,-1340880095,-859664176,394524899,165943107,-21075184,-1496425388,-1208393944,465317061,-1758018547,83171047,605136501,-67828167,-1526204593,-1633976888,-584508168,1561208425,-219717322,1892650563,-2085228213,-1819608762,-1591502174,942509690,-1872951833,-1598352301,-1158562942,621174376,-1665398826,-954492605,162771627,-760523485,-902710100,-1197891871,-609499414,2118397536,-1140278345,1360512047,1312724316
267912821,-1860742702,2082873596,997773625,925905990,1065848236,-82983043,-468494714,-228383390,885269706,-1288163495,-1788263806,-1751158516,-302657663,-62029015,-1180761213,1085801223,630625235,1300336183,-1265454382,1334025289,-301118954,-903442863,-296492038,-1849218322,879380439,-1346711841,917677122,609824111,-846637829,-1530109641,-1186959753,-482634477,-847556825,837781040,-1920592146,1313659812,442244961,750361845,-1176636472,-687325082,115336695
-527317641,1188585540,-2144567137,815059444,718283649,-2046911156,-1673343265,-119126747,-1006276221,1682245981,1552767150,2138543733,106995833,-170407905,1767914331,99838696,-2029240260,-1426187214,-1315929938,-342758132,1915266379,3838889,-486063028,1736937617,337389261,-1327691847,-258520225,1852046111,1134213334,-544709715,-2069761418,-1237965212,1578526441,165242653,-1316842071,-1928851605,861827773,-1518676130,646305536,731219764,491461444,2026296380,212100884,-1337526144,1638944744,-1763949594,-1215351817,1706178283,800183319,168462889,-132832688,561032000,574068481,-958071071,-490162998,-1254395640,1206469536,1366480811,-1152498257,-1036830364,-1576776456
-1071532337,-163379428,-1227883872,1067082173,1177336742,1659508727,-559466112,1463101413,-847961667,1420463948,63452379,1719744012,-88294576,-803228200,-1852441713,-303676948,325242928,-1499995438,-1208437349,273001852,1131493611,1295737405,659369442,-965851295,-2017621975,948628604,958182446,1042751140,564717144,932545323,-1780311177,1030184356,1972339595,-1128661,-793454493,-2126749619,-1163738209,-93578241,-352746480,1782479241,-252213089,708848726,78333713,-1584915466,-884719767,1366402024,-1253379913,1881823706,593531537,-400346492,918339217,861204563,-715987068,351284330,36968501,135746002,-1965684240,620911573,406373183,-1912380470,-888952477,1874515932,-2080582759,2136073123,494308658,-1794050950,-538256388,313763572,-134110564,1818730475,-1714937161,1442458353,-1605940946,617267513,1480515247,1416963874,-380731032,1015770133,1583399078
1726603680,1581972970,-873313089,2128998614,530478374,2045933615,-1756116927,-2030536996,536275368,-904614916,-1880834149,1265361477,1779543768,-418444576,1510697127,-1086140282,1207888971,-1440337679,1759077682,-260985380,-512921180,-518489053,-2133087812,946343623,1534330097,-1351465763,1413188731,-1185829704,-1640582316,-879457335,-1775026010,-400688632,-436336667,1930965227,1261978095,1624801580,1850756310,977602549,-1335724976,1422623527,469449432,-1913299496,1874787338,-611743425,16693950,-2085370978,-727051798,-1735270925,-1053844129,577385078,-1287956531,-99671765,980643263,-1277764336,-595299993
-1109081744,-1922285013,1863968063,796964319,-1572754634,-1954065301,-2074441219,-1430293094,-369347607,-1119892625,-1754659865,-764893314,710868383,1455682082,1058477737,-340412582,1136030985,1567786577,674156372,1655962590,-560909027,-386237058,-1505113432,-1652770413,-30375691,-1594768653,774970262,-1175068406
-70171879,-489908737,-1960575912,-1847990219,-195700726,1415872962,-1901527103,-1505762539,-2111116445,907868661,-728567374,1063614516,1270669663,791772273,1582865908,899496583,1046389025,-522490477,756140063,1140224963,281988688,-1758030783,-1512337076,-733206018,266242024,-14495189,-1523514098,1401707414,-289095601,1163041875,1242235297,-2133027503,-104430938,-1750468658,1595535204,-856734011,-611468958,-1979056437,916388740,1445951738,-653440486,115421652,-1550726663,-2137076915,-966092126,1788418388,-2078616906,-543434090,508678999,595458904,-1925587428,-763005299,1167815356,-1505384039,-386706257,630278505,-1535179195,-165237830,-422160885,1953682889,1979194483,650201549,-715601128,1322905304,-356531168,-1573897445,-391780484,-174190933,9317659,649002276,1548668497
-1921171977,698357476,940854807,-374143043,-476171488,-375534504,-134486036,-208938794,-681469138,182715967,-330197510,2016157935,764560509,956985893,1247479088,-1346181275,-1466372099,1391599260,1637365300,-1157989353,1372052805,-96856116,918075799,-1989553775,-1077246994,-1564293074,1412168522,1908331884,541527582,419438996,329666896,-1333040396,-1518049181,-749284756,324780468,890563595,-1295975743,-1279194300,1078768573,1595954252,403922701,1471912080,-1676672927,-2085389709,-764434308,-314288981,457774582,-882508805,-620687242,952055323,296756015,-1184710904,1940987056,153583129,880639301,15019655,984781433,-1975071921,1533588852,1040946323,-445133998,-2147216157,-1770057304,1351235354,1776369348,-2038902348,-1558422408,23141056,1005213038,-2003120158,797720659,-227504126,468179293,254640275
-1511592290,1322031008,731233268,-1254838741,1715741490,1679689498,844579198,1919913637,-1806306525,1569458329,1471379578,-652412341,425335488,-272886745,1918186694,1052447907,-1902007898,201942944,-1804762151,1216893059,-605863579,620825220,-10369533,1510427146,1075845731,-193348850,-513042439,-1148073004,-1193676032,-1886054267,-1014017903,-906333335
2079891153,156636873,1279240437,-695362285,1197623120,520410125,-850796994,-1507110671,-257563926,786007737,1759135953,535678788,-1403158174,1986836699,728664959,-662448594,963148271,-1561518274,-131005689,-1728652322,-419829493,1103602851,-715871724,763909501,-2001684599,598631761,-1313421207,1793198158,440434413,504717008,-846208678,580372752,-1798054153,2070140912,1050711421,-419738202,432412801,-2138716912,-706843743,-349637383,-774176374,393784476,1953477887,-113333987,-1023826287,237227991,-1895497553,-1004781646,165621031
-594423203,-971047796,-830157889,1194108635,-1890742212,1363155606,2051861192,-2069185102,-939467718,2031648498,196657917,696567193,1932708980,-2100692379,1302924539,1509324339,1628223211,-1678721806,2101450259,-1443024945,318932088,-1228546108,-491729311,-966430227,-2001158403
-1147558883,1750775296,-679424291,-2000785478,-756072400,-1714179467,-799597651,-346997384,1459058698,-833533453,-1630141397,136289333,337774770,503753444,-1957961362,804858359,-1347424482,-572169420,-1034843809,-602547069,-519605820,-1250923431,-937294745,832444159,-515461264,1340437394,-1798608279,837547481,1332725592,2038162034,-77849870,825947368,-374935955,1198353311,548324527,824792016,-1700002317,980688855,1235939359,-1530864471,725518163,-878293196,66519432,385020130,850647343,-1286030672,-1435245010,1959657571,-973774409,1832114666,128573634,141610737,-1851987398,-63882967,-1898895079,-752735273,138094592,-117296223,2006471453,574226369,-1304592810,1169264117,1416999176,1307759850,1722109417,-563759875,1315972302,1225342329,-1005296297,-1321098040,-1893788454,1719712808,-36215037,-88163356,23623677,-969141465
-1464205604,511650979,-1684988609,-1615868624,-787247103,370347847,-924936903,554690374,1902600045,432505896,-1968410753,-772630743,-799910076,-1273206724,2051385860,-885614269,-702052291,-717185691,-2059094431,-236134662,791485024,335848930,1937367616,-261301947,-1397684719,-1449721081,-1188732419,-439723903,281139532,52120368,116711817,-819391100,-1437070031,-1345836301,-707870830,1637300210,427864003,-1270364780,7558880,-1143378481,1960994284,1473849533,-358680062,-886544299,1476528580,-1133983890,853378345,1300812296
-1681838030,334146131,895750663,1774118930,1750364819,1787321259,-1785106269,841026680,-1825445938,1869019183,-1062964939,266155188,-1849470262,542187155,-1846643413,-2063138952,1478986566,-1165538716,-349242268,-58579082,-1213192110,-1739219087,-635496770,467982190,2137710080,-273643674,33151724,2103229031,1710654042,-313850440,1099757196,1889422396,-479269482,828630472,-281433224,-866505126,-415618680,-407558334,-914895269,254575814,590652503,1422085319,426875527,1001824101,-748594573,1719693515,-949457146,-1345096841,35531718,1729184959,-486553362,651929956,1277939753,-1933549967,-1785917703,-1695137093,-925098215,-1676773453,-1621097900,-1916855177,-1599037782,-560692165,2078337207,-1520643709,-488731205,760660425,-2137078859,-2068594305,-1613963926,-176806258,-1036441259,1543258052,921947594
347509216,786312869,416096723,2054185657,76623612,110398200,620699290,-1191487063,1741791225,-843076652,-388249151,-1559959701,-198174870,11877019,-1510925520,-880881934,-978729481,-1937168582,2063472132,-2084618953,-1451123087,-1996809041,-966001465,-437077154,1635829543,304626123
699965207,-1950593929,-1902570951,-1749177009,493591879,-513087321,-1858061378,-130065262,-1836162330,-1666255627,897444801,-1105614359,552491050,-421144596,25258254,1911330241,1217196517,-1471183623,-1045867050,-163793556,-1065208534,871751997,1779439098,-221522415,-1626255049,1894064547,1518458248,1206147811,391279502,-113019339,-1460800635,188730005,1231239780,1911002795,-1623337748,499400717,893479231,787678277,-275291146,1960555095,1284096986,1022235866,1437712284,652429276,-1903217845,-1758389457,1095163737,123742419,450664807,-985186164,-1793773772,-1198881546,-361367963,783082380,-1685035011,328646777,-28064576,672436277,-1366218794,1664089143,64860002,1551557959,373755637,1393978670,-724040194,-1610417448,-1112972121,-1878575315
672800288,870221975,-1287995701,-2011841508,1559950993,986887248,1210164891,-178191852,429221931,-809840385,14150557,-1735107206,-379468019,583558525,-1186409226,1689649832,754659406,-1809850227,-512382237,-1978367907,-1614406643,1165149025,-1476630293,-173320223,1873116358,-1514966941,-1776623788,-42568852,1964113895,393257521,-1052903465,-1608769848,1930183586,1052954344,-1158409834,-894736843,77338117,-241828956,-1441486771,-358154356,-1105456825,1220461639,-1772176696,2071142822,1555179875,32611194,-1108171628,-1363218946,-884277526,-1633712399,-1859952903,501764244,-2089350379,1378606066,-1469686489,417561108,-286918375,-2027765737,552105902,-2078451657,221102271,793801297,1774295859,-865947543,-1236249037,571842608
-1404321620,1716257563,-279622814,-509582564,-599356741,-298861333,-132316295,-1238178052,995634546,-1527903113,-1997506575,-1384536328,491778156,-2101454135,-1733450128,-1928816031,-1448286739,-830097612,-1299240625,77842706,790710018,-625120599,908487257,2048065765,11333095,2145315912,1165999569,1047981673,2096796328,583142201,2084481465,-1744139055,-851333622,-825007683,1923145041,-629726930,1621698219,1003906431,1899666653,-2020592416,977611879,239577392,-299391573,900744010,-2071140867,-1515642030,244829780,-951710012,466277618,-699691438,-1739659455,-1817325355
-909822500,1646501745,728807841,310956547,1400358251,1359049080,-994544992,-1974029428,-2104759266,1957551306,1869322384,-723258154,1776478674,-1798213831,2118344876,530479713,-1779738260,-406232388,444194078,425733644,-1454912394,969855857,1840485553,-1692381513,554372077,944558564
-1804102104,1765216856,588174737,686476440,1235638578,-1620503780,-679128153,-127642486,-98957805,-1519508722,167149070,1665162497,-1369332450,1294030410,-649236821,-230510266,-111722599,1538090818,-1936047390,953275326,-734113560,559495961,-914756772,-997946276,-1225415190,1034409777,-2000374775,-178951594,-1772269918,-2096522238,1464780904,1830825243,1643611674,-2098865875,1802909701,1993885827,-388647805,664866512,-370262205,19331144,458289056,-2018152420,-2064656293,806524596,1830788453,1077443363,-587999068,-1254610276,-1873797925,-1350452746,-1583669740,-650420084,-406152890,928252143,414028038,-1432329405,1434086280,-1305756086,543227453,294012769,2137107911,-966119686,-173732568,2079325790,1172301133
2135021159,-1900739394,111077040,397117793,-546644339,1393704834,-383297486,320383866,-549422809,-77153055,-162498966,-37461997,-153757699,-902869961,685047587,-1687890475,1358056087,1343168830,630285955,143848788,136868354,-136120709,1804450415,1769736872,-750359340,1170170618,-1053304786,1661727804,-2050080916,-829270212,-2091329460,1720380133,-833225602,2099967344,2107299008,-205048010,-593268274
-1172148912,-1366005742,2085575995,395452592,-2146324940,787406465,1660448254,-590327358,-1375716103,-1733573945,583964211,-897817605,131002280,1703589554,1472426137,1095847595,-1661259225,335534388,926203541,-361977784
593620784,-474856836,1398123870,912222109,-2070821480,-1999603183,-2080816446,-1088321604,1508712631,-770835124,103245581,97828995,196136139,1407812957,1576126280,-1702861108,-1408064554,-1012736016,1544710884,314708199,-778724171,-1325313359,-1434670356,495947709,732378993,-232901871,-1767249795,1555879479,1991695060,735753802,1079424629
1055717183,915684769,-1115919767,1946648520,1286668987,1847239402,1889421533,1974217899,831169101,-366982831,742441134,-1956624557,1474008205,-778832298,-254514733,-61118918,699740537,1674622745,818264900,111319410,1675989894,1586517463,-604132295,160548297,-679100936,1263608756,-1070680937,-1208152536,-1491905422,849877690,-2129862489,1807019835,968210384,-1274766303,-230233080,-1279397546,-1997038540,-1929687344,-1878943770,3609750,1077636190,-125705693,1089843308,-520594617,583142977,-992102161,979662199,1218778757
-1700544318,-2128782709,864278821,-126031070,1078458734,118182410,-1708641067,-1137777489,10449096,695146402,-904354431,1003757302,396342957,1817128455,-866300168,147238988,-1009578683,-1023573022,25850063,-1572888595,1957222795,-1088556024,1185133701,-1551662251,1782454284,1318589679,-329008665,2041257166,-491660818,-1466823843,1296401845,-163655862,-808055244,20534369,-2073839994,804584306,-1236460737,519682694,2048631784,1599117822,958991511
1503710155,-220289210,1797871851,-763864643,1586442782,-72993767,83919958,1945794462,2035390138,1732784077,1457201891,413881706,1729799551,-1349959785,922091347,-1621737250,-998341444,-1211025636,1470720541,-1510145876,984376788,1439761991,-1590954827,1353754734,-182584291,1681469533,917445904,-829474857,-91423221,2054692941,1201450344,-710969045,509416589,1276702284,1289999420
-106242890,-355439967,-1280231270,-1867251483,-1961435232,1758429629,-1696756064,-1077352397,-1133665140,-1295037042,1393717311,1216674530,2075935054,-1950586860,-346194366,1340006030,1416826087,-735292621,-1461318258,-451196327,1798199411,1059129803,-923147093,1093554211,1977045573,558632453,216649091,-682916616,810383184,-1723627280,125239144,-848577334,-169134392,724651851,-266427045,-1933161121,-2009158648,1789714340,1637942410,1202130060,-1116106058,518958497,586549018,585727395,1403640100,-1315156323,884551463,1760879145
-1001235594,1697854984,27009484,393371152,-1509287004,-1295524905,-922763885,-881732705,-1933161074,-1678595281,650068567,531386267,47423512,-43666121,162197105,-2105029541,-962678400,1720289759,-1308787020,-103792517,1776985962,2060316777,942757533,898135298,-1773095880,1865360427,-1341950007,-646997561,-492692065,1598790034,157940902,-299811824,1280022647,-1063088278,996870765,-521436293,2054294993,-715919269,-501453233,1959909665,191765838,-1640085322,-924624402,904944887,30208174,1725944945,261026574,-1260991112,2035430567,-668210832,-614487412,1069008256,-1210037513,1255555590,800624270,1437824123,1592330684,1504308154,1817644027,1800615102,2035981315,26861133,-1950297299,683516980,-1256106082,-1147830533,190764005,1484858173,-1349477319,1007391745,314016895,-1286808110,-1768812625,-106271649,397011046,1607385836
1620328415,-1246885431,-798028250,-194818008,86707029,2100746894,-116897888,-1437839308,570912039,563916935,524607015,-1175475564,-740145649,246862051,-1489387630,1258824879,-2072960481,918404838,-1251503250,1071102547,-1229869563,-327728676,-1245545507,888248005,1545649296,675829322,1459257530,-1937634536,924688498,1742241383,1077741825,1156519362,-880615865,-491444790,1212810862,-448704660,2005498582,2048592995,-1254246557,1617842440,-2070124139,838266031,-1491459314,-1600461016,370532210,881709351,1110029258,905750158
609275129,470193094,-9980417,-564983345,-2023289862,1554558948,906944860,-2061769776,1370779098,-1634302749,264849906,708391735,1540497560,-328000833,-1131263984,2110691954,47312440,-119156137,1110266329,-1357314246,1157378483,1853811024,488700764,-472927463,-1371298001,-1308239815,1708745697,-1753864149,-81163408,-926093585,-453794683,1296256552,-444612979,142070595,934876169,922600353,1797119462,1817757145,787117030,40765321,-1770419883,-1335701166,-1956095324,1510684407,1667319715,-789755987,1464299371,1150247721,2048704061,459747818,1538542298,778879947,-802410458,1289721328,-1242296042,1206733177,-1559463889,707901104,-1123280602,123360386
-923618679,1198273918,270701551,1666189515,1244668910,-1046711847,-892317501,-766355639,-689592251,1437096523,1845668227,718772964,738816274,-602988650,-1430224392,-394141650,1064190804,1134636219,916728626,-1811766017,1908115759,858325460,-389347376,-915873436,849500618,-1756993503,1801760895,-1903023145,-310338694,-1514122401,-948872000,1913482416,-468605921,1057162336,1928827885,2091963611,1289616334,-205176616,2012572285
-2112739920,-651643788,-1278095482,553306286,1434358569,-1638478032,-933843325,-1456780574,637609275,1960621289,-662378153,1873765799,733667373,-1776414159,-1860211055,-1561980140,-1854229145,-580916638,-958730255,-1334394289,1961920416,-1133923595,1727266091,905368824,1254739258,30167060,-624589078,-513474587,-1978960660,-1866217876,-535425513,1831699220,-250416991,1956755016,1181877082,-148542243,1491241631,570160091,-766633248,-1105568665,1861970155,1337708764,-1860921249,1769437020,88728300,2128603992,1240258390,-380139808,147787086,42702275,238850969,1986490302,-721641431
-1630095860,1870363108,560372577,-1314002048,-809260626,-1444078831,1941982543,973020160,-120881959,419313868,-145711200,-667310161,78271175,-2099636841,660852349,-2112328706,-933500584,-828678812,-1979781652,-866198147,-277661935,-2126379704,494657909,971952305,910124392,1727722094,1291495944,-1573815253,-1630557378,-2050581427,-1761661410
1325124524,497753629,1298194461,-1464255090,1538211073,745630598,1478747904,-407949575,-1122943989,515153050,-198595273,1721820306,1342459798,-1190820603,1830877643,1650289153,941359153,-246150525,-1644431419,-1927361614,1104136247,1039330961,112512976,-797386331,1805549581,-1818099865,-678447075,-789527678,1581632168,-497687516,-342647162,225042928,-60471727,-936118197,736153845,-91930330,-115505748,-1901335954,-1105246201,-438910783,2142704885,1845498408,397703147,-945038120,-732033139,-752307889,537578384,-783453107,-1413281355,-1173515158,-466407937,1785143397,-46509416,-1915435423,-1882503676,936636827,-989932914,-776189069,-526825452,-1984322128,-1966208610,-1310714005,-1242004886,1540926214,1348923973,-1817398506,-1321203854,-1433893586,-1815229323,-1798159121,-1157686677,-700619073,1590891744,1418916124,813777479,-806546327,-2139345803,1367524509
-814324407,1506833450,-193028158,-1405641695,-208669570,1987436796,604165086,-970293222,-973613061,380914739,-127834055,551374453,-1343786850,-64551958,484653642,-260993327,-1083463806,416833486,1121873189,1904967964,393424016,435904038,763354162,-1055544268,929663580,1479773458,-1632860897,-2107886895,1028596526,798737431,1513823511,-1634856287,-72651939,-1782550054,-1944763085,-1997491788,1689777379,1808433707,-757919184,-1326162406,1794646062,1130635333,-1436886174,-585194550,643466804,1437653331
-374760252,960393161,1229382454,-1525761759,302358394,461958708,514820997,983549278,1734143852,-258316033,2127631061,-995947047,638538769,-928074482,-2080081863,-175420188,722844157,-465630990,-2118256372,549523813,647774783,-1851891074,-539539219,1665151105,1159947275,796799387,-1309227510,-97640809,-1168178024,2073189464,-1451283039,-2084019345,-619402933,-1469517755,2099745988,-246833741,-1549260779,1643844864,219392348,391563677,-1441236456,1656886288,-784302225,-1519534351,1914999952,208964081,1922723493,-1494672850
2101154927,-2125151225,-927136513,1238402379,1165824567,-983282678,1767084535,313309685,2017675178,-1534461748,-618225794,-618589846,-1429766924,208349341,1512076805,1481758061,1119447389,2064208064,-1901357696,1722172532,1900183518,1824723057,1525507605,611812931,2122281207,824504362,1311686673,-324548906,-1070631489,-9416415,-483360997,-1462396029,1000650812,-316452587,2136577195,2004751968,-1746768652,-63658422,-1785770564,715271137,-1903529532,-261965870,-547373121,-978694459,1912964591,-1692043763,221352147,395142707,-227643527,952547186,-911503565,1995342368,-361127498,-1222828658,1488571375,-1019809293,1595423005,-73284020,1321020639,1172873578,-919707551,-1420210825,-473060908,750706622,1436709570,-2020810115,-1060722417,-973998843
517502581,56110838,-1101780521,-308636848,-1763752349,-1026632444,-1824185036,-1119540942,1883784634,-202392575,-1830632284,418441986,-524800735,-161157773,-508767584,2109112686,1033318778,-586555309,1883455280,-361563671,-1026775265,456070404,-599998763,-1608890946,310056302,1457978496,1317925800,-1479928216,845905543,-757227820,1456964802,-1539462369,-1585520812,73381070,-143407138,-717724746,-1083626551,1129130227,-394075843,-1501156188,191449964,217985974,46038473,915282015,1474681367,2145486567,-1546876035,325368304,-1592872707,-1492304791,928683011,-166652733,-1474331670,-94143448,1220648350,-1953483329,1004527310,1820790089,579647050,-1085224554,1707208571,988497570,-96826080,1822508125,-1043855443,-384953749,-1993032193,-1591710114,-1838730421,-979240650,914207592,-1964414419,-1456750868,-1436981220,826294954
-986076516,1684252216,293234238,-1432389085,1511720158,532622681,1672395380,1896398612,-672501259,25975282,1964941390,800805962,436757343,-1060723115,1909009067,-1991833932,-412236895,-528882400,2055813543,1293612096,-946398646,1173106423,2054121537,1702957745,1966042161,1200387955,-988106689,-1261776971,206724096,973143385,-1499666354,606019126,-1716433162,-1632630258,648446060,1821082864,-765486617,-841960374,377954442,318702147,-1513751928,-1665623540,-1169748628,-219227830,-1132601111,-1560885811,-1023969324,651336747,1138314561,1562063608,295049694,1386612656
906864024,-1463630163,1349813270,653863363,516802899,105631815,450584357,936469106,-1415459946,-1367316547,-89320576,-1718600850,-61348591,1082547087,1957769534,-1898061601,110265958,-689776563,270646200,-905655574,610147356,-2009329791,-1220538204,-1302062796,969579993,2085873868,1718135906,-2018663772,-114139952,-2036719282,-324116587,-1836139156,444253559,-2068415157,1350224374,1053754184,87230589,-1303252981,-1271189916,-1713334776,-213917957,-1234182656,1744696382,1720821836,-519905815,-1072243410,-833197579,-347648370,1541344467,-1709533241,1377934556,1076223078
382645525,1763727938,504058376,75601057,-1635455844,1644670402,-1165713904,-708967599,1966516095,-185962280,-802244735,1452970428,-2032348126,2146680759,-1971268597,-241220965,754896912,-510433446,671956620,685799344,-2060743649,-1447386919,186290648,1991839549,362696402,651734525,-431006787,1191470265,-981288706,-1238619370,1179020353,-718591807,-1620971345,-487118325,-108899027,957432908,-1736632757,-1032754511,-1701126706,-1021166813,1031235576,-1405795232,-1662554374,-1986215537,-571164869,-711387964,-829047983,1041594707,-1275652895,1798326256,-330553404,-986445348,-888088799,-741585480,107722843,-886241354,-1255252478,-1257828289,2130543922,-1867620542,-1458750982,-807026738,-40633404,1159411366,-1616078633,-1514403865,203976811,2135915268,-1268966174
427934759,1156746477,483689025,745043734,1396253342,-991707112,-703875427,-1711780734,1732123747,-1698520498,-705411324,-1810161139,-2096389766,2067807656,-1954789361,-1156152509,1507041307,1510328829,1948654663,-713279582,587156406,-170884715,-219431740,-1318877076
-1255568095,-1518639081,-426733633,289371530,-1994638609,-1655317655,886629602,433157985,1119614297,-264996381,-818529823,-2116872908,1064217726,2023753296,569163355,1246076553,1309124404,-1291398399,-1036756071,172326773,789180220,-550794255,-986636829,383816034,-2077700937,-810287320,-604479730,-1376111599,-1987050279,-1674475677,941983321
-1511731236,594738420,1901752698,-1887585709,126597686,2122993895,-986391822,-304422458,-439425779,518927974,167989673,1667599750,105077226,-440238498,1310299574,-368759541,1099130285,-2049439391,994930301,26286461,-1992347968
488787454,-292382602,1946417807,-1671962578,-1715776148,2044577548,1412290103,-831159327,1594920701,-1449152242,377394813,-825107975,-530747136,-509601652,2098225921,988913765,-1064567245,391754140,604586162,785056593,1052841814,-1485580709,702041988,-432497971,1331941883,2035611442,1545383776,-169075028,2000873632,-1691006118,-1478410148,192804014,-854026241,1099793825,-287854036,-1637548831,417234339,3510637,-1359964457
359156670,1447271425,1968532653,103966124,-1462409671,-268702209,1822741367,1043927274,416726285,-937010899,2006999280,-2130145235,29849553,203832955,-394344332,916356005,812402323,276721732,-1458812425,-1293669527,-2028573718,-29723436,1810799672,871638938,1025823819,826993962,-1828665803,-1954285880,212782747,-1938086914,-586245151,-1749946733,449395206,-1652422396,-1652633069,-1051923819,2089827598,454106226,1710611906,1722158463,1798101478
1139479151,-1201999743,1420751873,1226578094,1439478754,193520879,-1542874395,858673035,-874057960,-658494431,285781572,-109282893,-468914565,-2095560294,-1762382004,843851608,54689107,-181087381,1996935997,2137527173,1637346940,622617817,1612884796,1413747040,1632713305,-1984325827,-2138573465,-686028369
-2013780693,-973116632,1120324764,1730909654,1206819798,1445634254,-885146692,-16337675,1319583411,-1732097447,929468493,1101483116,-1658781349,1639152020,-1480801857,1412634446,189512629,-1903548055,-1622388619,2131792430,-1672414124,44608112,-1555564340,-1839182895,-1028842211,1840301256,832639579,569249061,-55411156,-662920406,2024251260,1207438450,122358519,340974395,-182628085,2035916751,-1419088460,-421386464,-1047625107,210379478,350590200,289842263,225472980,-289930341,-980783200,304327621,-2068563776,1515399897,-811793676,268080906,-848148280,1742287726
-1835530468,290091162,-404151031,202061157,1308000275,2001775935,-204757471,1440060905,126774849,-1306571869,318232872,267949547,-1376196475,1210785364,938236160,-940464734,-1018444832,-83965046,1614219437,-846293050,-1041576888,-389122202,2046667340,1722097527,-1024248132,1931824766,-1341886140,-181811106,1378066584,562214041,860816314,1727778066,-2039205846,668277686,-1974755510,-1674743876,2109188740,-1155741869,-801155853,-2098808579
1113653227,-811233198,-512048882,-1932876432,-876184897,-1633395182,-165288151,-1836693514,356383193,819602850,-1435657433,-215959149,1244555341,-186594775,1820368233,1818435683,871233218,153970358,1300289788,-832060806,-1508770768,1253251516,-1500627976,869400705,299212522,-1692232772,-1040436696,1626531203,1364429279,1409768771,1083287023,-351903735,1414476316,983500823,-1236423831,-1495107485,-1727106924,760594349,891894224,1781733448,2089579555
-1057974496,686962593,-363114544,1347936472,1809144318,-1015709023,-837179054,-1884439719,-1174133291,-1654141672,-1565111339,1461649434,-510163646,345368329,1595122429,-1133211767,770934449,-1126455687,-667327958,-1965754693,-1070858424,-1913177463,258137086,-2026878304,-1009674237,-304735289,438095387,-625868168,111151391,1196436928,-1131567823,-598637178,1682581436,259712473,103775543,519135234,1011263933,872909662,1744003575,2080920403,-397753358,-1195580197,-1271295024,2060367229,88999545,709748394,763548855,1419629527,415570785,-1227606323,1685782910,1205226754,1450658703,2035194365,-650282152,1987941910,-752030235,1928371715,-1833425508,873602845,1941120160,-65923771,-1575355447,437832388,949193985,744634275,-1954118710,601730383,-609958609,-269779837,286761082,1259161293,-410850213,-1582136790
-144003955,-1068662491,378246733,1670702304,255481296,1660568125,-664292377,-828416734,-1958707265,-1285360307,-720172467,-935652876,1269652638,-215074794,812409215,-368718496,708870722,-1156464679,314437568,-1374623051,1016089536,2129570551,-715819929,-1490076975,788079207,439273691,-1828541449,-41523039,277078511,382991383,-318738067,1261674985,-1051603983,-1256645939,1748902105,2072741952,454016666,764801360,-1740370128,-1585861026,1960419995,583944970,-448320673,-956029542,487736419,-1020385889,-139649885,893116333,188943504,670265938,629371415,1495984315,1431980962,447220135,-343820402,870170004
-1881885366,-598244445,-1313521098,1725211872,-322931665,864342797,-1677517674,2145611347,362634489,-1643363017,1607104415,-1527288994,1807139487,-399241713,698053242,1132641598,1447722829,1032040734,-383795184,39135116,-688813689,75094488,-2091697460,690295471,-1843775596,727115060,-1463062363,-1333673582,-816261863,-603066241,-1977783461,432451222,1517907715,-63471251,-1616824064,2075345866,394787242,-402777231,1338439865,2060018265,665990451,1571706446,-668373051,264793411
1209616876,633760446,-507393200,937207966,-913218705,1887792927,-1616964544,-1282712872,-1254688891,1773764870,-1379836602,114585383,969614847,-1798110918,-622569289,940105044,1704256163,826468206,-890815234,624213647,-145934529,-1260331834
