1043043175,-526890985,-967637451,-1285434104,-1593949751,551274563,220316375,1571631231,1568305030,-499703006,-1372697158,1366022434,1600285493,902180390,-1120652087,79710631,-1817039064,846587349,-2025596142,1622462100,-1606658047,-791518515,-1958386828
-2113441653,-363816185,-1833758057,1278578394,1158915782,1604088671,-1035772901,674421578,35536451,-84417197,1091178259,-202974507,-226929742,1631599883,823874996,1887489957,1013171641,-1980058728,1311931465,-890674360,-1263118586,-2061899392,-125193366,839585497,578313639,1346504058,-1959837332,1383489885,390042520,-1385596043,553113371,395954286,-2124161891,504414174,-789251162,-333791459
-1456772318,-1638808614,593004308,-594657409,-92696206,-152614765,201248763,1393729457,-793226555,2063437934,-653201123,-1481203707,-251861213,-1362829117,1782356298,-456684474,-788681953,509520338,2144147710,1130527546,-2076118876
-259609918,-1861486279,-647915532,110028211,-1975296558,1417627646,-384453394,740600564,-945715457,-1399765055,279168143,-667458315,-5383210,-1389339260,-1590217030,1070605147,376544258,625732269,-1387442117,1521698351,-1863357202,33761748,-914380535,1169774800,-1163932754
1317128907,-773445590,-534234849,335788106,1937486749,-1826715609,-2129230772,1295931338,977486099,712014949,1662768915,-848590827,-1366112387,-1494697942,718891272,1965883899,-159688340,-1741969004,856358040,199537337,2033550197,783778836,-654734735
1247510580,-1709703651,249741089,2023449230,-1362876269,-995379689,1353199357,266784437,367404108,-769232231,-823958461,-610821826,723459755,284864984,-425055358,919409205,-1783430248,-1031259047,-1960787399,-853981621,-921466668,-1852526866,-944911426,852827113,-1723824253,1299066847,-1065471903,-2064601722,-1793725975,-1989688474,-1052423471,-373394115,-362532488,-949882016,-771225667
-1979918070,-2146845118,-1517823042,-489878605,-1532225686,-2019360439,1590473587,-910428545,1907213848,1238553077,-509918739,-1805508766,-2084343731,623999671,110580046,1599209478,267243068,-944566552,-441976404,1498710386,1076637850,-93271555,1647174202,2050560084,-1849122720,1833741817,-1963331415,1755456161,-371214641,478942498,636816075,1671168607
589114103,-1152397702,592769473,-794261523,-1358528416,-1608817737,-1708458892,-1724775893,1237266215,983223573,-306902473,-230220808,1596014759,95312471,1538393777,-38555397,2056211394,-1699667624,-1843252610,380877435,-570327529,1278910763,695988618,1497276705,557679732,246739842,-584144222,-1156618495,1673528969,-1613090733,381389895,-780735013,823503327,171042744,-1143649594,-1407853155,-1597190137,-539896298,-1653265531,1383067436,134775830,1446196865,-1511722594,-1188913309,105925456,-299870369,195198897,-140145061,146787618,-1932241589,-2013576459,958074604,-109803947,144777275,1468709776,639347316,-1807287423,-1173475612,-1314343383,852466902,1488985791,-727415716
1884654789,-753738590,918744065,-2053638998,-626654142,-1242758042,1075810201,-1497671654,18312546,745668458,-1320531014,-892172162,-1080125611,-907736101,-573217172,1431528560,908330915,1655697074,-1124037620,-2021860672,1913035703,-204582689,-333695374,545533135,1214791329,158677958,815391318,1050903068,-1503021289,122775786,-937445649,-481976033,1531367868,1932417255,289178588,1140056405,-678138972,1233348005,700660039,1583917724,284565783,1099121610,-962380217,-1720052288,851027093,1058908016,646269318,-340426155,-836632038,2083127320,-624254941,1958622662,688738979,-638746659,-1543053607,1829656494,725853168,1889395180,-1779781280,433774438,1516640394
-1793582061,902842078,-1369340921,-1534744488,1572813778,879171248,-1397225588,-679776276,376217641,2045550450,-869698926,-741185568,-580869199,927822923,1283091437,1798960951,1113155254,57965256,1536599818,1256277244,-1590734822,-1779784720,38447480,1001711990,1564358776,-1936678251,462808233,-332792165,9675659,-636669204,-1034016776,1908753345,-830690351,555730784,-1504071955,-666613605,-443251605,-1280266590,-1701490752,-1204169886,874427719,1484064516,844140059,-28445102,1082553728
742495780,-1973057449,-1047607292,217105202,-856726598,-772016888,-1135264137,-1294235356,-1359963650,641046484,67339862,1953351660,1338101524,65017466,-1775623073,-808094312,298733610,-50762050,427885104,566018571,745710008,1605217113,1366340142,2011879188,829440009,-112823248,1636928936,-2069363269,1354654715,-477696567,1601966395,-878250787,1075564546,-1818125318,-1323820169,-214326022,-813569678,-1164100638,-1202785854,162684237,1859756541,2061027613,484323196,608032284,-1336478343,78520883,-800586909,864367697,-1645740058,-2009726896,-2134941895,1211869770,1131474863,992425530,1286929828,-542846484,1532909616,-755602818,60056148,-1688333314,-1683249032,-1812283155,1468938346,25604275,-1089222065,-105961658,-96488680
1560161658,-110151372,2027738244,-1737315248,-1021656259,596242298,-1233273103,-1358418036,-507269600,225676908,1787655200,1207865344,-1872516618,-830240864,5940980,1874249602,-712216550,910312165,1907458900,-704842476
991298164,862949460,391904821,-932654117,-513976731,1718685846,1794732403,-1266402861,687395684,994673902,-2068545979,-371168998,19726500,-1171311292,1000085015,-778730618,-1545555693,-191110210,1769835173,252121937,1221278670,2040729118,-225559156,1800586528,-764852266,-887070360,961033501,1667382849,-792322300
-876959116,-1521642700,345160762,-968451920,-2113084215,-1466949012,-1629288229,-977132729,-754780667,476698454,1115487612,-1726665982,-398906216,-1260185190,36477403,447235724,566513289,-108401504,-2025134065,-1277267733,-1120800307,-178060459,-740983039,725339364,1204127197,-571356114,660027418,-928335203,1283711618,333887852,1958349885
1164472306,-483178078,2082819063,-1384505233,-1992541152,-2043177868,-829774091,1871339012,-1640459952,-1867161696,-1816676682,163570523,-1172053527,-1217331134,-1226243968,765337313,338763150,422087763,741778072,-960930433,550945647,-1324474254,-771612500,-1357443078,-1923856933,1786396135,940573588,-863862116,1559335705,-1520991004,2037334073,1065544468,2121127800,-1692840180,-1308911147,805957786,2043661477,-2128417223,996635484,1270878806,-149214660,127767418,1267516473,-1740206078,714345376,-1223220646,1032594493,387758285,343039759,69497959,1815880404,1263584386,-1250643472,-890908430,769285497,-922576151,820178543,1559534866,169019755,104934765,1954995787,-1087535121,1938482336,36783870,-1591114002,37402428,543343098,2096559673,-1618890051,1828042757,15410360,1187575237,795950001,586233770,-332292306,556250879,1194584870,-134821590
816313048,-822344973,-1421526363,-1589125396,-1705319170,145081274,119553819,-2033523186,-1948478151,871138432,-1828032391,-33137464,716362519,52506495,621735382,1376786202,892192716,336279610,-1458562567,-9366385,379929170,161111762,-1335542242,2133845425,-788782632,-694102888,-1872161543,-99126082,134578777,-583887390,272073211,-1613421158,922587018,1656753442,1962473683,-2017165048
2077184820,1962826039,-873603308,-1114273167,-1936154378,-1797766429,220251347,-705155165,855623197,1254172129,-932583089,1707860483,1538111814,476156683,363861435,-1757541904,883594571,-1519742770,1010980078,1193546775,84514776,-84281296,1742022158,1715978264,-532810435,1551441427,101951115,-2133379735,-37186172,1189498042,2110056271,-406388101,-799273274,1065210252,64282931,1681025562
2126488344,60013748,-1498897639,37598606,-920984743,-2055905050,-2112098771,301001722,2002305594,365329832,1309779481,423980689,-93027236,845907224,-1006588405,1549712473,220639765,1058097225,851305030,-696465762,-1790594372,1635658547,-1095995648,-825112574,-1065461725,-1624366101,-2141048436,1492515033,-1089790364,-1051526893,-70350917,-688802637,1010377696,938832787,-1846267520,-1588861639,871767428,-1215596664,221063378,1913898556,1720896334,421673084,905548758,532305674,-1801866993,192609496,-624347844,1023479044,72488818,107750550,-499056920,-913794195,92510524,1220503354,-1015764267,-874257276,646889685,1054964994,614891062,1338009555,1278441990,-985225381,-711091491,1240908233,-1817814013,1068158103,-255491360,-1771368314,-786296916
-1672498567,-103919114,473060879,-1214093728,-994413522,2026835745,1925870385,-921651501,-1162980559,-1336350528,1427177741,1684650012,22401033,1013438738,-504926499,-529726905,-697746575,-840089872,2144579735,1021734077,1013111679,-778959329,1398203066,1298391221,535674632,-1979547419,-2094799287,542203625,-974920894,640009950,-1336592105,-454873971,492212139,-1620333297
1010916220,325454890,1534700347,302181129,1508319668,995890547,-2010103179,-528725072,2136716292,1187951535,-1501054730,1097209061,261199875,231167835,-2124660944,1653200179,-1181441724,-1874567057,-30485982,693770952,-1879175737,388592579,-2141098258,1851482491,2116646321,-1122680146,-2134217816,-1541448433,-1801682369,1708763376,484706672,-1909185607,1992204280,-541244207,-1483041854,-763560737,-1675812830,1383853449,856465676,981653538,-1706328714,-1620202526,-206157696,916893854,-1053378538,848435483,-1413914325,-218079120,-1514275650,1740130319,-1115546042,559458424,-455996614,-539386729,1764269260,-1655345057,1199575063,1665152299
-1680112933,1164174749,-1955083569,-805917441,219761201,-1438060548,-426628308,1840678173,-572370693,1283459268,1916186876,-980869269,-2126804181,1860447642,-1299816789,-1994626792,-1972065457,-1292966360,-1386971333,1178678474,-1825896427,-1344760491,1070461287,-1445424910,1666635282,449849782,-1985511157,-418402457,-1941194306,1561911619,395178690,1723478578,-559811133,-426503091,-2061982256,-1354501721,1452128630,422067119
-609185868,243159973,1658168899,1354144084,-1196397443,1161252243,-1000566376,1604326930,1329057831,-1758350784,1348442593,-68981695,-310485517,-1020000788,237548847,-1692868738,-1625676657,66302430,2061905378,-1151415129,206233512,-1938102175,-1214754723,898389883,1287601859
1346355192,-1792094596,-731429555,2019405137,-1385715910,530508060,243537904,1466971429,1529231175,-1733737448,-581514457,47385634,-1017042281,-1256734690,1087702804,-985155912,466304744,807380661,635671696,-1290922052,-1511335307,1788000605,1862543236,-585429468,-137801624,-2014343435,-664470922,905227022,-1980925812,-128982180,1897271142,-1592966138,-499413434,-50741925,454109659,-2092505720,1048545989,-767390014,1224660536
-335122824,46248656,74715731,-1400260704,-2030162496,-540938537,-16159929,681242113,597374183,-138946272,-177888119,84311885,259897167,-1887614453,979582009,-1481146068,180370926,-328189061,-1424400198,712094863,-524539655
939928452,-971568654,1881675999,2026360564,1428239672,369796581,-201362824,-469795269,259708660,1931553223,-1444842882,1480215301,-595743512,-968473387,1787397179,-1819486137,-366137815,-1090793118,82431876,-1393913335,1377136069,1096221287,-141807131,-163282799,-280143594,-698063554,-1116924131,1998563777,741214043,-1457275990,1053222092,400925885,729214596,500757018,-92541590,87573456,-1816129204,-645941714,1161305723,-2084865904,-1466402163,1610838394,390258176,-564734401,-2084529713,-1850364791,-1802712272,1830966900,1070945569,-812048860,-83077528,-263699462,-440802260,2058873555,1563911263,-899649545
-1323312989,1620537501,-1754852016,676165441,1938258729,-1235688659,1655967308,-1956018226,-582247481,-1265791599,1836925047,91847680,1839489581,367362805,1253663432,-2097646231,-253361886,-1574912089,-1427734011,1337682926,-879170684,1051677639,-863377562,-1110591081,-344861299,2082276666,1265976696,-1502998618,-1544419753,759209188,1127698244,-924505878,838647201,1878414101,383524272,-488583852,-2093567533,-5238973
-1552745782,1741744703,-677548294,580767087,-380221637,1202747817,1876477968,100353516,-667661,1392041225,237345308,1640357856,1232620079,2048328334,983573287,-1463112410,1242761460,247938278,-494597212,1558958349,-1004073956,376481468,-1171038819,-1979745919,1110928560,584366722,586824495,994231912,1558821501,280633967,208078904,755581774,1698045665,-1322908469
-608708797,385243365,19353706,1503807986,-660320509,593487504,-764686987,-872782844,-614406825,-555290758,1276049008,872411770,-594711109,533513374,1670307191,-1551463092,213779777,1802897780,-908877366,-1852875598,950103477,1305598527,-67487348,714545553,294614784,282887075,1801163719,-1746984654,1900681937,-941777030,-2141890893,-393768908,2135043705,-1683313945,-1746289097,1245419716,928698134,-1472960086,-912236880,-1114601462,875883507,1228319413,157929456,793456358,1807651631,21447168,618955912,-1832476197,1247274140,-587576423,-1132375734,770868299,-241578264,1352600574,65693961,470700772,1642658562,-1552285266,569888930,883581274,-1279161930,1821768701,329813824
-716273766,-326153432,524820186,-1179551571,1017789229,-94806616,291234048,-412359467,-984436420,674258634,-1804821545,-977012332,1110453127,-286414209,595346274,-1294510855,-750692956,1510943344,221811458,105050768,-1864670172,2066673749,805255999
-861240845,162111879,-53434424,1458930648,-729731068,134711251,-1516592712,872484442,-2100593875,765811600,1645498906,1322115543,-698012593,-1789453581,1912170671,-1897083636,-2048895303,-762281311,-66426130,-1638127701,-348395315,-482083963,1796501323,314680910,-2099240220,1717703139,1168296124,2044262824,1974540399,1257294253,1176594040,-1026511619,-1872388258,-1554815979,1214180353,-604899373,-1806478908,282094179,1388954981,679966441,-842627653,233640455,-172770369,700579944,1275551620,1209159153,-1784951292,1167722328,1436246515,-614391520,523653627,-1549843883,-1033559799,333514361,-1998085747,948930946,-1422263582,-561217063,1441126462,430514108,1704983249,812461677,-1082497797,1329322770,2028227273,-885400000,-249269227,-1908416395
855547669,-521570931,1777329835,-1431435317,-1199589258,1043415954,-875547511,-1642613290,-578423027,-77615801,1634389601,-1336230799,1280563505,1630890440,1989969592,486198851,929591491,-216090770,-1730812356,-155815897,1672351291,-1053414574,-831643916,-2008465837,-629143299,-333023984,72711865,1999298492,1540634865,-260171060,660083940,1069501369,143258962,-424382086,-1275560120,-1835842074,1521069252,-481340071,469111394,1049244746,-1434621268,1804428991,1645269199,1250997180,354147772,-286208228,-1630476803,-323383679,1350874060,289591864,-1690396635
-1677304080,2070458303,1540547960,-62113284,-1500342330,-672753409,-709345128,1652170176,-1456983793,-1971994897,1307975753,867885053,-1764880256,-723600270,882464360,-1569953645,-1090232102,916054237,144073243,-1574829077,-2142351048,1825250998,-1019072183,382531931,801633703,357016254,-149879476,1533912014,2111905019,1705989938,-1408078107,1680535715,-930140192,-142289076,-1063479952,-2060949290,-1244304081,1876072208,1292385624,1649485917,1873024898,-594263228,293749196,785410004,285501450,1611111871,336491954,-2091484069,2106612383
1176707036,718500286,-2070763752,978238835,-1140619655,876520151,-98796580,677448056,-680313395,-543886288,1327746489,1476652963,-624742876,44930284,798380275,-413755453,-204176125,-769693210,662335392,1762326923,-1346566751,-2123397350,939053362,1035177620,1652255893,2120440644,1606305621
-907945265,-1680379450,1087321083,2050996285,-1429767220,-349835570,1843575988,-1156583618,1794235141,1177954743,1139629890,2080254993,2084150440,1241582000,518503276,546736341,-2055893622,1072433307,-598235630,738224875,2129804891,-568917962,-135341695,1751846584,-773087718,-371776128,-1342974200,-288322648,132204491,1448859221,-312554037,-1776905099,-1091209369,169876827,-1612866858,591689640,-1492002284,-1030352863,-1517341067,-101047201,-275993194,-1264096380,-1837620542,-322160815,700179204,1283002965,-239685762,1424315407,-1853146946,1972720184,865543972,2005749388,1963294622,-394587442,85276987,-348460833
1238258454,2019112427,-1663227578,-1851904360,1145608464,932507347,89492590,-1131597534,-414304349,227365145,1324128241,1537069788,1391955647,-832893758,-1625386721,-260050732,1437313478,415096131,2058771456,-1924037110,-111419353,1510164311,-1794586983,-1322463383,-582591412,-583344110,528663662,1189100277,-2027967306,-1216384715,1893817928,433690176,-505298075,-407007548,865229368,-940494814,-612300932,-1512738346,355000283,-1470570072,1403936037,1551838379,-1916691234,-876727732,1322731442,808815619,-370790972,250481510,231940,-455263827,1949814502,-616845598,-1136531152,-517802915,-635070021,903079219,827061598,-2098925374,-1603087783,-197093753,1361247477,-794249256,1704331579,-1880079556,-1142518284,1113593466,-2126375612,400035730,440871330,617935418,1173760516,226383521,-872542614,1480398708
-1389954932,-1596113921,-1997253471,-1404848489,-960899082,-2036787769,-1033079064,-1297233717,697252532,1268729717,1967651834,-438383939,-271253052,-698036232,-477262562,1385038357,435874942,-1563470189,-567306358,1309886465,-960275703,-1963184564,-419129867,732517684,2088322063,132754314,117563241,-860206543,-224177740,1202565113,-212594851,-1539967032,1419205059,-332492623,-1039312126,-958026783,1003529514,-1660831082,1372809181,1739163256,-2011252056,325433601,1551595413,1388813031,-1695964988,243499679,-1138950898,-818585237,1562626816,-92458855,-770707786,-1270334240,1548822094,-1265728523,-254973411,1975654607,1703803075,199613755,-1442939701,-1543806038
-1608349093,-1972492723,-1573131947,1065598490,-439382323,189851537,-1503112728,1953772971,620775930,-727354509,-79542093,1432646629,-1733910566,748115095,-975859838,1471820251,-1265596451,84253816,-2020834783,-1288047561,1853171215,1071443905,1426771490,-1628347979,39309942,-837450789,1452630749,449580244,2114564798,1629151686,-38085193,-532765493,-1057437161,-1133739476,1298134695,-1161838150,117810014,-626813261,1099411702,-2138783711,1694955898,788239506,2070369349,1349279637,1446314504,1212175463,-1059950124,-1301800784,19676730,81648454,202078720,122707529,-1143867908,-1090838251,248096269,455032292,2103624024,1279944726,1628256805,475009900,-275397606,617544132,-1771609184,467289119,558202807
585840518,640169160,414801770,1354258642,407999825,231403316,-1481022817,-1647420893,473035254,-406967586,-1840805484,1625295981,-1781641434,-1239962388,-663689154,-1208337056,-2062490927,-1137167522,1851949929,-237347559,289288939,-700227708,-234071006,-1731842122,-54089359,480177,-1386263208,-2026601427,1758389422,81000493,98082752,-615906215,-826914886,1431116655,400062457,-2100661675,-1269330109,-381558389,-999390479,-1571821811,1228369551,1162295017,-1390771066,2107565585,-74352447,-1921369545,548711535,218585772,-596387238,-1951739488,-1584671395,-1305488843,-836851966,-1233264835,-1660546467,-1230403676,1877196680,1276758219,-84791680,1837175911,1125159975,484918942,209650364,266918518,-583317749,-1927565866,-222837228,693599141,702608146,-312399409,280148983,-1572474312,-941942058,-1757112099,1754391781,123608764,-1022458901
-1572104872,1990450964,404095589,1114884917,-634710303,-500170030,718272668,-1754248777,-2124957808,-373968697,970821426,-833347100,-2035094631,243274204,-1131484843,-1232361189,-2143001293,840914211,-559425215,-1635231708,-1619704125,869884200,438098184,-580464983,986305337,-1117534579,1788890005,372054500,-1462026054,1504823253,768887277,-1642450279,-263614081,1375373951,1702199480,-644159929,2037880572,1657324886,1930945024,-1945657447,-413039804,-1775861753,1062612791,-258883038,-1761563477,-1240680460,216113022,-436302518,-155883604,879230535,2062493220,-1640449406,190454541,-1048550583,-1236001428,-1381938497
1470382835,-713270893,1201354532,772788748,1490732741,1702881296,626325761,-633048211,-1571016490,1446969117,1821252860,1222953143,-1361361876,-1932598922,-851028595,-2065821440,361520717,1189788256,-1977171793,1884765631
1137161708,-1085451053,-1239314768,-1794083894,-153364100,-1188189928,1664911355,-18016659,1142644870,-1195799367,455124628,-660350382,-752311913,-29941305,-959023388,-1933519630,-1808875621,944860951,-417992279,-1579566592,-840979621,-1941201539,-1627110630,-1686766151,-325961402,-703704007
10897536,1191530355,-1370888015,1953566429,-1452863575,1645834214,1633637728,1692222151,1230202772,-1440603375,-1502794738,887223956,1760191230,-1568340322,1643968321,1443815869,536515475,-1149991829,-1767850253,2080747850,1089241030,502298069,1318560900,1486726843,-1495391771,538392377,1871432177,-1654144724,-1123105689,-881463368
-286665549,1849413512,78582073,-142689967,2053714956,-1685824489,-742763341,1308612759,-2122067848,1030922126,-428755284,900497292,-379522079,-198736541,1347631100,-1532534531,-1942947518,781584797,1788307158,-245782576,893757253,696330409,2067330056,1400413424,948113709,-557287315,-527837055,2146121858,126034421,-239288675,498519828,1423643228,-272353863,-1493755826,-2090719622,-805345866,-539138731,-893221176,-896847971,-1897391070,607742027,-372181601,-813183981,2063209401,411250922,-1712189948,1932124392,271389846,-805460309,-2062324904,1233301920,-1448138360,1454514909,221709569,877815675
-302541947,1569055105,-481146630,-1005276330,848193663,-1871550780,-898865758,2048583458,2141957864,-834741320,-975455745,925291786,-753926465,1332866851,-94629909,667505063,-1997726007,2097960880,-1539236081,392662206,891781814,-907026102,1606463914,-1316695884,-928053375,-1223066708,-416034415,161760577,-679701988,-195748296,2110734710,-1955092124,-596085685,36410632,-292305300,-1494533994,-1905804337,-1120433341,-1539635798,938356546,-365113401
1609431694,-2082823565,1443496019,349096080,903760101,1431740111,-493163398,454543271,-122949783,515097283,312730189,1087977372,588586634,1769064447,-339436212,-1280142974,-1559873679,987476005,1368262407,1554731446,-168020159,1895729340,-1953440248,-1332683030,-1660153185,-1682703766,1198876400,1650675330,-1559902860,443160418,-1250260001,1675205150
-1544217318,2059210265,-8709513,1821798867,424615233,-141709851,-1319806098,1629094119,435470832,-1020826440,-1003315870,-1935908912,802005279,-1618653805,1118214081,-402302968,880923482,-1977010263,-225685279,55722532,1644544435,-677650621,1609113360,-240815269,524312314,-2121803544,1322657513,-559907000,1195327531,1758476984,-1269634327,-512077330,1487882279,1478848536,-654786495,-1982962179
111223699,-542098195,238197587,-1488860563,1327260415,1124528901,963998149,-1009617221,-964599330,919932242,2034150430,-432616440,-208896505,1321705763,1407754087,1306598385,-1417254266,2120075617,470332008,-1776811923,-1413765953,-114041119,-897461905
-49047591,-1134992903,1415830095,-267724094,946606680,-2145162923,-1266203477,-1477060441,1971581452,1991682570,-637236620,912085089,-980800983,-610177813,547034287,1231345533,873760695,-712047333,1326690427,536374105,-1483483092,967023588,-35205038,-1075227874,-1013885354,698901958,-298902130,-2019382035,1834713470,1746769105,846536239,1283267159,1971765962,1221106742,275313371,-79937517,-2146925341,-559245029,1886089509,1907887338,-939941418,179565743,1175985681,1650392053,628575039,1179095935,538299607,1398654475,-1981296476,-219077113,-2054429209,-1223936396,1532684318,-220762486,-1057580499,688264929,-116171459,-1129541595
-1236113760,-1413330387,-1083458783,2018282449,-563457781,567951124,257215113,-1659707814,-2112579775,-840762434,596354812,532714163,52519192,1612488572,466256580,-360633868,1750968657,-1605668024,619922214,187556486,-623593203,-25972179,1128114939,-609824469,1743349376,-874581019,-24831361,-390724032,-1237841180,-1757733437,840038504,-1784069306,-1798478929,691862995,-228059078,-1835858786,-1135750393,154072127,174371289,-1561599085,862696309,-730444044,-1031029153,1717146782,-222121255,-2019542140,1393413679,-705624604,991520925,-1255050419,-1207129014,-1180868093,-1553360083,-1937635877,1630954209,1135475469,-182261594,597747082,-147622614,1344889300,874694349,953227888,-606182794,178531687,-1743253950,1022148473,453494403,1279145693,632784116,-31969838,-907302130,877743440,311040983,1811020426,-1196302675,-309811668,896848852,1108519543,1419535578
-1280999935,-1518780330,2015646546,-1748886635,-1936798958,196086069,158773408,75952214,55664142,-649639147,-456644620,103628335,2140591685,-1359365686,-267409864,685023938,-423689088,598267430,-165333916,1163957461,-1618034822,-610428074,960733969,-414881192,563284879,1566318219,-1782523060,152124070,-983397965,1746863324,-1497765715,-450223861,1595040165,-1040583830,346886311,936354694,1339235171,-1309647419,181242656,-335199793,838671328,-2025826675,-1736331197,317223067
1895253596,1781903253,72647965,-452913005,1776332003,79307846,886789328,-656650431,1799180370,1510415049,1078037875,-1997639227,1723039485,-894346330,-1122367147,-1777168868,-1949350084,770248590,101426130,1763164080,292800914,1471549615,1677808157,741069513,2114783504,1805090122,305955903,-242734269,1013177851,-1913561215,-566357410,-1048976767,351006380,-1039368587,-1711654334,502878369,-293743945,-770069360,-351244011,-1131121424,1944962127,1944790814,-301462167,-1145900640,-133069848,-1121199326,-1524691585,1433505464,634278430,-1106926745,-1085768250,599685195,-806214699,1856295893
-29447188,187266208,1142466053,-1378725779,-1776793247,-980067482,-789226730,-1220575038,1833220757,1369163075,-149543231,468364280,164161235,-20579669,-550881366,-1785419796,811656497,1914688213,966357241,1450591491
701249878,537045289,1004766830,2044472623,-1951798773,1079935519,78879407,-1408589922,1194166076,401550974,-1777248164,1168889204,1296330237,-841566151,2035303203,662759264,1885727959,1756535913,-56730355,224697561,154058920,1899286623,-282376186,817973585
-1298168835,-1008632932,6998186,2025896811,1653224769,-195652857,-1967698200,1805143884,279701794,73660265,489226024,789886858,-288383585,1177119318,732265937,2146278606,903170324,-95472491,-1755844088,-1229314386,670235342,695598376,1848453737,-961129386,-946933534,1713278089,-1365190413,-588072093,910473018,-634126282,730733123,1971769618,-1909152784,-1392037265,2015673348,-1153687143,970867934,103963198,-1605896539,1823152596,2042335861,331884471,615681613,-1507309788,601619405,1721884801,931630859,1282093460,1176215550,1389641876,-55175086,1187394620,1350846637,1955275587,-1123423325
-1070925335,-284673923,-1574325620,-904039426,-189387977,-461288881,6238160,-146171499,1223032299,912185004,672452583,1082002664,-1573321543,237240688,-1481159512,-1126395658,979202187,2085954210,912349252,-56161951,1070053012,-1539148551,-878541962,733099669,1053098916,904964257,-1072573704,17141807,-755953475,716267070,-126896072,-4988517,2136747239,-510013903,-920493749,1334742271,1663537216,1730551833,1561498657,571447383,-836023210,993801884,1486784762,1056237792,245001657,-1565985946,1119582233,-1496756038,-1831918902,425670513,-88748362,-834776376,582089689,-244309113,1670070072,-2046574374,1338808431
634986659,1308137486,-1421257241,-550085920,1510789455,1516420978,187093827,-2089156883,1831538906,-1668182802,1962892860,-832700580,777946463,2015966305,-1036935782,-1784683387,-1446191129,-1584167671,-264696634,276012774,-113945569,-1024157401,1440357533,1010563436,735205195,-1446487070,-1146155642,1054960625,-1339827590,-1036514965,165664454,-1318776314,-1830390789,-997913247
-1561998863,1909402639,-1764170889,-961017243,-483803143,636149983,1218436692,-469360365,-1944131104,335246768,-1634797382,-887794658,1743337136,1612464468,903025897,425460424,1295873722,1218080739,-1008054715,1598924137,-1170980901,-242922581,1032732982,753025410,917524993,1782948196,-1272943281,1779993361,2133344237,-1614105689,-596109902,1214793510,1331388473,-473009759,1979925425,2069873590,1182157469,1268376835,337825720,-1895794514,-1146395283,835586876,667128939,-14932405,663242597
45428747,-1791687512,-1147604567,-1335947635,-77531107,-814163816,-613014010,173209981,-863370419,77070773,-395551363,-1033169890,-471241329,1253496248,2008883970,-1726530991,168311430,482925835,-480979328,1664483117,-940934615,1720370332,-1175774175,1988830446,842372004,759765236,-165381173,-569302995,2008406651,-135324025,-391121683,-872211887,1220923893,1958370125,1069779578,996157253,408666807,-1952143983,-1425601739,1098883690,1822983854,190827528,-433284561,-312875313,779923250
-630539379,-324544865,-1034458777,-1610824790,1879304591,1781458394,-162216729,-860051838,1094972877,-1950966712,-1687732067,-680867379,-669271358,-1400913239,1084408307,181705532,1795678606,1776594737,-1424139729,276882335,628604919,105735474,-1639154150,-2087858244,666210992,-1306952677,-1911843870,656814690,1386321886,1305280928,1055062849,-1354738755,681954775,65850170,-386599971,-1834360342,392190508,784984786,-2006448654,-1853237555,685694185,-700237128,-377695955,-457545950,-1205521381,1451177177,418866651,636112594,1734243217,-1844475599,23235650,1066798727,1455363303,1125328766,-1791648177,1004465794,-703880256,1459793973,1263261553,-749806933,1613195858,-1155628871,1621507779,-1242207255,1145233958,188010186
-751062348,-1686508256,1424590651,525058898,1418827495,-131196227,-1374624793,1009984476,-1645158182,241794460,4779237,-1439496902,-765509712,-1638214337,-435332870,1389137846,56221932,1673793554,960790863,-221496483,497708362,859859371,1744526435,45801954,-1378976052,-1059608238,1693561922,724798145,-417864686,-1901574972,636947447,-1484302937,-1271053074,-20288716,-584325058,1808475920,-1820853193,-2060829550,725774206,-1493107918,1153776349,221753614,1528075509,-121044199,-609368002,674165983,-1449835724,2049241106,676918199,-609993665,-1014679090,1016729933,182750076,-1993714758,61575756,-1197135939,-1723536212,-2019856216,-740482973,-2042817469,-661815137,-1996487176,-1877139096,-967850998
-1249402578,-791351549,-1661534412,1356853286,-1463544914,1724360995,-1478951499,-259617516,-359175110,608308017,1157817983,466982628,-2058779464,-900341625,-221668129,1546023886,1984047160,-906769373,-484474842,-1210229631,-1557064394,-1498589289,-1030487669,-199817677,-96640997,-2028700348,-2028194736,-356623879,1969879561,743252423,454147106,-545927848,-403349544,716714162,-943211067,-1067110373,341226842,-941141890,652981744,-1078590618,1524289766,-2122096192,81943157,-325734902,-267912428,-1799406181,1320085925,943071771,-1894291772,965961589,-705328143,1236977600,-465590939,-275339795,999271380,1686683977,-730096781,-1357727988,-1489803280,2085543046,2033039681,-13397062,1998422903,42648918,1169652728,2099443314,-943753012,2006338942,-937854241
2137625193,-559882821,-1137670948,-1173954869,1996697090,-1113168871,1869124154,-1781736680,-715026966,-1045015675,1896255148,-122294546,-789586762,-1175287647,1035354001,805530358,-1050589409,-1177081897,2082065016,-2059145756,-749711316,-2099656528,-1075011609,399340010,1211941776,394232422,-366752168,-725205651,411822672,-1544639049,-1433271933,1275046650
-486903812,1932898786,-861864837,1316836399,1341350777,716982386,701476261,-871848647,-563482379,-215139658,1483078068,-499204484,2126786189,-2023988480,1251969114,-86714379,1649563589,-1510795021,-1062242828,-737299956,145371871,533974595,1689398014,-449541642,-2084374673,-778816578,1486927561,682127450,-976188881,-1056560496,890413418,-604772809,-59366897,-125303358,1660315893,-137960444
2119753731,943201771,-429412584,1048737618,-424277589,-2100243728,-1450106548,-122479381,-1202531588,1580258241,1727743710,-159939847,-334743894,-1482565788,-1892321641,259359610,-1093785443,-161635936,1128745008,-21670,1605930228,652789679,-1526723342,1887367245
-972518350,-1573736805,2053205982,391623235,-1582954908,-157935480,944606152,1363861303,-1671427950,1625329424,997848964,-710238637,1722841546,-801728211,620792611,-2130340148,-1113516334,-177446815,1493888861,-727361690,1045876315,-1574786346,1477801705,951473981,779758710,-1799957561
1994964673,-285832889,1032807967,-1894268551,-228180734,1072754423,382025055,641591633,-587633363,1433594607,-591179580,-1052988024,738693205,-1152074174,1131777192,736958068,-1832542345,-1615486614,977362472,354780317,-971114057,-1257763018,-410462970,-332269864,-900975888,312691459,-719093807,-1891492460,-964114837,1546294825,1346790979,408211315,-1602833939,-936523592,1661388265,-1366445284,2074164470,342770020,-1841728247,-212127153,-1183289272,-43097923,1512771519
-1877016154,-962526302,1305170792,-1401615095,440711133,-604917513,1890077764,-1421023038,2088012551,-1682608491,2059155798,1535969106,-2064775922,614429058,-405058929,1598807012,-426400145,1163140449,566009131,1662398834,-973057216,-974649556,2104236633,-861778275,-312865677,-1908412641,-777446367,-2089745728,1361607004,841082359,-443548542,-1832259518,284034416,739709276,204141274,1568778283
1044431771,-999758966,466447097,1711480323,-1287988585,-608238119,2068947636,1676250505,1817221633,916751384,-422221248,95611793,484996294,1130723847,920040945,-71199870,-933332535,465368439,736096612,944103616,-2033428526,1048304944,3745420,2134362673,-373740347,2122113556,-711196149,-1387253252,-1298492394,-1786519932,-1775023934,-991892077,1035184252,-1431746559,-1281125717,802605555,1400237284,-489122026,-1134272795,958468138,2085834920,-1192048266,344839440
1714406144,-1064017312,-592394278,-605657221,177473976,-1668248246,-1399599910,-209308891,-1465200861,1059669693,-905347684,155265167,422320975,136753022,-893307396,-363732590,-1008030599,1919806958,-1942690889,90862707,-2114329917,-774225485,1676393278,1895950879,-476433629,421604758,-1250761266,84694200,-1048226402,-659235922,1743420604,-1690351024,1158849206,556146622,1142318613,-220411917,-314616799,-809911333,717743718,-65355542,-1087529797,284871506,2070805463,-2082611650,845728700,-1118931001,1760024190,786575995,1668017965,757816481,1888879089,1138025909,1019980183,1876507813,-1839459299,177085903,540749566,-2033979935,1091433813,600483578,-542139123,-1565089846,-1763633747,-1799806852,-1151065454,-33366104,170599305,-1129926222
283705138,1631393648,-1252816041,-1830028223,-1429356172,-1044207323,-399001338,-8549322,1025733112,-1912897032,-528152835,1374840026,178965029,27574361,-1959067613,-2141984734,1225935073,-1363238739,1752057932,777410075,-901717890,-1329373340,1798624954,-1422897381,-805101870,-1734236085,-323169050,1395377466,-23055449,907945758,-1288952448,1070600448,1531869526,-781906591,1782765493,-749986465,685073325,-1966235281,1520110255,1522720483,-1322976999,744434386,-1056635551,-561280473,1820932609,298307541,-98138492,312098186,-257811857,225130584,594579676,-77786589,-122752523,-1791489566,-1175504961,1067763697,675710414,-1789882116,-978636841,-1242594985,-1081929406,713305020,-309516250,-1512095290,-700714929,811354527,1345269578,-1928518725,1096601733
-1576490750,1141209580,-1945859023,-1658382475,220567536,-465023043,1544819645,-2091354801,-631095392,1038941433,-1049097898,-2034137467,-2077203768,1782497469,-956435761,-1690177864,2004591057,-1282173001,-1120918075,985694250,1016511893,-1325547120,566350338,1269923916,-797719958,-645158490,1522978342,-656137835,-1442488481,-1378801922,1116277380,47007380,-792203835,-760199303,1636290121,-1756175800,-598414096,1963399748,-1102372125,964463023,164361791,508243349,276304287,1537411740,1728605528,-848120941,2084083604,-33416243,-2058653512,-384400747,2127852479,-164857284,427150954,649553039,-2088357009,-619444299,1332085014,851732936,1919557859,-1034109272,-1932887747,346501840,421197872,264933184,-1644644670,-2064226895
1275558323,1096677035,-1321352604,-1327327496,2113960411,874936616,-338785658,396153682,-554887162,17081301,771895371,751204555,234795785,550601788,-75202382,-1458632507,-1829644389,-2141948259,1826209018,1636783888,-2020788001,1058534640,-240625836,1319672461,2092899906,-988949974,-1349171495,-533634028,163797639,-265984577,1811752638,-1354719337,667492383,-1407554712,1287886021,-1874525305,1546733245,1575721766,-1038777610,437883510,1676858922,97795461,-544051057,-1095888131,1295837781,915685413,-904151496,-1981505057
596020853,-1748463238,-508312978,852238003,951956162,-1267729550,967741741,-1315499574,1566245744,639784641,2047540406,1805002833,416604294,-1257893690,-380098339,-1196069901,203736431,1083920911,647323670,1891009853,1075720958,1689074187,1098659603,-235454352,-1363429966,-512843259,920045233,-1604645992,-1505784773,531340109,551886868,-268058148,1993978428,853023927,-966566128,1806129176,-1906486446,710382409,-786742,-1443021144,1168894549,-1864349137,-1312271201,-81294202,1092391133,261676530,10179907,968705943,881476359,700264169,-2085550035,-1368629695,-182707335,-2139388177,-1278259918,1017587264,579259298,-1936595371,-817178512,346715322,-139013050,-146887654
944022416,1674003001,-443085479,1261009535,494344182,-803146902,-2088169470,-757169811,1502682693,-1680168925,-1107952436,1714283094,1241263887,-2026740594,1890417770,1064467409,1121907060,8185466,-723463172,-30295211,-1740796237,1987064671,-366414648,1656489179,1637034755,-1099267425,246502185,1450799297,-1152804957,19335182,1573173447,-1834351631,1915851312,-22650188,-2045213177,1781450306,-194042570,1655223249,503715525,610491165,1853029896,353608224,-2102837696,1030094947,-1965896749,1291767136,-1294594475,765859726,509606897,-1190824433,2001165808,-579887850,1878878074,1805933944,1502266047,330052117,-357972447,-1069080080,843444775,1467522093,423492156,-31941796,1891417467,1555554217,1539017252,-1126302731,406723947,180049890,-151463234,-1503872689,-275644230,-72781341,-432144551,138903958
1640164688,1010709179,934199579,-1821840931,390121347,1124552054,1001749518,344284525,746796279,-633221761,-904691571,571270139,552357097,-1783545088,-788908835,-208224007,-1958261956,-1399966100,-1753119242,-102831520,-381186916,307223508,-1407796668,973200939,-1732728602,-737335431,801057963,748411656,1118523335,-1476257887,-1717750836,-1881771955,-947860573,675235758,1615182214,-1934976728,-1401860425,1935089771,1650017983,-1857235174,910651009,2000501161,-977565852,1746665382,1942843742,1623310602,-252671315,1656926533,319771253,106691100,1557611429,667329436,-1319198765,1955867561,711790057,2092975856,-2060216617,1720618572,-1866581329,-1406638375,-1931926832,-1556213689,-2031883766,978371637,2072486372
892318827,217569887,980194355,29819705,732555371,-214482015,710646075,-258426656,-1827708729,1401909478,935812989,1539257254,1153971882,1389013172,-77108639,-100792526,773903410,-476282536,1759105622,-383749622,-1616696532,729959010,803103549,-308074975,856036386,-2000938669,-692404985,-203848013,352655768,1048407444,2066569884,-1580699819,-1932315759,-1964007510,-45112578,-1174546361,620705624,1301254056,1797613742,-62002164,2043215740,-1089255708,-962954418,-1093443012,1129484315,1436254445,-2003488889,1629107096,386448227,1136676796,-1932590804,171506527,-1219294634,-28881112,-1181568097,2047777247,-1017975348,2118458271,-1097755533,-1960907698,-1636402242,592642067
-555569702,1763916993,-157479119,184658465,-284436994,-1795043889,-618914856,80933985,-729741290,-1195681203,-460176184,1299303640,-974657483,-997838264,-2062022758,-875617680,-188782282,451870978,-1686958353,-890294946,-1232574448,-1675597907,978268140,1070829958,277620847,-1379729290,-2063250715,-1241857251,-575306113,1118571972,1898120023,-765554288,132837898,-332310079,128025372,1461058724,782534340,-413332968,-991380263,-849561635,-1537550875,-1163629568,-2036342342,-1425735644,-786418440,1903230074,-1725759903,25077667,-1149262349
-1484721381,-1041728525,114928774,-1276460166,-1083950252,21981817,19440823,724076774,696006733,-1399781620,379285166,915017970,1579414283,-359835429,-116489267,-37775270,-396457582,1336807822,425249027,-646902148,370195283,-1383624022,1776464482,469709663,383928546,112878905,1246989294,355078647,-894887189,948045737,-1937114185,-1221698906,1475044454,-1698155020,-1462628055,1560240646,-2111491063,-345894911,-207850079,1599850469,558967038,-1282489783,1327469124,903285392,-2013577514,1042650301,-796606708,567446100,-1105206084,-1822719001,-539963613,-402341567,1552471021,-1830369201,-858222989,30782257,1501321575,-1597444065,-813235075,1321458184,61540064,-1032950006,667193450
-1231880455,-77805464,514536031,743132055,-212905805,278312869,681940501,143458875,-1656941023,443546332,1272689320,-1783774233,977750623,-603937858,1093211054,4408695,-1908045118,1073877688,-452583542,2113391793,1994995536,-1965162411,1787752194,1100149310,91727474,1532639456,577210895,608042997,-599302168,-321786291,1659280884,297365343,1793168124,-778582952,1676476562,747457655,-737657862,-2010514706,1885443321,1066827953,-671830818,-2070652212,1051616578,2012170813,-1037472433,250726502,974456219,491873164,7185868,1522114825
1676975890,255298084,-2036119997,382004471,-640353458,-500271317,2091678594,1556339724,-159943929,-456869974,-2089453062,-342724034,401935831,1517560983,2012208844,1999093801,-1635257107,-148368251,915134308,1437046071,-917598195,1645366877,2011246626,229970810,-1615532325,1322251086,-192403141,1664756924,1127547481,2107544578,-793758239,58809555,-249402706,1118889233,1212221858,-1853868744,1010752809,-508180806,708089869,-368669222,1444963972,-1130654768,-1684084070,510619440,-515699348
-1295847221,1219365261,-1171023552,1870884094,-18764146,-27112009,2027520281,-1426059322,-463246107,-1622803783,1724008202,-553640956,-1664036664,-285461257,481346472,745596811,-1861485495,-1738868093,2094474700,-158083905,-124248583,837224623,-397759849,-1203289017,482349706,-978319645,967594421,1988128256
1933839024,-1661857306,1205163316,112719709,-1907439324,-252685894,-1422570485,-578271756,1089079647,586918043,1189198401,619816734,-1427493786,1408707600,-1147135208,857255315,1087036983,-2136748737,1245275792,1070416713,-1433582564,-1857451340,1508530646,-429802799,102382660,-686065056,1890276089,228004609,2127594127,339996643,-915557405,-677949230,-32518488,-1231666419,-2082996090,-400485492,-66109608,817363618,-68604843,1804977952,1851696921,-1570021539
-120710956,-1890087446,-759055561,-12511180,-1347513819,-390333343,-291780376,1630735161,28343784,688808966,1598232493,341043453,-298746959,-401655587,944727884,2107836921,1553884537,-2138959804,1303855189,-1901213919,-1196135558,-2061149953,-1692709719,-2082815472,1130203741,1642397841,-1471138752,203750531,1264304023,1375836621,1831010854,1311535883,-163012592,-1385506645,-1953475131,-1431752962,-1834666747,1948612447,-1134107542,-609680466,-519027922,193058983,-221114623,-1580242211,192372770,124386148,-3043293,-934136721,1870232058,526553964,-1687189934,216333665,729265461,-1404806242,1859542659,-982474246,-566508325,779089206,-1938005284,-1047322817,-35053340,-443553695,984805821,1689753515,-161431847,-937321965,-582770428,-966955233,664088763,-1825092840
1948299799,1271352868,-143494039,-1459915017,1535458334,-1836987476,1750537408,-995354707,1000952195,1236034702,-334642322,-1168029404,-1877237683,-1737131382,-1263297428,882388065,693886059,307974156,-692823633,1580183230,206334767,-1584643955,983313855,999527148,-615591427,-110650568,-376163446,-140474821,288087103,-765525039,328566645,-430062056,42183835,705854930,176971187,1718426071,-1382994584,-1820359210,-681203238,1893344435,1288672349,-574759622,-896062541,167662610,-825758325,1917512705,1381692753,-440472052,1597497741,1619975416
834602030,589441789,424990746,417896654,1635208826,-311660759,77725493,1290787446,381825714,-1145737722,-454225715,804409436,1703574485,642366820,242406719,1238830830,254772713,-104037534,-427705815,-765365351,1108992507,9233445
1325673378,-2010663324,-1680337212,-2089437,366826549,-79143091,1847809414,1564360872,1607206846,1997738868,-1394074289,496370964,-775885705,949784879,532705366,2028624087,-848259007,1603016625,-1325920229,2113248823,-1264067144,-1129303925,1302520472,-24151180,904877697,-1084748426,-1483213130,1618868268,-433275163,-1682014641,-306979838,-1636791039,-557451613,-1373650078,1706836384,1873414520,-340608255,-404504598,-630583169,1976071204,1982295588,-1025879848,1455322317,-1251456765,-933986399,-769668141,-1323660627,1649588775,1515932243,-585373056,-338124249,-256059752,2035448686,1332585986,-1717481888,1427618680
1153091268,-526011382,-1320144024,26897574,696396917,-1131689187,1398695978,389256222,-1367600556,40929222,-1276343673,809648028,50582445,-399565152,249926771,-440369666,414905506,1465636897,-1725200018,789593396,1062040366,-934009002,1086773548,-268983790,524002407,1504507858,903268471,-1351972504,-301063678,526608099,1017447508,-45971889,1503431708,2059623431,1790755685,1028125125,-749198537,-1556433762,-2079843955,-117186692,-1810399614,1216804576,-1476632103,-654570514,1693508188,2065088528
-1502144588,914684698,1599562225,-32960546,2046338072,502530056,-549821575,-911339537,-1786108696,-103578962,-909780796,-454465954,-2049016947,-635736493,104711755,1134356752,2141957979,543488966,-1901853867,-1334680662,-1737009367,37657947
-637563598,1489471524,-1039915212,-181301100,-25086986,846421472,869971905,317745401,1338164140,-303337553,1617175689,1987223783,1249216986,100910902,-1246367959,-361230274,579689591,-531747780,-446953827,1777926309,929990354,-1582507579,2079316158,48577214,-1995235149,682815583,1615886347,1001009820,286012351,719927739,-1240409685,730531697,27611936,342036862,1417506738,1598835339,2025294181,-1283946663,-504716381,1700839809,-2061320026,-633860521,772928821,1172543401,867371243,1970490741,643547482,-1098927412,346644685,2070930807,-2142243460,1345003292,-1804213155,-344047623,1229468425,-1348942234,44795461,-1589265469,52569905,414312067,135509805,1270270561,-329704722,881589012,172662624,-1920412941,-489029820,2003242605,-424489298,1697836609,-598378038,344696273,35227283,28037138
1335803104,-1001192808,1093562813,656800609,829785165,-1180146951,889606656,-1315022701,-1864771629,627514759,843013648,1557517053,1095475049,1534859471,-1874667536,1406530434,-774205517,-1459432068,757845510,-668817428,133627324,2136164857,-382535702,578666802,-1798325790,1889490010,1614482561,728601085,46016017,-220535172,1736697162,-1951370904,-1834943693,-877113238,-14941449,-685824505,2048487911,557075714,269305663,-333677269,1655030384,-205277992,582678514,1053856355,433008623,-336659623,833904461,2119338820,1934693076,-213525965,1839242639,1791740781,-2105436526,-1168650508,-1810006069,-355736379,-1885593966,-1459335439,-558600192,-2085304314,-1021802903,2118112616,1436930662,832239999,473542988,916008936,-579050486,510512661,1269898435,1872538865,-614502756,318239882
