-1578397483,-1738573475,235735770,-1985706251,-691782232,1345764332,-2140731678,1723017289,-1466806137,798787917,-1257617109,-2128638868,166689429,-1572096865,525557014,450557655,-139058405,218699356,1832843209,-557811624,2144050331,-1545855521
1425524278,-1448077531,8419109,-1012935298,25943959,90891240,-433731369,-1530094904,1023157542,1069473291,-312553849,-1859276275,-1177237776,-50590531,-915320006,1502962790,-742019954,1400951435,-78852058,-96266071,-226673783,223231472,-1635404868
-553738247,-1304932558,1443861736,-1191392644,729906031,-1418442901,-1991190890,1327058185,644029972,1389647077,852393848,-850982622,244297234,-987680597,-1873327610,756796902,-716447438,-50888356,1837183174,-1269190357,-55694139,1268258626,1690106573,1009810354,-1918857272,1148671394,-176714620,-122870628,-1842193598,-1068933803,1459159215,971051037,2073271537,-1307718505,1814941099,1118963055,-997584859,762783774,-1668908298,1793003528,-2083931926,-1892204178,-841045260,299221006,1805225324,645607019,-2094760720,-508133878,2010042775,-797530577,-1215984800,-325196324,-1095759619,-2071472355,1853295212,-449553170,385524477,108661302,-498939215,635721644,-1957378784,-1778473045,-2061818815,724238899
333017266,-1202450962,1283342408,-1301366527,1605763740,-1031805752,-948029301,-1025984064,-1570113753,2081597411,-103293205,-964114129,1623733776,-1156141987,44118620,-1061129634,-127972372,1437207966,-78700089,2083819552,46520888,-1062445599,-974107582,1789909813,-625642322,-1065854220,-1051258751,-70404437,-2124054566,1023257403,-275734645,1315626624,-1617107733,1028318970,-1766979920,169860236,-1643467058,148402642,-1430297415,1425237917,1893917816,-488052596,1630584417,1806766307,-457296765,1046226709,-591714812,858973070,59786748,1654532809,-1793840490,-592258379,-1586380166,-2060757773,-776945195,1227051385,-1221038733,1521996180,-1836047934,1977340266,-441918262,530589283,-1739178675,-908467415,615687851,1562717717,-582690738,1554761037,669063323,274072542,-434280772,823471498,-1590178870,-458317002,2078616344,735868944,391359147,-2019934240,-249018326
538852294,-1888183769,1441774063,-1761548987,938100172,1754649450,1751738833,-559856943,716054763,1504216795,-1803496936,1788156646,-1149154973,507652739,-1785076576,-799556666,1523058521,1068629129,-494458676,805347789
679149746,-1074838342,-692872561,-497564796,-1557016021,-404396617,1800238653,-2120635024,-1044427386,431700981,-186651828,785230002,177559298,-2109047429,-1634365353,719793685,-1099742961,-564190116,1119948868,-1525149824,1462474512,231398443,-43451226,1804526734,1320505442,-918728019,1876157026,-942199714,1508814748,-2038145072,11437204,708393127,-1676127720,-1181599524,1772118451,-691718642,-1015860302,1809261288,-641669390,-174725701,1423223503,710891662,245495273,462216233,-944791392,352130786,432709748,-1835837123,373459368,550634911,1355235035,-1517810278,1921901179,-1777701213,-1063107534,-575446733,1353659591,1456470173,-1393855229,723586848,-1770461032,1805703428,1286169641,668412597,-1361091113
1726700030,617603537,1918388755,-488666287,1399851448,672960627,1137751683,-1887262435,-1942505200,-85067374,-1465124277,-1705370677,-1591820764,1973860653,-1047782146,-140028478,1493661597,1289372575,-440791708,-2011157465,-622255340,1030489656,-1004832644,-1334248554,1049310641,-316179190,-1627353917,-1474305010,655039253,-1855761920,-873189962,-388280276,1925480057,734976307,-1436722282,-714261605,1796375063,1068138112,-613887125,1769991370,-1528657720,1822488661,127806282,1480070624,1199011310,-1719643189,-889983271,1679003884,726042515,-714134022,459964435,1635461985,365244114
1349369928,1625371840,-1030649227,346494849,-960903833,78496918,-724211745,-282460563,1702829951,1440017321,-1084363220,-564493665,977760899,1057113198,484464534,-666954549,836986957,-1526163779,1720081690,-1024613414,565657317,1123779271,-345819046,1732264705,-565479678,-1673238713,-98803771,1877318928,-967088432,-1906116873,1428119796,1387579655,-1124879117,303903045,-344949417,1083266031,365887435,1206497862,-223089392,-274361370,88028409,-392524310,-1932661730,1099339898,215375138,16657009,714339774
-135667726,-1869689315,-1882467827,1865259914,-482900893,1067504681,1364941297,1709290679,-1583107777,604683513,-1755966150,81048907,2038215139,591498642,-138143997,2121488545,-1708719291,1368863307,651148382,654736315,-170726089,250599621,-1547816657,-1676113326,236710892,488535319,1106304856,287058222,829861307,-2107120050,-1603523562,-1843220040,442149155,1856990740,591538090,860246732,-1805611250,851865518,-2029644997,-917181740,-10543782,-2105234901,-1990729478,1535504145,1092883860
-1595600249,-2689988,-67150842,-1862718212,1026464147,424651853,-13466893,-1293723718,1228512965,-500732519,-1363720672,1884623704,-1639230751,148084514,636730006,-55057237,53358119,-1079548374,-1256507738,-2053372472,864109048,-1742532343,-412666323,1555476221,259555519,-1768342720,-515653863,348617477,2038374414,632231629,-1119942101,-235709834,-358909689,-1800616256,-985369602,-468268418,1787169533,215537421,1738996295,-1149746482,1130071130,-227353180,-2063611555,828313301,-2064910910,1385076927,-517366276,-173930959,-1490578568,-1051582854,-689307835,730126434,1749788929,690942376,-412773112,-2106466368,1484301062
-594731450,2106175406,2072269694,1881951460,1015335921,383832592,-2123770868,-1317433579,65012725,-69769222,1877650085,-1456815772,-1851273093,1585291689,990581877,-198078886,1925349227,800276918,-531784957,-1718470549,515323443,1709154184,-1339009134,-1217059953,-1775206969,1342364938,-1129281334,-187767791,1213008616,1673020317,-121676137,-2089163098,1325287079,835517520,-1378017199,-122026560,1487428396,1737332558,683544861,953393188,-567293773,-568322409,506377874,-622525254,1021101783,-1939378190,1956865439,-1916123229,591197715,-968312286,523844011,1119933584,1806706052,217676119,984406525,-402566575,-153800461,42057447,-164777635,-774132820,-1747436781,-32239555,926579707,759845232,1827915782,-1568126703,-1289859184,-391181880,-1819640795,-2090472231,678658499,-407052076,-1856535808
-645656371,1807224437,-678436189,165190995,-1414172065,-1032985240,-1045479653,-1010779582,-894964542,1238638486,1951322680,1913770056,764403264,-178250839,554539923,1974066467,1423021762,-367271966,-813888302,484667208,1531881402,-1333266903,-1066027478,-2091797990,-2074227134,1958114661,1969993509,2058651993,-1554719867,-151204851,9631653,1028550616,-1776402594,526327807,1897884968,372051314,-137750210,-1531881584,1626206284,-1349470146,-1264258223,1133977571,312895125,296637697,895257571,-1974631298,1764770926,-3519772,-60993280,163441690,-950097043,-1235059098,1176072795,-1543270726,-1723225893,-1375172717,479505776,-511067906,-1407297422,49059702,1453209580,1903849656,1434972008,1009565899,-841716660,-711307585,-848301140,520329208,975445187,1579655683,-1812716689,-332636610,1076867168,85995489,-1638608667,948055083,1747480176,-88988232,-1467566516
-1771660256,869404604,171935277,-1783279809,-726445977,-2126976758,-301679647,595545508,2097226274,1839896827,-1422364586,-1745635881,1115624576,-1080659524,832059154,-1537708160,-289184353,824738846,425609080,13109389,-1803410569,201055402,-1217038774,909085290,1109240566,1879768568,-46873745,188214894,312309101,1501375552,1730117621,1374545304,-1384523734,-71016911,-1972154280,-772675718,-1955489179,-613882111,773689092,-1457144716,-1970764449
1296421656,174847781,-1147383096,-410712575,-265052308,-1033826017,-1024484000,1136754050,-1070498347,1413291737,1759557601,-259312788,1819282087,8933097,-84111844,-474837874,-183520134,993765490,771486818,-2088871683,1453339697,1384824026,1094453541,601276128,-1211039433,-1842724672,170429662,733183623,-2063710708,-2085437395,1142510640,2082595778,-168158977,-84024823,1704081484,44562544,2049572156,139456207,1357326743,-1089483690,-502468599,1225166468,1648117898,2046748209,-1010923956,765522404,-1443616550,-747949555,1045421648,-393946402,-14900520,-1623195433,-1642632760,-953731005,327997209,10153265,1990513683,-1636415303,-915584935,-1305364091,236357825,-825329419,-770887780,435125084,-1251828139,-1029541592,-1770623339,1743300592,704457036,-258865734
715838975,-345883810,-1926037707,106113018,-1645852447,-1700130045,-1517687421,950562359,29137117,-676184264,811629148,1584569430,-1847522121,1993259906,1435102969,782798351,560756877,2007124019,1040048397,-1596468897,-334514718,2045608683,-239322379,-292889428,611125499,-333937823
-1554382037,185730921,1093861475,-1646131450,1978452869,-1626287129,-849133286,-1043985259,1348963512,164676453,-1468244333,1227091950,-2145684165,-526663836,452499834,-382013550,688742501,-386991740,-1709389785,-1969476571,608837135,-1108687782,1893081310,-503128220,-1773858697,514237831,-1540103086,-1325101483,652756071,-1142164219,-260920213,1096133311,-1781831786,-1859478076,1856463689,-1204660260,-864468659,-2053057675,1467229831,-62765492,-721317555,-1461202524,-1122919741,-1035347123,-1500546833,-1767573492,312177502,191502121,1520095885,-1186998234,3617408,-975966481,-2050155744,1752369155,-1214749346,501943653,1981338154,2006371931,-1697259329,1562324796,1980527574,1038220261,884457915,1686277765,-900173476,-1714518552,-438421819,110563684,1813105578,-577456623,832394476,-718065662,-290376640,-24575097,-1335198371,-1325742649,375969883,693496124
1190609353,1349073493,-221491834,1879351635,563997311,357547339,-2053484819,-1149345542,1816799417,-1266694400,1105300038,-1777520648,-1642263084,-1210999808,1906519552,1850748825,43157800,-133146104,-1115066691,-2024447071,1177551045,1047704741,-2047135452,-134383215,-2085142177,1943033882,-706741003,-2093072344,-1249642106,-1911548282
-2053729492,1181299737,-1251392698,-1450601846,1609482089,-658012676,802480279,145193090,-498294022,1089200904,397509504,-1341962448,1634930118,1548897859,1969689070,-1709445184,1039672909,-1855530672,554024736,-1053779157,-1713973596,-1106073815,-1699878331,212979221,-147094082,-2046171638,1967440738,-964659754,814522604,-676662096
1432892117,447986086,512632515,-1758462745,-750554083,-1481360501,-1461134193,-261749491,-183683031,1156120230,-404889094,-1422753741,-1156741374,-1240319502,1174423730,-1967960408,-326436469,-655255009,-1578290779,-338648531,2117919259,-1798668138,271858102,1959591570,-2107708852,167292603,1460501933,-2042486623,234895890,-1339039375,-891852434,1087041339,-701137905,169550050,1799734893,603511489,-92908764,-2093299585,-1311851167,-1942663499,618927435,-850621626,-1317421257,2081823136,-1765744733,91813954,1912572233,615903029,-331655220,859194200,-1016481585,-435132234,2403956,2072532543,-950820459,108210070,-747915470,390229456,-1328194578,218889823,1049700754,-1435580545,-1891811864,-1984543787,1509318512,-1169874135,-1723124800,-1851280293,1713972361,1717640463,1373940632,1740604822
896902178,-345044890,-1639935920,984021755,902500480,-1620455377,-1729514338,725510888,715759166,-742323851,804117571,1454767903,1235898471,568556526,1887387479,637418030,-1308327867,-600848266,481808163,1117468733,1552850142,-268006331,-991761585,-923457694,-1718821183,-587267228,-1379220162,919040307,567342082,2141118044,1693324729,1918921116,1733945474,650985265,-89585462,-2144561421,-824979853,-1841032818,-1784249366,-265951415,860547866,1019359809,278735454,-1653577981,-262247465,-1712055832,-710032419,-1124905816,1501226850,-1926234388,1475275126
778383190,1585291950,-1374937936,-256282036,987903475,1446067712,-1768117006,-134523382,-657388513,535052503,-365359323,901649309,-1109902418,1259198782,1721469847,1438352754,404226530,220755340,730031650,1086182742,73870901,-1636780583,-203430772,-1210118904,1689823573,-1440907091,1849349937,-539452408,-626792337
1555072991,-1872435531,2028654768,-1439235252,-1052953856,-1321061738,-1283731704,-521445314,486960894,663192567,1209477168,-646417873,583607778,-135184200,-1498757906,-165789642,-2080701122,-2032882592,-1477968233,-403679150,800622669,-775515784,-959762475,1716423397,1351024728,1123200022,1057295786,1332308323,344211290,1206299063,1387400372,1862499398,957597927,778883666,-36940110,372991045,-105665207,1329573545,-1182198714,322591428,1335980779,824262625,-577106180,-446315123,-140922374,-730489771,626585482,-1452682816,-360495544,-1725299290,-479093671,-1017230840,2004958068,1538182166,1140161604,-744088561,-134949048,995857174,1796841887,-935509709,-894736799,-1845834980,1383997818,-1758462343,1762242325,-1565363014,-1879237851,1261547457,-1446957424,1800241388,65287159,-403140037,-1363573696,1598710449,560171851,1550271001,1100656499
-1222022453,1139007366,436929341,1052286763,-271436048,-641200426,1820193951,-733116008,-1773640760,-388741122,1319053028,-656169745,1772646906,272902469,-1187554738,898705824,-1560725497,-943144645,-585162510,1706173910,1833499602,-1500970006,-340951584,506238919,1791238242,-1768431797,-1991323002,1093359949,-278762523,-2125290757
-1268535115,403974647,1225895726,-1245326172,-589129001,-1809273308,1824562915,2048281813,228336230,-633603413,-913153703,-309260107,516446345,-1567518844,-1722222911,649514280,-2134981974,715040164,5227572,-1975588603,1455051149,-924427649
731416126,-1174587997,1231982542,401313436,51900740,91038879,37520274,-2004723877,75571881,-1707744183,1756652632,1964276321,-2004470010,-1467404653,-1935186499,1338123865,-740622050,963658473,1620056372,104869577,753736259,-1592477491,1211436806,-1049611570,-396225288,422274978,1944454042,1741159180,41137623,310736839,117972214,872170207,1247565493,-1334251289,-1595278203,-671981355,1132713987,1242782094,1327540506,1547666016,-1069562761,18758656,893031732,498298567,-771781910,-685333434,-827964029,265815390,350745219,-768218232,-511812693,1412295414,393162005,-17079134,1271204167,-2055071082,-876794939,-2113159696,1421160240,71257450,-1767237136,-1630262164,695184638,-2024182277,-647028149,506246139,2075108558,346065568,1304158795,-514449149,-1298614459
1780821958,-1780119744,-581010475,-530207224,1560810713,1692948952,1035254078,944295963,944121356,1755934892,820781656,853951624,1190041268,-1842311440,-493380850,-244015297,2033823640,656097021,919751085,-10971401,-2123199529,-351856795,-318834594,1827545699,-272285688,2058534216,308120305,1772729507,27643811,192690149,1851493595,632048893,1172739230,758671731
492588492,-556073637,-272056015,1370206391,876629688,1783481536,-695108933,-207842942,-25666010,702548135,-750518625,477685029,-855284238,1339613817,1821784112,-2125088677,-136992933,-1698470379,-1514605415,407531744,612926014,397617909,-303259852,828929334,155908999,-974797933,-1514868964,-132182875,995210980,1626982153,-970892800,2007939970,-1081321542,526012663,665411642,767532980,1299807580,856169384,1450771999,-714960525,-289288582,836212855,-218427752,184355923,95668183,-1177703825,1144244977,-1558436735,-534691266,347793201,-413625359,2066418763,515564470,-707821030,-901955542,1607331301,571797492,1524647332,-839767151,-1721098903,-784061424,1404518156,1367516240,1081141023,-776418949,1783693365,1399640282,-1466794498,1206422577,2039585740,6906688,-1068315021,-2085052374,1795866540,682274243,-103663264
2048823682,-954209111,1043888998,-371646648,-1050594892,834853203,525354087,-687484687,1221920894,-1413293425,1187398470,-239757679,1455178078,2076337707,1617340912,2024559531,997988530,-1097832502,148925856,1618777272,-910893154,1796260090,-985282722,442818397,-528754125,732182148,-1795835704,-558542369,-53322803,898719494
-1481947690,1934083516,1425368767,-194646444,-27792864,1634356261,1155316906,701634300,184682520,1652860202,-1131348787,-629766239,79849480,-899348920,-1909806126,-508321533,-736261925,1842091009,-867526698,-1400413619,693411606,-1998018630,1187508864,495745946,1146294025,-80769051,895318101,-478575429,-2000890303,321695330,-1657718453,-225027017,-1208641472,1725765922,-1212688741,1417278098,1144996463,2079858957,1210927579,-305986094,-829785261,965174054,-1645573813,-1012756162,595742975,-1886631957
1261892968,1191172809,1685296385,536280028,1059265646,-1767259584,-2130840304,1662270294,-1128456580,1078912861,-598828564,745895195,635710100,634033143,-1321247500,313124729,-1622820975,1916007036,774635967,-858935898,1758871912,838974429,1063026420,-914906928,-1346234703,-52014902,-196054664,1987819121,-1973487003,1807200799,-1079239217,1749315560,1206885865,-1577448291,1655284667,547041093,462829387,-1998926883,-1376303063,-1176468124,-337397814,-1814730624,2098592077
-79337829,-1793432149,-321294069,-1693276040,2037048298,-1939590734,-337798760,855257415,1725618206,-1385374190,-354740127,274003312,-1702046879,-2030902619,-855694549,-1517023576,29565279,392847376,-737606789,1442507815,885495117,1281070463,1395780663,393650552,1406833196,1816558996,-1928723060,815451792,1859375950,-68237668,2109723410,-537103070,-471287527,-26043901,318068782,-455848143,-1895555574,-557717751,-1231511880,2102885094,-11012100,-1204607818,1097565149,1187942307,1687243178,508411659,-1371476155,-1688178601,1956325490,1890689913,-290203529,1124560660,644209243,1787207831,1602141820,360486366,32723033,475368718
458107076,-1304788785,920152535,-1092259773,-1038895820,-24680876,1282274216,893051878,1409499787,-552229191,-122660949,1017344805,1800435692,-805296565,695598961,-2055521297,-151532718,645925717,-1115772891,-382504753,1445268967,320468456,1920874756,-863248308,1652943253
-2124804852,-1076687213,500048861,-102835942,327459827,-1864645293,1421654504,1789940757,-357634470,1407270376,2001611227,1182430870,-1815762622,-1602139717,1136229743,150717120,1923382462,-528081689,-1516574273,1977232465,-196095510,2108661536,1569200228,-488755672,-1927179237,-2075760944,74935742,562770951,-1771810473,-532626814
-617718630,379284999,1147434115,355743455,1552471992,1752063979,-2074737466,1803140066,617309415,689448013,1311821064,-439368834,-756238811,-409246343,-1135533260,-59732285,213695205,2098135915,-827570681,-2144246326,-1062004905,2069754826,44560375,292879041,1050102764,-1508856555,-1558334384,1282959942,1745178905,1332056347,374639264,1744792825,12168026,-832501072,394079317,-157708724,-1950598279,399856285,48507044,1677950108,1177636623,267194328,-506015061,1959052933,-1760774837,449005300,-748261927,-547645071,-1671767054,742804698,-1945682803,1095587186,-2020591450,1900720313,-1782622979,-2138305967,-359693718,814633274,-2022481831,-1207029273,1662746468,-1313140488,-1038243793,1316436906,-1301189915,-2055479761,949884432,-863715958,-15386714,464388531
-1881317891,-5688748,115599650,1656563674,-82064552,591317071,-301080484,1160940339,1187075169,2116449965,24145459,2108682880,1835071009,-1641994876,-967358369,-2133927751,-1056115971,1043690344,1617892020,-1426483727,-971094265,-1248873166,-945857130,868806326,-921793135,-2047103485,-387868756,815838653,-275633149,2045985672,-819403053,-448633921,-106310162,-1339182466,440015957,-1693005411,-1824539040,-414251144,731002970,-1604435766,-1688860039,-2146443296,812462238,-376898071,-1743693506,1798420283,585494115,-17864268,943944877,-2095823696,-834422871,1916576800,549945360,1527033034
2002490814,-951961706,279415676,169253454,2128163684,166597918,577444453,532443046,-910895092,-431722922,956233558,-228701801,-87959301,-741220348,1973636880,787990932,642496549,513120931,2079944785,583012674,-270493489,976249905,-1608774895,1862519407,-298067338,-1776196793,1902485512,-1383908798,-125501969,2023491433,464512116,-1128148044,-1128974129,-496786785,-1539367400,1889008958,1060657932,1607370820,-113722489,187629011,-1107039516,-354695907,-1028346718,-392542959,531208957,-312228691,1198341982,1522565810,932740813,-367167546,-318143286,-1216724664,-32333509,213307491,-1858436528,-420284375,-1970085498,-1512528203,1571009338,1605683367,1958296166,-2065998981,-1056203144,-275359100,-393095312,-411907178,-589724513,675646372,-1989305154,-588420900,850487861,-358553852,1758004430,403409964
-1195567382,925399210,758207681,-2116272982,-91044258,698320457,-1543067445,-1778614766,-1071340072,975870261,1757293371,-1353072065,1018464058,-1319560851,1937062622,-1759825907,-459684608,-1220537204,-1465102675,-1953963746,-507877195,-829696727,1442333538,2142036442,1288422568,151587969,1728212558,-256528970,177632480,-815500717,-1175025303,-1790071879,1338309452,-1201012981,1692060842,1011838780,310602558,83567650,1749010585,-1200176911,984209434,1736812228,746247714,-1574259675,1184004938,775618738,1182216107,2004700233,-1487420044,1088580457,-1118369945,1765897902,172347119,-1809974908,1407135468,719346831,-1844585614
-180542461,-576499372,268559630,1463772155,761304766,-1346903787,931750493,-137568473,-1222722352,-947403940,-1688224773,-1392045601,1726416408,1565963822,-935320267,-998992912,-1523186050,-2085321396,-1163277312,-1863386658,-244537086,-1552825930,681743405,1923957255,-2122383342,1839852912,68014553,-1130008570,-1773189349,1449009031,1234155305
-323032735,675767382,-1437767369,-1878135219,1237885459,255352325,526708807,323284487,1234438553,1977215314,-1409845443,-261985015,-1213979599,772197011,-514617773,1625149122,-28850759,-1127831813,2004116742,200756088,-158605619,-64434660,98971473,1456717675,761071380,172201900,-1653659107,1583597626,-1081681705,631593355,1692398327,-590031740,1108668883,1624259076,308619011,1192298962,-528306865,1076519506,31423792,-1212341069,1533274991,1684034918,258396076,41006888,-503154230,1590652647,1181730970,1843358018,-1257180869,40554106,-648862206,-597417975,21830900,-1041419453,-579811063,-2104414560,-1409728808,-2008118358,-1793588127,8451494,-1313553144,-1969472159,-184427006,-1210280738,-541965122,-1228969562,-691980263,1666749201,-791556518,-106122811,1733825857,1064935474,1090776762,-986890271,-933205008,-572467773,-1697975858,707336178
108075383,-1846199702,-195627759,-1659379043,-1164605927,889504605,1739994867,-1885550724,-1861550420,-110813757,1132176306,-2083389106,-1576185902,1456636055,962724307,-1495827597,787121009,-781599348,400281220,1953475107,184896147,822226716,-105671643,1169094817,-1451646579,-990907424,712811785,24602288,270864995,912132898,1561214589,-1341388474,-251250326,-1504368976,-597731320,-812686721,-738365393
-1749441804,1559938260,-1221410153,636841535,631143949,1934374284,1778618951,1568543851,-316612184,-1131707790,1469877317,-1259861084,-1339848730,1025408711,-1853172513,209915262,1377490233,-51405958,-371618357,1835282251,1390822695,-362197354,1845435023,1343084720,1951227726,-327418373,-634403037,-813166732,250116263,1242259792,-840846124,-1500435301,-386022130,1635487543,-257412758,2122075827,-480281343,-1578817085,-2142577524,1792286061,2111839143,66805286,1079983971,-282217874,1253964052,170240942,-1359889794,922794855,-1497905973,-252008974,322235893,655829346,-158358396,40379976,821886928,645398879,-891618514
-2009176919,1054220831,1817779254,1005358775,1360924303,-339406018,-974426359,-325441330,1167795757,1501770119,2045626072,-210445670,-1883721173,1095355523,1196815002,1243688377,1351602387,654903635,334350679,1016142464,-2145818633,-1266770241,-596953438,1076884530,-653758702,-722223474,358484838,1331979375,-33802323,752861207,1495504613,1567762921,-2015078396,-2039324648,-2087957506,1093439070,-1629086743,-656299579,65009326,914737089,-1448239129,159702308,1840334296,-1894336326,1897069225,1552344727,1622781256,-880950191,1637750941,-2070922310,1006822389,-1976915739,-805687853,913387887,-1187806586,387487330,-351018453,1154686774,1177060887,39252914,1420532655,1367860161,-2057454788,-1135310988,-774403267,-1418420537,-717007547,-2048395285
-1567771624,-1413532221,-229910984,-204095071,1948740593,1241294923,703834315,2131886481,-2109750127,630560377,562211095,288264903,899369227,-78874569,394537092,703021210,769130846,-180452289,554750122,-1447281592,154587074,-2031491875,143340219,-401774242,2030882628,-2065959687,-1521395137,-378303396,-1126987884,-1198012076,1994938119,1412120472,1172834845,1938131474,1023537755,1866453602,-831108010,-507551625,2131493749,325219944,-938519721,-1885799179,754718515,-868458660,-1220672337,1997207910,1593925383,886094035,-229134220,1023122325,-1779295439,-1284663696,-1207785318,234011650,166261808,1610170945,-1363248760,-832645914,-1831209099,-195326616,1868470248,1617788276,2133732186,-258406659
1759106401,1777331793,-2060436173,-31702852,-784882522,1946260832,-1398313799,-1907289133,-513133692,2105212364,322650722,1682052621,123870920,1692534292,-679111929,2119431321,-1540510640,1690116640,-889377365,238474791,-1675926579,1413381818,60697569,-1980076682,493285321,2025416765,1260151914,1052254506,-2115728661,1383786635,704111649,-1760076574,1285520762,733597764,-1732325,530407306,-1062965473,1793171252,1031560202,-268756243,578326766,-1245773812,2000266209,-928974707,1581966247,-1202992300,-1510625347,1074370486,167583288,-79444576,-1760861437,2024397008,-805963642,864718081,-855339067,1216727541,-2037981588,385771966,47090537,-1823520573,466308867,1155200580,764471692,15494514,529034275,-1702243750,1719304483
-403210710,1089394072,611786723,662180235,-338792453,1830843673,-805138462,972946328,260409161,-1051438993,393466750,2141747122,-301343467,718477783,-1167737987,-2117958402,-100640140,927354285,1703951222,501694957,481639830,166030625,-273145746,1834616857,-552572157,791654443,-91157051,681832789,1604783910,-1757781316,-238558125,-455337473,1401377807,2053857589,1294596045,1753298071,98774900,234514460,725595757,891306645,-108294920,-603247860,100116178,-630356362,914184367,-1445107987,-982982620,-1540226281,-237621791,-458267803,-1954389893,935402567,-1482772978,381851534,-1594956415,349121686,-1204501454,1622762985,902507349,297477235,1996511306,192947089,-1706641998,-1846901131,1774270230,459464371,-98203824,-1359457032
823433277,-191140983,7128300,260160507,-1065098027,-161499584,1388104169,1729922255,-1297864436,-2141020674,44945285,1818417940,1444013267,1618711645,-148163606,-352856930,904643117,-721796951,1314936738,-105020454,497113894,108658883,-859613516
-2028737789,-1091431352,1391050485,836448647,-1384882502,-1208297997,46258071,-1523327291,-166889308,-689789121,325078533,69869465,-1210057872,-1447857584,1966824435,-916858565,1055002714,250865171,-2069251408,1393790549,1192385693,553504931,-552798274,-19965427,-643663322,-411747346,-1787560285,-1482287294,713279369,2080518296,385608705,1570715668,-1176714440,-450280673,1124236772,-611970646,-224631311,-113422529,-1331776165,-1562271697,-658231176,-702085737,-1022788279,1440089884,509141126,2003120011,317287036,90657212,1618280705,1819463020,-669914882,-1677117459,234342764,-991005994,-1216910677,954198819,-235011936,-1213168295,-618697981,1674719154,-453388612,-55295653,-823370687,768427595,1259989593,294758716,-493694548,127887815,-989926142,-612056389,-133792980,-724179677,-2084398366,585156248,-1283275233,995624395,-1303774785,-258726279,272381805
923276071,-1051947759,-670772519,592088098,32873960,152583294,1711219610,652359848,768953028,-2007732494,1243658794,2071970418,1763944549,1032756629,-1107414179,187361731,-1920150898,972607914,-1603789644,1373868070,-1548656493,-1787862032,-1375647246,-1023991701,531056395,638635594,-1905496080,-235539730,809148611,1280209825,-919070547,853815838,45978356,291996169,-661830487,83231549,-831143752,1638748962,-82424462,434042724,-123141702,1476587200,-1881612930,-1783035702,1144148013
924258619,688367685,-1868357121,1345743727,-2013719196,-1684037873,1820631373,228837989,1426183830,-58406707,-1617987559,1180869814,2120652323,-329586227,-1142414535,483596172,-1970636764,-568908401,-740753262,-1014682276,1465671380,-126625402,862096518,1439252555,1952884508,-1031741409,-1249017174
709204585,-2100920318,871486908,-358132083,171092421,1125223319,245412563,1712212371,-1801468379,-1755089717,-1026620456,450032035,700410367,1827232019,-1971247820,-431065628,-276092896,1653164464,-1773157686,-841746751,-1616653381,533025845,1466503208,-2119945196,-1853647420,749211462,-1301229576,-1007488640,-1272216706,1583787937,-1223369028,-38552290,989563475,-1398740638,1934832826,2115632219,1291633891,1659314562,-1211526348,1779589919,701730142,364098464,-1556721444,-323339982,-1525685994,-2121510908,-1043007098,456856027,350742863,-1026771489,-1598507745,1807210953,1976679769,-454275625,1089579485,-228434121,2116989408,623143107
-1885423542,764135810,-160094541,1949883159,948710333,1595939490,-1469887950,334912718,-828276801,2020294267,-693535794,1519125832,-41626853,811801976,-1833188904,-1535523584,505767065,-222188351,-1599852441,-996125643,-1650463580,-1292340967,-2085874269,750658525,870083884,1415109350,1421157951,-787093030,-882992179,-1369583727,408579655,1500855403,934300208,-973868016,774441499,2051338469,1012887729,207850688,1757211578,-457952863,1509932866,1532495479,-661770173
-482748274,1487830233,-2063611463,1698435309,-269444255,-579481110,1896382726,-266385302,1915166278,-1356846363,-690252734,-1722209105,1842889073,697230923,-2138671820,-113106873,-1130693921,-1851826370,1322085400,1533232828,-704855877,1802506767,602481314,-1681896116,1882043907,-218434028,-1855759549,1697155804,-131039893,1645945023,1735481514,1499835180,-2022058367,31524331,-317802099,-1496491701,755656977,-1350964871,1929628840,1025416525,-875601206,-467380709,-1121017595,1022026044,230476577,-319509137,-2062133634,-1672097460,-1260473996,-1614142129,54817408,16157521,130849139,-536492441,-497533679,-598224523,-138622533,-459653113,1803840019,1178350629,-1842650941,-1289444039,-798518583,1755735883,551769083,1177249558,-1506524262,-1795868990,930463026,-2002640811,1780851221,-93991418,-1492248009,-1146747356,-74846411,474367787
374346298,-1669568027,1817031952,-15198059,-407422420,1140610501,590224596,1063106015,974014464,-492361170,-1714941305,1530535392,-1066522625,-80204428,-139530972,1638265809,-1600733233,1766850666,858244543,-364053499,-1409441088,-131408342,-1162037766,-1102320821,-1457309851,404001813,69274045,-1645131626,211559015,1893037592,-289777627,-92781344,-1446638955,-1589390543,-454182980,-1195463350,-2097411522,1423552049,-577797653,-26911865,-1718591038,535215811,1908890028,-1478702981,-468304026,-1242366292,-1029609085,970302750,-287330200,-60405933,-1348399954,-173564506,-62845101,-372391036,607672219,-1665226011,829195156
-129289319,1967232495,-1093835188,1290694904,-283377198,1076531711,1492426855,-2105722326,-479528583,557125786,1856263660,312137739,-1234127553,2039624693,-1835371882,995742614,1693426698,-1987607661,-1583420508,1509391109
1496434482,1884539629,1691652430,82818625,400567271,-1114482890,-724897296,760352844,1645877127,-687739449,760425710,-401087804,-492548535,-1286971077,-1466343653,-103799334,-1593815383,957149592,684771992,1528155757,1110116238,1223438751,-687213669,-1270733449,621694126,-862163612,835143025,-1230462262,-580211407,981165600,1724416965,-2102837507,1144361108,1976006469,-599421918,-1119784800,1841413584,-730105646,-1168823370,2106804406,46575802,240513768,231017816,106783332,196960685,1910994589,-25951285,2010487269,1817142117,-1913835504,1284518980,-1492926784,1895791405,1945765309,1580131625,-539445955,-1442769091,1455544594,567014683,168934164,1034307420,-545276862,-1231339978,-306265240,690101197,-1809239720,2037803415,-700572173,-103313816,-928135538,-657066210,-1326523007
698590175,1139572084,-755060318,1045521442,464969178,82273871,-1764808806,-395010884,708485560,-1127699724,-122059108,690124928,496537264,746673405,-1279804617,-988714712,827052170,-1557346468,1005323792,99350557,903532402,-1194781793,1852334545,1287677796,1058769166,1606999924,775017569,-615580488,792454866,44015216,764092245,-431006990,-322394734,-1926159349,1129677733,1634176433,578986584,1763299823,1309510818,1947577142,-461660041,-1756043663,1674909223,-1082707825,-1410278176,-166023329,-128253425,-1914209289,-1947532621,791192828,2038714598,1361119612,-519023335,-851332792,1640075746,2315746,-1198579120,534062979,-835265005,-1646687289,-1177299961,899624948,-1500785959
371142891,-1426215962,1738293143,-1620329887,1162257281,-354363918,-1332118875,1885545306,-1590584778,-235986300,112693642,1857419361,256136371,-2031606633,-1920939925,-1481708237,957985398,432700098,345840829,1879075200,-1846356322,1090324600,780320577,-1620464178,-715344635,-923009141,-1855997646,579789470,1794694291,-200376846,-874762057,773879244,1549275857,1418838987,223871134,-917476805,1370133692,1504920994,205363019,1952087473,1911754971,1950555891,-802205458,1020152062,2024189587,-1411602195,-1603026701,-627523996,-696928582,-1673840264,-1806131522,1488759346,446542185,1802325625,982206872,427825585,383716629,737716564,-1461643293,-1580282812,1866310368,-567927118,-1493637739,-789572918,1632939053,2043944580,-557672989,-223297210,712768881,-224708538,1435532348
1233492560,1660952456,1646387320,961068911,-172493080,-1658653527,-816508335,-1772268271,706378343,1880348134,-2094874607,-1885208167,124720867,1827732626,1835762829,-2132596717,-1718810007,-831329626,2101076049,1176713154,461249878,214920316,616174108,994577800,436269541,1462006487,2134147726,-957184117,-1826080503,-1624766170,1627305759,784936726,-990388099,-1679102967,-1858731949,-1800856388,1902022168,1766818836,-1184475349,-574719294,888863845
2040208862,146295230,1023544435,239390731,-1074874423,627133307,1486069992,261164362,1818700963,-534628321,-1877371300,-1386838631,1276988148,-175136369,724397283,-634553458,613350855,392702226,1077311211,-1788848245,1758775710,-343020748,-1984192184,49270848,25011365
-1719588723,-510486668,2085854763,453598465,2050740125,259821317,-427882163,-2107309912,455633793,1089849901,1487216371,-1227040142,1181735035,-41296122,-453358848,860882020,-2127778726,1578912847,-1576036155,962227815,-1150731761,-675874960
577943010,-1396589952,-659290437,1615407455,572216229,-1195397477,-533423116,1612707224,1247691784,700501678,-2031471853,-1635948041,1570278739,-74638602,877701447,328435589,-653440928,-1528503947,-1059901378,-1251087947,-250736769,-1165439736,1547088291,1582742929,1543567257,-1546956360,-867670296,976713782,-1821739113,970721872,-1837651644,900333698,329507332,888331054,468598271,-1819918325,1917670640,-158732706,-1356160275,-1174188206,1528054808,456318180,-128704713,-431836872,-2141847229,1787074904,-1967612832,-410037840,-742922514,761589688,1449167751,1644247989,1346701611,-1278628231,1554340585,-1378731394,-834957115,1077595359,310067114,-188818960,-1364056920,-1709170034,317151188,613579348,1021314431,-176520097,-2077792097
-497500258,-2007934345,-559891214,1870086652,1429640995,958071702,1644161066,-1639260523,-1187179945,251107756,994799897,-452668172,-374389159,167439281,977774928,-1149621092,1328269821,1882964149,-2052442975,954248175,1838838513,1764472886,1484784863,1763517083,-933871327,-2061739087,-804205081,-1131976876,-2004870052,-267700869,-860408348,1979972803,286083127,102236368,30754253,1155436989,401519153,-1700444372,1837162034,-959459144,299662871,-497746215,2013017144,-431213958,-2128382806,-921174327,432708322,1088473106,-1383581570,-643802203,1299324049,-2076299252
1475609125,872327373,-35575073,1286601867,-18996574,694409797,608928426,-1535916381,-187481624,1277597972,1354185247,-1323858110,566559569,-225960635,274282175,-55759285,-2120220658,855643545,-1276650937,1222141452,1610563527,241956487,376258410,650912744,1850091111,1010152835,-256635457,1073618741,1191897904,-468421501
778064487,1841884437,1244520894,-1384431772,491711085,24344648,830951350,-291095682,1717782619,-789130992,1512163704,422337799,-851248824,54433760,1678550818,-2073141976,-578041735,506845861,-1418828122,-1731214869,-1670623298,-1968806049,-1959015220,-1492548373,1049274908,857879539,1230082685,863236427,-925815637,326823742,-1356520899,-247730968,2043890113,1509494637,-1299895815,-133750574,-327088,-1933250165,1244333314,516797687,-388920948,1107943003,-1771421095,-1075342559,1438383824,-1182529433,1734069036,-1749654239,-189832766,-1213737128,599158176,-2144026036,-34790220,-1499327352,1851707345,-1018806234,-1391722163,1297468629,819269398,-752133539,1504113512,-1988756552,-163147895,-684235272,625376827,-450473067,-1704017978,-2112486448,-1229545540,-1418741933,282711281,-1445935554,-516024769,780810543,-1865891074,-1617101291,1985076323,1086829261
159703762,346685231,-1173927280,820939473,830376466,776680055,692812330,-261350307,1068917316,-93665404,965831286,-1294513000,2147099806,-1102517773,-1549682556,1086040622,-1349750188,326584029,-511707147,-1443256979,-528969465,1086358072,-325089655,483106380,-184485253,-1354293636,-1554414346,1375686318,943371149,901298825,-1651963653,-354085656,-2087543197,-1176712761,686808243,-1517624704,-2095498268,1133783694,1566007086,-655305929,-2025549717,1842429640,193354301,155299914,1637818294,1885760213,576577933,-470162445,-1244253148,855842478,-1073967370,-1450467019,285795615,-996815540,-756502507,230114265,-782462762,-1530169782,372717847,1169894579,921877807,-573856311,-1934716713,871276073,-660106244,1960447635
126835957,-1715507604,393552514,1009786491,-440264407,1159537603,-1575269086,1122024850,843178867,906104653,-1806257003,1985889976,1127953058,1089733008,1162454199,1251213056,-393003671,544510144,-1561065343,-1205724963,1805954145,1945664631,118265266,1832558843,92727380,1262819493,-1395749205,1218438220,1065715896,-532352060,768032410,-1009081504,130131576,-1799082928,515675099,-61888775,1129256698,1268263286,326663322,-1522431522,1539035997
2128275900,4508655,1074794498,-583834433,-1102144513,58294905,-449198002,2097584273,853221215,-1505805877,-675364179,-345348987,1221630139,1263328265,-2068033319,1225373589,1336953272,-480267969,-1561571237,1867456996,-1061228827,2068958392,2044407633,660403257,702307360,-728138864,-1779238542,941843114,638450487,-1657239416,-272912049,799645335,1138757841,624650521,1542552027,-1015407654,1033628559,-1454004277,-1256893395,1987147068,-1500552851,-1523966010,237335939,-1842174934,-41664658,564321705,494303626,393904040,-1521709192,-1247430246,779547867,-306727292,1932712060,1588592285,1304112073,-1628718897,-1905541927
340193625,1412187273,630758146,-1640081672,-1041763695,-2006677093,-834595747,-1198642658,181596661,762321161,539205230,1619022173,-1361397938,1788416871,-1717861836,-40014921,952088493,-31044980,89976275,-2043187901,-24921681,-314750331,1252916338,1660474180,144505345,153583052,-1035085722,-282425993,160994342,-699866950,967400335,-1301940053,846476151,856291385,-1106324990,229533335,-571256725,1390280637,8962792,977612519,-1229685224,111772276,-1423842395,20624791,-720401415,526177211,-942499524,-251768188,319651825,-321316140,1920642033,1329931840,2052566160,1500374486,1884295471,-221714395,-1173657708,78149604,173404076,1054671276
-1777514847,738017738,-337016065,1585838228,-1930994974,1833089600,817953996,1997457445,1289783461,1588842233,1790880603,-197875700,2060497474,1342115387,183066338,-2118373257,-916354336,1834099212,1714855192,1593428249,-1392014294,-1492507184,-205490169,-1224920715,-1717038271,2019635766,2122905126,-1430861477,625989875,-2029108395,646145958,-1509270093,-505661139,-579150575,-1622328052,1304132984,-693305938,1837371843,-1618660609,2019269383,312188925,-1057829095,-1287067806,1747090842
