-324407679,1207864438,-732547779,206256449,-972466301,-1291976117,699988444,-1368667455,877437109,796227348,-386988546,-246510658,-334590482,2005145956,1028169892,1086905466,-1367484487,386303688,-1513334267,-1613737077,765541668,201775880,-44784770,1619634366,334126808,1065873324,-1982172474,1101064761,-139282582,1044811713,-336960411,-83009569,-1591786257,829662172,1428492646,-643448585,463255509,-434726305,763530315,-2012241905,-1930478864,1459064826,-31704768,-958451426,133048531,216333428,1153398164,996855272
740353963,-1598111132,-416818010,2056927907,-671225127,1855874712,1855782117,-774984742,-411794920,1888795667,1632607918,2021902808,-1426230745,212180005,-506370074,-1327078005,-1249491346,698588996,-1334572040,463410650,1948330815,-237427716,-361727568,1424726451,-1570658210,398872867,616072042,-165427356,-664010813,1988134736,-1552390805,852335914,332739742,-1894582900,-1346384242,1586054919,30277274,-301513398,-1172287710,-195613224,1207119205,-1690791532,2106151442,-179870810,633487472,2038570375,2139620422,-171769541,-1554434317,-1090617855,-1936470455,445991160,1997855795,950217368,2121679916,-756833562,-1156508665,-665867827,845655977,-677329398,432204695,-1977168768,-228091766,83403516
-1602507609,1005252427,-201858118,-601448557,1677943610,594525694,-611642183,318621532,-879253135,589333358,-1927361731,-320772894,-890906319,-659579769,1273715945,902839347,2099839171,-1506451467,-1953760103,-2127161212,398785990,-916336630,740970607,-1547654467,-1551641753,-436402460,-1115368148,1673874490,160804814,851427534,1873257152,-1996903985,-829991717,339716326,898917923,-1344431347,-1737893871,2134985728,-460348315,911518147,1101131218,-1535388214,-946431228,-1848504889,511980492,972618800,-1025355395,-1134419722,1413951155,-469910270,613527589
-1289031888,1594806738,383627320,-375732152,-1354657256,-663880158,584579378,-1934462477,-2109534239,2023463871,-1310359715,-506730593,-1735782575,1178208615,892073899,-1067384242,-2097238153,-580460623,-700304187,1964028516,1250917599,-898101202,-253705885,1508388198,791152128,-716614966,1129401309,350925828,1192739577,103318904,-936331518,104936536,-1009564548,1563812366,-1593777112,-968143760,-1322983926,-218681748,-884700540,-1621135095,595672928,-1020572956,-1968132165,-1214235491,-58216144,-1679965483,1470404024,1898523296,-1459820268,1485849497,-1563283008,842351365,-1391810369,-1639309920,453935299,-536446458,427662453,129774557,702696691,1987889189,1918774460,178912608,-1276561254,666386029,1809332051,-1347519165,-1936317912,-1290691843,-1456413853,1971213514,-2033109621,1298735558
-952740923,1045774019,-1367097965,756925346,1280846649,368513461,204123465,127957136,-284350913,-27583682,-331202192,1918498715,-866054869,1145728907,2001759729,1306310610,-928672017,1461316007,221525025,290230054,1246825665,1940598868,1247488253,-679873187,-1649343492,-1061637089
1232732748,-705408445,1520106158,1650860145,1996725061,580755436,1355205468,-2083159225,-2073197619,-1516094310,-1020718841,-1454872685,196101522,-460383701,1249805608,-372893845,-1937103973,541594069,571635747,-824424594,789744833,-1047275637,875645663,-418917696,-17972899,-823574619,441478553,-1994476718,724082754,538491583,1337391093,1764407910,2060439277,-122213408,-1903219114,-1206334126,936685819,2027781342,1962575982,-744969597,872800986,790795521,-683209448,-1228571964,369634243,753636839,1459492708,-1762676032,-644343065,-1719106906,292673779,1449461957,-567557144,-1890470601,753937797,-1315208502,881806986,1650247185,1058444240
1049513386,-2136618476,-1842585709,-1132468526,2120683886,1106512552,539326697,731991217,1977903293,-124806106,826359010,-288992242,835552753,-984648074,1063146319,-1565045722,220396235,1608381432,2002095580,337675574,60489639
-1405410204,-469993410,-1287751184,-1410837636,512156288,-921557241,-987007531,-690588656,1075386977,732624999,-1533475012,-1036042620,-686067489,1897108676,746833399,605092,437901009,330270422,-1222026955,-907209910,-1197390945,1117758640,-504576454,777045760,846660884,628589824,2074375762,-1245089047,1834268792,1971225749,-1108465662,-1434601248,-2092810019,448602145,-483115135,-2120140319,996691641,400533056,-707581338,132366759,1238060213,-922516040,-2138781022
688375235,1326758914,-803005265,-1360515108,1361483894,-1212864503,-902656759,-430941230,2033224589,-788544208,-38293283,-1482551129,193861584,-1391062374,-1142729216,-1921305281,-1464239329,864430756,-547676638,1596842072,2107009223,310136502,-762046142,654857199,-467408105,1201335099,320344932,345426657,-1552790989,-327133203,-1478129278,-2105410348,-1475343321,363976789,530938303,-1804108713,96363070,1209507986,1601274594
-546400364,967696984,932710145,-323714700,-1467001622,1774921275,-1334622852,-85180027,1539952057,1285322029,-649879507,-873318376,1555835529,-1065609659,-1790148643,1139667245,-180370302,-1026562878,594971641,1386762180,-1063319997,-1721204146,-1850660476,1292751811,-116914702,623569286,-763857585,905239069,-356111213,-681433927,260320616,-414893263,-828473699,-726717201,469188047,915467119,-833660470,2070492461,-1985026961,-553418175,-454181842,-1751063049,197894220,411618087,-437819253,-1591915242,461201400,-1620523740,168983523,131171739,-1765825717,2056893528,-1750579123,-1380557789,-1840675758,-537974290,1234340108,-1713147045,1405148039,643245623,290407389,-730354490,1316942658,633649431,1310780303,1570298302,-1356300688,-1267088225,293967833,-1076954953,406963841
222914151,-947944757,1996702886,-1426470770,808802613,579964274,-1958602180,-690493605,882722336,-863255408,-763159421,-1932066650,-1121670214,822706356,-460953709,1923973082,1765506909,1484029342,302296207,-1380949587,961628290
-868831462,-248916350,-338813613,-1344134773,1213376009,-41081075,-993635202,-1034326494,749892442,-588136644,-1672019893,-1614621329,1225844581,1803125589,-1746499856,1351431583,1199276881,-1109077157,-1436160989,1934990439,2071555784,-270999370,-1000038415,77123401,-4221714,-461161966,2006050510,-1967221738,-338355058,-913329786,124006124,91389363,-1047875690,1410597113,1397745359,339099935,693781957,-77147967,1803331873,1280693940,-2081659230,219022476,-1065299518,-635049044,-916777297,-1588956541,-694628317,1090086886,597287903,-410687316,-430912812,1354959850,-605174460
1693214810,1948543786,-1160330740,-1549819620,-1488858810,234604170,964203438,107175627,-1619378302,1050053410,-1431390369,-732952059,-1703170322,-1631159998,1405854411,-842914878,837059370,376682422,-1060499455,-824242062,-860145995,1025922890,548574382,-392220384,-1065261258,-1046082928,1147598989,-671225131,-1082469606,1115100640,-953680099,-2078785478,-454157218,669498271,-1136551787,1567154560,-1775344467,1372694724,-208359915,-1311058300,614078125,1801921944,-294322915,693774125,-1028886379,513543868,449099330,656156184,-368794622,456579696,-224472290,592396663,-887185653,1670786578,2122078088,-1048805834,648467090,-956577821,768602628,1608712542,-183268899,385204497,2044112765,-1380430914,1220781924,-141857807,-1223444943,-138540089,-1165239572,677597835,1993882604
-1650940716,-1804854949,-224908424,1541403130,-283329874,501893718,-237032109,-1571454516,229155088,174672938,683739042,-1547511262,1686212268,-1255274038,450595173,932920522,1578822814,464391721,2108650732,-1608796207,-1355347963,1182144581,-143057526,-467270876,-949434156,504851302,-183980921,1396249721,1694073322,123953063,1688551770,-284914321,-1093456289,-1867450699,486891799,-834508813,-801066976,1935702230,-115709658,-1856731930
1569545773,-1827407563,1490682108,-1659724415,270469179,-1780774801,592081895,-332078142,-781381719,-745039379,920878515,1959262843,2092182084,1690911852,454510195,66393111,1323625800,-1383202495,1450234909,-677659761,975564768,549123721
417942454,116855277,1109799076,-1374164318,-1004533805,-461640954,-976912669,-995679891,-195122832,-1924160065,-1349392513,439533709,-437094543,-1549481170,865724108,-2091823470,-674547097,-224935254,1704717743,365700751,373924390,1942161878,-551169203,236624308,-1944719212,730884317,-1446171131,-1036318916,-231342653,-2068666626,1809827743,1764429449,745990466,-270040246,2793669,1320042380,732957872,1490679212,-395757647,-869995158,1235878801,-403112918,81135143,-148175012,63822948,2073524329,1970301606,1875975126,527288052,-185736842,-1038389030,-2134906389,230282222
1358703956,-306633489,461937075,-1695835793,-1246388100,1324240477,-213593489,-1210667831,-1685367611,-875509253,-489797782,423962390,-2024592349,-326332357,1965923741,512356754,-1347284807,814818020,1440733064,-1998553420,-374965033,681748465,1249353794,1023261110,-1877012957,640110265,-727731247,1833036372,1049270293,-1241291953,-747964229,742297811,-1020106328,1167635499,613687005,-2131788220,1577499214,-1834734071,-837298310,-1237930743,-292523485,486461969,-340657514,706649496,1329250661,1509255735,1534537093,-1084277889,-1470481628,641507300,-1505108290,-253915481,-646027467,196958422,-1383945484,-1818313508,1056309100,-1378910653,1544650599,-2077548660,-1824699383,-1086877116,-1478619786,-924421682,-1416539278
495149945,1471044262,2069483810,813371080,-1779712307,1784731527,2126981089,-1444638766,-2146505937,-1476375784,958448437,342408968,-630799539,-415026118,1511234584,950527602,-455956838,-1078341302,-703081238,-1515932528,635172961,-795593821,1946132648,-1773836930,1390083101,-1414035610,607185246,-346301870,1385997063,-914779268,-1204917798,1208828616,320806639,692434396,170667682,-791134943,2114211407,769581065,1337373223,-1744662457,162944412,2099664862,-1624045511,1126556724,1479277023,-611893107,-1049506627,1864703125,-50360188,245575652,1442171294,810170794,-328951694,970740690,1697286145,1306977135,-1732947877,371059754,1993752764,1909457664,1444077140,353115302,-1747591161,112135737,2612391,1792039725,-806809484,1655302556,-288989208,558366296,-96501476,-1198750601,806865478,2142154802,-791160038,514691910
53922111,114563645,1786383445,1173017061,-341977153,1072577784,808012457,160149262,-1964255437,1987280797,-1848247520,-13306231,1836047392,1423677130,-1101645865,409565255,1727346706,1064607011,-1058048565,1775238154,945314275,1291036737,631843010,802283904,-179114435,1967470825,-1261747861,-906285677,2043348060,2079849088,1094969796,1740478719,6896408,-229669442,-75357253,826111012,1979071010,1941183138,-1828114920,-1175948259,641727373,-2129689179,1994052505,503561488,1280027024,469148722,-434829218,-2124431929,1621169290,746732628,285309319,-1053446017,1908999493,2075204529,-40111333,656135424,-1528303746,2069410230,327073835,876263405,854771876,-2092394221,1618110774,868162397,-627833120,-1667709846,-1294961457,-14068567,464718933,1600209474,1472138877,668218247,2012250792
-1958365214,-870660521,-141661502,-1162963558,-979802082,-1926918211,-329063212,610995395,-33505931,165478767,954266779,-594377621,-1902697170,-1391964081,-1607285275,224524203,-1757405762,-1921190469,-99273389,-1047175813,-276170970,951349796,-1176723105,-588365977,-380521064,-144497443,2013743008,570460033,1055914592,-100381387,155300428,1730787737,-1848568063,-1107523385,-653919745,-635040853,1205382814,1412784911,1900470202,-252046952,1897105820,1160366657,1344537389,1327427609,-1572831356,-175866539,-390809288,-1840624912,1977850669,1458489190,818628271,973759071
-1681974212,-1284865187,-201190434,-1041350625,-1491310041,1388587339,-1156075001,80929866,925119758,-986295230,-710613036,1434682369,-923873594,992146829,-1260053747,1446156135,137248936,1474576386,-1715273221,-477312508,584694365,-624078781,939352161,1443931812,-1910466053,-1638492863,329654188,-388326017,-100834987,1468644609,897463913,229165210
649669026,-203156746,-1540615572,-1543668241,1087058590,-953057924,-1544379709,-26250502,-299780528,2093032732,378648040,1261745855,-978665547,446909544,-244104703,1705887085,1613710454,-1702082284,-972157258,1987990827,-37667035,1946077932,-1835719913,1898575912,2105190855,392109576,-1768575555,-1290777616,450043026,-860103617,-1396126930,1445743105,736761079,1693172185,-1345270138,1411354014,1702897890,1231526279,552595538,-1790205214,1144629823,1648522135,272664511
996769472,554802275,-204131853,455746120,1212887005,-1766259190,547982266,-235474412,-511740132,-1742202526,1269981541,-1379598908,-837891438,-1772215763,1424390382,1631806368,-513167960,1607256714,-2147001760,1198632829,-1827223006,-1482532435,-1450984843,990288538,-717548195,32287186,1598253952,1239577773,-584546857,1294010734,-1748567923,1343654456,-119268108,27556775,-66892090
1146898687,162728966,-335275753,-1528120193,-1793793170,-21223061,166048277,621225144,1134448489,-1875559360,-1000222693,-1155475252,1535212685,2051206129,272125878,575024107,-190656020,-1817393253,-529547198,1268480590,414860632,-778680829,2130679508,-1430541245
-1749856055,1412442970,-332048759,-1274394469,-1537356068,18539521,491326429,-950412636,1951719984,-1552469290,-1052593196,1376629604,558222510,1015499183,-602866965,1315181590,-1144410004,1153542220,1750806492,-1829611129,-1534943458,-1878857544,1653023282,1385019678,-743068469,-1931121163,-1088039393,1368672796,-1436091965,1133697239,-1823006323,-1108943069,1591207887,255682352,102860402,-51874820,1469509290,263037229,-2084774296,484455316,-2024553552,-1875707649,614706044,-1587062201,-1079916331,-720617283,1663574597,1566341216
-1035527544,-2138619592,-60172064,-1576225097,-580663569,1598392635,-893054850,2119655013,670889365,-247059593,2141845743,-1927789382,59341841,-1916354447,510893159,-1910529878,-1622665451,-747185060,-10889890,885696441,-1346135599,-159116120,1409459863,-894853202,1298149273,652757726,-511537315,1409865606,-1421306940,-774811473,-1856544753,123452331,-602119209,-287950519,161305311,-1664583323,1815015395,-266343444,-629773098,1812325776,1010314539,-1058026563,1738042138,329554575,-1588613367,155748570,2037760115,1224180096,1780730385,-1926598995,96102155,-1302381903,1943881078,1662370693,-81950091,1107237201
765136226,-1391112720,1410967146,716251983,-672509936,1628058347,-172105970,-474553021,986683510,-1132731444,-1118985776,-1718498021,-946050769,-1302239508,-906428554,790924990,-161293223,-1708458522,147940076,217285703,-438268243,1684813073,819119226,16790317,-624646192,1016653642,-495952839,821395363,719164392,749222390
-413584831,-2073017743,-1558391482,-1092430039,-929188892,1673789008,-1373512515,-554011351,892937169,906703655,-1151308817,-1339138400,-392877024,42120171,472488842,1779834173,-2080556969,774264500,483218074,-1934034569,-823725483,-722273836,1555458056,139777984,1430989169,1654343210,929618019,-560384774,1602455522,1024836279,1829180386,187758122,1468250720,-88076943,265267369,2012020586,-1014305269,1564233047,-883634869,1603061284,1758775436
1715703696,-1740549508,-1482736007,1815483145,1890102135,1339712526,390917117,-922613707,855461501,1179954649,465687480,249431606,1982221087,863722874,110274532,-16032731,-1238073186,-524394084,628949432,631316701,-648185087,1820468142,1445014288,-973052467,-158363808,-280713001,-1420009907,-170376434,-210438050,1346326054,-584277894,1213599927,1827518199,-303328242,2130024879,-133209744,524303227,-96162543,-745533510,1626903109,-927130919,570868666
-577502276,-1164815328,-1798820913,1231474062,414404648,743369283,-1999113529,-1990724433,-1864035521,660592156,1418756985,-1590461350,692000490,-52718413,-1769713386,849245490,232651100,-1316891201,1104526681,448175267,376479846,1713966700,-882201092,1748973386,-273215992,1177285726,-356547219,1591127443,1128360522,-33217291,488927937,-1160327517,2083870284,-1167622958,1198214377,-415507079,-1515397988
-809800414,1309461583,-995913017,-165310471,1789148338,243354181,1637597234,-1237186583,-1562482224,-926382271,779001386,-1178967756,364312547,-1877093872,-1604844232,-403470793,639540975,-1895402287,1451170745,-606895384,-385143220,1097233298,1866652078,1396055577,-1635785064,47190331,-878021167,-834977027,-1234370834,-682869078,1304891368,-1152123157,652593495,-132622305,-1915409316,-268757150,1831873152,-1632119590,1472320780,-783123380,-1675142995
-1734315170,-1280370042,865539565,665090505,-1495550057,-1599024480,1960040847,-1707404340,29172076,-384002079,-2077778732,89961407,-1702101543,-158663795,-604881179,-1481434807,1547562544,-1990350743,-1864911865,-260408276,868240500,-2053991810,1162179596,2071841704,595788007,1026809629,-1053041652,-913506271,-1771922207,-1517303517,954169173,-1395367169,-375861534,1968440702,-601791585,897970389,272073706,-245601297,1124942979,-558614076,-433829368,1421666321,1346271790,-816815071,-1177630671,-1299515751,-857370799,506672469,1278631763,-580177186,451023451,875775237,-478132056,-30689124,553930218,315145842,2124465487,-939762188,-20081538,-2099162079,95367959,-1570633290,121443183,-192067138,-744088930,789752291,413294881,1062778940,-657618278
827210357,-88969151,438260854,-1081332672,1636639618,-269214015,-1898316256,-42234747,702472068,984979432,2070969633,1860103204,1545139220,844065853,-447607059,1615613835,-1773032551,-1089524732,-1494826372,-785641811,-95139074,2028076259,-338524392,520658253,1664511652,-228563513,1817826424,148640636,-944651622,477132040,-387956722,2140093024,-496727541,1516348618,220894109,-237625034,-2075219465,-289922650,-1147979507,-1445822823,-116905178,68376458,-1812394110,-1700503036,-1433835688,100002013,1981676970,-1751778924,992761281,-252480538,1957418326,1444376594,-888034637,187353710,-1301586868,193734449,965459613,1262059427,-1885172134,-1338322413,1188851763,-281022402,1330408622,1975923729,1437758958,626731240,1949167205,1504479163,-1314532681,-1922281767,-638523807,-1213738467,666526174,257650370
-1398167996,317369936,1803408877,-459028665,231808256,-533952247,-626632287,1203728070,-949877526,1317278407,2062037194,-251246055,45125288,399584511,2071675865,-672797140,1466235247,961447444,2008749801,1631792355,816776137,779662534,354923043,1792466870,439952536,1099372264,1155673186,418662275,-953692070,-1324914858,-460014567,582292895,-948875603,499662628,1867543156,330592813,966714389,1045296666,-353827651,860066739,-1865395203,-1462725024,-738637823,1016577001,1021771515,158914421,-264158478,-1424314924,-1521606312,-344107931,1052310031,1057222932,975828430,1746956603,-1262396927,1240626809,739229843,1503830963,-1165040568,-559713829,-1408956778,-784067788,-327155178,-748913366,-56331000,1907082236,902504827,-1586734909,1848327453,1371128220,-250675007,512154885,-233183213,1110244519,252824601
-465574029,-1042493530,-375262858,-589128900,381248918,-741253298,441831096,1033272745,14359146,-142259724,-1995071987,-1295559275,243279989,424565312,-1355987820,-284995887,-1578482150,-963497695,1733945154,-965852952,379893531,-767091968,1545693705,862792049,1809767007,-510622665,1778400566,1524529061,-1464119308,-1052131132,-321118950,-2125267664,1230830422,-1823925447,-1510955028,1705285707,1347118577,-1336910089,-1957368339,-1249580278,-111393308,-650161765,-1568186419,1332720626,-1981272825,40882103,-429932723,-1743676466,-1578326993,-1637187388,-325257691,955092162,-1826736464,-56732073,1916729127,1746396832,839987746,-1263252845,1983581603,780149882,-355983768,-2101603874,169557773,-1464416393,2036543981,-1291471913,1442816733,-1364813078,-509852111,-1052295289,1937953974,-1231706720,1081020547,216862422,393274570,-936158087,50701071,526798143
1656678969,1493006875,-1876511289,-205284026,-559308640,1318689165,-533611477,229218268,-322509129,-1850048848,-208497320,-120182383,-732153748,851241527,224908063,-1395860998,997788513,-1259551103,1247840040,1516372688,-215503616,-112611810,-1594613465,-1525210086,545615314,1043256977
-408562037,1843506705,-548904105,1710542850,1985806376,-924278917,1063019816,1686861776,-435540179,-1109929880,1628309884,-1255684446,-178045135,956814366,19250768,921590061,1602399368,1895275620,1548832297,65641389,-901039640,-658810796,1207646297,-726173996,1236126798,913960053,-1979135616,942692351,-887709406,-1597941752,-901597099,-696645462,-923450727,422288290,2049198758,-684979930,665116250,1884484858,1359562396,1783784073,959504996,-542276604,-1418513341,1870078948,-422837202,1859497278,815969098,-1012269381,-1819404785,2084949321,-1840649978,318813873,-965783841,585306554,1122585276
1069410271,1327270706,1622689823,1343908919,716518613,354471083,1359976983,1179686548,1554750075,-1090671595,727923140,-598450732,1790904089,1789065248,-415874111,2008286616,322818416,1442461531,-1772926036,252753435,1938039258
-533208090,1938907818,-1813755474,545446915,-1924506217,1559831379,1806871785,-233607430,-1805843212,-1721960996,-168549878,-2032808163,-1418568252,1086331382,-1112019908,-744519646,2045387807,765295794,1309979578,970586704,-562621064,1624762164,-1353572242,-94860715,851035614,2029118629,-146867492,365001302,-2124610178,1292473198,2018375485,-1216167866,1985256044,-886843998,940674799,235761018,-1549315422,-501902149,-1672377333,1269267325,70890056,-384758648,612051799,1338839584,1906229813,1019760998,634845279,1461164758,-834092363,-1149925970,-637679651,-936233666,-1161050484,690778733,1119384673,1556635903,-679445957,199259994,-83082963,651489499,1677040513,633669124,-1393555615,1250204414,-679287516,-1134683062,-1673227945,1145092759,708342512,1710846480,1013762128,-1632889174,-1886264832,765480495,-1400334257
2097459515,-1172490579,-115364283,-788829907,-503994847,1991241774,1060598893,-1077829692,1561934279,-423788375,111276281,420873608,687821344,-1468978851,101280494,-1469164844,516606845,-1071739898,-854132405,-1966300401,-15100330,-1769705652,-1236246415,1330548801,-1507168950,1376966268,-718544450,-983960599,-1516673180,-2041683847,194961786,-107716339,870115999,2006327796,-413759754,537897873,2084618923,-1271894310,-1743275278,-169406260,565534705,-1999223026,548808767,1412289880,-2019196203,-700687784,-1729617243,717843497,-26945734,831772572,-633890810,551451360,-655473590,-1561560242,-1817284670,2065256289,1339094134,352620837,1893661789,1267702434,-979936836,-374678258,-1748016289,209880262,-471616985,-1616797853,945364859,-1406833047,1110560924,-97441700,-1661206285,1560212285,-1692206,1250668229,590762042,-1447099947,1598981538
-1637222694,-574743360,-289897344,-1620128018,-160378216,-1442375462,-603502264,-288923399,-1065314603,2064510174,1719189310,2131764532,807460918,2051761726,-36170672,-1633988203,83648135,304011062,-26554467,-2014351582,595605724,-1496051170,1639599162,-796084390,-808775687,1455244799,1983093810,-39430922,782189299,171282537,1186207695,-295535663,-987604458,341465219,-541516521,1022331939,1483586569,-1684617373,-431111271,-1041517323,1469255984,117305760,-717649815,-1686124080,402192721,-1473935836,-878758296,40189880,-1290078343,-1040443834,-982806840,-1910864552,-2147370976,825445143,-1108904498,2114464382,-1871243893,998743035,129607642,311200457,-1941209487,498358908,-1075823964,-838144097
-1652807846,-622170425,-1502192283,-666399902,1260070118,-650144381,1117749226,996048475,-319194481,-1463284034,-2028967389,-1728227403,1321860541,-602299572,465050909,1165309630,-206957603,-375865489,-1856828882,1314039376,-426434116,471093665,849151086,-1702911182
-897953392,-584297115,1108681917,-1408299660,429863785,-274929403,-584447038,1902880043,1240648537,430818522,-1788372053,-1684462648,2007065936,-966640001,-133570080,405354644,-699919097,-1017404077,1333047147,1702012015,776962628,2058834797,49023198,-422595101,-1720666788,-1995941428,-1702285197,1279259254,-769939463,516111315,1802743413,-1737850561,-2035311075,-1763349005,519568351,-1983632709,-235828378,319392681,-1534348478,880083424,-299038573,179599531,896101355,-809039245,70294854,1337385309,-831741116,212365462,-752983541,-2025730422,2088261754,-2141117020
-435929008,2134457952,-1606093247,-2125510570,-1198324646,935241618,-1507299924,1971979552,-138724524,309563613,988813910,-417491383,-1653390949,-1061982754,-1980299336,-646049820,1512369972,-1412654104,243433825,154828862,-1773706496,1006411563,21394254,559246255,-1192374996,1745915409,1482619773,2109915282,-1940656914,-1206497557,895025348,-1610446959,1422407021,221350861,-601038114,1015010341,-2175488,-730758987,-1330931770,198162780,1758978459,-390920206,-1626355129,979650269
309102787,-177615404,-1744580055,-651157682,1912056893,1471576980,915738659,1357619712,-70845326,-1126282047,1909768913,200202900,-1271672369,2027636274,-678297756,-650265689,1551053509,1159301429,-698724235,-1245808531,2047248812,353344930,-1219544943,-921391386,-404269853,-1085748948,997382391,-238517938,-1292159685,468518906,1162985631,-499035431,-1001390443,108493429,-1848891522,878910367,-1854558519,-1710924701,1981880840,-216496171,-1605996855,1135925556,2055362806,-2029824451,1842020870,-1238609508
154118623,703350801,165144161,1728499854,54412025,-1853311867,536108149,35510626,323277619,-124853979,-1067733433,-29279176,-1310531306,-1406362048,-2072453547,-1506535335,503115455,1010050397,-368189691,-836982484,-898181169,-657501677,1741661109,-406879305,1650563749,-793574089,-242634992,1156753509,-828374833,-897378755,1924903587,1586064649,-1874273603,-1539737897,-1430711377,713458466,608486071,-345412382,-579114688,359767648,437295888,-1151203710,-1512683650,1417838439,-1603454053,-121557877,567012418,1227581138,-900201890,2134570786,-978870036,514405497,-332448891,-328259421,-2021923469,-1210075401,-1751083879,1809904325,1206892733,1127018342,-869331215,-758945284,1881641520,860245356,2097227112,-1467004130,-1806966648,199174011,444537167,-2122516663,2146968042,117961555,441752229,-1941452285,-1292179143,2032796363
55455137,-494902103,1836828881,26115807,-1804332563,1111898513,-402265425,-1595596182,-245126909,-200226428,-1122918001,-501259303,-584937861,512177313,-195219391,-1176884916,-491799348,-1994609366,821784890,915608841,-1128205073,-1241321389
-44802965,-1896055742,-427100068,803719172,-1278043622,-1082764113,789986273,386460334,1784221564,1107710733,1057754736,-1142989024,2092173674,-528566331,476837468,186200341,2014338086,-1054790216,852429776,1184347465,130165389,-1976937632,2016916774,-897175234,-615224184,-735432139,1613780089,2110569276,-1201280824,-1755166639,78559864,1199740568,1106220465,952633430,-1925483907,-1015836615,1742443926,1272247183,-46580771,-16769193,1553154599,-449072555,1394230401
2107505447,-97792333,957741237,1871556851,-405689247,641987917,2110487615,-1678186516,-1036960036,-638787459,2104107187,-785154907,1671719245,1372934590,-2084934395,-491843016,-898133044,1625931085,-1040741792,1241461741,-800472373,2124975117,-1844303307,1467696059,-1258701501,1314789290,-1728890474,-550351602,377676335,-287193855,-1410992701,-2046640181,-171089603,2015355071,-1078577659,-1354475632,-1199781181,-1571675577,1133051578,-1382894784,419637999,1417869529,457355697,-1792319298,133047362,-753531152,-2035322953,1010458871,-1228489409,768765930,148340593,832333862,1697895775,-174990354,1328729452,-582066605,1335522631,-427731447,-133441166,2067129372,-92901828,856647834,1267967263,426172343,1784216790,930421744,-1188202573,1657165366,-48078093,1014872881,2073201448,1982534925,417770734,1544258429,-941951353
-1086515695,-1055547054,-1904580234,-1132751294,-71516089,834543665,521440534,540165771,-1050627306,-890982271,167124491,-1949442105,-138914357,-343578700,-784526373,-448325433,-2056726282,-1048519000,1636526460,-1446322414,349651736,-1688382897,-1278911705,-1900600788,421139611,-647583087,1343565170,-1920823525,1741469441,-24278160,-344206947,1130758182
1153684589,-707331285,2110170335,2073537549,731329066,196770484,-1362352540,628045207,-1867471280,923005433,981355489,1803889399,-85317198,-940755656,947512152,-2108978939,941214898,936570306,-1861946716,-1052222164,1170471395,-332770870,-1304005446,1384936289,-1680032017,-1669724802,1810245426,907177808,1624915899,1859615067,-2137183227,1180288216
-1532274243,-427261032,-1462484039,-1968001572,-225123403,2090509049,-1695274356,1391869409,-747818210,-1382438297,-149687054,1607113996,-51847694,1407975447,-1437574896,2120694849,-714641191,2102219573,-385865670,-923784011
-157136088,1912407790,-828265772,-1056946378,-557750502,212545539,1114567525,-297568214,-1217670729,-2116176095,-489240852,1021464084,1578708276,798490227,-856539313,-1263978624,518364050,-1971039333,1978194876,1388699491,1394706211,553838566,1396631241,-2078473616,385281869,842241984,1780587228,-711473750,-24101491,-1970260630,-769218356,165110330,-9902402,-288077079,-685046584,1264007810,774921371,-129333439,441916791,301116529,1898713986
-1978867359,1011168536,-762470278,-1675950237,-1780074867,1437645181,-234998921,515794541,-584005526,-1572927313,-252644900,-198874119,364793842,1062267674,-1637747392,-997849155,-860964340,-195144932,616559220,1051838947,1296814129,-2026863913,-602223419,686403324,-1318828206,-197641400,1938921853,-1852950733,1292785913,-1959835496,2074007472,-1940046651,462965422,-212467790,-1886789580,2115124656,-17856613,-1500348139,1261490672,-195752790,-601018254,-1061104406,-1009877415,1714298196,1635861902,-1646250919,43260474,1761009583,1772343128,-809823209,-1356417357,170909390,25536748
-1702050173,789419725,1953550587,1912650098,-1592249463,1646802433,-77437710,915723016,-1751267193,365542768,-1402557861,824783561,-434965719,-1994836861,-1604203900,-1260553809,-1950932410,-1759976454,1865819229,1812233725,-1887550364,1532546079,-1243391834,-1049309549,382085761,-660747714,1447523401,1577949060,1287181072,1825644884,652074244,-456344603,-94772927,-1835836923,1617814602,-1605617432,-1168259963,654880211,-363518869,-481679832,1758286929,-2128318067,-1036514318,71296837,627106849,840708868,-744146099,2135057075,-1800793153,1275231748,1037998259,1655591375,533979076,-954958718,-70959550,-2017395149,-1456163233,-1086003695,1108584039,-1720778678,1835439188,759296666,1961081473,-959458522,-1051365816,-941931444,-181098552,2089701776,-1108055493
67018347,1060860000,642690388,-451120703,-1063198984,-262026737,1689305572,1237464155,-1369916927,1863176074,468965796,-1472438158,-432642565,-1150832056,-1161531327,1772971684,49205097,-113681506,-1001254374,1773323730,674744121,-536083119,611208008,1644062667,709768045,774784877,821887710,-1814260406
2007805780,-1074215311,428913954,-244384261,1750348825,-1938699814,-1050522953,-15993096,427236366,-1642684614,332851120,913558182,379725723,1648487230,1965884650,286017726,-788982447,58235299,-1426655569,1483802915,-1664167106,1895323132,1626632231,-367354809,-1988169342,-1683075917,926697998,-1919033907,-439145950,485128269,112165031,515591536,-1667689957,-1247543567
1301320226,-1564915782,-1889049558,7470358,129796984,-480071126,-1706061077,1538568234,1332254020,-1259231666,-906558509,1635834133,-818945661,1130628305,-832666702,301321417,-167244679,816358778,2040225356,1923571641,1390169882,824812484,-1745424036,-237693302,1723790252,-1193910099,575007707,-2095632886,1017835689,199970254,1910357377
-251015703,-1274882645,1324546700,-1503855227,2144352256,-2032405172,764655551,95331570,-532290075,-34055412,-820174163,-13353317,-1078741805,-1912791376,1715198519,-645284581,1249713779,1205757626,-1367684270,-1505524944,64515386,898600703,-1906534899,-1355809176,-240430320,1299620983,-2143830318,1393277212,-2109225422,1283148372,1389244395,34609053,-685815720,1668701269,-887304376,-1399573331,943782937,457761371,1164455038,-1652911823
-1472845508,-531133677,-1902277853,2133797686,-1299835690,-1036006152,571985869,453552153,1295122279,718537046,-1620755149,-903354321,-324027876,-896951411,1647044304,-905150975,85164775,291149432,1229205893,1047816336,-251985003,544212982,1385315022,462797942,-1623151073,-639375194,-1968046282,-404276405,-1785198017,1198593009,1637544972,-1949270711,1059637318,-1730886580,376899671,-536833741,2034740524,756355006,1077166342,-1112263055,1791601640,454305952,-317234069,-584903297,224313346,638609059,-1928763158,1339923080,1629969765,-433234921,-272590099,1163613774,311462265,-1675461782,1552002586,-1852569268,-961547919,-571469586,-331076152,242990365,1008374241,1094948062,1271464110
-1161444462,-616523358,1223226333,1804539730,-970210919,-587998638,-1471381264,750549638,-689308507,-2079707784,-971160703,-2048676171,-845099111,-792895463,945082846,84767405,1833003354,8731894,-1017910020,1177612785,544210921,1094403087,1554529195,1938108897,-1720868685,-1102850456,328598795,-2137412328,257831463,1765267982,-1772184002,1775419669,1542748809,1303779932,-1248624802
-2099822586,-55318406,-145673295,1928546654,95409671,-1961312218,-1304651493,-1345924777,906210249,-1444350794,-1496309037,1679848567,-1375752147,-1342199203,-64089255,703955460,-2072666420,-1231511635,1871176103,-1409655490,1270385230,-1628533924,1769618854,482384579,-1475921924,1882919498,1052796899,-707850187,1309155474,-1229874750,-929509246,-1036469735,-1648088487,-1512146433,-1738526350,-249455615,1070231669,-1083681550,-1601726495,-504430867,704162683,-1429629630,1180504306,-1345146385,352915270,259283348,1667624365,-80269043,-1665158646,1899188236,-175844809,931976810,1067372713,-625064430,-1173027774,693533095,162169925,614559832,80194758,-715775610,-1925595882,-1157452004,380043505,-1130320944,-1638164868,1270895274,-2022799781,-60190855,506812503,-468114396
566631681,-1523664490,-507136379,1575421283,1002037532,2047293454,593970147,-1249685600,-690745964,-1974953588,129014516,1410298755,532679790,-482874835,-1108221742,-1633289849,-609640117,-358118420,-436720894,1730965519,1215773969,-1843254405
1979850322,1105422282,1309650519,393984578,-1326288237,1437099211,1794272790,-1149949435,-987521130,1048540440,-1377020669,2126893383,-129163954,-1377346553,413183980,427468434,302579930,1706822178,1417726265,-1225504211,-1815191630,-1897688495,870228288,-2115307035,-1806552547,-2014130888,-251504680,1775729935,485452006,1206800094,1110711084,-1691333428,1687038542,-59600242,-160059440,-1256555378,1854761540,-103251710,-423369191,1394747099,-1666100781,93959357,2087293096,1887855185,-1941165605
-1821192120,685834985,-134300413,1605565759,-504837894,-1749898369,1539859693,2096439069,1718293580,165671825,1072576172,-94954250,1681753329,1370793286,-1950088590,-867834124,-1523183730,332289970,987306637,1381282981,-1268781871,295692632,-1598679660,-881627869,1944471752,1364434672,-529006627,-530518667,1462375280,317319785,-513232847,-762261195,-66337141,-1815142864,1333474243,-1760386702,1168848053,84054194,-913406627,1971490263,879539641,-527567840,1590166491,2028606476,-734772192,297002609,-1149608995,-1913046692,-541302773,-2077688404,-1406871369,-446219625,1610074946,-1977953177,-446541652,-1798056391,634024588,-1023616374,-1185013668,1517327563,-1537796032,1850404440,-1311184518,1514910601,1608815643,1240334768,3016897,227317060,-499729324,-1276162161,-1503267032
1315195886,-152377896,-462353837,-290481661,888429132,-1468364969,1181304909,-1634329059,-224184310,1289628163,326189684,1554019563,-1982348023,196580739,1806773172,-476607158,-1244687413,-352131597,777166327,288719941,-1340510718,-2016545049,-1989229860,-988892742,1515916899,-1412629841,-1796615258,-1846781124,-522705986,-66403876,2037523574,-396021445,1929245011,-1546160381,-980930883,-1080165790,-275242915,-1476341056,-958902549,987697472,-1081567501,361434109,226896236,-162424790,220555280,-1529739148,-460002604,1023510366,-587386640,-1838247567,899077976,-1938818709,-1477216355,1119064284,1635900800,953375184,732683976,-279733642,1814962202,1725520355,2119451356,-788576926,-153179279,-1365717004,-1421142960,1691425255,-276575810,-979376974,1746961212,258217844,1097444063,1441608396,-767143889,834541284,-537046202,1667808475
117935362,276629043,727440766,314384992,1503555918,856203045,2142606790,1260071929,1386892545,2044300941,618323413,-722697548,-1523337650,-172921403,1922620353,-1400765035,-316556310,1275682368,1372136637,737965901,-542898994,-310663167,-157913990
1975035963,209996624,1565673162,1869351717,1726546430,759986603,1806884742,-2131540612,2051606261,1778395643,-1537618766,815109253,-1971790383,1668037639,-185377058,-808184321,-1088372708,-292102355,1380979662,-1190835314,-547657859,2095788110,2010124125,-1998296111,-1392276677,-928234742,1116913310,1536962739,-1524813313,-1175254483,861604163,1602205441,98294749,-1262627992,-1237666494,1740194621,-1823291243,1976519235,-618798923,-446693455,-1058218475,1837512274,1215936001,2061699014,-341970111,-1263114074,-537936326,2110346389,2006418167,-1960932218,-303467066,1118527166,2020019021,10342239,-683276481,675580281,470064412,1694995448,896422046,2110237418
1034069225,-1077832043,-1484569160,-884601566,1581554253,1938786875,815220703,-1240880657,-439261514,939164910,-1035509051,1824587306,-34455711,-77128076,-1903013749,345608680,-1957276758,-1697873565,2103941798,2029204056,1510148033,176890307,257602989,-65846524,-1755273570,1520810481,927696499,-1310367913,-1525956814,-1751993915,-2090228648,-1050275745,-79519522,-476425225,2121854172,-807626030,592030504
-1047315340,-673896106,-258448212,-1036094279,1443651745,622647036,1716292944,1432137490,-1277520067,-1022009843,-192962629,-880223776,1547120407,63860489,1911453190,485022157,525344194,-1330711572,-517339724,-2009071112,-266559830,1096336307,1485006559,483843356,2146709351,924158494,1750375092,884204785,94928213,-1966872650,-278215391,-1617048622,-1227351964,1428688401,946720204,1002847391,-818348245,1576229971,2020383814,1837511908,368531523,-1324695560,-982228096,847469882,-969544494,1674304977,2139926653,-265813011,-1971111835,1099777868,98119753,-3301921,-454090237,-1751760904,-1203936983,-426511957,1134211710,26138439,1928176403
358374412,540105364,1478253408,504005760,950576917,152200039,1135157183,-107524824,-241674162,-1767944,1218649197,2103615730,1608672261,1811211249,667888034,-503577351,-198098242,-941086856,-1938471858,-1820218837,983595775,-1971869076,-1061134844,1613836331,531133544,1290522093,1614198838,-1014549895,-1702107130,336643618,-1266663773,-1763179568,-172260889,-230859211,-233597684,462306255,668567537,-650938206,2126105645,-1105069349,1347459567,-2125344847,107213291,-584710077,1041096428,-1392330176,315420873,1586900644,1327510468,-1412695866,-2095746400,-1058768242,704851703,69193364
909721447,376835520,1179642716,-1497060817,146015887,-1322525082,-1308169993,-777624053,833211588,-1935442991,45441378,-1548726961,-2034290232,256585311,581689609,187775166,-595362240,-1661139464,-261408440,1911567593,-652500001,1159610719,-1303840978,831990685,685415363,-931309877,1377698435,-275107684,1016514334,-1481674315,1368500492,1744463248,1952593433,-177767949,1744017932,-792811204,-2092566284,491649030,2025559566
1073667953,-2138936657,-1511139614,1952912207,-306427278,1516495303,-2012253212,-607338726,617083873,-1949830576,1850099331,1862283663,-536358705,-1113303098,418648833,-1232224058,800682463,1738593979,-808126089,2111448938,-1378318875,541865122,1856336668,-905284944,-208117047,-1123526422,-120299579,-1566024827,57850033,208595790,705292207,-493453562,1321980767,-802094229,110376316,1496001077,-1018229290,1351204242,-1604891525,-1652577048,422337604,-863713057,-1695711444,879585284,-1970663397,-724090230,-1199945214,-1684993301,-1408484736,-1944423812,680105578,-1270893518,1887785193,-333628123,-9328116,534833559,2096756736,-1241882996,927876688,-824468686,6035662,384746151,-1206928349,728999401,-771775467,1607241452,-92211206,2111342888,-586307588,1436332327,114543126,-310557742,-329212943,-1731590258,1920134922,-1730376590,-75561270,-1303480814
-817112907,-451419347,1695251703,-70740444,1806886940,-541694414,-1577245530,1086132004,2049230317,-593949626,-1181789503,-1632773261,-1062046102,-722333614,944430200,299873712,-190921915,227914011,-91166182,-1467376350,-1952588974
-277839889,1277071357,1547876734,-926319759,1460355140,453125604,-60324097,425885157,-222577978,1301139119,-813863732,1578024303,494984467,1130674541,-2071754673,-1721456695,1867995278,426813356,-752093351,2101189154,-815591054,1573007607,1152462678,366262853,1817701161
-565374015,-1483227654,1236436446,2136123326,1818656729,-1523432276,273072464,1208780153,-1113507947,-524114101,-760014615,603076484,1330082772,548495987,128265487,-667260693,809729496,-325943602,1036848569,-1563900658,1481838069,990550965,-182314428,-854999828,1971675525,220692509,-1611298170,2121194660,-1917830114,-2143922768,1903949091,-384010951,-2087237626,1663038010,1077438239,-48128363,189041127,2046153542,642310324,1285543376,1170725822,-941576184,-1992471706,-1244152911
256623997,-65061549,-2090551436,-1872480639,943079633,-1042145841,-951483955,1761519156,390491136,702054192,-821306323,1870846999,-1412398914,1011139045,1044248643,386287338,29181339,803755213,-172469307,356746429,-2074420894,2077632198,-928052113,-1847934814,1793347778,1879186819,-1174802357,-213010525,-1791817168,-1940871774,865521203,1199741174,1758911499,512143357,1155648148,2056795502,587235584,1688973375,1501019252,-863423947,1685841583,-1066110790,930272949,-1815924040,548291214,-1167667336,401744282,-474862110,1499861261,1171503247,-857700214,563045003,1569284859,449180089,-1694990316,-1564041422,1787895080,366578467,1934460979,-969158422,1317408330,2027489669,-864743726,1877347730,-736166108,255499634,-2063829359,-1277915831,-1695735580,-1603732495,-9288247,-704297184
-1805079477,1478803917,-2034490096,-1695264747,656662310,-31950221,-1702558931,-781884657,951329490,-1344435758,150597147,-2063408500,-2036168478,2048035916,285889729,1881685119,-2004086530,-1261398834,1142366524,480573663,52522231,2133565782,1711467799,293186513,-1269403108,10965941,1989461176,1416586757,-469316661,-264768874,2071932444,84625247,-1701133494,-211552578,1497654982,2052462554,1284518103,1184540820,-11793164,-1844835671,-881268227,2115539428,-1609717740,876023710,-1270791896,-990197793
-2070915377,-1532597636,-894545562,-924150207,-929305994,-1746019871,234433927,1168398251,-903380199,-1838420382,-1397834169,455399012,-302777878,2105114295,-1745249375,-119085998,2042297712,-681764064,-1824451889,807247748,-1597445019,-844752781,-951003705,1224394079,228522722,-104548232,-926048504,2116715805,1336935865,1485570932,-1872114283,-82475656,143439905,452929283,687422785,626069921,33154968,-1835700694,1672732461,1135649143,-1196013051,171779756,434820751,-1393872651,-60626404,-1189673060,-848552524,804920043,1314127365,-647434957,-2113079481,2021550832,-851049408,383778275,-1550602285
88951490,405245100,-1480756346,2035281375,-1743502236,-1839510355,-727368649,1469244144,-1277210499,-1640977923,1688017833,159344900,-300754739,-2011407429,-371497456,2144555682,-1436358244,-76119197,-630095659,-323832046,-2136889310,-1242501789,404380054,1160656653,1922321193,970475245,-473249424,698112179,2139912688,-1546494706,1255041152,-1231540543,-1493289646,-1722238720,-824207963,-823738622,-2077708505,-1991234117,-330189173,-1398285306,-848645142,1427319505,-1924074523,-1118935535,-2143188324,659417211,1336604153,-215537834,-646222105,1281933550,1741186401,1073004389,1175783813,1865304819,-2018036721,-107327008,-1093956894,-1591735882,1889661585,-1825182603,-454865920,432391645,672183701,-1515792377,1144854938,-126819364,1695829936,2039171374,1137872268,-2119283833,-465247398
475273841,305575144,1753813309,-1522219406,455716237,769027666,1110132398,-69201991,549522157,-691867723,169275515,220402836,-1440528436,2053492532,-1670408730,1105279118,1904019257,-787879180,1347428337,958176733
-1219437513,-2103389988,-953081710,572095137,1210320808,467054572,869749003,1813613336,-449454344,475491693,1798840747,304439321,-799201367,224985848,346110925,-84290007,-228762840,-1790667783,99954677,-2016800073,961311777,1079530091,82965832,1286996096,-84427505,-1069782043,-1709478851,637644341,867070993,-1768209702,1002363029,-1391365286,-1728948220,260929564,-715159928,-502726800,-419728691,133073058,-1473507520,-869681322,-1057114890,-1187576950,1730080906,-1376844565,-202099076,1639292000,-328963126,-391283464,60764390,1573952928,-792010704,-1469841587,245302937,697139065,-660466647,700200233,1248324458,-785078573,-1765727721,-1003875874,1869546101,-524054381,-843973565,-1628423755,1386939692,-1270878947
63533838,-661665870,-1155370982,1299984502,-346716725,944582249,1731745915,1112039335,-1737872145,-779130679,-137956164,-2024083437,-1236337023,1552385395,2091689837,-774067053,1828023734,148943749,1861169133,-582314018,-1683207346,-709376721,1021262712,848577346,-387946434,2146420614,-1812626844,909925520,2054307470,1587004312,-99748441,-14702761,4375684,1136852160,518635676,1897256277,-1340617214,1819689018,-299293946,-773656022,-115695572,-111011335,-847616172,1931957839,70884173
449542438,879187269,-1478484229,1920850766,790618128,472062737,-955904904,-1346352826,746922653,1502244071,1204456282,-737032018,1018942869,-522239708,-354159506,-527726801,-1295262846,-296394111,2104035034,-1778754467,-1877043087,-311651707,-1340748927,1504670544,371334645,547741499,-2072982870,-944146061,1814336368,1984700453,-816089117,964781723,-1773707627,-166539664,65206307,-1813826981,1784533032,1338879080,-288053714,1485572758,1115904264,817295405,-2048132803,-252911788,-1888384145,-102701657,-1834634787,1051285465,1314810999,1254833078,454979863,-883391245,-1146103329,233009326,-1457447472,686679188,1566115855,-2059726334,1122745459,-1166636385,-377267111,1664467774,1215798476,-885030138,1618225025,-1600372678,-847510985,2117583124,1874134142,1319161484,842050041
1755111298,-1691037122,222811117,432650465,-1984698056,399931840,921547106,251548031,1632434764,-1174883041,1494572611,1542940906,-1135400145,529984631,-1556494215,1992246508,-17652709,900278694,-1858393716,193471718,1236265301,944023874,1952970384,993082848,1290872753,545261260,357198398,-1156127774,-885963429,1643214885,851578208,1470854273,793557715,2081475648,1501749618,2098976444,886339641,1915625752,-192278138,-635722744,-598517046,38372580,364006760,1310871208,-113838422,791082634,999305985,254007618,-892028701,-675448496,-647927296,275051439,-1039096403,215429081,358569398,229871890,-776259857,950252110,-1418690239
890248966,173872090,608315884,-1204410643,1041757124,892554076,1032162261,1719373389,-1991572038,616100696,-39660336,850432860,1962141626,-1119382227,636346763,-309342057,1169451671,1937830797,-1735972622,-1637320066,1316491566,-1904867288,-2066384427,-561678750,1565212841,1263773866,1563127495,-1527870845,-1203851006
1945484359,243530586,32694726,-1324122027,-990003931,-39441870,1423939355,-481660742,-1575100130,-174061316,-215506172,3472422,1618731465,-1574668444,-1089896734,1724187682,-2043223625,-1482957537,-1040090819,-441861079,-2034902572,-687827578,-826639420,74158422,-1482360557,-1260519320,-2143900270,-1204659873,-394864054,-2014360549,-1083607630,1850408129,-1809271718,1175997652,-1810849307,-970911684
-1220283080,1580381602,-692842110,1033999188,-631684046,-142301859,1742158634,1463223033,-365904889,2002354700,1225139178,-1537984271,-1937656154,-52242202,-2054710011,1055512879,-1939854524,-1833907347,-214203390,-459920445,-1437026008,-808639570,-972588130,-2096425785,1052904387
