-142045731 -162747556 555606680 1821325701 -895584951 1629281258 1031676314 797254033 -1614787253 1054853859 -646157576 1265131290 1822372081 -1904181250 -176500217 396741159 -1204687049 556359722 -68049773 593733970 1594740961 758964437 18011851 1040441514 455436171 -955274391
1650436826 968669694 1864561946 -1084328574 228802698 -142384700 1548095198 -1336939654 -936242684 817524222 2029154749 -591524164 308442907 -1420484748 379964234 594398344 -93718201 -933178899 -1003368848 903809150 985766932 32614080 624020593 -2071438509 1658570685 949404842 223500844 -1920759615 -1652835820 -2144190238 -367557218 -944316225 -1298619996 893257066
2090270706 -726350056 -1706538840 1547623964 610247522 892561630 -687379915 -1135650325 -1420197007 -1229050617 -938587917 -1388630594 95316488 -92975760 -853055900 934951089 -1314129902 1924391462 1844341562 1487882584 23645741 -1092358650 -710614743 18855171 -205058914
2042115588 -1837719741 -183869818 1706756206 -1220781049 -1120488019 1877410899 162747408 1677695857 -1591385123 -1135439496 -918832615 -1659803306 -987315267 -1196011168 472872925 -2140238 313642503 1873708959 -1603055459 -1045925183 1496878855 1199636330 -1421682203 607690637 -514301019 -1138188727 1004251701 -874328121 1919058594 -394596854 -547729949 -1026941222 -1894951390 -1312304647 -461953473 502737981 203647338 1117969229 -133196041 1924679432 -166924567 1485369572 -1152768579 -1683996982 -1134747012 1678523954 -806719450 -849285736 224201709 2002492791 290724821 435933033 -1289656900
1997153496 1033124513 676441122 1003299023 1382690385 -1059844629 -928868270 -1737249619 54114648 177006411 1214680065 -599061185 -946510304 575486066 331002152 -2101325432 1110483800 2034355284 -251670008 -500715314 -1479118893 -1288597000 -1615188626 -1871772784 285348458 -672481138 -1931228360 -2083891274 678489121 -1688885050 1014043927 -300346358 -1174615928 684902238 -578832491 1521835750 -2145365917 -1966150403 262410073 -213468113 -528645492 -355365057 474588842 -867428735 450385688 1576441616 -2090891471 -190797909 813035705 788938813 1859216386 -1350405027 -1913454494 -546120120 1759174621 -1512550624 1034567472 -995255685 240284592 350262917 921576072 -457146561 -1411532448 -1655627103 -1125699972 -986880851 198778568 -1719396936 -786789774 1458999909 -1093057279 47481911
867117727 -364081181 1493772263 -1193366480 1992209023 -64509492 -1847946657 -1455859038 -1260106836 1609564063 1703252667 91153268 -809798878 -1792837361 -550387062 158972673 -1664263865 1898770717 -1476432372 471680019 -589879492 1275671263 1091521436 703669309 -1314994826 -1095205246 789165675 -492635513 1412757388 567597713 -808296338 -850764720 203219281 1365620086 1014017945 1074084976 1857964325 1435343681 -1258014131 1372659868 1862871944 1714881448 -702540018 771213582 1149662191 -1900970930 1700721528 -55824795 1216016091 -1115638969 967648883 920582601 -2072065754 -793565733 1910845861 1914690386 1362964639 -1204914294 1429104168 -556571990 1664412121 -507792048 1398055036 492518896 1737224000 511576362 1397444543 541655775 -1718260372 589472216 -226673637
-741691207 -1010773277 1538113663 -683932357 -1309878250 1984803041 -1220056176 -1134287389 -1626447587 1526115831 -465617950 -1341845325 -1365188252 -1393886562 -1754076318 467134788 76841234 -1202475350 1390149143 -248043294 1264323252 800521864 -178747383 1482956654 1350673489 1812136135 979754624
-1230666309 -79640615 507029617 1741730530 -1350483928 448320537 828441141 1644990464 -1491113216 -832691696 -555702148 -1678962173 -1944008201 954554611 461659776 -1649116712 484786270 1782701424 -189725827 2053064602 402662838 -711275351 -1024980129 -1267902665 -188428410 275129216 407785149 957195091 -2010028946 -226978283 -927242746 -964111764 -1337242501 -21177460 -24706055 1105523262 1566692027 2116907539 1219298138 -629209752 2061552660 -2032656606 -214426654
-911845551 1734520836 91124342 2143767105 -2123625859 -2130919785 -1590003556 1314870237 -419094156 1713536591 -1744974038 415931314 658014646 1213257088 832774207 -1024700378 -82401410 168511196 -425778057 1603372442 -2145857517 563638073 736118617 -2044038198 1968698717 1407327127 464494356 -888167047 -1124110662 -365806751 1736256363 -721945012 -1358410990 -1588186381 1874628588 -1792099594 -444090328 826692188 -275333785 -815345771 -1263793357 -100174748 1569210014 1140541531 1311325868 1767442896 -280290247 977440880 -1970341527 -584968988 1105628156 -1030438121 -1206947093 -1263281880 -1649549509 520317711 1860159731 -2027863185 -56925044
-321938854 -346665452 -1492438850 1429164932 -1791034590 1200285062 -492502262 -1974130434 -176745017 -580841209 -1065109368 -1637097399 -1193603621 -424254544 899416804 -375041223 -1045694511 -2127758920 -364161455 616739513 -1418462696 1274054133 1595097788 -1293010452 819587947 -1333775455 1679076421 -656773228 -1193278873 -1936826271 1646368490 -1203136073 -190485923 1418949251 2121496965 1680230271 1340854633
1350519800 8394082 -1323351101 1691956960 1128252581 558763906 -491788204 -482474757 333543716 -1660266923 343044748 -390520192 1715721776 -749672056 1505058162 17343447 -2021842207 635813152 1560691708 1085365485 247399200 -1574667038 -964433248 -1225265865 -1327747754 -870407691 -363934166 1469057014 -779663514 970112709 997411792 -1832813379 -496099619 1848780073 29734531 11977776 -1563185048 -950515001 -807801465 899749133 -1249987963 -1683386441 -423278523 -1264958096 -1644587139 -188396698 -520950945 921500754 343685777 -7257156 -1052779771
1084664947 -194841983 -1860870522 1562994872 28824311 1001209084 -1802663638 -29642314 509726730 551518685 1612119102 946666736 1644782562 -661839524 -1261816209 548371773 542948983 -1228741727 2029257819 -249015121 -704547791 -1864244890 -1099045275 1183803344 484477410 -1314008358 -99188792 -1365073618 -1751987210 -390666040 294216430 -628397798 -253827864 -433744904 248958722 1354585515 1700652791 -1284448555 898708163 -54438135 1299332377 116276559 705661083 1490084839 -1073203408 -441190654 1533075440 -916919727 441886075 1664454551 316581816 -978024281 558446414 -762064534 1677758035 2146161384 -1515876091
-1108473196 1464018996 1603751222 -1112609973 1937170976 -1288971125 -664904411 1712097488 517816571 636435162 614366332 2115477383 443627103 1685660472 1317383227 1440317860 916892368 -1153971860 938141932 -936593628 -1890835604 -212183118 -2132439013 -1924569038 -1525029241 -535791170 1651583237 -1765570100 1144411511 352916481 632849551 1714204838 -322596949 646884138 -622958471 373665358 1701294850 -1669054481 -1932969517 516578448 1776962905 -865230068 2111462063 1722039067 1873204070 -1210415733
-1778990236 -1236193084 -197408442 -1868235455 -2092788022 479642958 1805571498 924851457 722135802 -719363153 1531114685 1874471550 -1573201772 1468474681 -2118583199 903229480 -2025951218 184624886 -1568815143 1449458665 1721612504 -893352964 -721140340 -935652454 -2077884735 -1203363579 -114549495 1600978104 1401950616 -628679362 -546426549 -201602217 1498962710 -473367457 2010678077 -95998890 141029115 -1873945093 -1266206592 -514236717 -1183057546 1723618840 -1025455510 1400164577 -265605175 231979778 515350866 -1483582600 -1925241044 -759759780 -1680629750 -1711662676 957462002 -1658497161 1770677164
-1996700950 1016691942 -516605031 -1625910849 451749639 1472002897 2143296958 1479047841 -267418301 270992265 477960985 145318482 -1382531905 -1405429283 1746671739 -1603609542 1997920558 -244610901 643747727 837510486 -758143628 -1083201479 -669164518 -1612602841 1554531465 2051624901 -1716528764 -513210388 18248867 -1028422694 -2011835242 1555260690 2118410388 1405597156 -981691004 778435819 260580208 -557635321 810649134 -486528354 1701732978 -1006809045 -1893844830 1259650910 2092572959 1067284827 -1690316315 972984286 122368940 1253005903 1029954803 1816913156 219083676 588993095 80792067 -1096563748 926227117 1342207257 1981849102 -1297923889 119334900 -1992576115 326669970 -597667308 -1693650106 969454824 -810498670 -870132379 -955624742 1247688134 327870946 -474235658 1179252524
944244640 15570850 -603889373 -454700835 -1042250491 769189991 -16116107 627817964 488296285 -2137915116 1696430154 1224602258 -554120109 -752004032 -1767579617 715445313 -1414227086 283800190 -311154963 1182524665 -133600280 -84597042
864220889 -1072862580 -1296603563 -1726241458 102139128 1336806433 808322896 -1338233864 1398031733 305149916 1801286470 256959955 611207372 -1809181149 941803645 -633474284 1715485291 -24868969 644947630 807351686 -1700817276 493783124 -1647189253 -1870876824 790161700 -737344649 -1929740512 1311468693 -1655084412 -1051338016 -2068267031 1961974245 -1381659489 -332585160 -1013272861 1468313299 11685380 -389549003 1556992854 702926175 -1522506259 -272106212 1006440049 312261685 2083888527 1958227335 -1061976377 -632185073 -1394480461 -1781929368 691951354 1456066903 1608720261 774858573 510522293 1120503567 1794327467 -680555547 -1305248545 -235661323 -400889191 -254530110 -903516660 616782049 -796779741 249274975 -1346739657 -1085233294 1672453203 2074275173 -1044390226 -1003451415 1085258620
-1602332339 1296831828 -862396530 -674744455 -1218777618 1303466990 -1837793876 2056118424 2128246559 1392940485 1224753915 -1848699258 -269418986 -907916899 -1005025347 1297641091 1355003361 537111572 1201823645 -1785367850 582153697 -1870224634 149347148 1760003786 -1662720136 586115890 -1883353268 1505265401 -857679103 76610589 -1827163126 -18830900 1800828928 -1633991114 -1441959118 728458305 1563114650 -1068716230 485045822 557799151 463208519 -1500221223 2105379408 -672561337 820473285 1059700122 -1118474942 -1911789285 617719887 -2030710789 -676915206 -1527284636 -1667198962 -2131933221 100178434 -1292598465 -936158768 -849905124 -566617513 -2044488648 550465015 407410308 -1056779904 -1081111349 -647511373 1123928035 333123810 -1061640153
-1793543557 -414258350 -445956555 54077336 1252652187 -1339403540 -1131090217 2030346859 1087409548 -1879523294 -181748364 1520830033 1051610801 -2014333417 -1806245708 1505683773 -1311786263 -1408452563 1615678088 -1519155099 -1641547720 -1482390308 328346732 16134456 -794314843 1512745413 1198390256 1957414286 310392677
905886580 -2087203039 -2003713224 2134247375 -1525773518 380753467 -1734912238 -1206333899 -422328704 1538060208 -2104014850 443375686 -717278890 1876276751 1664816959 445395037 -1279198706 423240212 -114371656 2088970934 -1296723093 -74320288 1590341005 253684292 1664592605 -1969900949 -397434871 579987137 1109704449 -1814216519 -1742055999 -1424494585 -503965074 641651787 -1673680134 1996851870 1827157678 523872600 728265287 781713813 -939078774 -142631620 -409968778 601112981 -1672212854 -244592208 -927581012 -955264718 -911874373 1852034876 389402063 -224363900 524032178 2114181865 1352009251 316963318 -994136367 986608441 292844599 1889420893 595861960 -148756389 -2107570174
-1074592418 -910670950 -349333688 -1386871130 -1244971663 -1776160233 981910594 -1842493837 475987771 316729015 -1528681859 1956539383 -1450958122 -1760319650 1210578433 46872320 1871350017 612170076 -1355003722 1432863871 -2079549148 1664164135 1945047555 1640249178 -147121263 1101719882 1293892792 -1607296384 -2053770228 28681373 -330803411 -543698883 1561821325 2008588214 -411035221 1229693647 -1292853181 -1446791777 -312774902 1854982712 -1940936996 1166277577 -309795942 1143405397 1401733123 994228543 627613254 -301575121 -1346730198 1333796126 -372750346 2121578896 -1354639479 2011064388 141264181 1973090777 186390629 573144646 191882772 449366290 -139490923 278008231 2453581 1140058691 1183142977 -1275928761
-336586239 826893293 -9851623 670120103 161648203 -285193291 -1359675367 -1491556010 2068651926 -1604338727 811777404 235058306 -432378075 1677347708 -1981076696 1066414871 366321310 -1229481304 798425958 -973883456 1926065370 622727317 524718037 -1797308206 1955318780 -1098663381 1847263137 1925227624 -1572322108 2022706372 -1067291403 -1273619762 -1769161947 -2016374475 -1304803923 1352043298 359229460 -1380009202 -1172108464 -1484816840 1275993250 766865441 1929092669 823450558 -1119083956 -717683647 -544634845 -310585952 -1025160046 -1596150453 840366518 1323607469 1287786437 -1573080214 -167350369 1015087482 510767397 87351701 1657221811 1472686214 99935275 1324284508 -829085849 57389214 -972789470 417150180 253862019 -1904249725 -418742021 -932116944 1844062486 -70825783 -1642116510 -895567199 954038697 -265037055 365255692
-448918345 -1851039974 -769314734 -561717703 -441121188 1529999108 -1352976893 480572458 1686070091 -616185707 760584821 -10035299 -490036475 -819046992 -822337315 1978610003 -1644863161 1481378468 1127062240 -462135357 -1917087037 23570129 -1295788439 -83393951 -895657709 -1210592368 -796388163 1108802851 1565172202 -1454596780 1678728907 -1015947200 2110588300 1903125260 -803779896 364576826 1993119871 478664652 762382075 -777582049 -35412862 339540651 -1240351275 2085689354 1489009854 194193646 1975297860 1554352624 118743355 -843665819 673995592 -1415895400 -2042780267 1916041237 1290156485 -2081502997 -1265594642 -818361065 1346108315 -694805139 706845990 428224959 346865907 694301707 -878300343 -397092609 -1726467877 -1114445290 -601369783 1533888525 877362709
-880058132 -505999293 1050240300 1792045733 223682567 832488263 -1280608313 -1474256773 -202251796 -473660053 -1697887935 615031341 610342432 -57220522 -271626120 193050388 -341659055 1993590755 -2085317916 -291338935 -33086074 -651965623 1467182316 614587752 -810628456 -2145248133 1580796788 184252054 1483312608 -848966704 1142713018 454420164 989772337 -332970522 -1005392286 -830907596 -1410326264 -1872287292 -1861359922 664458555 1162547714 -1674977986 -1143302221 -1063784631 390911373 833455005 -2031905816
-1882743070 -1883882882 -1953791359 1919099518 1334847794 1885782266 264675612 1751375519 889943071 836365575 521770874 -1366260608 -126397587 605262621 -310808495 1029009412 -654326279 673563676 -705574049 -1515601536 1683900393 -1294891668 -676094782 -911455110 618632228 -4692123 1266683270 -2124796236 2122287364 866557425 -24620672 493441896 -1299045302 -1697415312 1477740121
-1922315694 -2056221221 1775300589 707919352 -907391865 1337814571 415376853 -479398243 -1897700584 1431925243 332793410 683168665 1502907883 1072797548 1175486988 1083906385 695963857 -906747064 1789957642 310177407 1153302267 -1931396759 -2103769693 1630045493 -1816557139 1247942491 421374629 -81981406 1975387697 -1245260480 -1812500907 -299153390 1535991565 -1557868300 -1799471162 -2002860613 625796215 -1739708559 -1451386002 1325183925 -1403604983 -1669537677 -184715275 -2039669558 1829834672 1142075486 -305484720 -1988863376 -1931662358 -260541345 51847950 -1829345390 -1953669840 255249618 -1592168718 -891937898 -1847139152 1897101795 1224250561 874418587 918158398 546659959 -473293221 918896642 -1386843764 420171084 569756432 855082032 -103661415 -229637026 699625772 835626641 351986023 -1270351220
-76440865 -501138192 633070459 135723028 -1118043997 -1216643750 -956494406 -776869833 -520738820 -1378407063 1609498407 -1319973799 -1558045026 1493785396 1558442896 257743163 -1793193699 1194439195 -865066595 -89485738 509365355 1019265016 1949428204 -1990975439 -772387937 -1786717805 1372279933 968995831 1768340983 853824091 -903118769 846020675 897900832 -1798112429 2047666507 -1600051394 378145716 -10740406 -378034079 -2051154452 -1870699517 877748815 -1889201680 6436034 1661583125
2090096235 1618417019 1986391023 -1298675858 1937115448 64539179 -1010307307 -561496970 286175707 1382359444 -1317801392 244358159 1175374675 81200311 -1022366543 92017166 -1436494396 -682798674 1494828757 -1432345471 106192469 -1746661448 -413532311 -1707354142 -1114168997 950292629 -1376971792 1864917641 -140793161 -880782572 -1021693501 -31644830 1897863291 -1940473111 -1974668455 -1867526176 -1183456301 -514788924 2112630216 861211953 1180816418 1654523294 723128971 -1657476941 -1330544533 -120809387 531507589 233431973 -1525939470 974894203 1346791238 -1686600159 -1789803742 -1136419990 -1503861876 -315052726 438663601 -1095442277 958657547 -699856703 -1212230911 -1570937289 2009247600 -289899684 2136626121 753405678 -861397853 1696092953 -709860364 -1083885304 273388108 904236112 -1458068535 -258517319 1377110681 -1570335704 630517579
-393187523 -1199686069 -1403145246 -1149183982 2059084219 -2016681507 -1787331526 2015807546 1802191843 -109325911 1198118506 -589331867 566527133 1454023581 413530201 -25476844 2124838117 1081146232 2056898140 -1729221902 322742549 198495425 1167728676 2102912991 -1869010326 641222650 -383084585 -1673071796 1606810816 -609360107 1944516475 -500285495
-1021555417 733296795 1817771995 1051695484 1536421211 2937380 -1794004974 1572286520 1709419816 -662011761 -479297957 1146948076 211350982 1515580484 -1886958958 2096022248 2120935645 -1471098307 1543306331 -1087234568 -1294488449 144544490 1794464306 2102036456 1370882648 -947565740 742002111 1635045194 1139580452 -668738428 -582246034 39851126 547614560 398624037 2016297791 -86559279 1046368836 168817000 -1816174374 -1830929326 -1515332625 -571546329 767586534 -392459198 -352438812 1786963021 -1129022054 -1365451198 828128437 481590644 863192211 260326546
-455271729 -617742360 -2060861297 945533330 -1528529591 1875848315 -1493029763 556263931 1461208558 -1352670831 1499757958 -648300513 -1213714038 1420987813 -648895997 -799625665 473426575 423373944 -553943047 -1138676186 -257845957 117590636 1082120165 -810742114 68319738 -619353838 -421785668 -1367956442 274559496 276076801 -1804260820 -2023677727 888470106 196107497 2145873448 -1897627696 699994302 -965727769 1922663075 -1085116605 -1042071744 -664856294 1233060506 1750789772 -1491240496 909745781 60935512 -1269787914 -1770606047 -251701034 364484341 490186741 -1766701613 1944670039 1754103071 -2069193058 -1214403885 -1728696348 559129628 -1554939815 -1360396798 -1629265138 1140793359 642865364 -1094887404 -511506147 397192825 -1644967110 -2029384518 -875809685 1768096770 1477854884 -487049213 50590959
368283087 -1852817921 1228081432 -1214911719 -422476273 -627367771 604325852 1013227790 726172036 -2137534474 1634539535 1761464374 779647114 1559418977 506890488 611904555 -556538251 -559934615 -782573536 -1354318975 -160481922 319569540 -90263443 -1548934324 2118067703 -799630266 -1458450832 1161144036 -1482752826 1411449791 -274090502 -635592725 -820230896 642187808 816067829 -1119653233 1645936947 548598436 -1528205456 754729484 -776853766 529674413 -1199468293 -1208882828 -1486970101 1838663724 1638121268 -1260307278 -685858908 -2129704890 -232185438 -653470260 627966598 -159933388 -1803021631 -1279724953 -1313319376 -294121878 -1960260003 1195976080 -1369206192 2105530874 -735694557 -488578632 -103123082 -981275077 1235377524 -1108074752
-1806907227 285235580 709206455 -1132185472 353143039 -690947453 -1130060512 1203083465 -934566981 861057410 -644616584 1819683084 -1397565792 -1186394887 757107766 489410454 1394033577 -940964865 -858864236 -1716038130 -1417423315 -1108582758 -337117618 535854060 1032934975 -1331441840 -35876183 -961790933 1721880151 869044734 -65474634 66402876 985278257 108110823 -455250985 -1389786562 -83943948
-744709246 -1691334548 1569257623 2079969993 -1319346620 1764537302 1603509376 -413377649 416366601 -667172780 860285805 -1724945391 -693253478 1243894710 1470990999 -328925808 1596027750 -21913024 -1171359724 427527531 -1643327100 2129813077 926945916 516273657 -331601928 235843441 575764175 -1890451302 1900662836 1813128284 89217174 -1095416568 1407076578 -2094656356 1158133831
1495002336 1049371946 719985645 -442131765 -1000302965 1131406441 1164455432 1578976990 -1167609024 966898003 -2027362639 100826533 846957344 -457416203 -628186366 -166790053 -1240678126 1348099357 1935330996 1554940112 787697421
1521484808 566048123 -1358134633 -681753855 -63191573 1337477845 354270600 1172100096 -1136707500 2135839204 1662779155 2126517808 1472232176 -352179179 1836349702 744701821 1755613697 -127097777 -1309493936 1320551692 1762380163 1221985604 -744157244 2040105907 -364274032 -1264434935 -1477933029 357067690 -160318716 -1180729880 1808871487 -1920025725 905707364 -1259332491 -1598768442 -1903995305 262805243 -347698466 -151982660 181588289 -1914162618 -1497728633 1600126373 -1816144880 76841873 635716822 -494332735 1023658295 -1028693535 1701095498 -927233391 -906618616 925906452 -255062318 1143443354 -1794153439 -447113657 1932923996 -2047913624 -1706987226 94974839 404950187 -1923622187 1324597680
1801626477 888222858 -1157627260 60629199 411036044 -385775162 1141426951 1652474788 273703876 -185117346 859332593 -1141267497 1800203893 -1620911356 -2078511807 -561513424 578063033 221737163 -1926304912 1058427757 199649465 -1843831574 -1897159703 -316859986 -1654537412 612715455 -531298121 -756271085 -760258432 -571825641 -289254529 -248678749 1373752397 10629036 1979457457 898423919 -258564282 -197196306 -2075397126 2042916342 355755905 206534406 259419900 70970827 -356120998 176193815 182389569 1413186420 -422733948 -210359866 1066380908 63335573 -210356896 -1848668676 1003321265 1717115982 2133667473 2096474602 -595099258 957246688 1646297296
2122549914 190695318 -1280725764 1777037298 1257748998 -87398686 1518942324 -988767620 1115681474 1296176837 -62361687 -1970940059 1162898009 1744639860 1734098414 1401749570 -143755552 2040989240 838676114 1756625738 -824981468 -122490731 -363467985 1485831448 384794658 1077605806 1290455876 -515595600 876338875 820910567 -919451391 -371972161 -623479640 -1097518900 -2088800414 -1002029786 1467224490 -673054415 -1411607169 914834361 166257158 -1681258599 -1400505567 498724675 118517552 2011200219 1972968088 1926337997 -1134004282 -1673955582 797361099 401321759 -848506177 1436185205 1612928143 -129808249 418501092 -463838889 538026556 -2130612008 1990055806 2140547888 1157261437 1809440949 -780528816 2005161676 1506496872 -577543409 -2019714361 285020259
1586479595 -1753919377 1576660473 -1806164781 -1705034904 73289385 1159927303 1048376768 -911752448 -714094181 1135979611 1870520087 1600688909 766286951 -2090227396 1501138919 -64564593 -1146882658 1337687761 1763135586 -1088924884 1393284854 492843202 -1033739604 187542391 341269563 1777386015 -2018335499 2083336564 1878392195 323231105 179617993 -1692100260 1678262437 599579502 1173715878 1770994844 254381547 -717059327 1199111374 -471118557 -1867113466 -34316086
2002286813 -638638270 -1575129102 2099974048 645841274 -1429280774 -724512349 1447691932 -660304781 1283521613 -703177050 -1734242571 1724329805 2039167249 -789127347 -1087254543 1308195871 1140725255 926995858 409793496 545264210 465774928 1523402112 1220170370 -2007271512 2106811936 245243857 -1083625173 -630440577 1703285424 866530008 342829961 1230878293 -1446729351 -1482373727 1182505504 -280494194 -1577117282 108872021
1556243317 1778326185 -1575645981 146217152 -1607772288 141592442 2018246365 -801747899 -931423529 1776284795 1547700639 308327524 -2008139497 -2108689128 -29948491 -1618841520 -1742768814 -925318034 -1642545538 -795973570 -698293926 1473070402
-1278553984 2032215358 874220852 -1748841138 -598062639 1139424021 -145854669 1276516721 -1480183054 -178183431 1677244723 946812802 31719285 -1621208234 1403656477 243291479 -88561704 2045143396 723049735 -592204113 -1332050220 -505487887 1143669412 785996184 -2080163849 2144518756 -381924866 1438315793 2005420912 903334397 -391757982 904469999 1317724969 501490529 -26578790 1425067524 228298011 132769365 1395540321 -1637545604 563146460 18160073 -826600685 1510702730 -1423632772 936744472 -1607683164 -1069483196 1440122002 1261324174 35866578 1536482764 654787473 -1017670358 887956638 887677615 -685399969 509276068 -286241801 -2074806895 1599035432 -785789775 333611192 316991496 1536773998 -1391291772
-1975504184 -231528860 -694536296 355556560 -307616511 -348176772 2112461484 -1042802831 1439376900 833422654 -1368795377 1497960629 -1667633876 -873686949 857413917 86040838 -356133893 -1993337086 -605702391 2056626604 1785833091 -966773647 -1914859044 1476449155 -970942969 1110368206 -513015108 -627802898 1957507553 -2096360138 -1781213071 -1217416437 775719589 -1318179818 -2050021083 -438959577 -1331829882 1847604922 -986514325 2089838964 1168741880 1549682467 541659522 1370873337 1110969238 732998940 -631618087 -310081335 175370822 -1829469809 -2031067179 634664055 -1898377573 638653204 2014462418 -1556243000 -832352134 1337919434 132237672 -627467350 -1131934209 700401770 228712175 406213221 516786337 -315815784 -376473276 -179313136 477307027 1400340604 -1738499636 -2026020795 -2065769875 1682254737
1369029912 1437276939 -833904452 -1332692598 1018975044 24755637 1447319456 -531992616 -1219294297 56617088 14151472 -74146736 -1608246288 -1441774861 400476549 -160513541 1931753622 -534809876 -772861711 -1915677755 -2039909877 1444479940 1377663571 1489414717 1733439793 -2049369167 -1638442836 -20000360 -776272116 -553540756 -1844324878 888583163 1905607609 1084736531 1383294244 -227744775 -35944289 247521103 1306116510 -647722151 302041571 1889822137 -605024338 -1573502435 -70683871 -76927111 2058220134 956879295 -163208360 2101558064 -791565645 -2111018819 -1432439772 946140951 -856386642 1928790616 1809416243 1794996328 -1166372815 1956185751 1322392817 -131513092 546454957 944596626 -1026753658 -1169583307 -326827973 548976876 -1539005183 -207346659 1425226736 -813753696 1515881941 1428429775 814370677 -397355008
-1364886507 495395797 -1607851525 1735925656 -156555950 -651074152 -1467853922 -672141606 2063172002 -458704111 -1494512675 -2064260162 -1500627393 2001908 -362045550 -1935534820 1846523686 -466866645 -320624700 -1007459803 -1739261703 -878801943 1751887916 -2024580972 1464958247 67999486 584862197 1119210019 -54655927
-719845693 -803748544 -1484115249 -453389509 -868016137 1193862400 431543259 -620321399 -1590178256 -970642349 604169836 -1179931931 -93711084 2039799929 1270601919 752698588 374736719 -905242956 842241521 928466643 1958725339 592636223 1769556457 330905110 2075968898 2064025470 -2094268556 -224528591 1324485024 1149932918 1630829744 972061822 602635053 1092324990 -401210962 -205239809 1512865019 -347988170 -851849901 -1206787475 819615291 -1461802312 594775166 707031440 -1830473659 1967877902 -1422190737 1367820241 -1784894313 152567011
-1407780083 -1461102818 1305998972 1486012042 -322748245 1546942644 95046120 -131210228 1573639408 60558826 1186814582 1940866700 -820771951 2124998150 -966275737 -1340196165 -1362254455 815345231 -457904668 1227455552 1299556397 -1296962169 599710769 82181855 -1691782787 2133734328 -719324125 21442008 -1258441285 1602945587 -1637329201 -1177469555 41194049 -1487196203 1260053379 -655592602 649724303 -1782657652 -1300108294 1565165560 -1272251229 -1085419751 820576202
69000589 1224604694 -104977631 368169981 1176491842 1854434619 -234658640 1467166509 1381013167 1012079068 -1684773146 981396632 -419798767 1109866933 559179873 1285796737 739001219 155549418 -1113954399 1280406125 -470210600 1106603080 1718222334 -1685952251 -222043478 1790790608 24243675 1188064320 -2039116109 1782876534 -341254116 -732444479 1900923227 2092594726 -1594620716 -1745131651 1122083985 2058860295 -20280509 498342048 -1957207587 -231676670 1686381823 -2133907279 -264615242 -1636491131 -1271920528 -828464141 1715681808 1520147843
241167374 -467162311 -831558721 617842579 1296270319 826958309 1897463626 1940521909 1456158187 1564868487 1924742474 1306708498 761395242 -738518559 388108540 -438539350 660812610 -1705990434 -1273705221 -1337172668 -268611806 -747712097 221174977 1295197347 -608851407 1512672467 590449262 -1916164873 -1273864522 -1345227189 -1277567800 -124633450 -1487897990 1173807053 -683028094 137344491 -1638691669 -720105177 542406593 894375342 912633346 -204400761 -367874341 1997602901 -1137875160 -85674487 -1757508255 -885906230 733026645 -977581166 1127199839 -17184163 -1399468742 2034614747 288559842 116434939
-438314544 -107160135 -724469088 1734846289 -1470207718 -996425856 -1672999158 -603483722 105602298 767591642 -1624591698 307048385 -614558120 -794965763 -467320849 -397688435 1470100251 588736114 378288525 -260388030 -409986885 221360157 1585555803 -9527362 1601885203 -1934838149 1560065588 549220721 1911497339 -1263002325 -354409169 1603538312 -192530410 1943028911 -2074396143 194487629 1860441960 329108595 -577524989 2015119821 -1418621398 -591613683 1649318788 428080570 1492691809 -1428124987 -214314336 -200506989 1833566892 1361031256 534093922 -2021900799
981942777 655566470 1707667588 -991078964 -994680680 -373163918 -160825778 -528746649 -111209115 -1675409817 918720878 -1366228468 -596660841 -962066445 -1607605199 -1031202278 -678457751 474143146 1878679236 1503113925 2093401444 -569540075 -213488866 475799081 165140707 730681833 -360963300 1513032353 -1471701804 1809896315 -1269351187 1362755930 1132924859 1372880243 2033375663 1030732322 594510844 847469759 -1424811430 1922390149 -176055975 117696971 -1481072931 1341777434 123456184 2096135406 1313493894 -1736794598 -1595567063 -1566697945 -1140576090 -1404576207 1761113384 -1446286328 -652226444 1690816664 -870296802 -910330383 -1021968591 1395729251 2124480557 -950147711 -1314477683 -515284713 1904667181 440615754 -1828270775 643284607 979711472 -3038525 258625564 303460799 -826029363 1025384834 -686169893 427419305 593760860 1949214122 1587758803
1420521598 483561377 1823785849 -723388456 1424930719 -1410837754 -216372667 777631895 390733118 -1196479774 -1839295782 1349433689 -295341395 -301769444 1006422377 317733629 -2042845675 -262749902 -1406607017 -1544686518 -352268355 -1340178906 -803074530 1806074620 1705398155 -1366674507 -1423694224 1724078624 1291370186 -957873458 1485272481 1681179041 -128599507 224143682 2009186117 2115353377 -1011103725 717890743 -1795073768 -1826037747 199941900 1765314786 423984926 637308139 2032685211 -220711692 1969571339 416673269 537926717 -613813163 -1230450716
2113531561 -1622763889 -2018597147 -900538331 840454490 1074174604 -141466971 1773923047 1641860682 -336099068 -908067977 -48062728 -829158401 -1099990480 -1103269868 -195250315 -539417142 719766211 1151508854 -1050712862 -357579698 -959775718 -1383626490 -2120240511 738769471 -1786913871 -1310249736 2038656231 -1351800469 -1708814887 1885599478 -1713283637 1539863550 454789031 -653766405 -936840927 -787907071 -1105066961 1115270273 179738471 -1781005533 -229138190 942823391 -1118078659 1159922876 811847060 -877083157 326389819 874091534 -1714552111 152120294 106199294 711949517 -920849230 -82798183 1300730500 -991718431 75117563 -1392054341 -1547878727 2098572905 -9833753 782719125 -1135093679 -434731773 1693311254 325920488 1406153176 -1023670454 761615046 -1573568754 1840099846 1214833567
-1163760034 1861443928 866010924 -2061688170 -832219948 2027404507 -979690970 -969691509 -2098805519 1856397898 -12829615 584333009 509459936 -133699237 1485145545 -1937664903 -1471650854 -1210220971 1098092542 205077670 584161994 -861728282 -231568640 1075259012 -551344333 -1960562126 -610884868 2004720760 876509521 -1669537489 -1686717947 2035051673
773913647 -346916328 1752575070 1211585751 2067400894 247006042 -1527151721 1300634911 2069133997 -764036445 -1926253919 -1746983198 542295918 -102958017 -1262434348 -223296803 103668386 -857032974 1184970816 -1745549411 1601159152 1686188860 -1920741479 1933194341 -355559912 -499741985 -177853585 -1391206828 -702865593 1258525854 -1601358431 1804553159 840401580 -1743828922 -173387245 -116940292 1728058186 1526587121 1664693150 693946615 1809395728 735785865 816942152 -1738921560 674402598 -500422773 1210518708 1497934413 -1035889015 1093341197 -844798245
-549884967 1827630849 1950173180 -733080314 1390482801 -478053189 1452441041 -2128997089 47495864 1172194736 -1458914557 1216204224 182501814 1912168576 -1715491106 -2118796214 2142932970 68517941 -984718264 1864712450 -1656486823 -1952618803 -1429660689 642465594 717487850 -1707410443 -877652543 10361778 1800374513 1535282199 -1440154207 -222380741 -532385015 -463178858 -1762398377 -1672973411 1617919014 -1275610536 1696089543 645785786 -846899735 -2024512636 1110616421 1769046002 -734586314 1079801228 1928401384 1078577097 1184892419 264175213 -757027011 1277747655 2119404914 -1250912203 813493694 -1673001825 -667935454 -1534512699
658930835 1770790082 1345265624 -589765192 -1212297706 -107477274 1261681219 -695658160 -886907214 -1674991075 595986814 651782520 -266975189 -506337470 -1310439326 -884072080 -557565467 -580943598 -1384301004 -1390936490 -451507070 -2046373633 -1363233567 1340973604 1199696847 -1735428797 -325152885 1309983196 6372064 -1234809801 679494980 437486337 1365284473 1619218660 -1229929448 -1458193335 111909295 -1560793894 -393281456 563678607 547932366 -34237632 1645720565 -609352946 21382781 -815613652 -353430893 -901007412 -1015400672 1174634292 -345279170 1528212307 1088124541 -1579212731 483410649 -2100117850 -1872919647 778205618 -1592223595 -1010594701 -1266366716 1188446352 514160312 -1346531196 1561761515
119240095 -1663184261 1385864717 -1746944436 -1963440379 -788199490 2134476921 1166622583 354977669 1485725871 -622912842 303917582 2003477597 -1886816992 1984173867 269169028 701749620 1296172038 -874080831 -1389562051 1637387166 -950568340 -1791118906 -298554199 227115805 -11438679 -2117100 -1859517803 2110507626 -1296190251 2101106 -794592835 677983542 -709415560 119340345 1064986789 1773392811 293418884 -678799302 -1476080984 -1638476298 1069352069 16916447 -1084298159 -1718377463 -2036410858 2072042895 645351657 1557278109 1691068310 1714855511 -998101680
1857503004 1681613510 981742608 1181197034 -1295656537 -247453417 -1828720978 -381286237 530835097 776205717 -2067509181 -1882454109 43615846 -1796833989 -1717654196 -1489358968 -636829560 493377178 1384932541 318076177 -1779391306 973264127 1479902811 798981088 -1272525996 -2009075244 -650442165 -725403519 -466884308 -795023290 762867173 907751082 1823173214 1414031144 -2029925939 973524932 135350421 444038422 346338628 1612234153 1674088571 -388324643 1061391035 1895822767 -1562883474 2003732506 818405801 -190175259 -275137933 -981826016 1105351069 1688059548 880683882 -431432417 1083888278
-527844989 910368641 1310084754 655803624 1015795696 1591701399 -1154795420 -416308350 1366642140 2003923828 1252539338 564815219 -239630693 -1531174119 1657625278 1831614918 -828993246 -145763118 1588136972 2140998691 34380472 -1282266146 -1861210332 -700789237 1971532013 1275317589 -285152975 985763937 -1736263989 -248381626 1538113386 993866027 -272139957 -520055265 1718583975 -400449126 -668002550 1658508369 -139337674 1519585351 283651900 1444945971 114797551 -476625985 410618848 1040954407 1834039173 1484689729 1876245301 145009915 1139821342 -1050059835 1895779436 1328945809 -1003842778 145585984
1151661761 1354012512 -46314458 -1894934273 -621533571 1290571581 -1688750288 -431925420 732227893 -1708284047 -1242586785 1641950626 -794535299 -1835430718 -1532586945 376653863 1935469037 -479244254 -433729936 -436239218 1603071304 -891029504 -648700830 -487434915 -1108234016 -1746775334 -240453281 999483569 1105766968 1381818134 -2017477426 1982236205 1931391211 -1305093102 -1880500299 1045059632 1535074763 -563160967 -926259585 444863557 -1340796852 1200771544 336960255 156251871 -1683232221 -1805698704 -1604271436 640403013 437334314 1609003597 -741085874 746770635 1827778438 567254167 -915343504
501795338 1164952103 -176554569 -609375055 1585698014 1215936605 -1247970309 -628277180 1829998171 -557626576 1060019412 195735172 509600825 203392389 1561623904 336717000 1458595564 -132928827 -1736218302 1150618091 1289621322 -689326679 -683715859 -1965634754 -213304720 -1721012137 -799601631 -344456000 752418790
1497105077 -1518651252 -245938687 -1458910227 -518879849 -383546990 -1244710775 -1025861535 592631313 2126261641 1154090394 574327969 1569950029 -552564188 396362959 871814346 450493978 -1758695037 -661476196 439775006 -380245264 -1904266772 1371929083 1124312276 1245268017 284388538 -445239734 -1510753239 -1632757071 -1321670508 439420787 -635095110 1157620344 27054818 -2002266547 1963013909 237416902 1184900221 -232646847 2103037068 2050895959 490937765 -1125224144 -1632150451 307433191
-240501100 -348890961 -745165065 1570690847 -417987356 -1335365682 195625681 -1576145397 -2068873667 1389723225 -1682904630 1321514080 -1129309890 -2074092631 942902471 430864497 244912947 178049814 -1961525503 1520205806 1784975476 -891920762 -1020221684
738547471 -397642170 109196308 -1017457600 -2058023004 1998817820 -655613078 -509506073 338374800 -124192868 239802942 -58218940 -2125138098 1960317370 -2090231890 -1294519953 1841894425 1499434400 442876671 -1185177639 469232596 563112130 1420778025 -369433475 -977038290 1727831086 588743832 1451117142 1790504449 161296680 -339440079 -1425101552 -1210744325 1115458293 1652018834 1013909762 12321663 1322973687 833896606 -549743014 -1007444531 -207557638 -281506248 1998775193 -286494881 -229421620 -1004039091 577872706 -1119496298
761701144 111222989 930708118 -226422439 1667825312 1227067618 -1177018515 -714852501 907305861 1537781955 -1410085766 -783142429 1642238972 -674731767 1818543628 941806595 -1021300456 178808722 328029001 -1639930939 57238602 -1861425991 -606442160 146654255 -527885013 -23853112 -448938846 303870187 1927800696 853450410 2122287293 -491741418 -1593598628 1549802724 -674398711 -1553819816 1966701045 -1782901306 -657101320 149265716 1472221201 -684808739 134835559 -1154123872 1212737847 -1528004693 -493030070 -2032079144 1704382702 1819709337 2074143113 1549374318 767823929 295594796 -1633768924 1653629605 2080808288 1588592503 1433440924 -1631069184 -118062091
-2078766187 -1862706155 1421871381 -867209786 641438391 1538576550 -1751298066 1485520722 -1829544746 -1388373519 1084703362 1880723531 1662350930 1193585990 -171588950 1678973471 773948863 649809114 -1652332708 -283503425
2103896283 -855029200 837111771 566854479 -1205666364 902539551 -1748554929 1668614360 1007879153 -407347058 -1178131748 -1927419865 2129773686 -901480054 -1659117286 -1040434904 392210219 549881941 -734065235 -1039864561 -141210101 -1990265055 -1481422153 1725755584 2113212862 -242656997 -1071114867 -1896771215 2014524275 76280234 237928108 1335887756 -964700173 -1365468168 1198320877 -779072551 -2145181709 1207279281 628056056 101030620 1405153705 -1384286199 840230390 -1557575045 1526155169 357623300 -529385334 -1636117020 -1798170416 1823387377 -1307790079 -371571795 472722921 -424088010 1724916679 659573308 -926058513 -2139625133 -1789590756
-157238262 1254535456 1614039304 171104352 1982572702 1989284697 1468059788 -1917420853 1226549146 1599512668 1917707801 -810997712 2004025869 458410288 -1632786619 830669464 -2112149250 -1397859895 -704042564 714584434 1477588860 -1960258679 1264557428 1369614773 690356723 1727294474 -132587996 806179915 2105558721 1132180506 99297270 1728493229 -244526072 673983238 -803544197 635077066 1107015365 -163560933 525778142 -546329811 -1230059743 -1993894807 -119440804 1622471774
1003771594 -1361164813 1430520967 -1432584202 -1675541470 -1683268007 1089075290 1122052375 1593018855 276980527 1984859186 -969709935 804288739 -279662474 2061583480 -1612351204 1725365816 1280146753 415643719 -942981932 -284612443 1674228140 2129814099 690319951 869416455 2033756172 -935224314 -1546648335 -507894495 -1857270425 38708971 1860035198 -83941473 -505785050 -428349361 1398945776 -1755623337 -1438551031 1627503397 1104160650 -1379210798 -1941383590 1441889322 1498893356 1046339851 2108900709 -817187767 1479843305 -495579018 -908414938 -2029386432 726961110 1064351555 263129924 382712962 -1675862236 -1562795805 -1632715714 -1444532129 -369214607 -2077572918 1813906403 -361870495 64770138 520308343 606477319 -1170281991 2020937812 1844276657 -1612972941 -1314263461 -1906605892 -1585803502 -2068186339 337915557 278656811 -1510918967 -1290355816 184262982
1262565274 -757653043 1125739421 -421516681 1538140201 390085611 713275104 2032932141 232818808 -945203301 -953323713 1300076809 991074734 975025784 -1461694136 505289860 303415834 1778423230 -1645221491 209296523 1614401398 -692224704 1277848195 100963989 972003695 -1195767393 2003205292 1355677687 -762001308 744334776 -748983048 -1704403338 -1251031954 -1219041442 -1587323544 -1434560995 -1648947040 2056094537 -761439243 1578254417 -1325689201 -1498739635 -572554321 244424738 1916380692 18084302 1028099112 -782006301 -45961904 -959614605 -1959105774
-714740496 1231319065 1351216166 376168189 810200241 -1162580470 -1082039481 154555127 1251652646 -1364391314 805887207 969210887 668273592 -1993881088 975204521 1550983218 -1919071762 -255388411 -1410622904 -828858248 89911535 1106419834
-1615386845 -381116348 496285324 1444885384 1030186847 -1270931743 -2122378675 -1790404976 1490108943 -229867163 1133855396 1120932811 -1100291107 -890113888 1749403780 1424556925 1817456787 1911477334 800744543 -1906566502 2041384873 540829250 515589853 1660215144 1865117214 419492189 -272099127 155141217 -1339094645 -1109311137 -1448800693 -1614181027 14571636 -1485109627 -238454436 951902960 582558689 -231001707 -1509912715 249640976 -758995412 -1854960609 1617188489 826762747 607011613 581112068 2128997686 -786521513 -1919472333 -834090692 -887774666
-428045244 -1464782637 -753889509 563251115 -1136592568 1803708468 1084271163 774705353 -1702534288 1957410217 183993320 -195261268 1067758205 -1336861919 -1053089052 -766338583 -325666224 1739850804 -1818250221 1770635162 -1797893188 468340836 1430258034 599739197 1078963875 1485127078 -846076857 -535648036 1679372608
611526298 -167798418 -804620096 2111163442 -2103539741 391834493 1684688664 -399223878 -1591748348 315595272 2099620370 -1985085548 -1604754567 2010412458 -1668347993 -113122209 966528973 1911602171 -1345930348 423999878 142016335 1302872373 1877082663 -1016900226 167415045 1406013466 502262873 1027287628 -2089424415 2055644181 -1302824671 101942858 -1225406414 -1271848545 -1291620346 -969630423 1161677405 -436129564 880398582 -1005740743 -228742964 814309029 437120342 -1304472345 -23182555 -1106237601 -716997030 544025735 680661183 -1417146195 -1636676459 -1887602604 701998161 1806005482 758332627 -1661049164 2111059692 -1374493414 802215462 -386593089 462908970 -110148342 1391564094 162554626
-1009842763 1464049918 -627962753 1695720368 -1926487576 257340491 -1050971656 1950683450 -674840279 -716549850 -1179816084 1059581206 2117248213 331583740 1682801121 -562009503 -471088248 1895769660 1470851940 162761280 -2045856064 1795777322 491688782 -108711731 477617860 980376050 -998070584 1702827340 -2108268350 1784244736 -1576059504 -2489951 510550839 590401166 -1623292164 309794054 1092103315 -587791746 -1942797505 -1910637064 -1900017636 1502547305 -221344534 -2028970126 -612035311 44436983 1550464694 -1101933219 97739795 1139381616 1437909376 688344134 884475584 1041213587 1967664788
427029921 1394440614 -2090520019 719501165 1287450693 -40423474 -1613723076 -1589409080 -714490963 605310880 -295142040 1424282501 976839402 2119801079 937739862 -1541976404 -113549819 -1848480249 -627871959 1800653922 -950484194 -2041505870 -217489076 2051178073 -539171369 1788771098 1726328174 2000959881 -522319630 399971446 1345507278 -505307361 206374456 1948011305 -1897827144 -229678923 1081938076 1845392144 596410702 1802900420
1265962779 -1821481845 -1193326506 -35816712 1182804255 1567356037 2043729663 -917581460 2011615977 1805212657 -1308976627 -68608510 -1691081579 534895596 2108294654 -1416716197 -1219146719 -708614664 1320834354 2051540317 1917878844 1922781764 1202666209 -296103662 632682596 1645327919 1590907214 1831600847 1508447279 1761943311 454211388 -859482216 1634831335 1462809901 987599009 -1613902142 2020161628 1524828948 -1578803559 958551258 940879862 -1564730101 -264019299 272480453 -654180599 -473086754 63275252 1029263144
517875172 -301836695 1701439497 -1069113012 -1169828546 648836413 -1186727242 -1135100099 1459077724 -1398276769 -629396507 1651591058 324543429 -1864039462 709333532 739891437 -1654395882 -281772658 2096192595 1242177561 871664459 2054463778 -1917731113 699698454 -1264058307 -2050165704 621562480 451593589 91881067 1535211490 1570378182 1740072934 -2036126724 -295196587 579223808 584578319 -14697468 -1400945700 508169133 -1414794850 1687087366 -891548401 832509159 1445696929 2050036665 -1674773436 -261245515 1271504148 316836367 -419392444 -286341711 -330756677 -1823655310 917327425 579783146 482936370 1953224528 1958760711 -1432703477 -858396094 253570777 -666638478 -895718468 -697270155 3062535 928147999
1676727531 1429319134 -847146906 109146239 1857287534 1306394101 -1845666681 -1079547171 1088477892 2012952372 -1310124254 -1593100309 1283593029 -318827554 -770699796 2026787044 402064044 1829642705 1968638368 2124616860 2090388273 1795880972 -1761956046 -1079975267 1570517974 220512370 -273268662 1671185554 1140531201 -451012147 -290361616 -1735538199 -1245352886 798070292 -1848952701 1545107891 -2065546090 -1039574800 -1748829201 1357577933 -532134044 957586044 287325982
1816398438 970330700 -573778002 -325326859 -1614162861 -1036087631 -463705371 -235789964 -951541765 537869370 -1338541855 -1456796881 1447148699 -1914084996 76506899 -54007854 826908530 -27159786 -429638162 -617001492 -1219773804 -464215057 -1355018790 -1667736623 70544637 -312158783 532098927 1701103042 -37658648 -1946481189 -735325473 1720918603 -1771444895 -1046474206 1361482418 168368364 -2024395751 87954008 1901395385 1012619003 -629842823 320536992 -583381956 -478449976 -1775242503 1650492481 1583199349 1547830529 -432739407 1578005930 111481410 1621356632 1035309871 293685941 -259664363 -1272500382 1078792331 -75115473 -1461620946 1041684674 755891385 847783320 1862378764 256076166 335649566 -117201882 1702663200 370087376 520718181 -1623817713 -2029043261 -1118044231 -1798443886 -428135928 -537330838 1273788529 879728982 -1613865208
-534532182 -329874011 -1976495023 896719635 1243051318 1659542917 1661026736 -382317862 -1580601106 109962537 173357058 -1737463979 1131181270 1879853630 -1273415174 444464206 905629054 1898362499 -2073600734 -595073760
-1524353121 378402591 -669341011 -1395570123 1286426670 985209656 -926577515 -472729807 -2048735716 1652026393 -2130417245 1300127571 -18709962 2023671251 989543307 -327662450 1493325054 965968934 1992366546 1688633597 -281955138 237070595 -2124154867 1151073029 1064356063 818308939 -1397910707 817346490 391927418 -867969571 -750435623 83652481 -340565457 1448660687 911319069 -591771401 -1682662603 -1154695430 2088253923 -1403068911 -931208270 -782964293 2101921472 1214115716 -276723123 -607656712 587500240 -2040042905 -2101475072 -1296150175 -1903565659 -1304058859 1130782002 649089784 -1992870532 269021272 2021674244 -1248621102 1578604721 936637891 484912619 578136862 1373576820 -17931170 -2088042370 -1765037466 -144474691 -2080771448 -10160752 -611417323 -1751551620 461358105 -209276799 -490612168 1341011221 -188047418 2808529
-1688742901 -1352362295 1359142133 -1849611096 -655474438 -170589503 -127479699 -447650390 1770678218 -458883626 -1345716458 -1851633193 -66605279 1267120416 -920157252 -124813905 412589337 332551497 -331358221 1722642222 1717474099 -1843846800 -826696922 -964077232 780916106 -1446747056 751058672 1647444951 1687048523 1087050657 838747306 2097212235 -819276188 -1040962 1699989572 -1987650238 -1722828677 409545095 1066734680 66032865 -1899164895 1012330632 1759599484 744758178 131591495 40277850 1307783895 -1490292137 699570160 277194825 1226940918 1439254126 -1036377048 201888822 79813600 -45303947 -357155788 -113386049 1656943975 -1226739488
1466323612 152972480 -262497270 1066009859 1923938123 2034996822 1737977465 1662896334 -1841329937 731136730 220420198 -739782745 1867692405 -1290259810 -590604421 1127931337 -1058305544 904899107 1178579422 -1872782303 1106863974 456440816 -1067410066 1231054915 -236786333 1614486437 673093451 78491553 358708077 -1945530801 -343478373 735070713 -1129985984 1166642172 329731467 415401743 -24985733 -1961433454 -1609945196 467657628 1157657987 -362640932 1967434751 1525062022 -1333432922 -1422350107 1098986922 696614736 -638521725 132902025 376137996 -459019565 -606846806 -2144569528 1000154485 -768046290 766423935 1479201373 -1746045286 -1688244742 1273662563 190060558 1996886609 -1532058686 -1835580396 284553029 -609456488 -2066991183 -373311916 -823251872 -1166560293 -901812595 -1627314232 343092036 -1535307914 44204260 -487438813
-1710216585 -705084284 406292099 -1623551761 -78788439 205814063 1477740058 1986326886 587387853 1890626703 186667281 1702398960 -119384278 -398792345 515683240 -1194461938 1176579912 1486136843 -2024867423 564754308 1807118839 2058593809 1446690782 -443568344 535548566 -1307458743 -2021278648 -1865908995 1910081169 -110374423 -938106893 -1458263937
-686943220 820475775 -1190411712 -2032827011 -1196429219 1337077185 -1512236109 -958275139 -1463295985 -1201924959 562554951 -1242382653 -799291376 -825911227 273406903 -2043977527 -404672131 -337018770 1381292448 -1721053582 -1962666665 -2039127006 -675706285 -908613875 1029844855 -1811729525 -1911691028 -1889756902 -323744577 122092575 1095245475 1737964812 1857833106 -1626191104 919027553 361977936 568896901 1279316388 774945686 -1144468339 -1374147242
-1177380023 -1921861843 1387521052 -2159295 75880048 -1329953508 393779904 1955451908 787308161 -1046872368 691109035 1539165992 1453567304 1375965320 846984384 107049497 280095995 1729123031 1438115212 -1910833234
-1326999709 -1077497668 1748299405 -1788454084 2081160682 2121187791 311537614 -107845001 -889825914 811634700 -360793122 948071646 -693711311 1396001717 -172947035 -145669215 1482243722 -460412293 560944107 -158932209 1846641112 -234715339 -1924083465 -1048978577 -478072241 -1225504564 339558521 -1778377967 -384285806 1663648890 -909806679 111230367 1344684409 1745129267 1236906927 432929976 -989186285 -1205210526 -430593467 348493246 63668718 890173400 1018146970 571160815 -128576107 1123827969 -376199047 1457182130 909701977 1165008216 -791690326 -1842489293 1282267732 1861915676 410770840 1876274225 -1935838294 -1615571645 -148223181 1278941462 -893157614 -2538065 964379927 -1498494137 105563028 128686751 -814067731 841522877 -2131703660 -564938648 1186940689 -1944551724 1849531150 2110408803 969076085 -406524061 -1873009886
-110024508 1608553228 -119288365 391062525 -100578614 12665556 -169046261 -691816823 1774128402 -1053259019 1909620706 -1912391731 1173693136 1605804274 -1231119073 1986148692 -640383743 -1570887956 1633577470 899284392 -750658352 -1941942220 638352179 -731823865 -1541099461 1298021153 -565694930 -67348138
-1350200286 -868544351 1922752853 799534479 -2064919018 1408154686 -1190632685 292058322 -1211319334 138291909 1251521956 -1091626130 1904588579 1639564861 1502609938 384121816 -588152690 -310003327 835822480 -382834577 409212149 481182973 1621120757 -447817760 1624814596 31857593 -1108513432 -1902005301 -1897352181 1751059607 -782502313 1532177830 -264552683 1923972056 1442321580 602701281 -91534024 -794070812 -755895486 360591691 2036494382 257440842 279907477 1113024691 -1300478940 1241381380 1199290809 1795092178 -1481664046 -659131392 458374285 -2062727064 -2055754293 -2114115365 499890480 500507300 1946747157 999586543 -1482501454 -575028280 998418172 -153072753 1568071438 -320249331 1669733410 507020945 -889592232 -1255439165 -393413925 -539336180 -878517966 -992881732 519381175 -1069066654 1268836996
