-769733068 -6345485 1708773847 -2089851943 1629388236 -271215815 -432599537 -787249088 1360047770 -1173418287 1875139836 -716821487 -1692966656 -908044428 542063522 167080951 1824551149 -406681727 1919793266 1764648054 -1706837646 -705742337 -304164096 1846630808 759651733 1859257569 -1067146504 -1448880949 -950056347 1721815948 -156927406 -547961591 624576078 -1698634345 -608143676 -521753287 1002447278 -1212779055 1612002936 1806519509 -2138448729 -1111929465 -1014651905 1624420044 1549129270 -588724218 -931918460 1078313640 1168595076 1488849502 -1976632508 -1572674573 -454945156 -1224510615 -2036369091 -156175401 254242461 -846952437 1193658405 1795418372 -1824225520 723115962 1390127517 -119670314 1365087997 -2132224704 607304614 664192181
-1075380289 -531065005 2070026943 1957274499 -2127710219 -1624136000 1279676580 -1711357744 1974087105 2052515394 1470904786 -1435392412 930796006 395445471 -1085197871 2116867075 622008333 1796642816 -502933521 1744971943 1749734672 1718507109 69886239 -635660141 -233915019 -839283112 -1316772835 -540102489
-1891349723 504513494 1970633462 1736931788 1904467400 843553799 -1496541035 -890021020 -1902658328 -427142108 -997612363 -1586879890 -1725698044 -994657158 -253610764 -1610003361 -351634965 -496674409 1224805103 -2105396555
511984105 1956924187 -1171662023 -189604001 1987457444 -563622699 1409222789 145370283 -1665894167 333174711 -1310568763 -1917107224 -1155586012 767156780 1421095105 1929341695 939073205 -611441338 1305053466 -292277729 339992530 205920718 -1368996909 678398194 -687255125 -880725348 -403264493 390296336 559925966 -75339735 -4599256 -1685844040 -858320436 443967842 2029505999 -2036733763 -1883032803 1487635902 697032882 -1099580227 1791250752 1502979218 -767902415 1599748249 -684141786 206167459 1456960868 -1576840160 -1321626416 -289241348 505009760 1520059917 -275382730 -1292514302 1181266874 1214268211 1396712554 -623500859 -1879120056 -974553866 -1678288643 1240804504 -1241904850 157618941 1946274721 -1510544669 1263412248 1392897061 -22273521 1670134071 1854532036 -1603556680
-1719073886 -334812221 -1372966946 -955119003 -937707452 -637821825 -545168813 -1063938975 611372834 -932569985 -1489097639 1893965273 845577017 978655209 249095408 -1512995902 1671551190 -155273144 963942469 -1162134611 -2036847324 -1825837425 849732455 -293431440 1312033542
-467708096 -1345544443 2095542566 370363267 -859007294 -526375759 -243714738 -1489799486 -1765497760 1595340648 971854070 1797062361 856625855 350063 2127356701 -1999734594 -373355347 -1601072829 -1207174308 2126486058 1034053713 787473081 -1441234377 1281727834 2079472036 387255910 914281142 -1766613740 -447375329 -1871429312 -45754060 1668689127 358517686 -201118075 468568950
1672762628 -1073117733 1377422846 -681623944 -1650621242 -537974856 -610395487 -847513287 -1966106995 1938734083 -1724810153 593185892 210829999 -775385349 1973040209 -646158269 1435892606 661379159 1914412113 1197988038 986663356 -1941253969 460003893
619052109 112212250 -574080813 1573724669 -560603346 -273467113 1547500044 -1124578264 -1195119194 -615467344 -2117552613 -1053300948 290272186 1275038940 -58123218 552529001 -1201810715 1961313317 -2011551689 -577291077 1894194696 1714893194 1184834051 -1070451714 -2033778529 -1634328667 611580298 439382228 1336026421 -243210736 849843337 161993893 898993945 1861260037 760537422 -409272345 1811651410 -754513084 1039778514 428199583 -1580491569 1997227065 71838220 -527001306 1507493858
719253635 -1724629712 716595439 404100572 1042106405 418198282 490562144 -1697384585 723309655 -403950814 -38990373 287414187 420200525 701706188 1978965175 -54782446 685860506 1621468994 -1529248853 686950154 -738370038 1199018477 53738952 1529992596 -85327953 -769232670 1651823273 -1308500099 1735965241 -1347010386 -1257976856 -1743015998 1375717003 1178883158 -450785837 -1995048144 -169471606 236870808 -119355554 -576765109 388198199 95166327 223210844 419775344 -2044171521 96379894 -1374817047 -823948227 -1023260335 1572853283 -825769685 -527044304 1086656113 -311826602 895170617 481406094 -259088757 241036986 -1259588774 -242066043 1964198667 -278557172 -544358798 87442580 232087851 1839439523
-495492566 556699085 699673263 -1803339604 744840077 -1754584438 1073493701 -1234723512 -1235334659 -1801140214 544087962 -860035467 -1463625704 -1140160107 -82866162 1619059392 1359237504 186328554 -807775380 -569413555 378636474 -1623350961 -1436448784 1871419147 655472473 -916253463 -264702583 730042920 27966555 -1288890547 -189494049 -1723368249
1555667542 -1988996458 -5138960 -58692922 -890351048 -780059948 194662344 -1320028583 422246869 -920930048 -1205756415 1225518380 -1746204593 1444218829 1469724563 1087228929 -648762402 696544630 1870315435 246105762 1044127202
1199835620 1848510976 1325376571 1555869547 -2088047180 -1238434658 -1928211496 1544131538 -2092475096 -1202151121 -380835698 449367445 728871635 731545470 830686762 1552707948 -225285373 -1796229235 1919841993 -428717455 -780682186 1935221505 -346080666 596210726 -24657204 923642044 203848627 409538748 190657533 921282251 1691893293 1837473682 814205964 -2075093373 528931178 78034939 -618075204 -1421717786 -819587659 -877188028 783816963 1016564042 699071964 -632956684 1505908477 2037353532 -814319033 1873650773 -1036875485 -1022156639 208013644 -230723021 199251388 539964702 -1731778366 1949372387 1711684499 1770771385 -1356905261 -1648337786 -384381207 -1685434944 1216561174 -852872817 -646688339 -1728069143 1230432477 688443266 -1945298198
-1124208694 -1331309827 1393721728 -1258679510 -1517472856 -1274546693 438779414 177170312 639923831 -1153097385 1035827278 558229660 142987208 -1239051633 808186683 -704691445 -2113834933 1252858315 -612037361 1675549951 773950118 2129376285 -2001631720 -631258105 267089287 -2000222712 -973323539 -146729669 -95921412 -914195898 542866916 -66174045 -2038888191 1793329349 110566342 58384600 295548762 -2060457485 1395857349 1948240876 -2121017693 2014689851 1828731566 -559814009 -1963377499
-844852902 -1423388591 793068010 -2108828506 -594520470 -410126185 1339925651 -2023244089 854278962 -1559005656 -1156168600 -1642663737 -2058257419 133905792 -1889006544 1920139408 167152467 -1387893464 1495047234 -1929883035 1614291198 -311019428 -596538789 -1101873630 -653162572 -794929171 453986994 2128004295 -780401047 -760011415 752686665 -820372938 1473749186 1895548024 -352558458 -2031843525 121301706 -2060255608 -179585534 -1413584947 1178592223 -2140687188 544876191 1626491283 -2050028307 760744897 162606303 204172969 -959894050 -1072646446 644708467 741554339 1451458129 1095500733 -1065188846
286336393 1570934294 -1866492276 -1866065212 2022720935 -178668470 326727454 1993808401 -245365221 -2017826041 -761451769 1570077780 -2021109416 1855744731 505796187 -1921458569 -789366329 1786360859 2132322838 207678516 94583293 -148474618 1741111668 723555544 -233782225 1668898345 -1622540162 -1040103352 1535956197 1963053316 -618051608 1104052297 573406445 580900077 843420186 1362762235 1789171346 1873540660 746311052 1013859238 1672485389 -610569337 1552189526 2125071032 -2116631236 32464280 -1302216441 -535718386 -132445551 -1576825604 630747316 1152137330 -1602651316 809275990 1689264724 1629292388
-2006842188 -465294517 507318813 903313890 1038406200 -929605308 -761735984 848891272 547845882 -1571542717 1882432562 -145568944 -975684051 254860281 -367538884 -1009014464 -1966345857 -758121638 6450479 -95865443 -1916167482 -1867831956 786843096 -1414983706 1419656152 -1369493406 175182357 -98271996 1155113145 462289897 259202711 1984727742 201568251 1794868160 -360633623 -1774160270 -1590960798 1154549646 69523120 843533057 -1960140090 1296718831
1586555403 -1710808259 46053583 -619925219 1147270236 -1267639176 1127717115 -1832381823 -1187953243 -832337299 1641905909 -2077628129 661976942 -1979473610 1353429767 -1632509723 105389899 -2113404616 274288282 976156344 703708237 1265682824 -1737021241 1048193907 -353859653 -40276855 -777553874 -1342512337 -1300849406 -1984140583 885865990 528184517 1457204457 -2009245587 -1453404554 -13062768 -1275613176
1676151330 -864072329 -1401336710 -1548601194 -1317135097 1893121834 -1052351791 -632258145 -961554805 -672624470 1828943434 -1375782693 496692943 -599232497 -1627265983 -1609097504 -1870672568 -986140539 -283238682 -1910661706 -508386163 1187224471 1245339441 47433146 -1872627855 2084704943 -262274541 -1690454844 -795354284 -1611905827 693175533 -241775732 -312702026 1218018519 1175344453 -2138483383 -885644532 -174044352 -2082543690 1833338266 1219136726 1746440493 -1936012760 2038821034 -953809679 1020604132 1840031041 1161945486 -1174816727 -209495322 2017943835 -445107472 139155986 -642128593 134537527 -275935758 -1022901225 2091051707 1428163504 -630508724 -428346925 1703853388 1542164403 -850545993 -382144865 359072618 1464475438 314389645 -582186901 -857385813 386142151 -1030866512 486661073 -1813981644 -1742629105 1247016363 1909591399
607131127 647735064 2017379412 -819409059 -3397758 -488992192 -1367000539 -987961026 1882285756 -1200717304 634516449 1099002544 -433315862 1890251530 -1815185318 508567845 702046466 1894468866 1982044102 -196524040 -379773603 -1538994581 -534767475 -1784551758 1955158186 -1023865239 1029496163 -628238456 1394904357 -562808599 3463321 -664804824 -752697079 397437190 -1720164176 -950946124 1778384707 -1618360914 -852968913 2074219790 -2003949721 455427205 662825654 -52976554 901466343 -330942712 -77190830 -975487312 -897188479 -1131608587 -2137030639 -360401590 -1833404679 -1252278550 -1029606695 1600213149 -363187192 -1698473908 -1866612875 254513394 -363622252 1218891626 1415351024
-2034391776 -194018079 -101085146 500350386 -1978914427 -713000127 732767127 -219735578 1894141666 424434672 1092690046 1934097781 1583269072 399271502 507450145 1309124661 780819930 -933974758 -253348757 -1559053786 -914880725 1336165907 1540164279
-377223287 -589934622 983286766 1654096440 1764473218 -977079754 914988243 473662148 757478628 716028977 -593958499 1635685663 -489055375 1058080002 -1540189243 820243726 143391955 1881944786 1067131169 -1364230187 925500877 -336262172 -456615886 -1467239428 208465587 -764774921 -842934855 561236310 -1295229668 -1840691218 -1591400561 1435385150 574631125 1862930866 2130526390 -560812252 1285641240 -350683561 552131242 -1861547705 1773688572 749155453 2013960189 2037903811 620428847 1871141112 -327418846 2052900814 551699683 427628467 1649904776 1639428414 -455298554 444716753 1293643498 -1850835890 443584693 1442773012 -731440923 1166104992 -278610958 -148878206 -1574181686 224440966 1828581779 -1083728315 -1148084299 -774660228 -1295392643 -1378585390 1884120286 -835665159 -716151278
960125486 -1048343450 -376000793 -1530195668 1676222997 -1571543186 -1125699910 1428765978 -824961382 2087230328 1208787874 -1306486243 1043571123 -1678123151 -178415480 -884134150 89081558 -1606425138 -455533867 -791969833 -925027889 -1679563567 7116652 -1033184734 -171221292 -1390911734 -1484385573 -1017251150 2045423574 -720719840 731197644 -2134019541 983925529 -1218829871 709934785 302082981 1718656774 -92484298 -574769664 -1139885681 -650213569 1908067403 -934287157 1531792593 -2144694540 -51609682 877383380 -1868793295 -1508754316 431025319 68429039 -2116308489 -550972921 -1180862616 1954894857 977571282 2113540090 -784826987 237753176 -625125124 101614586 -1062955771 -448661037 -1844873571 1890908581 -1191546166 -164302108 590301804 -1533419426 1688977006
-608073828 -1576093088 -1373022849 -60374105 -1372321291 1500571925 -1700019378 694972480 2084740416 943745704 -408620813 -1933756058 -319662361 1500273880 -867282541 311775504 -954440227 660887823 -835252507 -1473233379 788233403 -1344602702 -1544947215 -1083148337 824392235 186071226 1408975898 -476003206 970666889 7808899 88753247 1331711864 -615676474 -2002739228 -1086075683 -1352291745 563286160 1359525503
-808178315 -1750745169 -448997799 1435335033 1302489955 -1646033230 1710046636 434413210 -230183895 1079177930 -1788742660 -1823167807 -1194220718 -226199819 -1442804377 1758997290 -1344088728 1996084830 -1961210047 -1512218998 -1087545175 1655656707 1872726496 382200911 -2147148550 -1460111720 -221365325 -1405072341 -1025554661 312263595 -1782623847 -1315724845 1715809051 -2093060856 -552134545 -582020861 -501054962 735575390 1095939051 1550699974 1672443646 -691820255 494251688 270626035 -977172705 327777458 1752692608 816855290 -967986875 1289734333 252043297 1297977056 -140924774 -2078576413 1646850266 1577879431 1765867147 822345880 -376855114 -7507661 1846441986 1708763725 -1972934453
922288602 60396752 912612819 286475864 -325650289 1416567539 1344262907 923308637 642889525 -2147032724 -1100518661 -963709630 -187784789 -647829765 -1355000730 -1255606360 2057444880 1042084561 1383408194 1824957926 1186214260 -2047408848 782375387 -1075172528 1174778834 493858382 175573460 23354811 1509969726 1091202943 -149750146 -430965440 208322138 928680594 -1524734100 -702895040 -843186674 1340138362 2100134470 198632361 -315660681 716429360 -1403117859 -838703242 -2037457121 -621661480 -2046488448 715194236 -396909969 846240290 -474947443 1027831906 390415457 -232578061 51156554 2005872880 -1415188359 -1631916477 1317447669 -1554335859 448664309 1577706056 1598908697 330841090 -752819901 -163772972 -831288798 1888409988
-568328453 1562672435 -1292894992 -1345359252 1000517112 -235285449 -949589161 -301375580 -838598320 -1862276042 592489661 1991653643 -1852610505 235502057 -1288642786 670621319 -1909684429 -623457393 1844983217 828333094 -1113124097 630117377 -1661687697 -2055783088 1991177649 -44739836 1567332310 -394830020 -652795362 1940565726 -531339030 110098085 -1929660035 -1762176213 -1840095876 1212726460 -735156406 -1502762768 1111305390 90208096 -1347283092 1317731312 -209969227 1847611531 1337551513 -114237122 -1284524320 -347557617 1844284665 -103419117 845290202 -1528524157 -1241951479 1726346721 959897131 1672182903 1236189378 -497632600 1368838916 -1771462418 1792761593 502813319 249362747 543738893 -1220410616
-1764374381 -565437681 1635183790 949604081 313678657 -545542533 -976921037 -1175541737 379927723 -94581863 1662259919 2106891637 1505157234 610672929 -13617332 1816140349 331089330 1273439030 -633550614 -1761834628 1429768840 55882386 -1199669630 -1146817941 -1063423020 1012695809 43687917 -1118206459 1308175679 1864627475 -1126076506 1699213785 -1910684289 -1624353012 -190641491 1327860769 414001881 -1229864673 -115875154 -753423086 364751847 434176219 575944290 767019381 -807059301 1092896741 -1907348427 195437174 -619094141 -1298034201
32972475 263545678 605091272 2117438969 -1124818760 -1815362418 -1528277475 -964285311 -1133646271 -1481987137 -508746530 -200591524 359005536 1636376455 1123167836 -467504689 -1114031512 -136162497 2020777842 150394341 -1957618871 1851316657 -98911493 204213978 344790054 911458339 -253627773 -1008945732 -1997684444 -1490823788 -2023664064 2016228431 726161797 -1449156027 -1051946942 -9473487 798343156 -452406406 144891625 1475457086
2130059137 -1294941544 -749390283 177498512 -1305942541 -565030233 904902299 242763694 1088819257 1844538782 394562783 -1761716443 -86116783 1085946015 2010200510 -1462714256 489114578 2020844066 -1690648088 -78938191 1754093869 51436520 -2002791709 306901442 397542709 963379241 -1288842705 648912521 -678923552 1038702095 -1470809429 -1820863344 28653390 -1952061081 -723784649 -715331116 1437428747 -2117375595 1389515161 576402908 -1958862448 -2117172279 253395108 -1537926899
-1040438161 -1367426922 1969399100 245552240 1124961259 1380377282 1950137221 2139234198 1589740166 2031286638 -874794150 -989737498 1375074211 -1531283202 -663691554 -1317193464 -1783994315 2001682257 -1098678157 -345463313 586705012 -1838908054 879691153 878364951 631639246 -2103402669 1678351065 7588621 -1564381669 1621839421 1998024041 -510553804 603176213 -302583572 -157274767 -1434890555 808294663 -772321711 411149830 -98917865 -701129277 558708344 -252477898 110150176 -1732420392 -1903602268 475887451 -1228242885 -449825276 -106523209 1243790516 420094507 -642596121 -1702972969 1612322865 133847135 1660996089 -1316888498 294920333 -668609417 -1019024194 -1692092750 1766700194
-288062153 -737825723 750671864 -769674343 512059035 268295838 1041712286 -204628488 -1217759929 57080968 1648444989 -1075893333 -1576318478 236616489 -1904954775 1152804543 1021989924 692877670 786960954 1843291849 -733466648 2124871046 -1698213605 2077014315 2044338880 -30394091 443450593 1159367061 -164170791 1540464394 -788487393 336154318 -1975741569 -1291708373 1663285176 1713307572 870598098 -378924624 254898356 -1780345727 -14531399 -292773338 -524020905 -1199712177 -1547105001 1893474454 -680186257
-868758723 1046383078 -266035731 -1991822701 287218335 -1704437634 -2039237705 763088579 605719753 -1858424274 311007676 1397865009 680962963 398200910 -890027704 483112405 -1484887405 1330693670 -1396542567 342242270 1646345171 -162854512 842323889 954288890 40778691 717251036 -77266579 580917716 -307615632 -1710448397
1536974558 1915820022 -785855810 -490598218 -845854640 -67591629 327061192 -1087760530 252493935 -1247907395 1028077601 -1167244026 924236306 -132485099 1041184645 -363009147 1580351841 -1729429220 -2048545858 -1787672957 -1214491424 -1459289659 -699298746 -156173572 654887595 -1523024373 -1382262225 -779009946 -760363517 -1101639131 -2120451257 -2059729148 -1521319672 2071079672 623354743 -383996036 937062088 -27289139 -1829244821 981280679 -1445856904 155201348 1750375287 -1672314712 -1928175360 652464519 863593912
-169443908 370917825 1539711610 -2008383649 -948802688 -1791753007 1987183577 -2024132611 2143051997 -1647434950 -669741654 718541866 -1479199070 -174885794 -871345509 188367971 -142384219 216295660 487186328 601707304 -2000981822 -1928492907 928479600 -335453238 -1034082012 -1159588091 -1107521352 1044208265 190646979 740791313 -1500639249 -1743488547 -1007305939 -314799316 -158668830 1794900244 1509262472 2081973791 -813269423 -1593597924 -1141367082 1164523256 1027138259 1668338850 -1516418694 594521411 -77402634
-1328482052 -1148671369 1471327914 399730848 1044520200 844573107 1068943838 784801600 -579779908 779644585 716550251 1763112081 596678435 1641525210 -1121464527 1352710856 -603779589 559263747 -35512961 -299154806 903917758 -187958569 -1645171272 1318668482 1405245920 1975171309 -235461582 -1375933004 1048010836 1953189627 -1192806303 1350764882 1147926356 -784253884 -163863500 -925962034 -558938527 362146895 -269998658 1943306608 636779913 -468488231 -1609205991 80184489 366635496 1330467083 -1698013049 630505831 2004438640 -174721297 -435074855 315248298 1978598636 235031584 -1841567725 706345814 77441857 -210461503 -438501296 704241483 1330733303 -89989201 -1205190429 1016359346 482728183 -1097081094 -1963542593 1232765081 340575126 2140271504 764966168 -1247836734 870470865 -1729542085 571622729 156259512 -183670054
-1073437448 -1789686238 -390260525 1704762008 -1552460937 1685242971 1026398680 -1057843421 2059347821 -1567531711 955969603 -439104997 -992343627 1332690252 1277670698 -738649720 -1294648699 243437538 -1086137300 966510400 -1318042414 1077231850 440364909 -605284705 1450263539 814218143 876447710 -1251993225 -1656397948 82166438 464782785 -588392379 -1026383475 2081453409 257871212 -1966913114 1192135394 1757402757 -62026676 557960457 -432076340 -955127831 279661100 -617997148 -503204120 797224865 496454327 -1388254549 -40928177 1428077131 -1326709957 -1987863105 -814675210 -521343320 -94820177 -1215831900 -818232744 -531528082 -234743305 -2011694793 103607889 -1224130469 -1843254683 -1530324322 -536903859 109649805 -850620285 1852319425 65970337 -1012380656
-907242760 -1081093832 380561592 -1974329786 -630692860 -1420991886 169603633 795841381 577205571 903905608 922843988 -1675553684 2141159199 2130718131 -604513605 468374052 1005949127 -872561586 1117625751 1075270243 -839585503 1097727545 1084445632
-736191745 -444101823 -1983936243 -50050464 -919091056 500083261 -1864859675 1075187945 120668696 1647797178 -713653994 1305941464 27812835 643713754 -1200958235 809796860 2073956215 -1995315080 -1396393627 927635975 -1659962360 560280720 -1041307124 -1550429547 -1478747600 -786054690 -563770238 1145158764 120127199 1427537860 1763546812 -268409851 742492559 -168151440 -1078721975 1757783883 796342716 1082597694 1913413867 -2009665375 1031399315 -1475392678 1718330985 -1747444182 834065385 -163605847 1821719459 33593667 1199850350 336688361 1614655207 1821106772 -443606750 455740182 1552389506 606115016 1147347974 1839388431 276066968 588588889 423498775 1658799993 2021439288 296348816 -1125627273 -1529080349 -383832150 1120147340 709753069 -1064049877 -764841461
222708879 1877390879 713040411 -971282301 1184718781 1781022822 1179065941 1534512644 1381093201 -598536799 -1330189760 1114963867 -549171436 958202060 2087578117 541296518 1469909363 -1374960662 -1662958784 -1931041166 -1105193358 -345109023 645560090 1521608185 -103385633 -334962014 1412172183 -1638346901 -1106249525 1150693772 -556217812 -242365744 -1273639370 488928786 1687064980 83978797 1563207433 356335258 1011779811 -1695243002 2046862664 -508379736 1546276315 95733796 1065650823 -1101870789 -1138849667 -578806376 -1812932195 -926946185 -2054634013 -1413574401 1076289431 -627609725 513780812 644469766 -309930001 2048227764 -936256392 1781843760 -578314242 1473688042 -1285483466 -1799738666 709995950 -1872166598 -1571527110 -1644766097 -1517929101 1867733965 -617243852 1238639633
-917064697 1299910685 868931128 -996070365 -1691845653 -1212111405 133189061 -2071701587 -2096539459 -1517840920 -229998008 52444464 -593433368 -1721876298 -1487356287 148205775 -642655198 1450068150 1804778275 1245694253 1707568589 1031835409 1937252828 2117517344 422605216 711714167 1726397585 1118218916 -21935482 1490848048 -787622674 -189727727 -1584315451 263175024 -1497790435 -1129248624 1296405603 973081326 -1491529004 1990589131 -817974076 -1850465609 1271880085 1515843811 2088954519 -1976880578 -464703183 262763686 -234148109 264192696 -1167512691 1640874753 -1635396932 1401359782 589360296 -339765581 -529234613 -280614733 -760460324 -1225823677 -1965973171 2098436799 -557136541 -404003532 1052959723 1714171451 -2118647780 -1185257354 -392302037
-474190961 1614212638 602230933 1041805240 756759086 732672089 -1960136423 -493317426 -1502659619 -1566618722 1613609776 526193382 1050434740 1478184994 1146925632 -2131757348 -208417789 831420049 1280220740 -2027610796 579145622 1571875834 -668673364 -550163510 -50952391 -338892534 -1321455743 -1981048090 1592009854 -258144132 -915154740 -1514621932 514546365 1125454032 198385720 -395488172 108497755 -545184454 1337748726 1785694286 -665685425 -441282083 694611424 -896248408 -1372563742 1588635448 -498712096
1585972405 -1562945312 -593902957 -1458207548 948097288 1907659631 1825789224 -121656264 -657379272 -594510404 1411376526 -1950709798 1039441801 -895739573 1868165070 113929711 -661133530 -1920666105 1867561908 -946734094 -1768228763 501476654 13971125 -1396028252 -704123826 -1008199796 1185372172 -713032857 -1938102691 956199659 -345105627 -1764980532 -2015436921 1984555721 9739327 -1360464790 -1963090566 549894219 -562080948 -1930453007 -1149150679 -1037087374 -180033253 1534119806 -1276452985 476594060 20267704 -362915024 -353952878 -140778260
550394 -1633980270 -662332964 114092766 2049846714 774915490 1341645010 -1998278981 -859617142 -1437230225 -1113075230 1135819671 893051734 1324722495 -772043404 1703115088 -1674586705 -1190803915 742434358 688323486 -447111459 -1280957742 -1349863853 -1776795345 -198467526 -607840577 -1882614812 -96517869 595404989 -1853684023 1571412135 -483988902 1567499733 1994401579 566866158 -2030536197 2141556087 1410178579 -1040767527 1450953463 -1270622854 -1487943073 -993241401 824837309 -491451358 1895281319 340874761 1045580752 708011513 1070981247 -1768776488 -1907992410 1669616869 -269931523 2123778697 1165957331 763853943
-1207328002 -2146976154 -640673920 -978535533 396591199 1199563155 1358340842 85169017 1355787274 -1209296751 1926881732 -1030383255 -1845341497 -1047352891 -1696362850 -203388044 55707712 916339744 1825984022 1009799301 -638972497 70691268 1492104882 -784022110 -573714471 2128173293 -410877455 -896492688 -377368518 -1833386226 -1311098212 909772796 1404923265 -512298438 1769667681 1775128760 1301036862 1890413765 -1260054367 -1827311421 -226690855 2126178091 1395504264 277045100
2004511791 -1824869282 -728188168 1395613942 1460996935 -108951524 1415371683 1082667408 810667319 84782402 -885550364 1127114464 199085819 -1953695257 101784309 -2132590193 423667433 -1720908527 1090714258 999254036 -1093699561 938885190 -968040192 -924832662 -1372366855 -720988574 116178512 126286083 -717362609 1071031211 1969855460 -674359045 152131389 -1856906462 -430638798 -390770799 1112473531 -969200357 134131912 -419695918 1850905647 48038672 1343465871 -1616544362 1639280983 882681009 -1163929517 -18821968 -1515165844 716593726 -697281150 2114550624 1521504132 -35069927 -681931981 -1023536372 -1865149641 1009516438
259850799 2035354245 1660379414 1069842074 65375889 203740150 -1386484909 -1552962966 -187091272 -364246269 -1669118980 -1230163781 705509022 -937983820 1045316996 -2144293142 1164125091 -876094838 2013560374 1959036242 2002441156 1939979166 1066667148 752754452 677315597 -1810441207 100822209 -339185127 814838348 1119007366 -962327643 1000864600 1624399367 1696044118 1907995311 -1140081836 -83188561 -1781305501 1265639768 1777530600 880733460 29590184 2066704294 -932724666 509974044 1246804175 1609356806 1414171708 1851808943
1443599966 82532281 -451547915 76579464 -813350301 2043748752 1010225859 157345071 -522908889 349748347 167542098 -1737167377 2041923061 450903393 1307068977 -1875003318 1097364064 214206939 -59520132 -1913726324 -1471935079 -2100638988 -322781874 -474341327 -188430591 -1243101136 -948281741 -1574828408 1993927167 -1728876849 -1209458590 2061819795 1233588498 2146896210 -1813716375 264027953 518288937
1383410730 -464611714 229602354 -418343649 281156421 1533354362 -1609036304 863671503 -1760036778 2050657000 -242643439 1939056120 -2007324895 1532881528 1256559743 -1443440938 -733780468 1676673319 -1026415370 -1577929407 192319693 868538342 666995414 -1962555414 723933795 -1850858375 745809465 -254617628 -405622199 185374882 320960072 -665727386 1795541225 -821788802 410449098 201992911 -1846548658 1284787501 -1418684675 40916201 -1447260642 -40762184 720897961 -1957736591 1168510918 1769904175 -613093775 -1749250346 1768692214 141338386 239720555 61601857 -467344816 707411698 -522283533 -1793700651 1386736219 649298518 1905402300 990151991 21794493 -856794654 737895719
1772475817 -1844603979 -1400803881 625389649 -1517801322 1627133203 1523116165 -443673353 742204721 -334036412 -201460464 -216970736 76812691 109576379 -555833385 182004541 901676982 738129785 -321139637 -504953352 1289337893 -6491725 -1830110017 -1377437992 -588340238 332924850 855401345 -1371646189 -1102324243 -952471046 -1581598418 -1431044539 -1079119086 -614651218 477058114 -2147459985 1793849923 -1230978766 -1509237266 -93999039 1461111606 -198360047 -1720811474 -364323429 1583606960 451700001 -678059750 -743200687 2115809779 -1983955995 -1823506565 528045870 1834826612 -10270158 1864205473 -673971397 1274433232 -1517246700 -1782292622 -890169536 -1736427007 1528132593 678116550 1078444939 -1025755700 -1370423313 -553275150 435972591 -1035666563 -1028440685 -293984606 1581270543
1326149290 750773996 1573705180 1912608068 968567403 1263341217 1619969627 -535609516 -1315888675 -1126300443 1485596843 -2116734620 1080116854 707086081 1095758662 834643613 1571174148 42704247 -1210182777 -528912096 -976087344 -669643178 -255487125 824059519 -55364864 -2130173744 2002589595 49258350 951261757 -198294007 1326463401
-1208153451 388332337 -437419366 1034433401 -1979524703 766671060 1253771684 1545808514 -442123542 -947125392 -789595336 -5299425 -1732605816 1143025991 -2041869247 2044353281 1056403980 -1289897610 -391570002 -707689101 651376031 -1174691769 994546734 1633337810 -390314134 -1944922942 -915167174 786761020 714115897 277648265 -1386007976 1203235719 748979290 1101636325 898021276 362488693 154345419 807910427 1690876530 1292626469 -520258413 92517892 -211102821 2005551563 175396464 -711244580 -1834166411 1072631715 574289585 353002329 1969916798 475442466 510512997 2060302591 2007019546 -1589872530 806692021 -495677006 -426614124 589627408
901921420 1599347554 -1225955864 -163763070 1380440049 2047986860 -1212091039 -1501639184 1987905759 -910564081 -871012124 116015201 -1016140918 -502318435 -1272868207 689412661 1635931943 -1514135000 -1287037908 -1816049794 -2126553336 -1556007232 238375509 -2050291925 -1041665304 370054521 1073426172 1071191656 269004936 -1830907535 1159730962 -240898491 859716218 343745552 -1298890876 2078095253 2114365500 750230929 2085940580 -1220683496 816505735 1832147393 39454057 2073117660 -2083453207 -1752531705 -1774870887 -128785953 740561297 -156631645 -2023633852
-928873367 501513530 1797395252 -1077271560 -1382990742 -1611942255 -970572255 1905773580 269557290 -1709014119 757171562 35650661 -1087674695 -353779797 92274178 1572322842 1880208814 -731739629 596607912 1146051148
-1397510958 -418344358 -1519572853 -278855927 427305887 762757899 -1013162121 -1759055487 2044280623 1902632851 -966407254 363577190 1647722678 -461127194 585273557 -198780949 -111064660 -630295928 -245933783 135289730 983534548 -843498944 -733440265 -991271245 1963500921 -404841717 1499380890 -975981009 953185786 -1068473261 -1334079852 -627574747 1639659145 -355051936 -1747979274 -94150957 1001642799 -1905325810 1859381509 42223711 1199112210 852232640 1811445786 -1560342554 -640358662 110978196 -66724663 711285717 1679378705 1399852248 -862571195 2007203192 1625293034 -1742350149 -12622333 2022421968 -1600270140 -1069218745 1996821404 -1609534552 -2036020978 1070100366 936761079 1419501290 -184020178 267979811 -429584473 -1090239186 1957373053 -445895220 -1075513199 -1300087917 585276822 -1328958859
-955872814 665672144 -21482138 -1434338595 -1365560689 -1024429304 -159596104 -1437778965 1566321906 881409443 499038213 -429754992 -1354128522 -21724974 834132830 -4159575 -922825728 -461738216 237222273 -937510786 -847925965 -222092535 -272571829 1639139619 -1934531326 1118807123 1181327979 560507937 984466566 -1559250686 -1729022632 -203619754 -729000687 629999359 -1102208380 1424097817 -1193010558 -1633138215 1667611089 -1410224991 -795171110 1982701767 -1369578684 1752069543 -50179313 -326027027 -155863560 -1127497400 -278744800 -118106146 1479772756 -1306141648 47025001 -1615656351 750418816 1017041397 -1401682632 -1572275336 -1174762476 1581761984 -304828257 2081175453 313647634 -2001424078 1347726731 313778254 -80654826 -1227707004 274933269 1805194188 -1387949621 -143185168
773754142 1942624673 -945767857 380746754 497270876 155262396 -3650301 1990666479 -506005719 1779981871 -1272180970 567277043 258879872 -771690903 451624867 1514864822 361156276 120833007 -698569868 -754998970 1768440497 -35390389 1283436012 -71834840 1936087943 -1933898173 -2013144025 -444810320 -1872504023 541743694 1783742047
742287729 -1977561533 1255750545 -101996104 108601958 -1746235309 -201286817 1542999381 470500545 -1427380935 -582663625 -1545093831 999081134 528991663 -2000843851 1938081383 -1135425841 -1164585181 -1407883450 -1620309020 967460741 1045609386 -811230451 876370385 562000497 -1510937291 -66989815 1360041404 -1381732808 -1266706430 -176696714 1144512562 -657284986 -1790957484 398234996 1498790808 -1465012651 1205501797 -1196818202 -1336062918 -591414161 -1251277925 -910521700 276301220 -1680165839
1528697780 1511610672 -37580655 -369686822 1796581181 897989088 2059466593 -1807332391 -1225130212 674269549 235053780 1823549714 -617942221 -122436961 -1499242687 -1382530162 576992959 1749120223 -699031257 1395720954 -975828991 -836672246 1071576944 1138446490 -1004095968 668100487 1534254585 228577661 -1200873139 597051291 -1081494446 -2145710094 2038077736 -1929097221 1114234050 896354362 -1478967967 685983906 1198868365 -2113024898 1937654946
867036792 1843147779 -1266823764 1474995395 -351796084 -407320165 1092099776 161132673 -196551142 -1416565410 716797759 1317399926 1335743743 -1738318438 273143700 1029895459 -1928942295 -208954617 -114072751 -641446010 1734557017 1071832127 -1876409960 1973343663 1068261418 -2059910036 408133564 -952424045 -1243844271 -1098297022 52673063 505829151 982244133 1853797424 -1467674755 778236560 -2121631647 1363217105 -1088609791 190662657 -217657815 -1141101912 -551195849 1765437509 -1839177142 1553921036 -1886427701 1816354550 -808275514 -758063007
-525713970 -1594193010 -1795833976 736466572 -369514187 1410323345 78338200 -1516836780 643998234 1724510709 -1263279667 982356530 269961477 1283814051 435913664 1295485870 -1825720723 1403361545 295066584 663174155 1785168966 -1735070694 1635234304 -47902735 -974136098 1232338585 679105946 1802650956 -34921751 146143127 -815966798 177344884 -321878310 1658756922 -1495824266 -1101232754 -466150029 1955460031 -635988506 -160377551
-1237218623 -1876067897 399696715 -645227649 -1695268166 221622492 718944582 754536130 977864906 -588413608 1274465382 2134262329 -1770670409 -1092931954 -1758317196 1791686313 1844399413 1470871530 -1952825696 -315698461 -1322709402 -283909340 -1892947037 1952051986 701250723 -1935640143 195321892 -286975661 719749500 464896381 -217102244 -572550261 216613117 1455753431 -1639929860 -256038285 355753267 -1095074387 1373778765 256601591 1267412462 -183188488 379229849 884929216 -1065701177 1077608313 1750552521 1188975887 1118057828 -1715649371 -433586609 1582961868 1448086010 1618388189 430198085 1321049822 383773715 340216289 -2134647850 -967370819 619790736 -2121247610 -1046362148 238598980 -763666959 -1895664985 -1155809590 1364190667 -801744940 -1007984551 -1982416692 -1128588683 -379899205 1463666786 -2060336596
345399570 -1689110550 1028749047 -2119933065 -955129233 1326913906 418714848 743023245 151814683 1582361350 -244299933 -1182729561 247986640 -152362066 -214756819 -1358944361 -722469692 1416461353 -1141146182 -295905227 -2127008026 -206532899 -1285363136 -2082352785 -1626256282 -215481592 -1724699445 -836063581 288556411 -1765296324 1292753577 105567024 330191456 1290575625 -1766693113 259613002 -1957248098 856246267 -875170085 176507405 1057985169 811678150 1380585221 1106365140 1509324324 -98720321 1230864560 13429707 -1562345506 431561102 -566937602 -44641341 1515799842 -1268307678 -1701785372 2057962821 1553258674 -487046172 642324049 -1090397975 1825134708 -452384465 -1475031147 675137767 -345173127 324055038 67272705 185950702 1696762938 -757738010 1541143754 -1134957260 -1528046812 -922531513
333457358 1171469654 2116870846 -1943795479 1736284993 785292200 2087633373 776956079 1059744600 998307311 -1022033634 1381891390 -1022251721 1708859006 1177957651 -1323163545 1583848368 -1547460112 -971363614 -893193093 394149076 -250333403 -441869839 -1209874964 1409699021 -2052574327 1371192540 1335321394 -520912405 1629978524 2144994735 -323645710 760774140 1189990317 -110272175 -513871779 1476395231 606479592 -217858498 -1663818282 1842229339
-1366701448 -1820140073 -1941042900 -975518828 -1523049281 643963413 1702645087 1852316726 -224510721 -2094202655 1361216479 -313633748 -395231223 -718348080 -232137394 1888482517 -100930939 341396126 -730394087 1213081537 1769574183 1753703759 -144863802 472883571 -528212959 -278929258 986282895 503641192 -1571746856 -562484870 790988852 -2110746536 -1979700006
49966349 -1845956165 -201689842 -1960249758 -1298950050 -380648050 -426879956 -2130571185 1188398830 -1191115434 -556123793 -182510410 -1104698662 1407799140 451756169 -2072660076 639417254 -2113732773 -871286313 1772832078 -1012765804 1930283759 2075165142 695461660 -885981639 478996207 -42116140 -1094594140 -805655476 1308804 1638384618 994109925 -2119024447 -140814662 -2058752983 1106562134 -1452377323 -1441243072 -1660757742 -963796402 1219543787 -1424037525 -1724264117 1718249894 -823459624 1092421248 -1275292528 -1232760164 592031866 521319986 823496167 1576212474 -1354465329 -1933889431 689337623 -2056948362 734597059 188079428 -1561914534 1805721692 66628106 1218000993 -1137762479 320628330 380305456 2059019355 -621976521
947210221 353792660 -117594023 -1028023706 1679182013 1467589427 -529398075 -1519887449 740110000 -958455440 1824239681 -1784108993 -139839874 545619982 -1813362817 247589465 1787135710 1683651113 -1945613170 436101421 800705303 -669008847 -166835310 974896041 715481814 1277475126 -1454521673 -1487390387 -565298366 -445509531 -758123678 -826903210 49390926 1946633938 1530139305 -1810874338 -1215644339 513005943 1583058181 -1926026558 1168062411 1814096764 1508528454 -1027102459 -498358375 1873876152 764171974 342748531 1703252265 -701492105 693162721 646570953 1494933276 -1671140227 -159460956 1676275091 -1722053607 1295067211 -582081085 -1576385257 -1294756384 1754682528 -1322589232 108079729 810061214 1304619842 -455549782 -188858625 -1148233342 242431741 53463858 -1043746050 -1341916273 -1945963540 260057413 1054222709 -4820556
1564205029 -1566411183 -503512295 1205088155 -260225351 56007377 206409403 1433000688 -742775113 1041867812 1782886202 -1665042713 1503114271 1976848463 -1327839247 1833086676 -2018528342 209624404 1614040903 2129539628 -412729597 1335142032 8120900 -1804440945 1743969398 -751733660 -1509282457 315035143 2142690790 1578410519 688395957 -1921445486 774257412 767688187 1777767701 1365557213 841439934 2067302349 2018947291 -1355548590 -1105100812 1756393825 1347627425 2010307156 574147953 -1515846274 285580637 -1754439479 2041713944 175216902 1140755632 -1817398824 23586397 2114644570 -514273156 -2146228493 -1377988617 -1718054148 -820620104 -1681764073 655624403 -2074972299 1745693830
-99617717 1766334840 730420101 -407405178 -2093009513 235606087 -1271353244 1605810539 1960822403 2001570645 -264491849 -2050044967 -2140093086 360641324 -695077363 2037985351 1565650498 -1316549488 1555708993 -497892210 1749349216 -1354702364 -1413938928 -691002637 1523017950
-894645012 1884231779 91436979 707777044 -2141496049 181582592 -1459696670 522953168 -1181573422 -2020875044 223703534 -1674379836 -1857188802 -1826089213 282302348 -1832137723 1047641571 2013071551 1379525530 -466580512 -755776024 2026333974 967137615 -1366816006 1585293411 -417888105 -552994124 -134166345 -1131150102 -118548139 -1299145133 -961238049 15451498 -406912204 -468718547 -1419776385 225142326 -1071311261 233027056 1614832653 -1318048925 -507693528 -874176919 -81756721 -1566517422 -380498462 -1938209737 -1813794436 1646048909 1240830540 -422353983 1310729762 2121209047 1665782526 568501353 -1230255285 -1197707395 1623646265 -634190591 197213787 304085234 -1756182301 227285885 -1581047236 939868570 -1471351600 1754242026 1575669052 -1246553627 729702210 -532358498 -1919323851 -977665632 -2005633613 916307377 -221175315 -112609145 -2082169135
382557632 -1659452386 -1559056951 -397707906 420019324 632422080 907331016 -309702218 -1384535925 -1025408008 -1368165954 1349881582 -1633204649 -760508913 -95619996 -1410760826 1640492521 1857624293 1225725056 1963700370 1919900371 -222339580 -968169113 -756574699 -1159006640 -1375961615 492465091 -659732882 609345449 365226693 -1513632106 -816056047 132290265 -1192990723 -656219010 -771146630 146681203 -328289395 -1796139718 1301354335 1672159683 264842298 -299325588 -1198880475 -259504076 1215826217 426795680 -2044781164 2025481969 2077161138 -722940532 1427867597 493184973 -296866695 -1764455271 1199208570 -370391961 2071089343 -2134268766 1426727752 1497436297
1668130298 283125650 692111056 2024732562 312148915 1951846494 -588465262 620066597 1928207133 -1098260596 1863178747 1673200301 1553772429 -1275570100 15470457 -762100952 73588319 -1705771824 1988528473 -225420695 -1367552195 937325378 -1990219598 -194473170 559195296 524240376 -1631989631 -759267727 -2113900394 1472017126 -1135578603 -365096450 -467390010 1635286612 292223917 -1874944955 227024049 82525392 1474137439 2093916529 1811133754 -674248604 -1687840710 -784075335 1977777255 -421735156
1253157109 481244777 919197794 -198249172 -868051085 1428098265 1996863643 307082761 -92490741 1241911620 682948278 1295463335 -1968808080 -1873615895 -198457359 2059871702 844718280 -1268284736 -244592001 585885559 -1611377793 42042558 1014268280 -835228318 2119474776 1330922839 2008032273 1951287177 2052081604 1461437508 2092387340 -253554595 1611152247 -1600701050 -1052303503 -1209078160 1453380919 -1966686806 719229310 1237191771 -1149778698 -1472776627 -1438533925 527510241 801873955 -312682782 -262035183 1325642068 -1237666756 -1456230990 -2095403715 -50864073 -1245450585 744150308 18977280 -1077867996 -414323262 1532932414 1284798649 1746794224 1986367288 -517275285 -634225162 -1609313012 1730580374 115722878 2072048935 -1839440595 -413790435 1526750454 -1956893804
-387969063 -899941501 -1982011760 -1795188938 -312065806 -533469751 2103120110 1946025494 -2036356287 -732509341 501828532 -452009996 -751955162 1867901737 506222094 -115149267 1418142616 -1443863882 992772229 63363446 1574745724 476410404 -68247696 -1274645181 517000762 -1413433319 -997904214 1955188077 -730393458 -2099271161 -1641961339 -1358562802 -252775781 -350237522 -1850140163 2070379951 1526634053 1771663589 -598823376
617117887 163772570 2116656909 -1449229129 -130401694 -1584076777 -2006734516 -1096177660 -1033050176 1309099910 563620253 -944159197 -98829319 1564809399 38492451 299675787 -371608500 1316676895 1462000931 1059614517 838633713 -1175345117 -1316217352 812056192 -643113179 -1753769578 1374558538 -1082325165 -1356380027 -114516864 1895277439 -1290373752 -422517857 1977636385
2107904136 863023557 -192138955 -1347069088 -2146993614 1655043621 -1571565192 2006029865 365279232 -1697582570 -1441088660 1781647287 1937156716 -33779020 -530172839 89897402 -894822768 -734207058 1546559124 616338839 -1897847284 -1325311139 -978070012 522379423 -1748664021 -684239847 -1550036767 -1059092606 330655560 -1861597496 -992016193 -748180219 1296984430 919902903 -9146422 1572351986 -1793676482 1185750700 1221260883 1268194384 -1208037867 -1876263109 -507517813 1927183316 980740717 129453656 614829197 1891580311 -1469891709 392589357 -185853791 -56488696 586899770 299958574 -577603138 -1372086237
-201062039 1507408464 -542612254 404203629 -1537896158 1527331132 250072564 195041649 -237114722 -356740832 -1590305108 -2086969935 1600865599 1530408927 487933500 -2137306263 1242750416 591979100 816544290 -331719657 -1021026270 -1593911164 1071875041 481098265 -335983145 718202258 -972851724 291996819 1045659261 827392142 -856704001 -1127862890 -1147466530 -1589130986 -933840313 500307582 -511883883 504697952 -1481478044 2031177370 -1334613276 1014744702 1186272052 1308989458 1372676549 1288666084 328258067 -2099767547 -1670800322 -155793625 -858113208 -689025295 164943097 1605175047 1355281345 -771288488 -1472106477 -1933764433 1149875715 -834385761 1318556980 1740532282 -1214526373
1073501919 1290940793 597391961 1428091651 -2121303286 1333185267 1215564158 -483271951 1055176945 -974944980 1577282868 1261651178 -1603108826 -54567894 315666942 1692023792 -1472357140 -1230411468 1918741487 1602123396 -710259258 36834012 1749063776 -986060728 516988490 -1076885184 1858709212 1767852517 -180675782 1464679052 -1950114465 -1846101202 -1697369132 -1212519486 -81916992 -1822432379 -1556620184 -139292227 1900200554 1565209725 -1830533589 833717874 1287618642 120730305
2042812025 738724900 1251010867 -368634301 -1156488501 1738812607 2023811672 -1196359825 -1524049203 -564120348 -361200654 2046325730 -1907993971 927864361 595003630 1479866999 -769296054 1473261363 -116304512 -30063578 -7588807 -641316573 -1902120564 1830398104 1655611782 310933584 -234719929 2038519804 -1281243240 -303901641 -1392372706 -42445285 -156011367 -335529297 -644386346 -320761174 -991817163 -715025824 -1026152972 1241101022 353857953 -941473675 193106270 1547984966 1467339742 -1566456432 -864228799 2130653396 -482954690 1203090942 1517724213 -1437434820 -1047590105 -653885141 34966175 1697231489 755316502 -454247336 1308253015 -903739445 1491110374 1045161098 2035711881 -2120775298 1880835154
-703116064 583397513 717461944 -1168562822 -714405664 125027579 -733950433 479520317 1590059155 -973887781 1623044219 -1436980550 1792489063 -709832648 -62261969 1855822313 -952374698 1211704446 -682085166 455440000 1000636487 2097701131 1649840949 -29437015 1668630708 -1635958015 2038190757 373825781 -1235685492 -207964579 -2100897940 -582778481 -659942055 1640260168 1187307422 -1943559500 813356709 751249069
1522730338 1468196250 1064525579 -2022158420 1830661967 -1415374360 1159200395 -1793862172 -1383041252 1899469547 696965460 -1793279612 847798218 -1839200245 1398517534 748354220 593475437 -2030615706 261409541 -891819237 1881009438 -1066745172 960842911 -212384848 1737118261 -1657042357 -2042728880 -1525838291 84753080 1475425995 -13738788 -1343428802 664678669 787069050 -925338563 -739418951 733294839 -1678334645 1607726518 -1153012697
1986217211 -315127001 149120387 -167974991 1175239540 707341219 -1804290495 1462506698 -2065173130 -139512513 -1826856815 -1147756370 -1813562508 144232492 1725178596 -237148193 1793822395 -1172246776 1938822063 -1632136660 -1752419111 240156784 570734
-1505684164 240756185 1833158379 -1827765926 723701016 611255200 329470911 806457850 87924110 154631774 -1162426087 1107504349 1201838090 305133953 -763227459 644238569 808758508 961669911 2108359760 -1098348723 1675985002 1684986093 -868379950 1047208117 351283636 -518122792 -1296326038
-270647208 -367313326 -919245719 1914666645 -2113545241 1640597320 1853079944 -750115297 -168465959 -730297807 -871519116 -318305291 1512865197 -1186641054 1842821260 655868405 1791950676 -884813920 -1313906455 815822065 -369992753 188426742 -1869648994 -2107580253 -1174758378 1846743753 -149015232 -2131489058 343377467 -1444455383 -1490145112 1945130502 -1404031793 -845359255 78978807 1986284226 1041076356 -116359183 473482202 63215855 -621070317 1621032785 -23324146 1294596055 366928480 -761799014 1659685926 83733922
-643696407 -2104953460 1848006156 -1577084888 -916716733 -1024364603 -827465640 -1627685631 199048616 -350408712 -1208682364 998896475 -999841438 208042160 655839165 572731847 -1092738915 -1452088352 1114077204 2057853723 -240727236 -66877145 1411401586 -675162031 -372642583 95077461 -1311443511 1823403182 -56854418 -1690738642 319318668 -633870298 1347769411 529344877 -1293456032 -794387458 -892183449 -1266209269 -1331122669 1287583155 -456446606 1485843648 -489629747 -2132024294 -1124266773 -2005534518 -1698159740 410184392 -1547926825 1758778860 991042997 -1564276813 -1727104879 1273761977 -1974496432 -1357263079 -684461856 1089296146 322820595 -1358700128 -827282106 -1664445204 -714741925 -1226039106 -796502890 -2105648810 -295637994 -381729446 -1125978423 101124026 -1883282051 -387990349 823839248
-1795499295 1694494592 -55370452 -525143234 -559302140 1496799065 -876348675 1015944163 1873807051 1258882645 2051894105 1537449431 1302254128 -665287437 25476383 -880737781 -1306547075 -1431033283 1390175627 934006440 -9926986 405426730 1037697226 1790240270 -1467500714 -976153020 49498065 -761683432 1327437374 -931238774 -538701975 50161573 1713398762 1873334422 1853662350 1869246036 -745771035 -347677950 1862867450 1165017230 626635391
-1335403781 1181136840 -1094824516 932857448 1928009613 -1560381175 -429610610 1701270414 1837882788 -870828630 1121001287 -2134322701 -1479871544 -1804520356 1001547848 -1951058749 -1685862169 -900995473 -63060994 -1123843137 -1850536602 254643537 -1085077233 1194026596
1519531092 1630803407 1968717133 -1576860493 2067792563 1600017400 -1991643691 -36187424 -1913706026 -590593126 520373248 1010227730 -1081347116 -1966063280 -1342697830 -1438013959 -1850952134 -1944519756 476010912 -402432905 19770634 1266895892 -1992791329 170502004
-1973131675 -371104549 -400431122 -2090761170 -2060282761 -535776271 2146829907 192598918 1495396458 1241819583 1046836242 -1383987941 -458370464 -1886983485 688665199 375784264 928966003 419861058 -554503530 -1662046667 -2052515863 316026986 -310861069
733731494 -808909126 1974926784 -789529377 -120429599 -1942149471 -964104993 -379296219 456714522 -1554622875 -1435314455 1860536835 521602123 1174921286 1411000710 1736547890 -2040612771 -1664503837 1090172158 1431434895 1111673053 -1011392037 501067024 55940966 1838045423 -73520714 -864066814 -1264621582 -295500414 -1821855226 -1962013447 1976994084 1820454597 -1297720631 -302174582 748606627 1385653464 836598289 -1337035120 358336532 1414015943 -701594906 1059726911 2116051099 1530563251 2110273131 -1867623047 1237494432 1782880849 1611350846 477997152 -1204680235
1765668644 1410026027 -174359176 -100747338 -996743450 2049655101 1758946517 1346967107 -764432267 1112240243 -951023602 382328504 1910455124 -785720899 -1051956962 -2083276766 -1358095562 136967664 293151003 1099956754 2022045926 -89639463 -836416069 -1344041513 -842394 -409993068 -1110781160 642332398 1276492635 -2123119842 -606243401 -1848045895 1426584232 -88873687 710578374 -873853073 -1093825961 -1974552785 -525898587 -1977120172 57044160 -1636258358 1159723431 1624425769 455406052 -181633471 1284502296 1048345316 -1841601511 1841819749 99397250 1158230948 -2088064276 -1027376738 -247063764 1502521310 1291206722 -186649280 2068428259 315073244
453447203 -887458564 1740576872 1538211948 1758473585 -85135208 757752260 1886501012 -1973091647 1426541353 -889858596 1021660142 1016985957 -1430741451 -872009538 -780915712 752889599 -1177292966 -479953335 -34254142 1657519962 -2089356911 -1825473500 -163680384 -2023589514 -1532684618 -703027470 434978309 1732006372 583251271 -2100664637 -1504924683 -1059051948 -1416870293 -846721331 2023518330 1387046508 1037434934 1967367259 -767034845 -970557990 1323847723 729850116 -1576806648 1983765420 1260124674 1866605600 -359204047 -1536191778 1353244330 -416921736 -595097288 -758542284 81440656 -1131050180 1631125804 269865290 -1228467679 1021873465 -1769735752 -855996183 -1153173618 886406986 -542259325 -1644151653 612707534 -375779057 774420186 1147381632 146040552 158187741 1340849036 -1348307358 1447513970 1695795188 -457524459
