-1720880800;958233744;1082814623;1062233099;-519060596;-1418591058;-1232323449;-1306849224;-107110353;-666507777;-1182207086;-1654757627;-1609792516;-10166295;117387820;-182492456;-375237642;418847721;-118257002;-1115196280;308873542;-393097510;932726485;-863809468;873514574;-1059444105;-2007312915;-964221773;1010149629;-676895970;2050906191;-298016675;1652551268;-1776759338;-2115108977;-331257527;-680903799;601971347;-949406375;-1922897178;81993595;1230630584;-824787547;-181494226
755000284;355158057;-1501810680;-1792411800;-283038000;857941263;1846094317;1472110563;-2050624799;-1797910296;-225181490;478125332;-874281639;-47756321;-597774795;1481079588;-1922685620;29585457;-102811734;1354977022;-1906119792;1098955740;-219756457;1615984929;2057418508;319668630;1424900334;1511276982;874715445;-937052928;-2067701302;1222255077;-1082521898;-784284133;1236267860;-779432349;-1140240113;841629690;-1224830808;-177580209;-659477857;-397582663;-1748567945;-747048642;2071543141;1797591213;-1173223378;-1219150956;277353507;222959324;1978910039;818681877;1652612229;744372399;655628608;-556406853;2020394338;919240422;2023039705;-462798647;-1142588096;858892747;-151895326;-762285537;1636472093;-1244178774;1468089925
-31208596;-816871296;-336506176;-617822991;-395410595;886147057;1337555398;-1038596428;313846881;-1731965313;807605671;235259060;-1137598995;1086976249;733631726;-828677487;288009085;1894956336;-575563767;1730594495;635139291;1226309360;-747993809;1342794395;-873154912;1827250222;539096702;806442943;2028904187;-264693635;-1561713053;269477526;-1260328272;-356556858;-1611612611;1174753842;-2108600732;541251640;-1379620028;860960092;-1884770281;-555916419;-198582873;-1346026260;1057223920;-1804462291;-2109254156;729340763;555575104;1499808903;-404872003;940648854;542636224;1889584990;-151109513;1629167892
1595527248;2073580965;1867606826;1738045622;246193726;177861941;1702494621;1124007844;1953880823;-1389116119;-1943257991;-1353244422;1628999478;-457205895;-1517721312;-974050739;-1529159218;985041719;536821413;-1932587146;695408163;-1803183116;-1462975654;-1142087018;1661042140;-955169950;2037872551;1343211610;-934587946;1067389242;-538453475;939633791;1528145499;31874399;-591292214;1306671768;-1681985901;326596675
-505651441;841532218;-1246036599;1846318382;-895888279;-1192566637;1874930924;-248339993;709329101;971214747;-365728418;-933722042;-1857837114;1271459458;1882742388;-1476792458;-1713966009;1386335318;-1707271168;-1077154726;2128977647;272894977;832346111;-1712250979;177616014;-1855864203;-666358091;-1140252410;-843071256;646808613;-333260522;-1871000560;633954744;-1036937802;-1661820568;1816019385;-1195276809;-67308554;1138900517;-1000033382;-820814499;-1962645748;-423168219;1407798327;598031400;553981169;-33736452;523749528;1049818907;-971421922;1139833505;-729114856;1348697033;-1408804985;-1618388657;-133460100;1808345363;-1503790905;1493634735
1324395502;940592540;1501013302;-621359797;324691049;1534559124;2052361932;-1568670845;-1065969938;-1513691896;184517038;-210270688;301788615;911906377;-147472492;796330209;-1149497628;-2078772711;307112725;-1553183833;119949786;-1029850787;1232654154;1135827784;447521327;1835764239;427605426;-1451697246;843692500;-470855303;-186948011;-903420173;1144152050;-1251758689;202296875;-84930968;1169803241;-900107780;-2062923843;-1481551885;-2083279724;2055193457;-411332084;513611105;2055136210;2067627898;-1027309134;-1364291413;1715938882;-1910676830;662935623;1728448907;-2001399987;-1070489032;-352047611;776204370;544184680;-1398084285;626332079;-469644808;1212324506;-2010511182;1833878189;1491421556;-244185796;789740247;-557799045;1153116750;-1510346497;714603030;2022634052
-1697140685;-1247309095;1090579914;746287429;1232631110;-2023180090;1746541704;1449003517;2116963466;1277278004;1087784985;-1378474195;-1068208582;-1307691814;-188526886;-508436066;-1411896130;762166985;-1074166322;-1190120347;1131152174;-1325691236;-400698174;1304383537;855541780;-1654652947;2116481201;1272729573;862406773;-566269686;-229549975;1155605094;1322766098;1167149800;440661869;432455093;968842219;-1591341993;757175069;-877727937;-1582034940;569422967;1986094612;904551795;-1814261398;-1945282454;-921989679;-1268478315;-1971229832;1356083274;-1482936680;-3602222;1847439190;1691649885;1536848282;1649532819;-977626942;160562055;-115424941;912343573;1557805842;1100070911;1213589555;-1743986887
-1813194939;1875178880;-1646579048;-240003703;-1367902125;-940831622;-396357926;1818739448;1507660562;-1440448065;359070024;599435174;-988567537;595127025;-1490081122;1785178334;343959406;-285473643;1411795237;-1050616101;944950046;-737308099;-456380415;-1873892466;-1539661747;-1169515287;-985966649;1795766686;-1678724066;1490596779;326546514;1971087280
529666697;609688534;-1513577496;-1723781405;-1064119386;1946127157;1888975790;1636499374;-435843421;-1923032175;1841488820;1450865394;353372738;1271577890;-1747289032;1587576285;1504109644;-1424946360;1342330246;283862535;303649717;866766307;1834678464;-930966295;1788111101;-1852212254;2077931745;-842551665;-756059944;-2075634918;1451003903;163962764;-636920560;-1682646696;1814629584;276010543
35969721;-234744722;867834611;-489495481;1370978616;-1056801698;-1199981509;-1184877619;1884299655;-1670463282;385384766;20680262;-75794141;-1566287074;-2070636481;35321607;-1637049950;-156664671;1819472898;1018130196;-12440241;-1900596829;997575802;2016115139;-609730312;252981422;810415814;-1684355170;-1729831163;-1053369847;641026142;5188493;1974126540;-511104127;1863285129;944062004;-974202076;-2104382357;1536310034;614814618;263325496;1055954408;-1930661062;-1012160758;2088423580;-2066695318;1450169840;-1936924354;727107493;-782239881;2118077503;563764409;1676508916;568008877;1966595847;-683946893;833869652;-571094267;2138118383;797583547;1340585158;-1121560229;1259148185;1085408857;-1461096232
-1713396712;-1241400334;-1358324163;-1016745310;519527070;183105968;121041306;1683316430;-1433777799;-92424415;-127835235;-1022704076;-1871460544;1063820127;-1037770668;-80614004;-1366319031;1713455985;-476112964;-525793595;470969181;-7402767;-847690857;-858381236;-792332881;1001470702;-513280383;2056150158;638319113;1146077971;-1158657979;-582147652;318281543;1704714504;-631049364;656593357;1140406793;-1607902696;284375063;1370342088;1955851683;-82892013;-1260873714;1507938115;-1172944808;1351144053;1002946584;-1735219418;667576008;962566343;-2113916276;-486840140;-2084853082;-1376421051;-1309571289;1390298572;-1115934547;1430363328;2102678560;771373419;-906546732;-727162683
-1807937164;795591615;-1248357121;965255064;-1678880589;1584311417;829508825;-2092759530;-820531937;1468611936;-539602073;1878714325;-1778340257;-1409914528;2030786438;-685861033;-1008258929;-1302427037;-1673382335;-390488498;-42545341;-1853519352;1916995446;804943727;404585675;1105617298;-1635331912;-629567094;1853606328;-948820702;-443547017;-1585123361;-854351713;89656873;1298867038;-216728663;1665169948;-1038141161;-150712836;1430543103;-1414509287;-1045296552;446981286;-227680036;-1522221232;-2138673536;699604890;-1833899396;-575120883
973691239;1657650665;-1562654920;1481091756;1307655564;-45040172;1509644946;-301722618;1839742303;-2095282520;792554302;-1675070947;-1508839632;-925873956;2093891971;1672728362;176241582;-393677688;-340353840;-315811061;-1619296888;-397342149;579212800;-1977083342;1340569431;-1233378037;415949278;565563359;-1739963462;-345468436;-572213270;137680785;-1446337598;-1930262459;-698818211;-246849095;1270960017;1351210944;1890169962;587974577;2087398717;1989418849;-367788090;-17306900;-1437756935;-1848450599;-2135348630;1997984621;-1506086538;824576796;-68875369;1870610812;334012294;377010993;-1601519846;-1528748393;-85161982;607087176;-670828079;-207930969;637796590;-2142520815;634561133;-1223091597;-1728898342;988514379
304855129;-1872882806;-2113005926;-174677095;-571150278;552914649;-1612489827;2064706839;-1994746442;-1369277990;-2003381953;1629574555;-1685824615;-2064532417;164123725;-1373037255;-819245164;-185066498;100329801;1803895729;-1548165841;1528919857;-496338307;80113393;471763966;-1629571011;456581970;1403139549;-2110853870;1590241334;300145889;-345517229;-539792462;1677591426;-1307402294;182355305
260846779;-1588375739;756292856;1011920036;1917344218;-700874378;1426489694;-617276331;771323793;-1178568444;-1116001154;-371221383;1360199415;1103160299;-1442585845;-2072322142;710347114;-1123863663;1348480262;-408757491;-771363152;-1634278889;-1772137852;1332051478;2028902751;1472739570;408871092;2119363821;-1257947777;-208442183;1136524064;2118791818;626808173;1963795007;2002648371;1711971806;783681793;287682788;114110459;-1704903094;-324902157;-324159960;-1556047826;1397568340;327219322;-1764241792;1280188530;1273807768;-1677531339
1101571032;-894406916;53759310;1478680265;53714089;1836085287;1893900252;2007032675;-975406235;-573284046;-1817738359;2085440206;-1375475192;1027864480;-1137308812;1655967862;-333348977;1603472267;587367000;-1303547405;-1712281670;-267756000;440082925;22535329;102613778;814863181;-1400218482;921346160;1448526637;-304606536;629251355;654343159;-334313681;-2137078798;-1256873696;949376463;1805155476;-1290675732;-1434201802;-1158957282;1325615149;1149477289;646593449;1505221489;2088991592;-1521579979
-906008113;-669640236;-1422341163;-1140398873;-1352389878;1907684067;734366847;-1861043192;-846638760;-104328208;279048076;1922704188;-1615059679;179164803;34884267;-1890018396;1136274202;-1749086508;-952202727;1286134574;1886066577;881401485;191120910;-1684920587;-1208605942;-1303384108;360201082;-1738117145;721392651;-762962808;-482599952;-116189785;1112838708;319407561;-294065950;-738167883;-1172793710;953737150;142953999;-931488564;1458113843;-1881672303;1102229304;1012918411;-945751043
-963584743;-814205097;1991230139;-628263283;931374487;228724863;-242005896;-1363905828;-282807499;-332333408;-180934128;-85254366;1419734988;2125123146;1610595843;809336496;266067579;835162851;-1889468020;-2123169480;1227399387;-1955424821;-1538342158
207854455;432575424;13933853;966448830;597945723;-1275990908;251238507;-565850075;-295751766;746432700;519865540;-1573945820;-1154535787;-271812069;1446207723;1873751498;1258066953;6887871;1101619991;-1157921057;1738945480;958245082;2101114561;3512104;-712773764;2003564437;-357284929;-956117528;-1986042392;990434864;1767510674;-1697862742;-1788092064;-1369910163;-1355144709;2061838910;-144033413;-487648466;1991000531;-1942281984;-1111712762;703925341;1581958940;-1355142817;528052539;-848530165;-1403245230;740673437;1389088562
1109719303;385342419;-1813827434;-897649247;-455299154;-976838856;-1566874980;913084997;576321718;-1439256159;-1109336527;-25631763;1547123674;-1010697397;325386354;-1768950181;1584550071;1843685080;-1418144159;2007032978;-1684073570;2127280023;-216240172;-1113890112;300807083;20447240;1153166768;1788969559;-1497051626;-1827767138;-1041055913;-951118724;-1279677752;-503785786;-1186938018;-1440067931;-1532744143;1820791848;-383500413;-1956145796;208917592;-1461012948;-1580801058;1482985994;-87668429;-825897537;-291812011;-1982008047;-1340444104;-1745811626;623622996;1126010040;-147718861
-47059778;1302368365;1627162714;-1279586842;1796954142;-708294906;-1299925090;-1445245674;144454433;-2128909527;-485962941;1259025536;-903414456;247001582;-923956302;951957312;-347766311;1441732546;-808214899;1038838095;1781237014;1866192782;-435906300;577422668;-1683320655;-809816041;-319921306;-1889498498;-2026794114;1885985703;-457653765;-230066407;-33929110;-135701011;1600788240;-865148224;473012395;-1596158943;1909305938;699137355;-435720904
-660651681;-1685998135;-2140822661;832815493;-1264306790;-657224248;-1797973691;-733277282;-2120928450;1468521683;1829962754;1662963585;2135350709;-269858756;1548224301;-776705290;-73231062;-229149926;-185221627;-191150744;-336266916;1789209237;449227905;-1571719225;1176585653;2049610336;834128768;1943748271;463854235;1568675207;-271440828;-1184603446;-1169192955;-2042159254;-820105439;199574385;-29463216;398844168;-505288335;1211852697;-1749515694;2133042816;651548362;1019197676;-1435296337;30834901;755786098;-698168010;-859960213;781928433;1393184275;-1208360446;-795865408;-1688389396;-1723451734;1408069252;-1071788494;1157805197;2033205445;2015653817;1084334303;23650832;-2042461459;-1139420467;-510939621;-2010105303;-1850880672;194748860;1370966076;-1332199863;1379781123;616158778;-1329885263
474654614;-180029737;893039449;-875799199;1614660649;1702027870;-1150000622;-1704684597;-2070803762;-131961474;-426425969;202576231;1234172047;1464645292;-863601042;-1352964849;1955626146;484267079;1956497801;-1564773584;-1248778278;207405308;650073739;-649211184;-141074591;1118481003;-678907962;-1027180847;-368605532;1153173002;808743748;-373676170;435180686;388698185;1666469147;992317478;1704577015;-727344649;1669317381
-1515557026;1663584228;736863535;-2022086833;-1121126442;-1514428218;-1245235119;-939899986;-1209321666;-1269676704;1568238846;21142829;-2077022795;2075463392;-508970947;1866381861;762149452;-1906454648;-1599774377;1740021737;1060429564;-1426751087;812341490;1493474895;1343746009;2015801419;532016478;-928346258;1059027335;2110932872;1811607598;-1349202008;-1026184467;1807185211;-1496309494;-247057942;-886952408;461734235;-1649741373;756577330;1679449283;1784201229;-1496320088;-244254639
1645347329;515350039;-1870543630;-1027840184;940189467;-1754075562;-383053094;337413810;1251587926;1223983267;1427237488;-871448672;-1945721371;1389292169;1262785920;584669568;501785242;-952418700;-586290885;-1922785118;1446419851;-1991282552;-47928190;-520451795;-180985614;511030445;7642723;1047072087;330392917;1521691118;1066590435;-852510000;-1050655770;-1990367485;2026359805;1291068286;-1901040852;1975761964;414477547;-16767632;1495136737;-1437974977;-214288989;-834126325;-795483106;-574492924;196059300;-911778679;-588069195;-408250688;-1428894479;-1931417692;2129202397;-1715461361;1185371741;-1596921203;366824468;-2130796810
-448946909;1449785921;526719032;335574827;-298009759;1376248344;-1955527192;-1908036592;-950902761;-107021887;1070662719;1210290019;-1634314532;-1459912772;241629615;1448488367;2106071362;-763526658;-1163986632;-1725140190;-351737013;2132226912;1772189177;-2136008301;1299630876;1494266681;1614584841;1245311685;1280976880;-1773262007;130671239;1508446956;-1581018034;-1421908008;-636343569;1481613169
-126988770;562299311;-1475983886;801931833;68408549;-1003170823;1660657548;-611013985;-1921948820;-27316518;-1387199396;1997288301;1260829326;-1046652020;-550333631;1709630062;1050332195;-1304367865;-389975577;190794290;-1492114266;-1726147875;-1089238783;2096040701;493079320;-819804857;2008826069;1452650242;-1207977181;915086970;-1652162051;607426001;595090817;-465734337;-449020309;-520510708;-505503074;-1595667262;-1461451091
-951671940;-319066711;-491098255;-1145658701;-677581610;-1823097752;-64861364;-1772252518;-823994232;55353555;-547259210;1531582477;1804376365;1819382516;-769104807;-1466543778;-2126390263;-1036672738;-1301860470;191356261;-2098453207;-1812004031;55249687;-938831616;-1811134008;-961278080;-1785381310;687640506;-318591755;1294492672;-1994755571;651606985;-91479439;-1504552445;2102962360;2050470206;-932209699;670832180;1492560264;1485226103;142017556;-2080060860;1944577225;1338481623;328199381;-360973387;-1038347244;-200364871;831976101;623502324;-44950827;-1783544927;-15009037;-692765267;-1608914169;-1320413260;227782780;164107099;-1299615167;-1653749399
-1466277091;518312694;2086296705;761177814;-1805472816;834301432;909630772;-1969983828;-2087078055;-2114486210;943957164;-1107075502;-1090505150;981620966;-1682771786;1504354215;1294598280;1546873724;-774323530;-354515084;876351410;1289142908;-564774436;1910093193;-1631091163;-361523691;-759571307;1870500645;-461547594;1773144879;-1404730045;1932645274;-1894029439;-821862737;-606476753;-811017423;1487744760;-1530330887;-863905602;692662346;256328254;1080780214;1309076450;979000007;352732597;252021719;832300499;1645598123;2123311317;-632913448;-297718529;849540861
559049289;1146244159;823063026;1675356433;-1559182199;-2098526646;-1212131510;1632978811;940572116;-372921234;1777842170;-238050670;-2044555648;1042001020;-874164726;986628964;-547739773;-735278589;1760939968;392605004;1967764536;1218361025;-411643650;-1528238714;-1463864222;-533660074;-1881843992;1683935237;-1582124432;-395675333;482312649;1840352643;53991938;-1671283983;983331127;-169949478;-1072434516;-1936248963;1851508340;-257367662;376587001;-1687954413;1339058454;-182969926;407707569;-2145323248;551580138;-333816581;-222155938;-591066323;-82943978;-287489303;887917069;603888113;-1635910531
2135428433;1806266727;-1831235738;1885742463;1665965196;1482107153;-643675041;-1495185561;1881234801;1303247388;616634463;-490941465;-650420028;736126676;-103084502;805484770;917755748;-5020327;-1522572039;-1819498912;1096684427;-5242477;-2072339111;540214181;1315297875;158902882;1257576531;927834495;-1547515525;218734106;549551308;1172094432;-2141858453;-1540412882;790728495;-167367509;475145077;-1577864662;-1920049336;2063317458;-1193098147;192066022;-411373453;1092425888;-1793912038;2023567096
1719202899;-770196514;-749777558;1875365289;1173747181;-965562540;1155398572;-1888875810;2057687883;1179420200;-1992365621;1675383679;-833504394;335681739;-228835357;968971637;-680479688;378359671;-112670766;1021119048;-995246862;2019323505;354450990;-253909236;808241836;1352360589;-1414742408;-18274694;1612378478;-1759063561;-1113424239;-596192932;906448589;-2003241681;-1832628884;-2037487314;809994696;945585237
-235087614;1367604180;1253180582;1812168592;1873318052;-541796556;-463936954;1108766710;170782205;-1499799922;22299199;172203388;1636718780;-2024570437;340912329;-625218875;960689202;2018603998;214437835;-1698582534;1722682237;-603976009;1865689506;1024311366;267688936;32053049
-109391224;-671374959;1402582873;-686602282;1748123972;836438604;-990068440;1352183702;1422939609;1322414791;-1666347229;-1616882637;1420137209;-68546066;489166282;2107865226;-1281510828;36468369;1760557678;576209349;783042966;-871630013;-1559116977;-699062306;1814710932;-296676221;-1744931610;157051490;-510733631;-652419807;-1980551042;-77361801;1033960934;677217498;1159964680;371663648;-706236398;1892189509;-1409844432;-346331970;-1997042994;-917978893;404214187;-577871655;76448149;-552800048;1795933906;1071169824;426754434;-297466929;2113370740;-288985938;1726603339;962811078;-453322009;1269861006;136087149;1721817750;485129312;525772929;1555171496;-976111986;988680580;1092422142;-1995135826;-913718000;-365602498;1110598521
-1134095243;-710044205;-1757444632;-599953258;-665688531;-944840398;1684520578;-214464399;-1344004565;-1590037872;-1098322231;785857070;1142834303;1926506804;-971595574;1200154762;9600323;865661071;-740582493;-164261970;672471739;-587935345;715242566;841623716;1519168952;-1276132044;1786254971;793595911;-880822212;-1187931038;-951344597;2071733242;1727555171;541364473;-1257834278;-100496037;-1989119616;709317666;196208501;-88971209;-2047503994;1098984940;1313986637;979386239;232333481;-10485226;-1143449245;600018940;-1656498876;915492398;-1568849179;1159972480;1915794940;-597396262;1471562232;807038301;-975131610;11922037;-2116695112;541474075;638212197;-7858467;-1736983428
-383775337;-462946166;-1232984226;-1955751101;-96463374;319362275;-538633734;1283872141;738305641;-1016815156;-1901307788;-680548194;395519060;-1621175165;-761113152;1275328585;1573167439;-843296340;754183197;-1890533623;602124641;1062255273;-96953887;-731871877;2096889696;150975535;423315068;409492752;1533166484;-1397800426;941347766;88461821;-861568869;904105071;-64880837;-1164605321;-312694133;430531035;119429208;-1116079844;-519758755;-1913255142;-1480700409;-189988684;2122874760;267928546;84187432;1223571224;-2109273620;-1405129487;-1872263407;-1668595343;1290614257;1012616037;36366408;517903270;1093294320;-1259869877;-1599887474;225727759;332381137;572418933;-512799456;860642414;540416500;2034036879
-1834256610;2017569364;-1348153996;-422483751;-1101172852;-1036314902;-424691011;-651387956;1332512486;2033583695;305252251;-1350931739;1667913235;623123364;-2002311706;1759217546;548489698;406687925;-194370699;-232843915;1355099781;240569948;1178526895;1297224632;1483505216;843884323;-2008566686;1391317505;1216571228;-198764499;-833749805;-2027817441;-1121665694;1244443733;1517895189;175822276
1579097495;1431213470;-638769012;-333894049;-663015250;-228021482;-614705602;-106016032;1813890815;1644238450;-1723800240;391776386;-1890045259;-1352559807;-697774672;417161409;1921898796;1726256454;304329665;478078410;-500789358;680661574;-1177989213;-1933858190;1614257611;-807496414;-1364687689;467985769;201296789;-1830818265;1263660386;-820016209;-261153811;-55831388;-1994858736;194944582;-1044637008;1422659004
558374696;-2103385980;1509289086;-2071454676;1015013755;-1229606664;-35766478;-1118863039;-1395480318;-830515479;1814199797;685880433;1794067671;497066792;1280528008;1046214477;352506198;-1840074407;675197284;1891933128;-1066947236;1495406365;-922260463;-1191525895;31960753;-953327245;1754809527;1874701854;500380098;570655835;-958995724;633666276;371695763;-586735429;-1545377296;934489060;573205747;-2094676858;1072635823;809526385;1333590512;-16742117;1325774246;-1399634288;-1543427955;764785642;550110864;-1315291577;153975730;1716600157;2061524353;93830426;-1075116189;-781950476;231578171;-1019729454;-1224302796;1352835506;1353959103;-1817147264;820115452;1512362423;-1781927385;-1479467328;-156716856;1155081262;150365362;82286658;1662547730
282034464;771780486;-1003832781;-275901111;-642193600;-993026330;-1797152235;-1575340061;538422214;-612049447;1986084140;112988255;586266978;1246752373;1687755174;-1008690397;-520507635;614317877;-1504592416;1382020145;-800469083;459236604;1572123676;-1545729331;1780864700;792211802;1285365105;772828003;-2126199124;260073741;1919549442;1065108390;396428270;635330249;787137650;-1781660420;-1981918805;-502270405;-762210665;1142835480;2134541203;-358952117;782146925;378395880;1190590702;1975105953;1001537100;-220392014;-1535757072;239198315;694411101;-918498183;-1825953712;1117994588;-1319248566;-1342579803
1288901111;-480860108;-715564318;1642565061;1226844684;-2008400918;1227347271;-1121608576;1944367746;-506042538;-703478341;-1477851184;-1962833577;-774924486;-2146458220;554149727;-2075435035;894113820;-470468224;-1050385395;2110925926;-2135489665;-257013592;881527371;342863802;-278442925;-227728878;2005085609;546444135;327327405;-42888122;-1791643220;1963189216;1789986490;-1487586508;-1609249820;1606609673;731484913;87312468;1182372670;-569659654;-1755617913;-791140081;326807702;987207939;1006758184;-914641059;-1910176624;-160954129
605462702;1580750504;-1369909107;1704078181;-1785147634;622289286;1549341547;1574945129;-44359549;616288406;-1101994268;-1446717585;1770989753;1114899160;1906839133;1729880747;1893480672;-1455839500;483409867;-661151424;635636181
-1838457737;-1719274067;424633471;1152780006;-794990075;18908551;2008116347;1912822928;160864178;-1732505752;-1211207429;-308985690;-262024228;-1211978713;246638571;600555786;-1966557753;510947145;-422480044;390960641;-18497635;942480054;2031038725;1008983814;-1257620298;-291186257;-666934161;1343510746;-1255325670;1150105343;-619140399;-903847713;644712259;1447740016;1423380884;44063142;260588838;-1499522688;-1687976201;483935430;-188540556;2048804692;-109908754;-1420057105
1652928493;97056327;-10222786;-204208875;1505360537;-51826161;-1583442222;-670455719;-23810133;-633149133;-30734946;232021556;-1291747986;-1618300311;1322135424;-1974564930;-1099540394;-1229004720;318336147;385859493;-523179400;-1014878762;1316473792;-1337362641;1398212155;1296714969;-1969740133;-242098306;1732186191;328612624;2076450412;-463625450;1308660958;1648001324;-740206966;-1953680484;519863298;-1945124806;1641775087;1543155680;-1827696266;-1607323318
1006741021;-661040241;801569621;-569013042;-599116161;749485420;1780908891;-719175662;1237670372;-541327252;832117452;68031516;-2090839834;410083552;-171593688;1861238646;-237928679;-40719871;-523737623;2096715267;-1388235120;459992356;585184160;-607896233;397752230;2030665771;889779549;-1395551678;340650234;961965886;-1229091501;-1764011090;-422540357;445633979;-314836036;-516430166;-320212955;663704170;-597061382;56674246;256470602;1752566517;-769942018;-1356694112;611067669;-145689962;226445037;-968843073;-169029237;674121746;-732341248;1840385183;464296020;1043889893;-789554005;1715899916;577620858;-1342568514;1810958593;1841865395;767650415;925936685;264250710;-238871051;1941228116;-1144098406;-726510555;658228990;331144312;-1322174599;432876084;1446069270;640735518;1199146171;-2109546251;364635958
612120711;-687060177;1805004766;-2074282978;1733431849;1813704669;1758139941;-1880591831;-230472630;198668118;1922396945;770403680;939296609;-1606510931;-77784536;-183611641;-1512153239;154256730;-378308537;1044996402;-988903212;-508196583;1090177969;1126803264;167690431;-1675389934;696273258;1064057512;899374182
-142425146;1634480119;126313433;-1852859657;866428476;-1038399463;-1527569425;-1423779830;1977703039;972943830;-1896518789;-1373371736;1879796431;-1457037409;-853612611;-1916494358;1633285515;616215947;1082283035;-1941381784;-366918133;-1321036901;266563856;-1110047968;1815848620;2122350661;577369700;1814968219;-1083916245;-2090207440;2052387997;1301233746;-2112153034;1747001403;2013157813;-1537492915;213946688;-1408011581;373656844;495759116;1860949396;944294181;-1217177952;191091115;-1553315924;630302849;1008239994;917799488;-1617771069;-2081701695;-1349777045;1704755591;863977129;-1067456295;-1631292424;954928833;332144085;-1056105649;697570450;-1677745704;1742333120;-1740097794;2064524298;-1814584378
1878034454;-1219579069;1133824312;-1546038702;-241869466;-1438232280;-449055890;-1160407219;1728654813;-406479904;-955860124;-1324011501;1304629837;1477718336;111151926;1572712377;1446483826;-786320767;1447455168;-1338511991;1130245171;-1038692558;173333636;1687882519;-701976537;-1191736465;-1705147440;226051985;-1459165606;-1217972909;-1508944608;458634331;1625804880;-1481523798;231905216;242425563;-272157367;-2059048981;1335756725;1561838480;1626724806;-553450140;-1002388771;-867525015;489630539;-1652936777;-1636080555;-1806865324;477586535;2122987140;1577382426;308785684;-1310102287;-1976060825;1530822898;2010274903;-1572078957;487718693;-551374196;-1489711865;-306596468;-1300043999;70021606;-1470830112;119563697;-1072268780;583176686;-106889150
158317820;1953247852;-632057273;818809512;1719308629;-1360261346;190734616;-657046076;28981638;-912319196;-1437906820;647583334;1318531230;-1101194594;-1256800335;-1064370597;109463871;-1713376109;-1846471809;1562458717;990791642;1889609492;252751241;884611292;1230007324;174750625;-1232012058;-1122911999;1024171431;852085194;-570502161;-1146178065;-329699324;1567464985
871072331;-170036776;-1653937361;1626577543;1224177662;1880456022;466233644;-2010045159;1987223609;-720441355;918325076;-1028448823;1588557753;-781342878;364909550;-152746378;1016476491;-1821478474;-1039925649;-1109559937;-321304430;-170562837;332158936;702437461;-1495056632;245993868;128382299;-1196733621;1306660162;-645491540;926505284;748772016;-1378580873;-1268183784;1267320343;-1170816737;-1279091646;1936233935;-1205608460;532903700;1938913446;-552175694;-107249597;545957826;-1787775917;1768873079;-453599348;-752476380;284044583;-508183325;1790015910;-336460462;814891255;2138570296;94261267;-416777451;-21073778;58487531;102002346;-918426691;-5984523;569881241;184047222;1076373553;-1932664588;1460731196;1851863774;-1038639290;420106456
-1052902139;-387233964;-267445641;748388092;-627117709;-1622864634;-944778383;-685053401;-1838269452;-1177691278;1372844984;-653091449;917306816;-1763339927;1379648081;-1740065623;-1007152676;1003255823;-232732069;-1334963476;678048703;-724234579;-772137904;-122600074;-2128122825;1204174789;-546513014;1537806443;-1590171507;-914140314;787871753;-1204937892;-233398297;-745524542;-27147149;650014973;901409517;-262287107;-755812261;543999515;354841007;934530375;476829381;2114501580;267981766;-330718676;1765429481;-414412569;255766200;-101517782;-1876046537;-1783630154
1843913091;224926363;-1136198422;760829198;-773112491;2066306050;554649806;1801765420;1419661287;-1615611877;-1686303809;-535147487;779250244;405715297;322727131;257040569;-526497010;-1856206247;137583097;-1871336123;-75081077;-1570395624;-1659178024;1090087103;-1721494524;1613903112;-3733094;1252432946;-907399090;1224801771;10835826;-586232488;-1050122840;610841374;-848986980;-487018620;-1026895672;1408209954;1549130893;-550453566;-855745745;137001816;-435101844;1713760572;50639556;370950155;1155089856;-312677666;1469556385;1016771764;-1682209943;1565212477;316996903;-1978743432;-562735660;-1881879116;2145982295;70875892;-981202582;-1414155312
2113922365;718086728;-1110191635;1755934851;-1227082974;1918655541;-1828061664;200719878;78805427;1793930704;1371079000;-656109656;934014982;1520794377;-1198996801;1715889450;2023990072;-926317870;-377076379;-1675828450;836495026;210375701;-596550624;-1132838142;-1083964243;-157866521;-1294518355;1337274512;-1794510089;-1105072386;1388655386;-899962797;-1557393418;363591776;-1548647832;-1067668611;914041837;1202202461;854435691;955833591;150823550;30274239;-1412378379;-680043590;816220271;122566463;-1576630221;1050504797;-2115817040;287072057;2085638230;1572656110;-1765829732;1467339171;-1848697739;1326829060;908314495;1945951291;-1647067215;-2054735852;1446195544;-816083713;-863781991;1012416515;1903496927;-1548341534;-1349381936;1150063613;-1404538167;-1115923012
1357715844;663105609;-1180506751;-740058974;33325515;1784117978;708829365;1775848735;-21999804;-1603256773;472238623;-2127179848;54272119;1598583483;951154108;145390788;-1245293547;484438454;-1446370058;679912136;1320835661;-1588818338;-363714026;2088194773;1490962269;-1442154818;1849282294;1690915630;1905687403;520298748;575501049;-721086419;-1927580779;-1916843810;-135064513;-1328093338;-1307371451;-746798705;1134213141;-491550452;-717218614;-1423368287;-1729599829;-204723309;-1106295772;885948245;-321540600;15359383;15965982;17820442;930340929;-1913175556;-771745886;-114874797;601325800;1887396437;-96608952;-357703587;-666331709;-222903415;-1440446673;446206928;-1168453954;1922506931;1687289616;476681731;-1253328607;1173123146;1290635664;369564373;-734760443;583145346;-771588140;1845964971
-437948432;-489386406;-1108281164;1055595567;1700299636;-1938256633;1679990643;-1385553340;1155146322;1562002555;-1644177026;-1179140064;492222370;302560428;319088771;-559811470;-144211990;-1574457166;-661230453;1681444017;1128007177;1824449503;1697023362;-1603648945;1738803798;1401656338;-1681127178;1231173422;1689139208;2138813772;133222431;-594983597;783437015;114172547;-947363297;1668568537;-1964796189;985468854;1099988617;-826133721;-1326256939;-141227711;582044711;-2063365531;-2078964669;1835799666;-1158991881;614273067;993544793;-825113253;-1986228105;1247460475;310223540;-1895146007;-653653726;510022129;-1986154351;401885749;-734539207;-1782406088;-1851814362;1910017562;-1718918970;-1836035648;1390679631;1650194438
544728237;954279021;1154493717;99449893;-270495982;762736267;-629087653;-2098862442;1499067998;1085496769;-1366632575;969169795;-1106066922;-445151011;1536124562;1070541019;563929540;-707939009;326155542;-1473472853;-1478771153;628851203;-1754262944;989823206;-150484533;-197254811;1254649636;-988984984;-864672654;634307681;-126494132;1799513656;-1031125420;-95445862;528613131;1996165133;-232593876;-261318532;1294770225;977917203;-785215820;25771428;-86545215;-1093790738;910661466;-1442364034;604113344;-95902977;1959687220;-767041489;1860943;-767744027;51679536;985907638;-104683780;-1613569211;1757490319;-1800118963;-1302900396;2131752142;1708975251;-1551174891;52783292;481713015;1591209078;941118449;-176311424;213530123;1552555166;1192394673;1725916972;-591591450;120017423;-405569165
-93190656;1406521633;1878994501;855242828;1368109098;2101059442;-881612273;1308610171;-401393000;-617412323;1740822191;895817327;789482399;1143325995;-1112469147;-993541743;-1335766594;-2037289655;-2078809487;620762814;-165284382
-1672379653;912493661;998075877;291785360;-1422107342;898805683;-1350225065;-1136741609;1362356918;-462574219;-661134719;429352081;-246508230;1181765534;1156924838;137855783;-1157202587;1919911043;-29306740;878417950;460147705;1488962340;-1150431174;-1931607992;711553334;1970069700;685265666;-1309323843;125662848;-543085638;-1397355327;1829408971;1048593983;-1159536759;788183909;553040938;834113030;-911456722;-1015033937;1798674548;-1976328458;1683233465;-872980935;-2070938925;-748785564;-662634209;-1456563014;-374983941;-1851414343;-1111742643;1352953737;1021240411;1614925978;-127638656;-927151265;1791868558;1570444360;1719952339;1663168352;-748107497;2062432072;-819739879;-2039432356;2090481229;416980550;-36432147;1985848913;958919060;-777219275;-1497871610;273946932;-926327603;-372955205;72736207;711602672;-2032733937;-1196205620
-1214303570;2072426134;-2136449388;248277699;385556823;-77346821;-1070909542;1112015341;-678798506;1356747941;-1584531934;-1240427608;-1718083166;-944449921;-152481582;714918978;-1439211269;1624141547;1183412119;-363679633;559495795;841588469;83956169;421737122;279253039;822202059;-708414836;1891191197;440277615;-1082042259;-879784070;-429171637;1054787787;-1434646112;1289336190;1538725581;175272894;1511084328;-1050511358;905772242;1910121064;1355320117;823555660;1068649771;-1408145265;-478863075;-698576091;160762526;1354014950;2137092171;-1964342597;-1093190151;-835057774;941796471;1102697160;-252459670;1598257385;-2122632937;813879538;-936360690;-1870210948;1871443476;1100280692;-1711993657;-198745001;257694656;708487166
