688544668;-626663613;-803492816;1682599302;1764239426;-1894268385;-1280804914;621003727;1000016391;-1107983231;1555339331;527142;-810594156;-466777756;1335419316;-1879750840;-1789334681;-1442168993;824500630;917909477;-122483297;1160468965;702503082;1383552387;-407520490;-368911672;-864034773;231682211;-1643212108;-1168461825;423702080;1714781985;1946905090;1802496424;-307319369;1858638816;895127037;-1954755505;2072468724;-467305306;-330449620;475743088;477833255;-1291705789;-2088096012;729643066;1395077820;1552336633;601963563;789745813;118014999;190220055;-1682801430;-1995842970
2030878694;1374777254;1929832209;-2052772004;1609531593;-2047476351;1451055935;1551915934;1844800159;-1210028066;-900499743;-1441086596;2000658795;-1328633038;-136930957;-2069673371;-720456649;2007614241;1673348741;-85014479;1833148212;-1674560567;698773110;-776332134;736906278;1196592216;-918683773;-566917654;-965921538;-482560284;539689727;1365389046;1422920904;2009139578;57395939;1122379850;-1277586745;-427467657;-771165303;-1819656027;671544285;1989501462;173030836;-891785049;1890934320;-569255094;1582597331;-947335736;1505536779;-1948400178;2088785286;316029068;-84917503;128440185;31254625;-223135244
364894934;495420655;963298359;-878570589;-83050252;-605318920;-2118137166;-13652304;-311329671;-319303673;1884939548;-1648133724;-348390915;-689334490;-1787006467;2054248036;-233125484;-1078920981;938011744;-1004784073;-1060418132;1704799672;849635527;-1447066199;-277118183;623950909;-563909282;159969969;-2030586258;1777411649;-337733260;1816523030;929938062;184425890;25546790;-1728405235;-1709935486;-2038921830;-1271997860
1319096460;8504387;448246777;-187601815;1666610299;1344284764;1197733966;1281896892;-31472832;903702349;-1841290801;-1753925241;859178433;1371567976;-45313784;696011930;-191771412;1351895665;1893568209;1900918605;-119480049;-1753142176;-339952192;-1306406936;-483634585;-115946908;-1972654370;444333893;712408822;-2076105173;-223441506;1101213620;-1412226663;-1803355808;-410970358;955762206;789102169;125062517;-1392029633;676170092;-957612031;-164869215;1194242075;1307712553;10148591;-433485524;1204531252;-1972442011;-2134472401;-188984342;-850724597;-677397027;-1986481211;-1372929276;-255025791;145044056;263281993;-1224830979;1425217929
1988125113;375978996;-451475426;889153504;-854155382;1017726246;1781253239;-1847786038;-776462848;69628087;649095801;112444669;221889727;531983537;-1597248915;-1055443420;-993363808;680578636;-2006309902;879506835;712028616;-887639953;-635749323;711153512;1199759095;784168567;232104798;-1687457300;1509042717
231636301;-724047298;1520726578;-1103506371;-1801231995;-1609783502;-913076666;-1301741218;1447798376;-423899530;-1456132649;715243628;1542892452;-1033916426;1460660834;270767428;1398790125;-1294105727;278355516;-2064779759;1165508076;2011421868;-357411679
1909529718;1952577782;-1662294259;-412313857;-1691243007;-1180480468;545102794;410225877;1232468819;-1704136945;-59516470;1100333135;-1132747397;-1674521549;1948992950;1854868430;247257861;-1891309783;1240849478;-1657917734;1401482344;-1253410336;-1784947245;-578382814;130888643;-120282040;1397743401;-764808255;-1671937080;153254455;-460155998;-597469758;279745016;-1968424048;784376943;-452904730;-719908848;-1215241567;1406544184;685040036;2098292931;-1545358131;110663144;-798419600;658428840
487666113;1943193152;298693749;495008492;-2142278730;1570927179;938965357;-22825406;-1072979975;556088339;1660644631;-532358016;154673873;-1185874267;361262896;1150519997;-1055415119;1235673631;-1621833503;318495806;-1605549178;-452184973;1726124084;-1190151469;2076958032;-1739486615;-1268625724;-188903039;1775204340
-1718820940;2121074016;677696079;-899148166;-1033324319;-1061955386;1991275150;-1340734202;1232999259;-237806427;-479738436;-1823513633;172009232;1263604785;-1358682980;-100363770;1168960970;-1140625723;543216056;1692944553;-629005990;1662368775;-1141750599;-921164307;1667328277;-451625399;1909872377;628924398;-2068977025
585246038;-1442405373;-913264314;2075019933;-104088759;747726406;238985841;-1053035584;-2133140682;-1097652909;2093870809;779864209;661485572;-131078578;617330903;119068516;-95308816;351104299;-1147543234;-1931384104;-1614776162;-327682775;-676843637;-1188306956;-2132738959;-1965331042;706431323;-2110768500;1349437723;395132666;-1129894627;-1321460759;-2053040265;-2048992251;-477486073;81592232;-1257532267;1680974699;1894801229;-1787370782;203285526;-37169798;1188541584;-511985267;1214804922;-576806359;-636605036;-623225311;-685607881;-747793573;-1151508682;-8280194;-187298996;-1485842587;648002460;1296003340;-1781198060;829042637;-1180937299;2081415459;392821407;347113556;1364769732;-1150965331;-1931633730
458753951;2101903114;1403263518;-648134736;-734457443;262283571;881860503;-759374910;362119464;-1359981791;101517766;-1443726794;1294353519;-803969937;-1437213480;835865568;1179218264;-278974146;-1649930328;-1127914714;273727925;-1149060008;-1597078260;1198019778;-289464651;-771700841;-2058205588;-1990483770;135196572;-96465273;-1352412269;1388521440;-889053258;1122502474;-1888937015;-772722465;-854061175;616385980;2135520289;-109198730;-170597047;-986243882;122822414;2077447486;-1790381936;866679383;1495480636;709239297;-268561074;2086533280;-1514266723;-77885387;1918661117;1203450591;63677121
821474585;1852925808;-1514038422;547205399;1564595663;429577343;-1175145377;824234570;-1639767052;874298097;572292480;-501550913;-1241849032;-865326204;966597658;752146395;-436148838;-1729101260;-1286919044;1527520778;858511646;-805522464;-1785485110;-524098298;7552190;-2062757331;3860752;-1827349928;-1211682659;2040752554;2122518681;-901956578;194549122;-411853259;-1799652223;-848173553;679423875;-46454372;775948169;1593027260;1259520000;1047765126;-636995798;234126616;635914963;2044240276;-44849684;-1896337862;1441528517;-906014014;2130853623;979157856;-2089854653;-534916845
-1341937609;1661128017;1776776813;-151638549;-1092271784;1856148925;-1840440895;891143934;334275350;874951320;-1472287378;-150536038;-451841930;2102686178;-1065492505;-1495373191;411182718;1462735748;1986503314;60314799;470898610;1151678594;-1382761741;-639306754;1396480987;1402605936;-1315978743;810678120;1246509066;-1375174619;1004615160;762798852;-1753824548;-495804242;-1718058521;781632533;-538687234;-88642171;1518542891;-1678699944;-98519565;2107208451;61946532;-1484205412;-901413612
788098407;-1068806504;-1575026984;1789473318;941854621;-1477118472;-1726904747;2078855789;545040042;-1565377352;684178182;-452294076;420767633;-1782609227;486175438;-1834282771;1023863446;1667240065;-1976577987;838763647;1715172644;-1079208586;-1990264559;-449857507;-903119375;-935816435;691679486;950645098;-1345106081;429732208;-1447469903;779553083;908061733;115276109;932917522;-1351998578;-784066002;547114732;204706505;92041915;127449024;-499119485;-431887868;251804137;-1706377503;861192649;452095606;842236611;-581199115;1472894664;517582754;1130510954;-1549880149;-456482825;-35005096;1228974508;145315866;-1513079417;727028864;-2128954250;710433062;-260968451;-951307243;471321735;-807331288
-1665663372;-1111366810;865720526;2147264371;-588870953;-697653354;-251697858;-227525690;-158840037;148203783;675063681;1685715337;-922998327;353435854;-1915054305;-1493223103;547914835;1776515096;-1903851259;-1113524865;-1653406307;-573265316;1178531759;-1846650323;1702700223;-133933361;-2044647038;1264612651;-597472247;583750941;-431203975;-1291330534;-828838842;-1779506859;820725252;1326340982
1730687780;-1179170260;-1178860822;106874004;489804869;1094870266;1926243039;1592698766;783247928;1188025113;770969429;-2125744744;-899946703;2095718074;-1491682314;-1001126489;473257555;-294663753;-623016600;-1780815356;1797043997;566097403;1195883490;121366867;114531364;-1338855392;-2073574655;1446364113;648577282;-1078542247;535681756;-837154596;-658633842;479798673;-1922177451;1931608248;-1209488308;1241816788;571130546;797044367;-1109306841;1358554862;969344107;736095929;-1740429987;-683702703;-1469829819;-1687947970;62225850;-1285398725;-1531531361;1391112344;-385710072;-957327336;887509771;-885173060;250498757;113821732;1501023776;-1144221093;-525788650;-923497900;1970645389;-561168795;-151823620;1513216630;-1193557903;-92705330;548967876;-1853988714
1629555091;-1437990972;1202458276;-63449109;954277631;-1615281085;-625757101;1965856595;1493790762;-94690120;-230527677;-1290068678;195823810;-1031346121;-1288876703;70540685;-1572152563;-1874932184;877195150;243689180;-1689016019;-684197831;-19346818;2144886642;-828719450;-1753776235;2040819682;698400678;722026013;1662495061;2113870281;1316248944;2008811362;-557355465;-739235261;-987620034;52197808
-1536065209;-2070389752;1934399027;1250526071;-257766186;-1745983839;148129481;-118003116;153040735;1690145360;-1625961204;-1221054603;-1147856795;1822083743;-638870128;-307012845;1016433502;775596146;221391721;-703853693;-1567878946;-1059625382;371484655;-486706265;1663868404;101795371;798620356;551308455;-1599554092;-2131280949;-1650297322;-565104927;98740662;-1116802740;1122568993;-1112865251;1927248636;-955221955;-285179145;-1721232123;724032410;452672573;-1603305597;226966483;-1730619214;980355792;2085701834;-1843759541;-283329667;357385333;-807425420;-1381055252;266210418;-917271817;-1031887477;514651490;-2130369376;505577731
-451281346;129167711;-63410438;716754807;-1185619480;-1577988569;925950216;-1755318596;-740602669;729782463;253203061;1105697171;-2063768845;2128765849;179190331;-1784984775;1023176812;2066442876;1382681815;-1638938587;-2070449781;115486051;-1427699869;-815929967;1858315769;466343333;316430308;-539069127;494838573;-1411298987;-310479135;-438689438;-1601529310;-133656341;1810941492;-1815313123;1153221706;-749964509;-1875785437;-1140194100;412167105;-2087228636;-150320718;1754016485;641090245;430267621;1983446834;1403030773
1999743948;1033472541;187858152;738814073;-224553065;1453250853;-1255667066;-1841373998;-458947713;845564810;1003428160;195716529;494275482;623518891;-1780511187;387640188;-1797124992;-1154538272;576969294;-444191826;-609943247;1488083846;1848206617;340306703;1009408822;-2129033638;-1301374155;-1825171675;-704333563;-218525174;2073863553;-1412838678;-1296032087;-743698423;-147387302;-141661506;588027042;-681200222;-1173632227;1775160222;179917065;1733113936;2001901546
-287912200;-1892476084;923952043;654602612;232290344;494944870;2047891028;647127486;-604715814;318397976;1140575084;1529677541;1754068475;-765819689;-574680373;-1659980103;1381223810;-1834775124;-233506396;263155488;-1988302564;1609236483;1509908421;1292729346;-1749769461;2116070595;-172270307;755370119;121281867;-1517402978;2106833790;17371012;-1149805834;1116307369;-2068133724;-1858642126;805800936;1718135343;1935721590;1571857440;364768934;1215474369;80506763
1103555707;1065407889;-1634763281;1275751467;1478972387;-1046863616;1732833830;-961923025;-1434331859;-885747852;1778623600;-2067754003;-190503589;-1119690129;-547390898;-477798989;-1675695284;1157753564;999821893;153291811;-315761892;-874902868;946071521;1053072349;808428491;-1512129631;1473459196;-1649924995;-179465444;868167529;1912999231;2022787271;1391793087;1050172654;-1492808471;1224078881;752314801;1514802924;1887697871;-571267263;-1359064861;1257621443;-1190900829;1908317734;-1590074855;-1922593138;2133418104;-1406809781;-587046379;-711591565;418508421;1962493978;825548532
464384040;-2092449122;769114071;-1983600090;-20514770;1967261821;1694345925;2144923129;21292113;-875713756;2125161679;-1111534760;-1332956159;-1284864189;1258393716;1837346394;-1301313689;358805884;-1445368249;354715224;1903954598;-142247338;1876591566;652999944;-790310557;-517833353;1359563949;-1735945526;-1317902713;1895231506;-1775412732;-2014880702;1797264451;-598662498;-277904364;73563430;1265543252;-78419512;-378072536;-1675101096;124303495;1275323049;1565981874;1591756087;101198719;-451426757;84585907;1070918193;-1671099978;1297874953;810804064;-1724285796;890362561;746847269;1321310466;-1870033466;-678817065;-1723670433
513617226;1339774099;-1507679053;-752835628;-162105179;167414520;-1378894078;1467037835;-1210052600;-1950212170;-1480108539;116623822;631080046;-727264853;-1698615426;1956650096;409735921;251981740;-1576153681;-1868494089;-68992679;884996996;833908752;1537870391;-1104531466;470481212;-1985746117;-2118544324;-2098219857;-506466660;100961323;-1425580691;-1956605094;-1450092814;283671205;931297261;-1227331763;118001425;2071678709;310626628;-1497427404;946896284;2041106141;1870640702;-456276956;1100741508;507381194;-942921453;-1156321040;1542176974;906439753;-79800889;-1715091781;1982847385;-1583344968;1135993043;-1520240178;1438443359
-454996987;559806891;2143138426;784682754;1877069220;-44506270;1531826154;82049680;-1003293225;-2037463774;-227385515;524172702;-23280058;-1454045422;-1781390002;-366163464;2050826241;-519434911;761169369;-620229193;1092594592;-595368037;-1288494290;-21830481;-2018926676;2069831998;-1106631491;1419406635;1922107709;1925253005;-369137038;76674012;-1200784668;121501859;-1455607750;-1997722867;409617866;-1690005558;-1496259132;-576052965
-1502362867;-2070987124;2090838564;-886938726;675628555;-1243955692;750530814;1671705502;142263821;1821394036;1789666155;1950372130;-1491446949;-1617862891;-486642294;-193372627;1035439051;-878943815;1011923087;-784938627;-1718855014;463375293;1651794102;1969930082;717054334;-1783841374;-317172108;-726940440;-967614725;-241990967;-594321681;-2044042949;-1221319179;364344189;825059248;1376614727;-1678050682;1527460663;1006494103;-691650146
-1452241124;-1889511665;966191775;245818519;-13729591;929018241;731212499;1062655304;-797042349;596369933;-1926886502;779208797;-338913143;582279543;729783302;342358052;-999213957;1765882719;545615366;-245339300;-2072423104;-1283090251;1398899143;-1979103550;1729513714;-1041891990;705397590;1361257451;1013167101;870362475;1066368649;392855892
-458363702;-1565430497;-367026249;332814484;-1893789890;-625409242;1537106079;300079188;169511629;1996709276;-1099105730;1049895452;985268679;-407996583;-339635074;-1232604530;1877637110;-1802729429;-1658051755;209899376;1019094802;-909397438;1720914525;1014762930;-979196294;-241131058;-232352349;710259631;2024102433;1711866598;1817686974;-927351885;756767942;-945491541;1918721315;-1809155395;-90089113;1962199213;1529029816;-1695797371;-1111816201;1513812365;722628006;541720000;815874382;-1541956638;-656399757;-652682847;-464986528;-806453664;-107591345;1551837091;-543435087;1938097719;1169295789;1194333317;-1937681912;-750151496;1436808981;-1800017514
-761607362;713667896;978772274;-1126804695;-311446197;-1512748732;1037320076;850515621;489734385;-1727550343;2147201964;805659314;-844980878;183071740;-1409334085;-1513548877;1086011434;990224875;554192766;-2089978682;-78454867;-1411910735;-272738272;577300537;2132931884;-2124332646;-507333581;-1001479365;-1029844964;300532649;-240234248;1756180694;2068690968;-85831767;523180510;-2124566500;-2057627386;290645121;1756808008;818692512;-106015367;1565923020;855965075;156588072;-48506026;268841641;317936727;-296034144;87776953;876226254;-678871572;711947600;1690132249;968723683;-1379721425;-383446959;-139371863;2039505677;484394885;-1712328387;-227453951;1433422536;-2052052705;-614094299;973966845;-1766432519;1638093183;640387015;-2057461275
455140923;-1268332288;1888113614;1817843352;1759488513;-122398337;-332019393;-223108333;1158008282;903152571;731776534;166058245;397349554;2039893542;-1267739732;-1713319091;1861549847;-514885726;633239095;-1375884563;-1658966719;-674412748;66507888;-2074890279;208008530;318677751;-1947536011;-2098734320;-954337314;-698408366;-1719863057;43568624;520047788;893128557;-851513993;1257960134;261708222;1086557152;-1311823563;1635619492;-1171745138
-200341302;-630524809;2097135514;1417912688;986462319;1759697240;-1034797534;-1699693868;-1722619042;-854595038;-908670928;-2126814135;1860281712;449702468;-1029341992;770221299;425556743;1610597335;1730478273;459733989;-1372591315;-30293774;-1743888669;-1030411378;-819611651;-1206548931;-708333167;27641971;750281025;1982505668;-590227526;1516273438;-1046338212;666880269;-2096776597;-1084406443;-684282774;1134953835;1948378775;-853218673;1559806373;934315412;-856588518;1793440675;-1568162038;1420871025;1365363451;1310862786;-2021290181;1330132277;325837809;1487586471;1405118887;1910877361;-1693693656;1335076876;-1594250009;-623493147;-1025877436;-1075209121;-1319797909;800475353;-1787953498;-1041149259;-1072365995;-1224164690;367131885;-1728625665;-134778204;-964161041
1264946043;-776182635;2049275436;-474366776;1345877100;1610857797;434102473;429731586;1531031308;309233306;-320447213;820354359;1681219777;2058193252;1142273427;1173027779;-327449713;-1185338946;-1508695385;1617756318;-1468839730;809510330;1900727885;1993456793;1635611420;-1835984324;1160921410;-740424472;-1308763244;857535014;-1315173045;-976457504;584291903;-1272011851;971720913;-2135953408;-439719478;-849944534;-1345671245
-1853911431;1884330412;1593081175;-2116637607;-1134630821;151880556;-422226942;-654169347;1828532415;608694282;-257571479;-191277721;291947238;1441378871;104550536;195823325;71434233;-1955732582;-1869944655;2147341348;-1054900675;-128076297;-1310434841;2061712195;1749120900;-899239282;412032620;-1101296756;1757883110;-1047852095;-1343850088;-510473764;1572873649;2110973176;-107222037;1625756961;-629758051;-923814712;-475769754;1363234588;-75524540;-1246681774;-1027255530;1296633191;-1206799408;591206121;721273072;-990374215;-1190327051;-319641353
630321257;-1271475679;-604345056;1334619691;222838832;834473970;-1157355353;193506276;-1558378958;727251688;-908802031;-1020765730;891286335;111002203;860711175;-131132745;-315334827;577576623;801021568;-869738715;56730729;426380997;-1528212705;1482721939;-1668816538;1003845812;2134961625;455402735;158296438;-775446088;-1290232614;-343265854;1825137535;-562777750;-90182999;-2128341888;-1021551121;1029289009
-1458292191;-1241523524;-1642934024;1739931938;-1568718864;-1464461402;-1569544671;1661667937;-884772958;-1486645569;-276954696;2124539291;266948777;-1206375636;-1938921237;288384760;1484242634;-438989267;1443963577;1102673166;609900012;-436486054;1879030250;1716311500;2065844019;-1606173906;-2088097218;-162978407;1675029325;485832393;-990237463;1369676988;-368269813;1686931441;1448761405;136070909;-598872269;-338568615;-631044439;-1064595060;2076939412;-5027034;1037711585;-1142926558;923175257;-918050898;-1194137762;-281824666;-1049176414;2088227970;1326151433;919244433;-1101495984;-550952786;510805298;1999785556
-475854530;1070759623;203503864;-1733761797;-1550896892;-15026495;1956691399;-523935605;-1181052775;-1848512543;864701866;-555417839;581640864;-93909604;-1329222893;-1557059723;1426952273;1901191251;88200220;32873886;-1070423499;-390315834;-544216336;177163523;315390254;803008202;-1684422550;669296770;1670894522;-141220038;-1553734405;-127683728;454943608;-847436501;-1016765488;-961607696;1988065002;-862256542;956140595;-454791544;-450724997;-1228756214;1999793456;-939730191;-651748412;-833300319;1667819388;2020532781;-451281398;-1191294925;-1150191214;-298189345
7839691;1850944031;-99471146;-627358470;827963173;-1812974432;147382506;1601070790;-652134488;-482976696;42531339;68248482;-1497905262;-1253635802;-1035358570;468055745;327693429;-601779321;-1271109398;353358689;1367757025;-2028183144;2033173051;1456092427;-873825950;-1256211632;1915392677;760197144;-1880361812;106920076;-1608552828;-1387264393;532980500;998174075;-1328929534;912786604;-402935486;417118523;-1731324944;1892395803;614220325;1618631364;88433882;-23910522;81282086
-648116395;287269587;1189537183;-485964980;145128602;521348882;250698894;424053482;1903413336;-743824961;165148037;1523678998;-36758843;1023886915;-624648731;849553937;-1317795851;1084773568;-1340121781;-1937107317;1783980143;2076477709;-1395887543;-531251131;-877265155;1027126783;-1931278760;-163681546;-73392189;134435050;-1132024563;1706623858;-997026669;-1669910169;-1686297973;272985865;584870527;2071202134;868023609;-104338131;-342567761;241162534;-2083961165;-706449577;-878284685;2022499411
1742539562;1698838171;-1217664464;1611289878;-958207273;1920970246;1185064678;-1018215582;-1109696573;37041016;1746591932;1890793451;-1181680793;-1452512591;1721664920;1994868849;358797944;-1115411270;1608096965;1771858912;-2097000889;-900561023;283316469;284235273;-671993751;-1045519704
728783508;-1317032806;804494745;1295135248;1810615093;941145310;-1064650019;1873421070;-1957133026;1399919593;-811832146;-576309506;-1133829708;-65449536;-1074981174;-1440364392;1110802052;188898975;1994627465;-2045776042;-943419272;547426333;973404721;746955572;1005303365;2131000461;1108458633;1363925176;-179421657;1282646183;-1784233557;-2098407119;1183781584
420266014;1449155395;748274589;-2010184650;-2013353692;1090396066;-1871225845;1796710214;568364879;662115868;-1772831128;797504578;-429530534;-1983033635;2072475085;-1297691867;557782069;-2063385618;-1598475445;-1683500183;-866911391;-1749088514;187787875;1571649892;-1299085698;665255781;465027259;-1736888849;-1096379103;1846043749;-1711192817;1446773832
1940524978;-599416475;1361562169;-1564907050;-1581202380;-1833386876;1278672505;935107794;-1324145398;427327142;34818385;-183983216;884447442;-1606046356;-2124915838;-1068345700;-206136025;-1587932399;1760253797;-1470659919;-796897686;656237794;670902356;-2003700152;919349189;379428077;-1647285176;2073384049;1281769325;-507069704;-1950231613;217497830;1339917094
-1164174352;1643821405;1295694092;698154290;1496254216;-684281826;1159743631;-228295786;2008217334;-837207084;-97579074;-870995702;-455107;-1591414617;1133299913;-1000323596;-1342047463;1305949833;908903360;1276311146;1502859492;1224061135;-381421407;946243045;-1878420549;-359527676;-1990347376;369963572;1948080737;-1011007750;-652841624;-1476972108;236464738;769697825;-355046798;2099046590;-1612647813;1011120155;-1807849101;145916511;739657529;-2135924593;-426483477;1311760462;-1544239649;1972143676;1738471580;-372042214;1837515148;-675933871;809661768;1710416803;1286872733;1503391484;-770040641;2027545290;-560365489;1164810305;-1888135656;-46506900;1561865385;1450111500;701499966;1943402635;58542744;388078216;911345838;1324596686;1244749403;-869976143;1851356286;-1829628885;155265057;-1749705944;-3113568;-773210398;239290607;1489424197
-1104019028;-1678192185;1881956722;-955501237;2145740084;-817553146;1060797878;-558939416;1468649158;-671370739;-484135024;89453644;-1963598011;180929316;-2142807034;1660361073;-54997662;-429656678;-842643204;686917640;1894330122;2005552176;2109457865;217799288;1737647648;-147903562;1842956551;-1564042459;-1807768468;-752205322;689149866;-1680285707;2124331730;1973581521;1778501971;2102630927;1629759430;1624525736;-801653274;-645194267;993859839;-2049684227;2119817305;1807198068;-1942793110;-204178855;-1808723249;-151265590;-978174879;343787631;2095300581;-1548705592
-10673791;1994952010;-291631063;181166439;74811394;110009236;-2117717310;643753109;1258241916;-1236353198;1843765003;436676532;1333141427;2126987101;-351076899;1455705089;-1718127093;-595286925;-1104255875;-833010530;1108482342;1087335941;-1671574824;540821890;-961441071;-2048933809;-438033904;-1625946704;1425507360;190144425;443862839;-45550421;-1666930730;1591971101;-1023570343;-108223704;-2015029493;-335177672;-1006829121;1026541317;-337005560;1166686757
793731705;-1930240139;-1307505161;-1725464835;-1434425715;980343733;-898188731;1575276919;-666072885;-2062515567;333553659;-1442906688;2126135348;-1209454317;-2014698897;1784491786;-2094850698;-1998910028;1098308786;-1069591653;2048586334;40307897;-443131864;-395718192;-1319273333;-1154722087;-1843062693;-974583452;232752996
-374861813;2041914610;1752938827;755363102;1504760713;-1643970632;1182957586;1709644849;-1465770940;-711515235;335007917;1824102725;-1241484892;-1589894284;-1967083991;425287080;-1092351210;-1748118142;263039964;879849012;1407074151;-1268829635;1399774942;1496834480;-649899;-99034282;-179244361;1316579701;-1098593949;-87388422;-1217768103;-264093612;821320941;738855763;-1294291376;1877779382;-890273157;2069767764;103683383;-2110047483;884177753;1419582902;-2095531154;2091389259;355056230;-1433312451;-1294533367;-1166605033;-1988599764;1768450367;482938122;1638191783;1393943601;-1331481754;-2136952621;-1514529725;1499299724;-277303372;-806699307;1964774630;1969695930;1863719879;958747789;2062201124;-1480634190;1781135966;-735119439;370573895;751264054;-1125491429;870979238;1146527674;1464474731
-1095525324;390677162;1851991467;222832737;-1644000644;-1852835862;-578610278;-1036205559;-260976344;1533185046;5667703;-1198791844;-1076571420;-1742596613;2045175220;1283545008;-771076594;-349715658;-340551737;1810267412;1984470185;-274642150;-1342755006;-1049998375;-589725802
-283243999;-670838189;-1276450555;1675040215;-1798186910;1645881568;-998409688;805251435;-1305201957;-1821826519;634431529;772598438;975915847;-565560408;-1892172706;-1040380023;-2025780831;1232966249;121775035;1152879711;566635189;-486088684;248824199;1947566698;-34589709;-1150368726;-965133997;1459942591;767709317;49864077;-150772698;-1221040274;1727949732;-865896378;1543267581;2014235877;-212001753;382587778;-1052372878;-1237162603;-1373620900;-827440162;492870586;1941140949;-1359146725;-1265519132;-1444428076;2022569479;-1667700969;-1947052844;1669068286;1163370744;1503839607;-1525982810;1419701867;1382417548;-1405354332;241976911;-1823266253;789739674;-1994842012;1315836227;315094923;1207705621;265472040;97584443;-129247435;2114345067;-713103199;-470656713;1482804793;969161521;2065716376;-1099643706;1701682901;518526463;2013504255;-903375739;-1472848719
-2114076606;95159012;-1027862442;-1007232690;-1208893214;135321904;584539617;943955876;457754949;43556044;-2097978637;-2082044620;-2074075449;-849425214;-279003157;341730515;-241256940;-19598470;2100428887;-2021740558;1243927224;240685256;-401353049;1200656967;-1323463689;1454317611;-849813725;-1846531157;-1360835879;-163201197;1349000734;791217221;1856345481;1290156259;757902699;-299688216;1531952095;2037086072;-588231408;824462778;-1705690821;1243325674;-1350448327;-1853903595;1744953236;-1611761199;21329775;-133732175;-1405542448;610959690;-436398839;317927170;1366360917;992761083;1257767138;3143390;-546657569;1742148947;1093893708;1798568802;-1863096684;-1755471338;-1946263741;2042368534;-585712811;1015568152;-365790235;1367719759
1670598984;-1169576671;74165460;774293488;1945993200;1807433390;1853908676;50924213;2053178938;-1251341249;1427997366;-1484373052;2058465525;1085980148;-1935960798;-1768671393;1841726617;-1771251693;1724487934;-901884742;1742710664;-993488393;1686154668;-631740395;-1188418410;-916543416;1931169555;1038211596;693600715;313957996;-1587188726
1148618599;-216325316;-1861419267;553894603;-711421147;343641338;1072762058;12213265;1940710340;-1856724861;-2111361556;-391007143;-2103359294;1728190400;2020476378;514310078;1451164266;1442683746;-381334351;-315817745;-1675157999;-1146674226;-79016176;-1239558842;-1413360997;2055075156;-536737726;-1889800680;-1742167740;275819431;1697135266;1704299342;1422605981;-1436678007;-1574098373;397232948;353077203;1866955205;1979833774;321823632;-2062743497;-1336833438;-789771944;208164854;-524758279;-474107115;-987690829;1820819803;1920906551;-1010024969;-1586656771;-1029506329;610862134;-30658185;1642975254;-1018148850;-1951888402;814380689;624864942;1515735009;-183344693;-1976521153;265659551;-994883168;1080139697;347564592
727275156;-726971583;366394551;-1848837127;1928119579;982707546;496718853;-1369712636;-435001084;1152556514;-2047503205;-936539851;-1716783844;2089912262;2113627897;-820941590;1348362761;1722820926;999074971;972227911;-1357418923;987878485;-728395739;605345629;-1813869619;-878759000;1026106588;9996168;-1265709556;1869993837;1549928792;1715591192;-2001949102;-9105737;1855848823;-199725518;864270489;347640055;-1954235499;1533444344;1141732842;305511366;546911481;1657853671;-469489684;-1359451936;957903249;187086209;2028546493;1548263539;685734626;-1756453077;-472905212;1258466202;2101205561;-274777257;-470240698;-46301;1127809574;-331275035;-1508626567;1627526808;-1038591190;1680497350;330624982;914376573;-1302796369;890773218;-316372493;452097237;-408767688;-1092088004;1491493136;1250427627;-146177832;-804346542;818920112;1446726478;-276468504
-1844242069;1068613916;-47745549;-861646263;-853151486;1480824195;1633231093;-617498714;-784005196;-1992646523;1177922757;801579583;919410895;-1777298950;2063501518;1958590123;-1864201079;-546263333;2123629317;-2060460911;993810703;524394172;1274437910;-796544554;1234395358;926944666;1478678752;-1682764802;75031122;888874455;232987683;302623691;-1066677124;462431873;-1168282760;-2138536150;825101624;1435671002;1738433665;1639664975;1373121661;744681492;540344160;-1949595362
