-199649850 1229716268 953874838 -134588059 1809775962 1072229965 -320793044 -22276095 2064907846 4361116 -1848607951 123735592 974041708 1583923192 -1184617790 435195667 1393276375 -296396390 -856687417 2005595983 436804552 717642142 1531046947 1927955429 -827121394 1823300035 1362002727 1082226618 -2051461222 1242106478 1729305414 1847358264 -1657338030 483003636 1527768079 -792452562 239542309 78949912 -177805993 -585292812 1368430943 910509266 562852021 1212568019 1727285821 1555380562 508081714 -542193757 916572100 177928259 1628532801 61952692 1561752526 -75540908 -272770324 -2059572495
1432823795 -953783728 -1598809534 1674336851 1140330843 946140235 -509512142 1430303225 -1949576495 -1065270925 979472338 -750415521 -202009303 -1163839159 38403548 -462063476 1106311823 -627892818 -1159764710 1555542296 -1452607613 -1074034283 -214916344 445697535 -372197339 1087907577 -974684488 2103104695 1334908338 -1885122543 -851901451 1907254147 -1564385202 -579596350 -304223061 -335058679 -258047741 -29805227 -1713521531 -2025504478 -1922058231 1273327465
374295281 -1461683385 676176427 -1303578945 2065976374 473643289 467266755 1314693510 -1020512796 -2142829740 1815941649 576097099 -167174672 606496390 -647153512 -1563591198 -627211669 -1078595199 -481020486 -2117225991 852175314 114110746 -279128027 -673596804 584004772 -273865682 -312089203 -1455406534 173356085 705915877 -1090863205 1717403592 2091145922 236567610 -583211996 -1591376987 266803396 377311418 954776734 -1736260449
-1318950517 2006151375 753307252 1079632127 23336111 -655970106 -148949317 928896210 -1090467958 -1048925681 1566718980 -1537201478 1014533281 641571873 -793332930 -22074867 339331492 -1906589669 -1462851751 -1963139429 4579758 -1047431249 337923883 1013572282 -3721270 1492973406 538590615 -1364576609 1269192121 -1742479387 925626348 2093988079 -1283179791 909409014 2083413642 -1393879915 509351913 198283051 -411667509 -93505579
456326967 -407532257 -1254053727 692070698 -1101748130 -759534984 -2093790677 -1349434323 1150301222 -1673056279 968779707 716787882 899010895 -384606839 -121366334 1587696063 1182992383 -1541742179 -1196010962 -1838342051 -1105846975 449423605 1091385599 1198754895 837794224 1403343254 1815579161 -1285748358 -943995025 -1190337639 1166617436 -344298138 1161149275 1489024082 -916899343 -1075740420 2022423940 1331877811 1354901990 -1391891823 -756587304 -1891449870 1049348861 120927267 1478097440 30215018 -1292876096 336196065 1674933808 623005886 -1922405415 1887587568 -977621158 971430211 399301279 743011948 -1659344349
1908860660 -73152852 1656635705 -1283581779 1626686285 -693400374 503421091 -1801919324 82430225 604820065 -1186852806 -949463433 695661095 -19720296 1562257751 1800859517 1900074954 1585990495 794825677 697736532 1348389535 -2028698632 -2034903527 -694644733 401987592 -1899873351 -976796456 766103134 157667514 1690506767 -2106622599 1587162286 1059562636 1036873926 939972658 193563024 -65722478 -685030010 -1861909193 -1068403427 -1128295318 -1894309984 -736736983 -1950374325 -352624683 -607376886 1714687180 -2026380654 -685952631 1836751272 -974900227
902633028 44169165 1045098466 -1196111757 -1038991580 778506496 -1560936350 928397774 1250615861 -1919710206 839751895 -1349978933 -1276571573 -179737329 -1184736254 1456771274 -1022979054 1448413540 -154492097 -270671674 -1955647901 1974218497 78677241 664529591 2103559128 1313965232 1272270431 1859809592 1698582434 1321166405 -1301912489 -1054280854 2002759577 -1938964186 -1848983629 -2099296489 1270717844 523941133 -816875358 785330457 -1784387078
1800213864 1942790141 1653951385 -1664391983 231116881 145517794 -918857546 -1236742613 -769767198 1827915431 -1953596060 1853917900 -1802742702 -210719931 922682137 -1810821552 -1094393544 1687556984 -2011595395 1172782205 1827971717 -1224952668 498872453 -1390356532 1545893299 1729330423
-1228352472 1987360830 -635884086 959076080 -1581280779 -1011613613 -1775585204 -357872676 -1715649197 -1126421305 2009612385 1226004836 1115491747 1782317130 384625095 921615317 1510179145 -1379746853 1358156666 893687422
-1203344258 457631066 -269100413 1800530842 -252387283 -210086902 2311920 -1453082744 -995461621 776077082 -26552815 1217453721 -1763099169 769396071 1526606848 -1087277179 -891413825 -329356351 -677848450 -927907875 -410460917 -318041649 947293702 -783235692 -1040742499 1537814831 1792440351 1259414720 1523856446 270512865 714771186 -2038997598 1820871515 695183076 577133083 958432995 741278455 -1275885023 -1282755389 -1410310112 1421629667 766674568 1917340910 -1623717720 -2007172051 -152759944 -255524847 1422581380 1801902550 -1229288348 -2068540185 718522807 -1921433402 994429875 846135940 -1768065082 1810288900 1232119782 289117353 -1331410054 863152673 2100624639 557416794 2071004387 -1173517067
1355006894 2032625056 -1160321907 1726542707 246894565 1621382494 712043107 -1788481462 1306522815 -155497826 1861638607 1823006599 -314474997 1658518458 148072126 -1731489732 -2043155331 878550057 1605036961 1610169493 901961412 -1488377343 -1148452185 970292469 -285390884 1082691517 910917165 -1749235361 -1291538784 1257152064 -1776814987 -633262825 -207179102 333456153 1888899734 21762184 -1017707969 -2137874680 -935318861 -1753727640 -211063315 -140418879 463221103 751141145 581821654 -292354065 -629367137 -1963355822 389621418 1007006843 -1611242175 -1390930178 -1198637391 -1378327027 -746621267 -1785330844
588009426 1339131146 -225799289 912513963 1669407872 -166594301 1180870095 -1419667871 1079746198 781651641 482428392 -1944401481 -820655896 28134906 -394095895 -221991713 858573658 -650128973 528769977 1511393115 -816300053 58266275 1160400302
-1955376139 -1919342255 -70717066 -1864531408 1342192050 278510399 830386746 -2097287206 -541938174 235341664 -1128383745 1612539235 -889809302 -1241987642 -1842252208 -444943789 -1791755424 -2037592417 1591860250 1875949623 132244165 -2064597918 419248598 606075389 -1601319246 -1490617020 -983803668 531713153 -1927945098 -410581007 -1570560170 -851805081 -1867513889 -557865096 1747469956 843513130 -986171720 1377669766 -1001642881 1335096693 -1964666733 21479894 1942356817 -634372943 892073672 -70895129 -797994333 -953803297 2055119037 -1430307856 -1451360346 -1719798873 1041662055 -2120084975 1201774390 -1480199761 -1693158641 1614146250
-1002655952 -812696999 1022785456 2104173653 -830388537 -1332117119 -955301027 369783985 -1065017464 508326632 -1629359448 -175302340 531149657 -1264082481 1242752277 -1100966910 1336796796 -337687455 -1747261297 -682519857 -591412115 2092841462 722728020 -1814118123 1165538797 743487893 -329113808 -1395895278 1254982750 -513637189 1329153261 -719211214 324320849 -558790054 1536364297 -2039681359 382161245 978576932 187716777 2126364292 1997565234 -1108375544
-2054917255 588252141 -1740222468 -741009979 -258017124 1838447532 125936125 -496494364 -1029655843 239428965 13940307 -15169166 -1391979281 1132612851 -172152295 -544938010 2128547186 -791284111 362648572 -1339020716 -1334725805 1053793483 -1276763837 1217277732 -1852255117 1142490513 -71598322 -1588058364 -942912890 -440828402
-1519834593 235616829 1122178457 218877284 -1129157490 -1192845145 1487448362 2030634596 -1780890097 786223828 1490064432 -655013603 1561100532 117101499 -1914627424 -668339782 -1732533155 -1348295587 -1564417967 1050735900 -1634325079 -1683754455 2132214150 476336090 -9900759 -557398110 -1740922676 -153689719 1590884886 -1564597441 -2109538810 530135100 389607877 -596469615 -222663994 -1208938418 1783658008 1978884011 407875549 1690471518 641769271 -1386318147 -854542283 982935962 -571779968 -1963542014 1970967773 1327019072 -1816215365 44635612 1651256933 -902840222 -257075822 -173000900 -394119317 1820551913 2011042367 -635937209 -1985530763 -1203181861 848167302 903558966 251374849 732404448 -642309402 1684397437 652728795 -28323071 -878693621 -1244041937 1986618541 1311001267 364644230 -243743072 1388645596 -1788620012 1853256127
-487766639 667982195 1106763049 -55606538 -479452907 -1876504042 2143820984 600288275 -173007519 1141689142 -389276784 -711273879 1501603317 -826102706 1822516478 -1913825037 1448632040 1517839764 504739755 -875791352 -273642176 966038471 1202198542 1577542843 -735432573 -1801495509 -974907870 916164228 -1321819763 -886012719 -1925236135 1657758495 749390500 108023068 -550777393 738209972 147147977 1454295679 1569944002 -1109991881 1189160528 -477246069 -937477566 1005126161 781430451 -478833880 -1831190492 419577599 -1148322910 1808582178 -1122574788 262933306 965149533
-649196086 -62372392 1945440326 -1049501810 1177785908 1601519217 1555192241 1223213595 1437664245 -1313336571 34723326 -603980031 -484140331 1238665245 128358890 1466830311 1986049882 604487471 374429985 -1834364241 129717118 -1144164538 894229527 -209370957 1111794337 -1439857694 539721495 1236823633 1731655872 1107969564 843386523 -1240736599 -668897049 -1060801522 -1204448034 645461925 -1619917084 1309993585 -1996297041 -2138828231 -669312963 1212531846 -343396984 -847027477 -1873051549 -1263069638 -1893514017
544195622 -45898620 -510504773 -1754513559 258343019 -320585711 1152618377 712613430 -1649045475 -2041928157 -1632372433 -667708439 836148577 1624181686 -748300959 -843631275 -299560435 -1593264412 -684072140 1308805942 471702362 -183743862 15394288 1140277363 1052423383 -1362057174 -543904983 202092707 530771616 -1008366574 1424809488 1439488721 406381264 515196862 -941278202 1050311811 -206533069 -314753414 -2006712718 -575612679 -917176256 -104921013
-173215566 23369285 1168531215 289395224 -1247924941 -1164364317 603863523 -2079542225 -1147108086 232078013 -1584284988 1117693147 -2128192495 1069878124 -1149513096 1828273354 499753967 147884469 1941094062 -2029172250 -990904092 1773588990 1548404324 496295402 1963325124 1776418300 2013124744 -1349963207 684810819 -215490895 -147066654 -1561168662 748405364 1351082389 786589488 792646439 1979258507 -1580886765 1458998418 206525623 2113426410 -1883078602 -22922456 1631476952 -556353446 1550926244 1702312953 -104012718 404716696 -395892278 -353851626 -1566523192 1656072980
-1036541442 -1269854896 1910382324 -119470864 -184344508 550963270 -1422135458 1754925849 1065388655 -1344472483 -1777218825 -733367943 1633513248 -1189217546 -1774254170 1237539907 1806213754 1796449716 295135900 -972834067 1361276861 726668623 -1163858792 1828876582 1631699252 -1751795799 1253244519 -2109678841 1495949905 797953822 -1691938390 -905682808 -1216954347 1484862751 -234722853 -417461195 25414581 -1283182079 -427984495 956848416 -1843666054 760184338 1833783299 2101308441 1666967016 -1591623699 400022218 1145515036 2134102818 -793371633 348389354 437644810 1829085324 372877737 132305938 -103700580 99295922 -329064265 -612404957 1631116692 -1370082968 -515287727 -2114506514 -1477459660
61690944 -2074849214 1702703348 -239979292 1833186515 -1111409115 -448098194 1731128972 1620538355 -733275296 1437903773 1349410448 55700597 -1311887808 1701517638 169990675 532136111 1280265883 -197209931 -479872611 1857734989 -1884189167 -514333012 -78248710 -1327063707 -739794797 -1814714984 -1427670686 -1669560376 1588906281 -883198714 -540520999 1137245594 1728663279 2000700500 -883009064 -985568732 -1774010784 -1673696085 -1305574867 -1601018904 1230535382 -1126875604 -967602145 229875445 -847158191 1199090793 2036913877 -560451460 2036831606 1912000022 -374387977 1315370916 298548699 -885513217 830075029 1133526938 516414593 99801917 -916929720 -506269973 972840609 -534479196 -1689813866 1469372437 1979508395 384879487 966253722 -334037158 -1732264053 -2075353730 765810916 -481826345 1302675501 2128029167 -354789987
-1000889533 2075320876 1886211311 514825311 -2140530875 -1722612396 2042529955 -702575596 -964015431 -397850307 -1599778293 -794415810 -142083916 -143959383 -2138719199 497706786 -341165664 -899263305 -1695126544 2146901657 -1442669506 407502747 -112196814 -1731529249 -1813361938 -1845705071 -1342828230 545502634 -1126842066 1243912462 180596244 -1586580610 -563096224 -400544968 872686569 -670512833 1622481615 -1989195368 721570472 764260871 -1043013645 2141205518 1388280291 -1889542086 1244482804 264451076 1594701046 1557078230 705455724 180675046 -330107538 106274831 -1455949711 1193463249 1056683943 -624418022 -2445871 1802862474 152907190 158305097 1435817887 25559473 1369750665 281998935 -1840011026 -766219211
976949253 2105141980 668475914 1151208719 -946050843 -1223594798 -929450470 898276517 -1811945868 -2073250551 -1898861704 2142446286 -432693138 437564751 263619803 -475113832 2012200798 -396982262 1129830217 -1791653886 1893216372 -1568573059 -653569006 -378333983 -1792195942 -215621303 1800142335 449366023 -941457208 -2052485065 389742027 -59079007 1917083031 -1215375820 -889927214 -2004095008 1811055636 -1642634084 -1847290616 904254170 -1225924137 1471975611 443234604 -691888461 968146515 -527779185 -204599236 -1649463049 -1774685330 -586818605 -1716162261 -1268799926 622697299 1427735352 1120519121 1366167875 -495925369 -134823947 -1116119006 1527987091 -116976326 -823737982
-1287137939 1700999903 -666816609 1634807832 935245602 -2056475906 -1188987237 898337409 604969226 282101832 -328809518 -1458861753 -663755350 -205543700 -1271017866 688179890 1775471123 2083538728 -1053980526 -1713265506 -750393208 -1374833374 1788470348 -1157807506 174346595 -300279305 1764874602 -2031276480 -1545492936
-134138090 -1556235934 -1886975174 -521100091 -853062171 -1767376893 -817640739 899111179 2076161557 1509901357 -521842755 -1951947855 94025238 159349746 -130393923 371186337 -248050357 -1861980443 -1645032589 2025806195 1732716305 1766207180 -255866685 -1804950714 925366783 364722067 -1471289399 -1630581293 995104623 1972150914 1055767292 1005783486 1109503805 83876018 -581106801 -1086694353 888310734 1946974397 -26921190 -1389830751 -758560172 2122676 1412053881 149295609 -1770040497 -2020661931 -2125562636 900672986 -1393862826 -2106512515 1388298912 504323383 -1615834090 -755334949
-1640145111 948528539 -1921646874 -1803105538 -1516860670 1336600526 2037197584 -483438361 1109168801 -1437225922 -1588317381 1768619509 -2124638713 -1119795166 -7029396 1439411169 1232821290 1297006238 1581874877 -1413184311 -1668561655 1212484421 765971864 1206385494 219269376 1265455327 993239842 -1991597791 98933084 -1359171477 1420673012 -1814921390 1053799986 1603669095 1953687568 -1584343670 -1284502164 -1559348146 -989959662 -2101452030 1888450340 792818785 -1246665307 181444084 -568581324 -781130326
799046969 -150549491 -1500784067 140058354 1677834291 1564459720 1899483585 595980515 -1280073492 -193976198 -1784716754 1069739131 964885631 -889394997 1430773975 -393165505 872840630 -1952036407 -89516118 1936209593 -1479162380 -2081413895 759859895 708064687 -1313533867 -643031633 -674098706 379682968 1445849875 -977246049 443534124 -923647157 1353687851 1490745523 819570808 -457457159 -1730656705 1231693086 -53404023 -1444987043 -1557045570 -1104077648 -798640245 661557809 -910569919 -1218463124 -427323870 205528547
914001751 -1055394642 -721608056 -1419166011 1020867986 -238629680 1420859409 638688231 642662570 -84978899 -1567881029 -106606373 1525505839 1334797170 1761287884 -1031161410 890864003 -1583318889 1853217147 539591543 -1051846157 -993399450 856464687 -1474934317 2025048587 1423458622 1437111020 1864594416 -1480453851 -203594476 -2068968694 2032661215 204787779 2140820666 1582683943 181061253 -1565149410 -1055752093 1626197854 -795317055
1210960486 -511707464 1105043155 1618842572 -665445054 -1553796382 1722155259 -1502619163 -1102455326 -1003631840 -318527392 371450672 -617824735 414458497 481205043 -1794529038 695513999 542073172 -145117420 -1545894944 99161717 1594655194 -1844680268 2028349941 -439997162 882734140 916965307 -1569573499 729261879 1349012927 246812139 2086046098 293653986 1375582005 1208223876 -1671682210 -1085183130 1273188022 -1031512854
1781706657 70643856 1004786053 -1372399940 1164416128 1853037435 -1841319960 -223312435 475039430 -487070703 2061346100 -1413399164 -400926963 -1363727492 -304692034 -1866297898 -193153270 1334840688 1922928879 -1342746448 613205781 -624379557 1969303147 1189529679
-490657061 1221469557 -1352741170 1978123428 -1439402640 -2066786926 -441390336 -1784870628 1972803442 133693291 1038835327 -1470236595 1904740421 409602295 1347191045 -565512404 2134341066 2023350233 977272057 84074404 -2011339496 -561799674 505069901 -1923256354 -117134741 519787690 2042870918 -674829885 470674524 -1258512052 -121326308 221750974 428582482 -1535381201 -501230845 -383081530 58154552 1132336891 318484105 -1918744165 -31981200 1231099549 -1778321310 1702557007 360488198 -578073750 -1587409151 -1623259897 -907156184 -630961014 -63564504 1403546882 -1196671019 1506620307 878075330
-646494507 193210740 1904623856 772513034 -1615399704 372858260 781889121 882769072 1726870082 131713850 1725436134 1739098003 547337269 -218730193 1511151428 757404774 1699505200 2088034209 -2038155700 -1463608499 768590311 -1474281399 -921700311 -1422560095 1703900371 1652571344 1022192888 1440137200 -1145536291 2093836142 -940715875 -1954629817 294834773
-1447577132 -2075987278 1223497000 267943500 -1612028282 478273539 655510354 1044543261 -1875314339 -666963246 1373492881 -1775314893 1367571610 1858293957 -459675301 -234879233 1459404325 -404324847 -1264610543 -1457072996 969496805 -2003382720 -1989223565 35677746 -2022342830 -1485726412 1818796374 -2002796641 -882615481 -256404373 -524603243 1089655891 -2009786596 317292675 -1750219964 1982677627 558294004 1998486273 -813276629 748756065 2101776722 -1041470387 1862850674 -1479515118 910526962 -540530176 -2075873640 1753750848 1401113046 1381152098 -1370267479 662706538 -99638882 391994926
-1729568199 -50504932 -1631138409 -190919063 -670865875 1363284775 -437305969 1486305595 -1116451976 -841392977 -2036178874 -889935516 -1044443863 1267630354 -1472611344 -905618571 1970488973 -1171164755 -1532854581 1426620673 -1135030063 -2144289100 1948127072 -981940847 1854772972 -287594682 -1304109816 709209818 -2074983493 -1909680453 826750129 1447447601 -1653526931 -533880000 2111839714 2028136766 1308436769 856547750 -1691712516 -1650804752 -975432244 1930928758 1237921729 1608885680 -244619936 1210379336 -707373798 2084687832 1170924842 1446037332 588757268 1614760806
997797449 994096171 424948716 231591050 -108087203 1054577867 -529648181 409644184 1189892261 1258825235 1305872288 784739413 -712864090 -1261084965 21792509 -1116112254 -1119386581 853048568 881880155 1804516823 -644541352 -16510786 1844890191 -2086144474 1110255615 971357382 -55587844 -883930177 -295939279 2107223536 1676961480 487092502 -1490501608 1982795691 -1527712942 1065679523 1845785348
-334765661 1788858633 1968651203 -1770272101 1952906403 250356090 1487267892 -1256299188 527233229 -907120552 -530478050 944013772 -584840666 -588205536 -758975939 -1395283709 1612340587 159682179 -54293858 888810811 -196161399 -750505515 763783724 -572591065 -1631734191 -461090646 -1734791287 -1906483930 -764481173
1369301281 1581565896 592368267 1060327957 57415805 634879632 -33937949 107001699 -423031084 -706409989 -784784424 -1057110867 1723555559 923283393 2037135607 -148355793 -75984882 439296602 -1964451542 -762502784 238534285 -1577540413 762565158 310489844 1091958059 -203872639 736743719 2027186497 602803205 1839668198 788402143 625976932 718217375 274601618 -1946002261
-237372613 -1881382340 -802491897 815594393 1576990062 -917034574 552849732 -317270649 -1348782609 -209885154 -2106289032 -522211955 -326281807 -603837814 533392309 833340965 1078379060 -355801691 1335048572 -1769976157 -1025478376 1669784519 1911161459 983280352 160348403 -1220473038 367535190 -1918365412 -1942396061 1758305434 1832323115 -18898400 985287782 -1794549274 -998685767 -1315479645 295052008 586720568 35085882 -518478610 1864900253 -1003466710 -1983402929 772212162 -1066221807 -1814891685 -48007373 -620054663 -1789597700 1578202665 1208673075 -548018070 -1744572710 -2084188481 230443357 505260434 1755344315 1638612561 -1466238857 1485131375 885321559 19369382 2112655666 235235119 -1723152283 1171066326 -678202977 1413855498 326283820 1861574997 -348134430 1022613739 -211551655 -1940827857 1207501860 211176533 1842240531 -548785516
-621390716 1923601996 1171628183 -538173453 582535122 1153504090 -299594190 -1152034547 -597648036 914372037 832763021 -1817032213 2004618981 1153113698 -1857183361 -1329862678 -177769223 -1230536800 699918932 -979351965 -1843445419 845697569 1517504209 -1391120541 1800190854 1847950988 -685303692 -1204874335 -95460401 1997787297 2026316287 1470268844 -1514201009 1872791437 1060860727 -20597660 939628643 894769023 1605684457 -1156933462 1565483593 -79892358 -1777024723
36431621 132144748 1484854254 478228601 1042096263 998561408 -408019032 -1819737941 -2086758899 764691888 1826898547 104120807 -669173050 -1005439843 -1803511999 -1062386067 -2088758600 1864291490 150044515 1508626678 -1063534110 1240812070 1395900497 443406637 -1389532764 2077476913 1792883114 872162142 -623151009 1393643841 1695446905 379527020 696340312
2004133049 -2113551608 -671816991 1189709164 -283532773 -2059185377 969128122 -1665702977 -765967099 1947979924 542566580 1620605428 -165215522 -396493777 -1966865513 -758303746 692817032 1514481108 -2088041403 2129379455 1345199662 1405893367 -2065715426 -2097052072 2049673023 327075919 1025442726 -1260527741 -105828679 -487857463 -201874331 2144152863 -1151428694 -290837569 399923470 -907503412 -1575212557 18572393 9834211 227546937 -1227930801 -1055832941 -1165690025 -1897299974 -296758125 -1721988976 -1715026700 -1214722402 398724918 23751278 1949685375
-456464620 -1062995350 493109337 908936925 -1540985746 -377091418 796838951 -39651673 857948725 -1784700391 1121658549 -428934248 1510651015 -66049338 -1893448681 1213952265 -2134822023 -537014480 178676241 -701210877 -1299499497 -821052660 -1737601864 -671921130 -821114456 1887384376 -1157248680 -818833303 -1689759435 -1492272917 -1177465960 -973277678 -74630836 1650306094 -1062119204 504009383 -803232767 1108222347 1858878954 1090176533 -729657035 634511107 -1601504561 187194031 518801178 751088708 1008634115 2124137097 -718274826 -1430150629 93380555 476827143 -949872090 531596583 1102535390 -447039568 -1966611611 434190287 1553098571 1075288391
755064693 704682649 -109470180 -678627553 1238456555 1567201327 -225737057 -1408897857 -75106267 -798529290 1586712885 -975880447 -2063331536 1471883580 1235950670 -1993334998 -437653406 -1824247589 1815975351 1625133232 1148346323 394205594 -1844868308 1863315524 -1726961653 -410761262 1769304113 362899218 980207100 -1143744172 -751506143 -594686393 -1218322382 1857494666 2144324486 1915274963 1745911112 -388103717 565892011 -214496913 439954845 -2107571884 -592941200 -1241632031 -13919160 1404477060 515909213 1523486846 -2048836792 -508204890 1137264376 -1967214352 -2120614144 -978713339 1715884378 982039865 130342113 -249898596 -1941702913 1744166392 -429588120 1514749436 -159923234 -1941688087 -1044385461 -988129678 494388409
-1943008786 -368050840 -879378763 -2041462565 -1732635364 77356811 -2021798867 -1649633250 1740366835 1235299118 90272450 412971744 401941790 -2003467923 -1082816842 -1904612353 747301449 1138490261 -333811846 -2109044274 -575041327 -2122024381 1567334789 -1580853923 619708859 -78932022 342647142 -720068099 290094312 -714873510 1993679900 1362954498 236086150 -1380755875 -1293541211 -737681974 -1253329464 1525775908 1440278228 -1555096066 -1817167912 -1430682686 -388755609 -77454825 620982796 -1855131592 1524717912 748261924 -156630952 -1393378606 1972881523 -1481678135 -1373510397 1982871503 -886007512 -819257718 10539677 -1429222073 -1059643998 1114832713 66625840 600019529 745592855 -250176499 -1506712907 -1557119933 -1558419871 317730564 1011600074
310055630 -536496182 -1600791136 -543473462 -1413341645 -773620245 556210746 462114318 -238151865 1539159974 -692546605 -1537121213 -465317075 1732204788 -429871457 1586807882 -1636836526 -842510648 -1526631498 1294510331 978216057 1228778135 -1129074611 -1706997688 -1674370285 -2001567207 -228043738 1654997665 -886468397 -866613423 1335673673 -488889190 1251702658 -2053923637 -2003431692 1283514059 1146410255 1409018404 -161330737 577329143 1138322665 2060334287 1411279715 -525173392 1852938897 -1140686571 1139963597 -321751623 -73844374 -750960803 152885422 935909741 -1059801645 -2091939411 -1400819611 -1415637410 -945972361 20919664 666761344 -605462272 -1923533597 941079929 722453103
23138392 -447657913 -2088765062 -1635402160 -313623070 1722502794 742940916 487255805 -583574871 -2077448730 1060356528 520744930 429636998 -741149706 -2024310092 1599424039 -391554856 345492883 -1492588244 1392832805 1098032536 470943317 -122889311 -1891946604 -553309269 -2124549031 1898873962 781054696 1143700343 -379605948 1708040034 632055 -1470321479 -669091448 -1261256998 -504880162 -333154668 -785836314 749204433 -161408987 -462670612 -1041863885 1451967842 -5830367 1774087924 -1800483234 -469914755 1668731802 1478734597 247863984 -1066368807 1154836140 -690955343 -301003178 1039310889 368175858 -238284264 -1848327908 2071306381 -1428113440
1284452987 818275659 -2109359248 -587010037 122958805 -1496877890 -515164160 1813590285 -487181570 624216718 -559154054 1292280860 -2098812674 1497110817 1265007285 -978225724 856305940 -1389711792 -249536486 957125976 -267875330 -1340248227 613979274 -1630399483 -779938953 816357413 -1744845953 1134289189 -2092932607 -1378326127 2079183728 584808400
302961490 -936579206 1797673401 -1766408587 307963084 1308165948 -296340682 -1964042597 103932242 1977411842 -279337824 1361594255 103535508 574904868 276966621 1495351522 -1075454891 -1620258384 199434554 -1570518332 -930973600 936687942 1697455741 -1678832766 -1712770628 2078496835 -962625734 -1798938288 -1880133602 2055327010 711615333 -1041394616 -1655087969 -1593853666 342957352 -1352162126 1951976622 824476186 -821684490 1599977862 505112647 -822587707 87459552 686289710 -2007466140 -1830936327 -137526489 1598695055 702694068 -229985692 2090552337 -149765046 1061507978 939128681 -1559830784 1353347134 834461463 -700486584 985474751 1539771729 -596592420 -1456762757 582114591 -987938448 -1453971367 -184339357 -1663077950 1809298899 -278700534 640384292
386635653 -766458989 -864566580 -1951994043 819338275 -803038407 452242618 1998191498 356978403 -1922522476 555626557 -2120753337 1928899032 -1513575294 -1591454341 1401703798 41238387 -700160417 -1564678509 1909483037 -326141876 -1057375118 -650220282 1191211494 249178402 -2111794775 2023956818 -1673968914 -1531378400 -83902839 -573001505
-212619167 -188839073 1437335071 161928758 1934161590 1503074747 -1863434512 271690991 -1667749210 -1035898594 -698147516 2141485124 1007874230 1857430258 -1981956605 495744455 -435553559 -1612531271 367841839 954474427 1141602441 -891721847 -120318391 -2131606878 1001537064 -1733777481 -1735138318 -1802741739 519104993 1604241362 1789245910 1302543059 -1691056157 914918355 -450961979 1004439579 409893679 -541498990 -161972958 947667517 -741495136 866047866
-219182994 -1477750228 8931968 -2082472055 1376942044 363833448 1382481744 -2010489310 1718389250 1920444497 14293705 -1982946356 -531626948 -649300152 790441387 519341133 -844739427 -1702232226 -5814385 -704833394 678180864 -412998190 934528279 -269131066 626828637 -1585551913 2093829477 -1284869928 2069428829 -757476455 2064036560 175292666
-351679614 -720065835 97963158 1073711004 -2050240072 -1422487221 2038226292 -1920913576 118711786 -1442075942 -1042640616 132546459 -1690644660 -2108319059 292597352 1972277232 1118184671 -310378650 2122068370 -199539635 525866485 -1278186670 -1504595412 89137762 -1528023308 -1214174243 -1148811364
-127740327 -1203989432 2019381177 935655406 1768332800 638959512 -568214606 1554312431 -1435204446 209124817 779732782 -703140312 1020449693 1099784292 -747586124 258019752 1623999739 -264496667 1214427725 -2046794378 -26182228 1318692096 -1087025816 -1308397151 661350422 1269032621 -1934289667 -1312667755 -1952894257 -36192350 448566003 -1388858705 135591849 640401673 -1724056122 -1385931244 668749550 -1498089357 781600612 -1050803266 1308775148 87557899 1713813080 2050619607 1745934259 391641102 -539464406 1512287050 -1948329188 -1690858886 1056277508 -286989163 588214542 -1955012091 1609668760 774825444 534556668 1808978768 1851914305 -682577573 -821665359 187842396
1006113971 -638288817 1825649213 -1669213911 -715110136 -560355436 -904611572 1900138037 2116697072 413291103 916300577 -1462015495 1749538255 625024114 503816833 304695039 -484126359 682727545 177569685 -1673086060 -2050164552 110537291 1287672861 1316168619 746117887 -185989777 -796196509 683535617 -1645785058 948342753 -1109764685 -1171996287 1551588648 447720724 807769354 260010985 -1233433038 747877691 383408396 103518892 1095178605 1223171268 369753147 -1339833062 -1977000073 -928903132 1705378918 1666012861 2110233837 1723238361 1207189598 -175598330 980115780 -201779028 -986018577 548856617 715628248 1608582199 640513294 -810309564 846882885 -1586475610 -676585138 1164671942 -901992714 -1661937983 1543981721 1812935694 1303828218 1811401001 129508379 -904479918 -741723106 492818401 206008449 1738657474
-1896946416 -1015794078 -2029843476 -1951024449 -496715772 -106117123 1227092066 269398434 -331910 -924577243 -533287015 931566426 -651113444 1190684280 -1424686317 -1245670855 -1269829814 746599639 -1208395584 -37043963 -1146074596 -1390122991 -1607335007 -632479543 -1482852185 -118007327 910447279 -348440598 1864371583 1907528218 116371962 689931896 252809597 649381152 -2116077036 -1481020474 1074412482 -96680550 -1294315089 1545294139 1059300859 821386597 -1641331324 1593847402 -75759386 -1783545397 -1929577866 267172448 790203668 -1116367116 1054809591 1109515838 1300650991 -152783204 246577322 -1364509434 829988094 -1560138234 -1992997046 -802298695 -44303513 -412866769 -998130231 -355959648 1825886133 443920711 1750014140
-1751242277 -323969956 -655892235 -913998985 -592447623 216849496 1355695473 725088754 -676672931 -179394771 20033396 694690085 643498827 1094435406 233239794 2131092871 -1459788543 -1504464032 -2000237263 107680026 1510691700 -1578252239 2020371371 1507593843 -369802400 -1923405336 -1584896712 2061619482 -862577153 -195399810 -962968724 1189703443 831692055 1309500269 -1843041731 -1588904004 -1836850374 546893990 2040280041 -1163619367 -1174612919 -576558393 -712612074 143416045 -915541447 -1721981555 -870945990 945572299 971227673 34246534 -1062019268 1632458347 -925369005 -1979431925 -349145509 -1094738687 -418507983 -1784231827 -825082033 1752367691 -2013806941 811985006 837073325 -2064177366 346469439 -2084903437 1160404367 -672235148 35433608 790753270 345405811 -349590008 -535081358 218338497 2067630691 1415401506 665435685
1764782678 1116082671 664654849 -1491455946 -1251331882 -483157405 -170704926 156152124 1045299682 -1171485622 -1784996700 -1265605402 716048149 1919607453 -1550665751 2042919103 -2110726393 1334918679 -457666023 1726849814 -2140221710 1609496582 1854069418 -1827396622 1350918808 439488102 -1607799648 1459118402 -1049975196 -1136444117 1989513047 1574343257 -600350769 -1413883683 -1938292864 -1024119144 -1758337019 958021226 1138099305 -1776348308
-2031424457 -1795844736 -305818245 1473026963 1373214839 94950425 -527044327 895580929 -521480000 -1835573906 -854536704 1265464943 1094987483 1463564519 -1553348032 -1875238944 -104231205 -2132941156 266354804 1750363169 -993742224 1494897175 2032254262 1257172269 1516096892 -1107776162 -1973823532 -1522348334 -2095941658 1007646767 714760771 -1712227949 785440943 -1016252531 1048716371 -316473392 690658882 -304701061 -1128819164 2067511588 -965496817 1557479687 -1926214184 -1329221619 -170424998 1950209673 1704268937
-88662705 -1031407572 -1784818051 232173729 2034275418 -1481328979 742384280 442382327 -530468171 640830051 1832660241 -2073341116 -1019457471 1786186878 -1925019288 -2021650738 -1352883814 802832531 -1531310185 1053579989 408863333 767914583 -1114759033 1785276663 1051857131 -1583780950 -2107458107 22903765 -1963053333 -1830943017 210380917 -1326297865 -879314005 -651796198 1967192966 -222008084 -2102912176 967258466 1968518439 1750188469 60350319 773146455 -2018516104 -1900968093 1371579619 1530820253 -1501534076 1711109887 1934523104 1009742426 54757743 1072428969 1984309064 -1562551051 -1496335125 -562446845 -1944265667 24252449 187919600 1350794703 133378806
-993452116 1695977942 1827897302 1468392748 -1380926537 424263179 590926778 791411324 -1373873270 1843228656 2064924306 -1195239166 -808295375 -1678433991 -708106446 960737236 1663947583 -1859010386 -1589457814 1896616618 1661007875 -40942251 783958867 1895250846 978193400 2128990159 -1124759829 1395025202 -2046009727 -1458504190 -1722716956 -907689833 1298663381 -993635080 1516344248 -884945876 -1890232521 1011737862 -1758028287 1017581124 2083549291 1256098864 1635536646 -1344587732 -2135634844 -1013876020 1132747928 -1920797333 -1541435071 -1376330140 -1085535713 -2108822709 285930874 848287456 -975707921 2114890904 -826269098 1863326180 1747065311 -393697881
2072766583 26053660 -94223207 -568532327 1155349220 1217934650 165339617 -1195228624 534071012 1520807563 1993878786 -1370029456 -1166162948 -596958284 550969757 1111878969 -1761635804 1594596989 -1618425686 -1162912206 -1392859479 730643431 77810181 433737726 1953850195 -2143740285 -1359736276 327977133 659012554 -553176575 -1538781113 -1605068428 -985084619 -831515641 1032540264 -632838752
-125061565 1859221010 -1335876408 -1167889234 -737899069 537713407 -2033576894 816916701 2026267523 1800558109 -1908651049 1433930058 1148262983 -152834342 -230299206 1451283460 -372146773 1411186849 -1586361931 2035795382 808414839
-2121057372 -154519288 1415708728 1623386074 833318183 1888280644 -745579509 -2134144182 -788776302 -1797688003 -1618510661 -1968350071 -1693000920 -1218641044 -469362674 -162373503 -226354039 -524406693 -1139193509 6380149 -771743384
1957679456 2107076929 -1494952064 -551222018 1177222994 734029029 -1735829304 -155124464 670930740 -1128392637 -117986331 -1362790105 2015512940 668496679 2091751391 1840249262 1774817170 1771757704 1242332951 -1285126471 1682440843 -1022038771 -1879607944 -764814299 -632586794 -2102933038 763364844 750498813 1794024485 853718891 -845849838 -101395681 -408446673 -1014194904 1756413741 94157854 -863501116 1847152794 1320527711 -1718670230 -787369183 229462358 199933462 -161888338 138700421 -1145373448 -1068195643 87987577 -205607420 1500544874 -535673641 -349293281 1897190810 1675494246 149305312 -1948849183 1327383426 -382736583 1410805525 -32247477 69916360 -1731135032 -1350198786 836410845 -1558766819 -486210600
964255725 357524970 -1630789239 1637127073 -1764320565 1748971686 719564835 1987365600 -946088922 -693418900 -255732716 -420166911 -484715603 659196615 1387584313 662262137 680040697 450533328 -1591738532 -263939449 -1242018903 1646936443 -1167897347 1631021738
-244983764 2106896981 1841967955 785496201 1452659856 -2046002537 -1991467300 1256864499 -419819862 -1926776456 -1997148232 1438888764 1593365036 -456693007 1128242922 -1785286122 -1007000568 1480280899 -307827270 1520662611 -1677800123 1051962171 -494313818 1806479052 -1656422634 172344503 -879015529 1535850629 -566778841 1161974632 431423316 -315981042 -331009222 -447318568 -608817093 -1504773845 2089686770 -1930749265 49187373 595491767 749534959 -1346929103 -1073364534 -1300429628 -511005158 1270840330 492862174 -1689396985 795859521 -1136740019 1219675162 1674308467 513601765 344844986 40901126 905074467 -338111149 -299910337 -2092686026 2132284284 -1041961999 -360245567 1687988155 1559250578 416679641 -1588536037 -52408868
-2143877205 -711507610 1635079686 132592833 1104366238 -1328195205 1266041856 1510294124 39071448 870687157 1327633250 -742448000 1539198976 -327255813 -990339769 -783795948 1234191632 1630263548 -179624639 -1072408957 403568751 804638396 1192509837 861168023 -1386156738 -254314672 -1872129401 102998499 1424426481 -182287131 353172831 1879799919 1754177570 -1540911098 365583885 -491168614 314055073 -1405372131 480896130 -1088601284 167908047 2042125882 -305229537 451204106 1223098923 1545201939 1717273706 1068110142 -496505555 -1339098805 -1053682177 2037536119 -865510830 228159222 268822212 -1937454115 -1255878536
90399328 -2123512184 1013086059 1293946366 -182950932 -1015638238 -2007781953 742714325 -1422528021 405786058 -1843353633 -1651011871 299713911 673579579 1825074278 -2016610335 -1300655939 -138966227 -2095857235 275737694 -1020577621 1032046587 2085675172 1441010414 1816163815 1347608709 1553400037 1450676150 1055035650 -354476201 430838278 955868464 -455201299 517425674 1655191086 -2052711123 81812139 67345386 -1291857430 -1147372003 1172919624 1659717336 65422657 -2145759090 -1823392503 1443012210 -459496955 -1652459278 -3530012 -1892658832 1718678379 1626237348 1552821554 747263312 -544216354 439693613 832553634 1126524981 -360446449 -1817532222 -672337807 502025484 1681424976 158566161 361136087 -1656085008 1088925986 1131109180 -1976668476 -835350321 1992393228 89240613 780713931 968780365
-1626605588 225760606 1140480744 812609044 1454288821 -1799041988 1078628956 1476890703 132729774 1944815910 1538741576 -1241797823 1151050576 59862488 -1161543407 544774073 -1593002524 -611653321 -521508347 1752712639 -2018611384 1017861830 -887900221 1501162287 -590187278 -1398677154 -700111909 -613021812 242237237 -357212898 1046199985 -168931059 -1755512125 -938521441 -2137350490 -127475972 -195416462 1821738348 1762008440 1939285312 73892162 -581621839 -630519831 -59337416 -1995309922 -629613263 766944158 3274697 927545058 1005556605 808365898 -1420569414 -1982279139 612902242 -1889091317 272333630 1413225239 -1231444061 -943544557 648249298 996021397 1654082791 892055179 -659438775 -1976012069 -1704323852
1461212964 -429372559 1264171805 -731306419 779080487 -856195798 1324455929 -2071047877 -1184305112 1443239009 1357212245 -1938641817 1190951977 -420532346 -272286869 -142116382 -1365378135 1513695192 261018195 -589469873 -1209627594 -480705933 320760505 -1640492926 611507271 -28480115 -1821924657 100960355 -620213176 9817596 -59059067 1152715800 -2017293067 374219003 2011844087 1367491682 1867271914 1400944172 -1385816793 -944457401 2017122171 55248352 211575531 -157328399 -422736191 75704214 -1579720408 -1717679402 -1580213515
2024912960 217789464 1416420608 -1753488434 -1999861816 -154469843 1974067794 -1498495131 1325033086 1173257922 1412800498 -3465746 -183671430 1201321948 965184213 1925418326 581276322 -211127488 -1691623052 1511368466 -717181341 -1589744619 164510360 1644900452 1956841629 961976007 341683575 93399772 2109520094 -799422675 -138221820 2002280737 -1062361646 615453933 -1840136061 2129361905 834539514 -622943713 1654991707 -777854107 -2008509540 -907696080 623740463 -820055943 1693308410 1891888904 128364334 1014313675 -113684026 2051478127 388786090 -1731866973 1633810132 1434073516 167304423 767178547 877170961
1782737461 -826357473 -1719588173 1715451888 1634396225 -690157250 1213455793 -2116723881 1929649575 -415986782 -1334523786 -2085229986 -1286462262 -76757291 -1392895536 -1029963980 -701637912 -296069275 789735470 1331350692 -1766413208 -1816758365 1735182346 1699472758 -1083944330 879734695 -295217757 1606915605 -1442949679 -569966186 187704816 1419162737 -1593283869 1927091750 2085606096 1222052390 -1383073007 1703357794 2010388101 1907997917 775450452 746313642 566504035 -1760208654 204017672 -1310475522 -1947214652 -516201897 -1990685180 -1118115717 -1111125442 -1474588745 -689993494 -952924636 82486808
-759388481 110285029 1528094201 465082711 1074401469 1506654933 1784341729 -1729899434 1548577127 -486889029 1109197149 1946799832 227053534 -1644029485 856062710 815354632 -935148429 -1714411310 1270571754 1558517732 1344733820 -404402906 1221440542 86479904 1112384363 1420082561 1691352658 -46752950 -350970084 -475837288 -1341452138 720447790 -741671571 908180775 -2051057924 -1489764485 464080147 185193017 1580326798 147323302 -1931856981 259366821 -598721918 914832142 1056140047 557637339 984983980 -769352864 -579813397 -629388320 -1987095757 1842541884 -2016942705 -372814186 -595301497
46478085 250901569 547523218 -1355647388 894344550 75070790 -711090131 -1621945105 -559185047 -1588329676 112606165 2107058312 524623420 -741868792 1167072157 -1250329368 -407065706 -99772500 -277989786 1327867855 443655437 -1751363391 -85412530 -1828620436 576952484 2086211997 -192638874 1525965569 -855607640 1925829783 -1562656089 -1826430521 1009346747 1137782401 847268133 919456782 130385456 -442986891 1706254724 1852058280 -203753062 -1736952364 1739439019 1272453255 -1633916001 1679305868 -708013384 -802317659 -228473071 955626904 -842866381 1665438243 123775550 321718220 1177363589 323824821 426383751 52383442 1238983594 -832014532 -1137162449 1669937263 1962700069 1022162612 372278389 -1289842165 430473268 -136221872 2066395107 906213999 -177679035 -71425566 -1206864664 1774578639 1479063976 2108127104
1895801355 -339463547 -1487244444 598708227 1793499441 252402447 1311677204 -728483059 1926586438 2111894009 -98671422 2094702971 213507142 229624360 -1527125004 -364659572 -1720707224 -788917589 -2046964633 175561241 565102757 1770039783 759318320 -371014425 730922875 -1917849578 -1290463707 689479228 1043316718 1591921906 59937146 -1342030668 1282071247 -1444684628 1828260782 -1709235116 472942144 1159723043 -914651225 1980787679 1183283830 -1485009838 -2113458916 -563272856 110597824 1794602249 -2134827214 -547483608 1730761416 -1906487585 507025769 1427689873 -1496023015 -54627226 1839429305 -1874869342 -677699615 -1491461472 -1187412232 -944950659 -952807177 -2009448270 -769304962 -1199197386 1579129374 1664247511
-422136339 -1664281461 1302216855 -294502169 667133214 -1267516764 -287517129 1855387466 -74111434 -201498870 1347930483 1422267134 388190058 772935641 -1616006806 860256322 -1169365308 720693806 93438425 1232614641 -776274306 -1129078295 -761122421 1176131555 -1236172141 1035289011 -1852173296 -1710466413 -912094318 -38869182 -749036884 562692353 1841531572 1198620635 -1064111982 275436506 1967170353 -549959400 361571922 -354641707 1188807886 -984081941 1243209870 1772252511 -2054530118 -1733576734 1627110900 -581408903 553494938 -1759920980 2060363879 -2116689695 -1557193758 626315227 -1888057985 667340911 1294676838 834615530 300153396 959894978 -437595856 761728386 599078357 -598811877 -625738605 -1180663816 -64751554 1882222984 -1502054784 1293423130 1326532425 -790082748 641314328 -1064390613 -1726838908 1529051229 551479937
-211096540 350833047 -2107392516 897790299 1645703738 1482030480 -1710090697 -1147947009 -842867932 -294609884 -1562608161 -1419386523 517626437 1694016530 1629643641 -1236952026 1028844024 682520287 728856946 2092716203 1295678401 1214476026 292848500 -802699790 170883013 -632443872 1718691066 2052329106 109854587 -1897127423 -256146138 911786492 633055140 -1317018332 -1365255215 -1019607549 1996922232 2012754439 548355044 -506319715 -1636144351 1097714313 -1973539099 479259114 -276148372 221005196 -1581713964 619275894 -402236227 -1022479146 -824540360 -1608994374 -1255353532 -1294252744 -787447180 1870813416 658139758 967163121 1667760222 -528931352 -181322339 -1541997485 570657041 136727197 1775587354 -244259673 1716834050 -1298039700 -1353130934 -150714035 1331769169 1282458621 -1876827617 -583348441 -2049333407 -1546713789 -71980847
658771882 662995898 913188814 1843562887 1492955085 -1005787409 -865563921 -418868919 1622441960 -780500155 458966507 487646014 1702996779 -717296907 787835664 1540898138 -1612896341 -1761801386 1464875311 178312872 1229027189 520706654 471274711 -236178837 -355735834 1551947880 949575878 -1166245498 780327994 539486774 406645148 415249949 1442384994 -858894534 -1090594606 921742715 1278126361 369473553 1109156585 1364661301
-1496530609 -2133089050 -1715935088 -1275517879 -609724799 -268409603 2065678111 -1314167205 1791082863 989833867 1145449904 433768724 -247469663 -1480564407 1059979369 118926604 -1149859804 1810267070 -570286803 -1854777768 -1779543155 277432565 447265091 -2027480220 603285566 571273584 -2054109895 1999252741 -1114148633 2028097372 59749126 -1446097971 -1764666545 -1804626427 -2142045586 -600113503 1422681428 -1365803893 624623530 503848585 -399938000 863756246 430653511 -706360377 -1255933955 829689798 -1137317298 -802807766 -1210403462 -1610728529 1372012964 25113251 1687289871 1022800388 -1420331085 -558809064
1557587793 1911544138 1747324280 982507835 -1066829714 -29722943 1012651791 749616526 528456689 -1700681119 -1371578086 -836233162 537376484 796336386 1388182942 -232040735 1521223863 -437237516 605133684 -1607018694 -2061786504 -1287632094 -153734488 -486734157 -40952512 -956960140 -568778236 -848186748 -1774337040 -112843403 1703432679 -1919527950 1770988573 -447621578 1961898074 872963284 -1407174072 -754938767 -879437212 1166624850 1332915538 -772346384 1843660445
-91239122 -305993425 297960704 745735370 2085636312 -1731369408 -1768855547 1227775265 -1332424827 -633626130 1127492335 1873143317 -1647636197 1625855781 -819828382 1269641652 -975318558 -314500463 -383452104 -1371293390 -1402600068 55807108 -670593132 947370874 115221778 537806108 612697654 2142896101 -101174064 -1095360860 -1186578928 577012040
-128925126 590350874 1590838580 -645154849 -195781966 1119253858 -1870208136 903577877 1789563322 -877091994 -775388694 1966177254 690748222 -171318875 1022838886 -1283005694 -1668721907 536985203 -2078699241 -1382818539 1546432700 1656109325 -289122059 -477233932 1685394890 -467640596 721138829 -833482478 550894085 -1541608867 -1524675320 2132211256 1782102571 -1941981615 2041784677 2037277045 -743191341 764025713 974473224 -1707879086 -762977907 1367444085 523553913 1801008714 -1400811960 -1838876746 1533527396 260289144 1945530100
-1027027225 -1604128622 1743903592 1143688877 945165581 1255651861 -1383229564 1442659567 966752916 -207711039 -1050500710 -2012052884 -1955993610 -1048182968 421167881 -884766961 -1148582234 -2038479551 -84490453 224904732 -1214714726 -766239134 2115927152 1099702917 -1320584183 532319470 1088431050 -1622561668 -2008188043 1512288108 -1676103092 -867521463 -752506388 926513561 -891909875 1704265308 -1003990134 97159327 -1655077038 940461221 -1296160191 -1809676667 1023384299 169808163 713909980 1287704809 1170174685 -1734324805 2001172032 960911085 -272025535 -526977718 -1538410763 193913455 989819243 -621870595 -2019161372 -612810628 1954050893 -525822753 1744847202 -400229115 375063837 1241447091
1151575507 -496035274 -616912381 -1831076812 92719288 1239795259 -480473480 627728348 -711778042 929681282 -723372692 1059381888 259303493 1169982382 -1396199491 -70625926 -808026593 1530442397 -656065308 1904087264 1375525791 -1278217339 -99347643 -337856687 808355226 632592473 -379135544 1320350193 1679716973 321188720 -1216895321 -1600821071 -1453484312 468898664 -359229559 -339117357 -404222327 1974229320 1505842896 -1662878803 -1100999956 2012843236 -2013453777 -1301317716 96237186 -1508617339 187836030 475121051 307730049 1953934536 473973969 -1005262811 -1817774053 -2060101178 150115526 -702250088 -1011677967 -1002745227
-29004821 1290377930 16559437 -362916978 -1669132542 257778303 -1820467922 628113623 1125302063 422519353 -1594463872 -1197453804 -1782406660 -2013430049 1864664220 1550622290 1889683239 638247113 1188635754 1381564261 -638637075 -460296263 -191200950 -632305415 53456523 -2135926262 1807032119 -1807148825 -1827981823 -924263639 988923177 1983447241 -1256812008 -250825404 -727120197 624589008 1521997734 -237170110 2085831694 435563476 -1867170544 313262066 1950237676 -1868468052 1949743889 -567411834 -1526739920 -35453761 -801475144 185876546 -271655836
-1376243273 1685114223 325283498 923769156 -1750050343 -931113066 177660640 98010640 707221716 -1517971222 50165759 -1152902991 232147777 1730458885 173242307 518742483 166088167 1919198167 -769722224 400028264 -1734611905 912775130 59857300 -1570042112 -80973004 -1957915766 -1866343128 421676125 172960809 -625434092 -569571973 513880390 -176634816 362506061 217749361 -1972790885 1557095385 871135973 -876189752 60364457 97139289 1155285724 -540649860 107018431 811041324 55525684 -542499731 1327640065 -426753780 2060716263 -751317186 -1973403013 -1548662654 -942731749 1794260863 -2141467271 1149581997
1497666829 525721621 1138988865 -370292887 -895431240 -41727728 -39512878 -1712330502 -1330314713 1959772645 -1045575086 476217888 1488295160 -201434853 1538387160 -1750642266 -1007112149 -1145721382 -748542558 -913001224 1191294144 -2371391 1207485533 -1402132710 -1008631651 1737416182 703680931 -2124727589 1136307893 -1790663554 -1169668668 -1317632951 -24693401 -1100157235 -1472665656 -1649859225 -366016733 999768224 827037876 1997861405 2027264339 1221991947 468127500 -1072537745 742290807 656879565 -692369767 -1059933711 1602697362 1145624811 -1887098772 1565663098 326608068 -1545924229 236334882 -1679960041 2056169784 875731648 -310670488 1195190851 1929217087 270721143 -1865118527 1556887124 1815110589
337662598 147449143 1704339395 -587167393 -414774994 1761744479 -1420874883 1238158835 -1423755313 -216516358 -1115342770 622645544 26468837 1866843237 -693303495 -976769319 48791889 -308067358 -569117566 -232617064 -259777373 -632690296 891472276 486761153 111476123 1996938362 -790052571 886710732 1108528108 389592667 -183490153 1945085155 -766701500 -956111871 -879736415 -910202700 1374708616 -1047929496 59140910 1062864263 -844575132 -1381603096 -1009110907 -1593063534 -227795710 -458400342 569350057 -815531892 1176447768 -1630758568 602624002 1181658751 779447336 1263869203 926172732 -1531169822 1628058627 1414890922 690457198 -1846649626 -1985510514 1130844935 -1214122881 926244368 -391750200 -1799048468 -78304571 1084946439 261155083 1424212703 1695805166 -569111377 -437329775 -147882653 328979747 -1854017163
692438632 -1759458966 2075005676 838411403 -257602813 490800971 -961561191 530989305 1210919009 -1320261706 1731534858 698433127 310087161 340011299 -1690445267 1646589933 1566035713 1804506618 -792285730 1989770203 606574370 138161462 1332421825 -606855427 1932932718 394670404 -2061811887 1898905631 -1366280047 -1810317008 -309034695 93765587 -324748474 459333635 -2022773022 -162172815 -1576978419 -844558746 -846999476 642646622 261338394 1899190922 1904037153 -1379159919 -81096304 705301067 700134919 -2093141677 -1582800658 405685139 -357920971 -1536446651 -1361737271 -1772202244 -814567351 -499528025 1864407995 186880185 -793506473 -822656298 -1355181925 -831409226 -1891500731 -1525041130 -1820103442 2116059900 -578678443 -2114710126 -1860504676 -852886182 431018498 -2112791648
-618778815 -1359678192 728277576 840786071 216514287 1613193438 -520881146 568308601 873109200 382177534 -1551089457 -990627830 808997408 1744384007 830997841 826624623 -1498656812 -2115962199 968639103 -749031511 -1787064390 -1165737983 593588556 -225935354 2099428831 397382445 994582197 419284185 1247744048 1117684259 -2081145851 808631661 -1408968093 -345545282 300330836 -1782448330 -833553385 1959501593 -1412372400 -977869495 -1386181319 977131040 1072069951 -653327603 357330090 351604067 -801303484 1490259506 -1642293986 989634349 1886067936 1393226722 1184980039 -912361515 1117396411 907152695 -243335119 1954947411 -1974887772 1810867948 -979753233 -237997035 -1555310890 -1456713642 81409143 -366673645 878049149 1021552020 740334282 -533493471 1376864888 -1184659195 1537378391 -1379854973 -2110540449
29661345 -1290435130 -234778426 1762764460 1382968095 -1856788787 -1862569021 7597936 600196194 2119378729 -1415662675 1996464424 -1516036739 -1036714834 -1287152602 1792755964 84264352 1633685314 -206527652 659198794 1053817350 303906040 1819942539 290766810 653957137 1894189916 31079109 -924736170 1509576114 -1829594608 -481477131 -1545668616 1863609358 280799895 -837135327 -2082027643 979091550
-1543410450 -520394631 1176999702 2015241318 1621814633 2088516739 1414876489 -1100613082 -2101724668 2042236467 -1043917749 -1619620078 2079349981 2093544433 144231319 788046676 786189382 127462961 1907234035 -1004247500 745182593 675132644 -892664111 -558153042 -1870762037 -320772047 -845471496 66675007 -1764066405 828708964 -736073885 -432213249 1497346603 -1553114842 -1438726295 1332648436 1896696119 717771758 1354115869 1796702884 1242861316 -788656713 -1910513929 382141163 -301989213 1387451379 1286221235 -952970737 -1881330570 1938752703 966219385 -1550176751
685680215 -2077015747 -1733983675 1087809447 -1689353781 927307112 92365604 303392894 -1269582606 -1606674761 311227233 1966698817 1931866015 -727487389 -706673095 1842940255 520343570 1463989890 -663317745 -1382630929 -872672591 1955632557 -603435465 1072551925 -1276278536 1618905313 -2026603759 969338595 -98890836 -939407958 -937342118 545902435 1540349014 630124157 -818454594 461063763 -1755043345 456149861 -794083920 1385218065 1807264983 -1523291934 -1379414402 1875139575 -1472492020 -1880276723 -75940961 530068521 -134738537 131486464 -474432433 -1021321843 -1269457847 -805680012 1081026653 -1512872934 -448635737 -53007958 1097688131 -740341930 -1613742302 2089414543 -2122909065 -958842087 -1593102965 368665626 -1051953664 788115606 1950480837 1648978169 -2006429109 309750683 -1050475589
-1292200898 -1013274601 -727135596 1133913199 -656646003 -50490403 -874390235 -2001942498 1794515789 33562791 -1973232217 -591348907 690494662 1825010268 174623913 2130591894 57567116 1517907349 1956319047 -1602255569 -1024013360 -1361761699 -1547508580 -338732132 -1133513741 -107393224 651378292 -1930250199 -515975589 784767078 628404550 -411380773 1925212298 1861029736 -1367969952 1675368848 1586163564
1262191460 -765181595 1979941103 -2083869181 1251786226 -2098446761 -1412330791 919605762 403655334 -217521620 -1073515819 -402121366 1550524485 -1824040045 357868494 1814777207 1135329330 -1120865654 808885375 -2102554879 2042165542
-800861366 -1010190407 -1762877153 -272394822 -136543415 620023730 1457879705 2057521017 689616547 -1954681053 277264635 620711516 -733208032 371700842 805754964 -649341565 1878369790 399808084 -1830306746 1729693429 239962116 1865389723 1960659522 -809669693 -313083176 -36759377 1799811829 -645682580 1989723789 -2065178439 -1103896831 76236675 1058350720 1786937052 959492848 -1922937713 -1059835805 -1333417283 2123964005 1230502193 -93267814 1259098949 -1659458925 635888268 -1347688507 -1650039131 1939438579 -510188320 1434744221 328177306 -1683031247 127896440 2111618307 -438854414 -1746560666 1251398342 -410018474 1479263310 -752082036 1811179723 -783524604 698988840 974018862
1154711907 387966743 1989655135 -665319710 1317588929 127919697 -423575316 -2083480127 1476119481 -2020885135 -2099644204 653022588 -1807137080 1234107259 145468408 -40864649 -531770081 2088824348 -935848690 -2070007746 -3523654 1631418421 2071547355 -1446784603 1763191728 -262779750 844328097 -2030471377 471785165 -715747050 -762936107 119347635 1679583581 409939378 804486933 -1036536004 131192138 -1878897610 -1086194600 -1540372431 -840082839 1978190832 992262246 374039221 1836009488 414494131 -698540149 -1658408880 -394562581 -1277182942 1232472967 1072273870 -455982577 -1559890898 -298263608 -724447897 625580623 -935366180 1532976346 416580383 -1269866802 -2069502645 1949840158 -2039635089 1308899285 -1202859019
