217971378;-18172668;-1950978875;-1870521542;-860824237;-586871097;1982456847;175714033;1002531955;1640531441;1862404768;759951212;692019935;1504436373;1707473961;-1621108575;998081305;-97254285;-2017455566;-1464197462;-1744480917;-202252935;-1858993;-1062968852;1975530302;-677795700;-745280623;-962199172;190133163;1727899271;434628415;-170545219;-1281307310;-1630372989;1552806086;463285581;455360874;935575129;-869435155
1352147994;-524059548;-179029940;2116988142;-1179740666;1642575243;1642042622;387297482;415695659;1255478398;-1800786027;1115080979;-98665745;1776707390;-850343090;16647055;1411708275;1848941539;794887557;858480852;-934208980;781927833;645369962;-1730180374;1968266161;-955126293;117105909;-1582640594;2048031957;1148368451;75145239;85234808;1073795832;-515174991;579534641;-724602240;325769626;-589594901;-159961143;-1154418819;4254512;-197666156;245130874;-1802922226;-254332102;1019822529;-85266132;-463198882;-1727255147;327668920;271169669;-1904071294;1267156749;-1923479046;-1737759585;417122852;-974621898;526643587;-1376806661;-699931546
1643178063;630717364;449838336;-393639049;-230260704;-761005065;-775363669;949485187;-1487429762;-513373262;-335150911;548549263;-415556097;-774094709;2031818020;1259701301;-809934648;-1203400685;1393464415;969758731;-1216824493;1219238715;-288031476;282170680;-142043023;-173228794;-1484860556;788116809;-628641902;709316736;477700732;-848265915;1872874052;-1391435282;-2032490818;-1551780866;140893689;1211121478;750127094;-2141427286;-1858241012;1482562529;-435436385;-1292262223;962259462
1937552349;-889157689;8600604;91052073;-846708323;-377600707;-2089911300;1845409869;-1842362118;1054438292;-1966106168;1863165639;-259346206;164468563;-2119002782;374358827;1819094777;448067098;-1644210710;-1986208533;972936380;-2076965130;-2049706620;1595821509;-801879319;1337660405;-296647330
1543364382;646439165;-1331524111;-2119513908;-1972713536;1612344281;1085460358;-1953354344;1762738718;-1699931756;847513339;1356500580;-16650539;1248978186;2005121734;1681384201;-2139418507;-1101307205;1627542586;1716886694;1111396452;1045540322
1917758164;-1589055998;-1138715963;48781577;-326885346;518355982;1198361167;-133356486;366291375;-906063801;316234459;815701255;-701346227;1800309078;1985638994;-1616536884;313600134;-1526673686;1712999799;1790578840;-471527384;-1918881755;1324449921;2063051827;613705461;606225462;121844969;351199586
364228934;1840394373;-293280407;448347601;-1745650280;-1539917354;1473863376;-882302217;-512635157;1723723165;-2140091030;-1868492384;28884002;1844468147;-2008093038;789390745;1451234598;-632884966;1167892920;339645724;-1725479669;1450356046;-1758916325;251274304;-624512399;-1685294879;-355589417
-1051966932;-1161298106;-1195608542;867104423;-620044249;-1866588692;171143378;-1004782582;-230739323;-351325554;1735270690;378550009;1569315592;-1553927479;1976956852;-1679687050;1870785206;-2016478994;555261402;-651518889;1418226617;-1307618791;-540120048;-355470463;-47176314;-1727440510;-1020050227;-277469866;-1558511807;-173116142;-783558790;599957099;677422176;-1731623111;904761282;1852052094;212357006
834647308;-1416790106;559538129;1747322711;716209733;255963340;367565806;1984946874;-1212080670;162526041;-1736685557;1257318387;246942245;-1078332368;878932374;195433272;2105083294;516290527;-1996221082;-1819163014;-155800588;92267024;-2018638817
-1700165915;-832651195;1594140889;-1648466390;884273034;-1813263420;-1108601341;1484725411;379731935;-719120689;1883208837;336893592;2107578498;823482648;-1286246107;-576546216;-1129070917;-143290509;1371055147;1103538731;3331772;1865704141;-759042234;2145044062;1576271401;1341557340;774561200;1591327902;-1824584999;-833446633
-1201104759;-748293666;1217791592;-474140256;1521355138;761764546;-1852304864;921316880;47829444;-1546247405;-1273150549;1503404969;-1513385287;752834082;-222532476;-1767498188;1399425676;-1996595961;-1856358934;811103003;-517138692;-1849038105;1701253588;709595473;1785991539;801270137;1012320033;-1439863953;646142038;842525125;1267207443;-1711742945;907549086;2006441262;893774334;1787872445
451861171;-755775172;-1725008326;-1134610104;627766385;806386787;1991119940;1422721571;-999333525;-1278501959;-1816081757;965195837;1989312397;-760481305;-1297101594;-1746282032;2146136558;779951853;-1394546626;927575648;1084546901;1671757398;-235417687;-306247157;-2078370562;-144548692;645760594;1664184869;1396707742;-1383622611;-1834382281;1514895108;1312439459;-1253259074;226406668;-748071145;-1592341057;-2029032673;-2027441825;1080442685;-1621612377;1468336991;1436418556;982301779;1305784599;-1018584430;-1570280046;589574671;992271130;-821453886;1709009045;1147038476;514554759;-938298333;-163889306;956667428;-1330373426;-1508496759;1960739505;-159628027;-207922188;-1399197154;351753751
-491679269;-2009211825;-90405620;2037007130;-540521273;-1932202490;303137281;-68552593;-1201709539;211964958;-347425852;529449911;795770988;-1307792621;798930215;-1478544609;1561647537;-82735623;1700358880;-654694049;709352918;1273929903;1087378351
-1204857476;-736851628;-85739835;-2079078106;-1451979526;-1194619656;-338586524;88722175;1403449252;-1690778730;-989365054;-1266276040;-1472687281;-957475006;531378483;-1075171294;-1145473004;-1038187874;-34983034;-1694199984;-819953580;-332184942;1158522798;292799594;2120049917;-1709838533;-194237532;-1312563391;-1721816566;743354403;-350762612;828109604;1433327440;-514523213;-892573674;-1295988367;477526390;1231335909;-208052953;-1380472466;-1295470780;-670027203;-1749088585;640502105;-1434630367;-438031111;-1940746756;-1066255171;-642010922;-922740857;800602312;-2002815994;2140424088;1909083190;-1792611025;889889111;-308955068
309185388;-1579444581;1801193451;414843560;1834942980;-347016998;-517276015;-1180727217;-1227800533;643015885;-276956622;1771134475;-2074383769;1490960563;-7115259;1786892266;-1241221773;649459557;-1667591677;459712852;1952156517;675334312;-628226390;589498240;604692242;572873410;-1892781826;655843113;-533081679;974543183;-952347952;62892416;-1153872194;-923505324;-834624702;1741876324;-952139232;-644930924;-1238897783;1775669711;1571179661;-1627501022;-169088012;407585427;-2072896979;-351090121;532942126;-188729273;-702742659;-1242129595;135602623;-847955333
956420684;-220382248;-16598222;-1336629779;-1454718869;1977654095;50513553;-208386756;-942846023;-290916377;2032974291;1986960930;-563178155;1958259669;-385813121;-2130562329;1205792955;-1771601281;574684893;-1610809661;-844215207;2046242694;-448543579;1948741248;1359696737;-120999418;-788727046;85180254;-1059082016;1216620572;646562454;-1641420746;277392399;-645081432;-528216251;-1238994719;109884905;1408985427;-1165917801;-509289510;2007219197;1744744147;-633755696;-1347123679;292639877;1563121005;-753214941;100737378;-961734730;-1856279621;634660383;-16372650;1567013465;335456687;1255013737
-2066170470;708298199;-537748565;-1820609635;1008060447;992172770;46290892;-2122587731;-1828062116;-1637277342;-155233183;640780149;-586489819;1107329491;1761559394;-216216176;214280580;-1826766117;1399402784;1476048707;-33225524;-1983031341;1343261302;-670466407;398764013;-350809211;645780031;1676938958;-1315289334;-1831124169;1154005511;974143728;-1746878904;-382208536;1684967940;-1959674173;-1819573015;526709721;-1173666746;-1441943579;-95044200;-1042732466;516575021;-1404463822;-1822328827;-244019307;-1245154532;-787351959
-946486457;-1376385173;1337705999;925701138;699592397;630532770;465411987;591305;-2071877083;-1905376797;-797162574;-645581484;1966205158;-1534559322;423098140;1104666325;2096903041;1809533356;773760855;-283402458;679719113;1195968045;828439011;-1978581459;227591092;327301203;-2073646689;-779924876;514933090;-160158741;1746982507;1947163128;-778599585;-287518631;440347405;-436075456;-1293821404;-87485747;-34144936;2117069233;1149772771;912402355;2019150986;948395040;1942326148;-1581156497;-534068746;1958444201;-600787990;1137320522;-34007070;-870128962;1075106682;1283608487;88050354;-386850686;-1371372580;1247132793
-208422825;1404520963;-833733384;76452254;1450203061;-806938005;1122379154;1507541703;-37000387;1835228577;-1159475425;1915237617;-428122099;38746376;149727833;-1009840416;1669211733;-1664540711;678532747;-899754107;1976289578;-345116565;2088595335;-855138580;1813655450;2040144308;1946814172;43864408;-1628218625;240239887;-49349560;139597995;-239028584;2080399423;-893310613;661319691;277040213;-221387853;-1213164355;-1791537726;-2061896975;-279559925
-910227610;1668532550;1885693402;314664059;-1155017671;-1289841956;-2144231763;1674212895;1611010514;-75118142;-592796084;-126715637;1474473724;-1741653599;-1223432897;-1364638218;695886045;949565453;-242965101;-526545816;-1210546598;1025297950;-917422371;2092968044;-1800249926
-1676902785;1102749572;-980586359;1944148293;167825449;404486365;-1534699074;1537333699;-1997215070;2147378371;1530612255;189740188;-318241592;102459222;1353707236;-794994728;799921877;-1997833603;-399073638;971294907;-23925789;-825664741;1774514250;-1893640685;1370884017;148927873;-1982324518;293149649;1770759335;-1892604637;443542194;-1225282597;1607257623;-1888699507;770487202
-1478305083;-300514665;-1173867262;1011390956;-84554839;108408279;1391329818;1468150397;-1078242574;-843354281;1189843140;2079793365;-746535090;-1753635961;-2138724272;1218459857;13272936;10340468;-1992598873;-1245599878;2089259442;2037396538;-1591940174;-1136701286;-1920969628;1515634359;-1864414468;-1570705006;1720973763;690180737;-75824235;1714756970;466072742;-1325000423;-68172231;689923625;408932661;1022998112;-1447824974;1007634279;1098026484;-957135031;887733626;1839375904;-387907329;1552357327;283765411;-1940915766;1352830359;-1622260695;-1571938565;199324328;-233591332;-479676100;195251819;1481355616;1086395612;1949976657;-1819355489;1568662475;-1338741556;1580777992;783757547;92429068;1624782228;1603030155;-1855234452;285994723
1604479237;-820874642;2089665091;-1738621292;-890807211;-1709252851;819215649;-1515040463;585166590;886532126;-1258336370;-875997130;-417286046;-1140727729;-195866105;-2069919111;271804720;-1231416180;2126976780;-1837977386;-1105868519;1937869220;1550385646;-1212164488;2131712969;1304096812;318650093;-877872809;-312614635;730755747;-1478739839;-394707199;18621552;-1826471466;-1758558728;-921898596;-1149120605;1105527685;585043776;-646919894;406926524;-102889657;1198625286;-1270495986;77808455;-86940246;-1316015105;961354192;2035358907;-1956352610;1828777604;-1893796068;1857944631;-498007022;-1163092124;-126277104;-467966611;1602017759;-1609444619;-1403052105;1894567646;850631653;-989815956;-606532657
-2012118669;353765742;-927451182;-61049253;-81928980;791615974;-1834828236;718858417;795579046;-558093032;-83282456;14038783;-359687659;-420717834;1775047208;-1927012216;899411240;524892338;-1954104715;-1710468909;-699430414;-372186220;-741957923;1106057373;-1340970355;488989965;1637665916;1846690319;1289656123;-1488600053;1600570948;1590326323;1285928653;263608206;547071488;-1465198172;-925580985;272838266;1699400085;1943666309;-1081231164;1122017455;998346891;173414835;1632210071;1054563670;-1492062773;549074238;303205043;-523597187;1081332138;-1253512684;665453388;617335270;1478733861;-902126849;-571342147;1253717788;1555605358
-1122089556;-1651592506;-1945695577;583862748;1069402987;1797852991;-1572580116;103036583;199273121;-1784221083;-765867881;-1358864929;-1867248599;-731479888;-399819074;-1685740148;2066247737;-1239407226;-587404544;-1902735484
-798749490;931862401;-1735090397;1720319015;679289283;1762860338;-1712708037;-1338710280;-1081825526;-1765991339;-1836749495;468626497;-1802585083;1204435264;1389406954;483658966;1166631785;-1394384544;-1259503987;629552896;1861017357;1344330880;1059119720;1886520156;-856328955;673394251;-38287185;794008579;202109423;924453903;41670659;69923306;-628917108;152988355;2102590248;1782031500;-1322742126;-938415797;-199510021;903430085;-2088360257;-159507719;444826018;-392498175;159615025;-1155631529;-55346683;25177237;458103540;-2086671325;478369404;320448620;-72859172;1942186650;1068063688;-2025785114;-722519659;-440872711;-1453742777;-36533508;-675851016;1179129664;1916152675;-291725657;-1476449633;-352408008;2039758155
1022330811;2122603447;-902602267;-1375462995;1076313124;665524002;1036833795;1939827189;-504425551;1191291444;497159636;1543061553;547590345;887691773;-1784408164;-2103384850;-1603847110;-1146545108;590646695;-717083826;1846124105
52203899;913234988;-1036241655;-412117285;-1016784308;-1309593724;32504816;273533097;-125871948;-360581102;-1823778650;682753984;283320739;-1186765512;-2058256096;1658914969;-97217389;-1576304860;-1471041811;2083750175;-832474880;1117241650;1338356687;-1832381515;-784740585;-529172850;548193165;2062540414;1594830765;939572509;-1293383929;23300823;-165669006;1486246557;1710214283;1798560040;-1639601818;-1120759798;713779558;1515234524;-1346636662;-1619380413;-1853415236;-1582455635;1647634651;1406138093;-1551260772;-1497601244;-604952709;165922967;-1377567154;-1821938848;1553539633;-1269330657;-1403386129;-1137572331;-62636525;-572093613;2112528703;1709040343;-1547506303;2033431770;-340268103;892737944;-350489259;205313365;1385998820;2124738671;1836863832;665784256;-1426227223;-633261670
-1220850146;-1137061020;-1874043450;1821678902;416253781;-1693883010;-504676723;323364067;-410779818;-1856964037;-428434113;-786623473;1113187712;1003069712;-1218829852;549640634;-254085818;-612666696;1062444673;580937421;-427819762;2009454663;105204378;-1668670132;868118364;-1229148289;1425126136;182386379;-1090821585;373481569;-1541381716;1036504609;446996651;364918791;1427538515;-1361438629;1318499063;-1613128528;-1908472166;-1490134797;1812004968;-1435504868;-359526652;1664593218;-1570279458;849030426;-1660707862;1134480178;1282615918;-409163426;658361027;1615408951;-231054271;-1944294248;-1133829211;1204860287;-1765716037;766710721;-1843807476;-1723919769;1039441631;1090699191;1921526745;1797512753;-2122303759;-1179194868;-650531428;22226932;1005255260;-1293143270;1019136789;1158005715;-460665642;-620855974;729054455;1492371569;-1435355711;-691213835;-724325136
-760527660;1231587995;168256741;339332712;1563008250;1193008276;-1088409982;-1150543851;-1508390535;856056084;1990158065;187916500;750928215;1852368594;-1686271256;-742452401;279231736;-1116448549;-1099251991;1808633255;1178911243;-801757534;-1833363515;758356394;986614183;1146788188;-946575519;-731466683;890741936;-1758549366;-492596804;1562368055;2130510463;-1815072809;-1324634576;-1789673465;1766342081;-1726713821;-83003145;-1038560456;-660450401;-1164282401;-868624144;-689818950;-371709665;-234900837
435853474;-1323859255;-712849444;1881659778;-928973027;1494307469;835291442;936770673;-1126939998;1314422756;1648135050;-313126264;234500966;1864535604;-675555904;1154648855;-1486763499;-905853576;1033209464;-200791062;1399288766;-1786330848;-2115992786;2023658701;1795008782;556894517;1844085898;327612242;1456161984;1543018944;-964029448;1378354897;741625172;-1607566228;1075465848;-1794480977;-1262934530;368367722;670007474;891882723;342055649
175173708;-650279242;2075556988;235743188;-218798464;-476586551;-32588188;-2045471801;507858920;-1953585316;-574730957;1653441948;595494300;-1550608436;-1361735744;-43505342;239276926;1925016669;1469171599;-852084030;-1713532973;-1637864134;-1523530613;-1196277272;1956304918;1650002873;1285529586;1309434921;105006856;1162043618;1533391504;1568960;-778913781;-719286223;1703688751;-276624615;-264508496;-1856712037;-464100787;-1259071629;-265215602;74919374;-156982257;-1602302528;699071317;-1013769283;-233197194;-1650649393;2080111906;-446781861;1388732368;1861621676;-843301100;-489686106;-1450883728;-184545466;403055646;1336524262;914751136;1143990866;-1513674210;-1790602186;554913238;758362479;1422206766;-1202143421;1721666342;-1578945141;1864992826;468104787;214832888;-698048892;1466524883;1414664329
-977747950;108690497;633093734;-466916265;-1514317597;-491622434;753457043;-693033432;116498439;-307310943;-371097379;-1040069845;-1439972210;-1233533447;-1411142017;2035271602;942949231;-66548773;1995556519;1510040797;-685361237;-395454946;1760913459;1535967755;1438779569;1206645510;1861802427;-1571098227;802298628;-306751715;-1898322733;-1399067492;-828938470;-2081180599;2000200081;998134413;120461959
42530380;-1692686526;1161340762;434012004;2069221287;857408739;-64887353;-1045879538;-1825483571;-1600359218;-1154667515;1194320424;-2084725763;2060215243;-1835696007;737063234;-571628728;1035838852;-1200928236;1620997882;1196855705;1310440243;-1930288392;-745076266;1013285878;858673565;641118561;715744085;-791778556;-826136002;1940826818;-834449856;164412624;-1021647931;1127441710;-420534715;-2011758900;1364481474;180984569;1415019717;-973968361;-1378782307;1286554783;1327478508;-1327219712;801237705;-816665373;39844098;575818956;1806102586;929309499;933491456;-146983241;2052256020;-110759829;1177641574;-782628040;-1654187356;406090095;-44802741;-210615159
-382042979;-1229145419;72657254;-874950568;-1415285493;853093418;-1492506348;1386861806;1478930477;986832006;-525470812;1445209543;-1055780413;999139343;-730312072;831180287;549192177;1883914694;-645921530;-568733483;753738159;-1560225281;-1146214948;1381024854;-212049565;-1168762316;-962798621;-1732811942;1265786315;158173717;903437287;-955987276;-689232096;-1159351838;-964297130;-1470048860;195745400;1858309629;1658940743;486165904;-411331221;-1066850374;1963208382;228843763;-256771079;2132567930;460721966;-1227549291;1595861162;-564104201;-1001312194;-896816644;1971599095;1152725728;583057359;-10675678;-1758201880;-59392344;-754607298;-1949353113;-975695618;1288168858;-1559534874;1930044360;1524262226;622593584;1832698344;-1973104559;-859575043;-572662619;-655495635;-1854849328;-1788125510;-1041492535;-2086624084;1598287563;808603594
-254466584;50199987;572124695;1094306812;-951060804;845173336;-295257956;873896074;49572186;-1566471264;1142741507;-711216854;-976211312;86484595;-116061809;1881833410;-906719411;-1503555847;419698236;-1654727161;1417526884;-670297849;1473085475;1228553483;686936719;-722412586;689685539;-2061422055;-684973899;300256501;297745854;1650752708;-711274897;-1849952640;335463232;-1509172675;-236436280
1561550885;1546271205;-2088596668;-1944885769;968544700;-1251465437;-2112958685;915184678;1482861063;-689275786;-1107846426;157144685;724057317;1485353933;1328054802;-826614674;-519586958;-1465423850;905069875;360451017;-1638456914;-717169644;-1069632989;-1704858342;-279979428;-940664203;-1444166516;1606984741;-1640743636;-1536916701;110742186;1277538128;1070353179;251582938;-1246719403;777890385;-1362670310;-519427590;-1692671426;-39385049;-146392851;-2088430691;-931150984;-1668679603;-1448279978;1820939756;-1616289990;1390209837;1561800306;1082829486;940143843;1285581266;682522465
-1303270339;1519662306;-1108861396;2037323277;-417445883;-796205366;1855476963;887357205;69860522;-64989894;119077638;1309069135;1059188565;1338707412;-525115866;-1489397993;302784809;-108606945;-1319968566;1362727200;1267911371;1557341889;1300278166;-912267573;833317924;1823435245;520539305;-1262885445;-1623681947;2128626970;1872456007;1916172969;1102161483;761495029;-1445272136;95421812;1254890660;-1329548649;1440884591;1828117115;802558737;-1121604358;944264557;1198654767;-1792403700;-131073623;-1672889625;422649827;-1272937172;757904822;1525395494;44258533;1432549031;1152567281;-1426346578;1486150866;-1798667495;-234161834;-1622544990;-1873441242;-952509821;-132341561;-2086518938;-1224715758;40926101;-1077094918;-66326139;-2113629550;1927580207;-701931596;-16517675;-1617955394;545589797;1486344503;-118316071;-2004354465
-1680569608;-1085227674;-928495163;-1707586673;-1357606252;2063964552;-1521233194;1692471508;710440453;-2050844251;-1108082070;944063071;-584208880;-339850013;-1029526314;-61701629;83833857;208922055;-1802470202;-933803165;921517722;-936253922;140704592;-356623248;-600876472;-7527137;1659012421;1257873967;813912216;-2089053231;1694613961;-441930305;56529640;858547114;181235237;1229125018;-440460191;233403256;-898854181;-548509925;-86769884;-1113053564;1111913978;1739525183;-796585789;1085147636;-1864048972;1361365423;-1453037070;806349937;-1954644435;-942114563;-1559515779;-468169719;1249808789;690610990;2106739325
-82046600;-1895538824;1240018374;76822238;325321300;-585622964;1891341987;-528461892;1077918315;-206419819;-784596283;-789186432;339292378;-1227961534;-767597193;1418669907;1598859755;-2002647294;1199054358;1255254110;2100843686;-981339058;-742039104;-1293514899;-173036115;402762668;-1079833525;-1478389810;-1176388791;-8195536;185666681;-1016009089;-1440844097;1169525318;1141432169;1639776903;-27724056;146033839
466732964;-1576456192;1542213065;-508303001;-1755199707;-1731633987;-1040542958;1894309670;223130393;1916298403;426843374;-198097230;-1840115799;-1569991786;1044138152;-1918767468;-788885822;97597104;359517878;-2140391252;-146210314;-989334955;-104668864;2131996773;-1200748892;1681515907;1351560931;-1129689048;1757925461;-888508818;957271473;1267149333;187282793;328770635;-675458436;-621647888;670917106;-1718953364;1148229716;-1921198503;596235487;317112460;-254149555;-899125440;-1899328676;81441900;-839315067;-1461020778;1342406265;198318238;641143140;-345504696;333764361;-1451768672;798133285;-1370129816;-136610868;1776738859;-1447617131;-1587028307;-396763696;-1803826227;1465199131;1030834205;-2068404461;2042347701;-188094473
603271021;266568141;677918926;-2077234888;-1666851924;-1877332978;1052186469;925692005;-464860416;1481040910;-821912147;1785370606;1250915993;2120034013;1592321791;-1075235642;-1201133682;1524421650;106713767;361685676;-854038784;1182811424;-181867866;-302490210;829279359;-605813267;-1750928717;855211663;-428945749;379126437;1040245635;-379826345;1989376542;-1899282742;1766020682;-488052246;-1315425655;280258959;-843996032;95393484;1230561821;-1162681498;1310343144;-1322131772;874855211;1230178519;-2005793075;1788773327
-14559597;1683888270;-1004563113;493684040;-1275249975;-1830293923;1467552676;-2116705814;-1375230025;1012120643;1294587538;1722942009;1789508483;-1576182170;-567825532;-838700914;-110751414;790648462;1382735512;-774739843;-638546055;99851749;1896653596;-1779218375;-465844388;1179275006;452923199
-515622412;118909976;-962814197;-2079452912;2139788812;-725924446;-474451310;-412305493;-475315314;-1305393918;1689762663;-675493989;2106773522;1783963537;80743760;1575730117;448008375;-87509526;-1660058055;-1660017339;-1902244554;460071780;1551827306;-1088278383;983369779;819577308;-485111300;2073221343;1274230998;767042999;-1515618167;120614340;-1679095398;576804390;728246306;1903775517;-1362235292;479118764;1560645253;458752818;-1410845737;-441594147;1937539983;-1372976361;846410214;-1904690841;-93875217;154474837;1522858922;900500310;-1474413796;635866826;-910337419;1182018195;-1893810040;1116955085;-1688890842;2108002989;-535022571;1714213781;-1044810562;1400251099;1300970952;-675244069;-844784845;773277761;1207940284;-1461628228;-2077239420;-1057159054;425210200;1283363044;450638861;-1197199307;718540484;578919913;-298707940;-741987700;50565016
1579829699;-1656437775;994646486;232884134;-1744292625;1844993506;2090712602;-95291592;868040633;1194284704;-1615167985;104127460;-48804869;-1906988750;686491173;-53213565;737142310;338168240;1256574592;-697849737;-342142637;-28966467;1632687923;-1147064886;-298598249;-987049644;-631671891;50795927;89018778;718084040;-231155341;-963941208;1282186346;-1012823803;-1964612081;-96678304;1666641036;-725798117;416534599;-1064562725;-457672876;446175229
60750163;-1592253578;-1128718459;-2140779321;-1345670715;-186796580;-1079990854;-685051113;-1076444973;-1430489159;-1344853675;-662097859;978569963;1876535773;-883302782;1182809331;1180658601;-1382655669;1643588067;-1593311577;1071698554;994666760;-1916188711;255940462;-1243609727;1907352885;1394451461;-213450439;726920893;-1213795488;-17062644;357853254;1507956586;891548694;-1788481382;1683699928;1221146024;1536469436;-392336471;1182241833;1591996506;-619022178;-1453491453;-1774313313;1734311248;934351944;1232947205;1641965886;1813183912;-511562220;-824570459;-1312341922;270187633;-1381172988;-534072907;1562515869;1612624784;434214609;412954216;-833253610;-1518208281;-2103590333;2116194325;-1878096430;-587758157;-1831253309;1230408507;1062380926;-774188491
-1053036860;-1206511778;1148284820;2033292779;14120589;-621166463;-1004241407;1380939839;356958758;1937140534;1175424284;-124950817;143225814;-1861446722;-566985579;397175238;1812904929;190303298;611992342;1293716809;-1636183028;325053447;-1600733344;832652903;-298569888;1131511263;1734473652;1223116901;1988911662;-446029342;-753702029;103391130;59573843;1828509278;-992978168;-2004015737;-911794243;-482518005;586951173;1287037482;1979696429;704719235;-1423294580;1955671699;854135102;865575408;-1297938192;-411063113;504012709;625115910;-77331813
1262361273;-1544372684;1604119345;887043636;2087230773;-2107821803;824870133;1927782885;-337515459;-1598164692;-676230805;267781225;-528036450;-254271792;1828893503;1289851226;-1062994342;1462465381;-291831195;-1525763470;1069256034;473431756;-1834901888;-2078391271;1526636197;289130524;150403976;-1820620994;-1385047479;-1436727919;-201382746;-1443439511;1196624951;-2014257212;-620015262;-1813472239;2025502685;414643228;-807065345;-2043109334;-1109613522;-1160574332;742414373;-10726654;1341563885
1090346176;405165901;1764564523;-684606794;-898454488;543169918;1871256334;907983290;413112194;-1177093545;1682168019;-590735510;1518244453;755733187;-859296491;-1698164853;-2031960129;910930147;43136590;-121807136;1034348794;636212838;1654268318;-1624010852;1605518170;-1814618083;746522827;50403602;1438230440;-1694413107;1098067081;-1696119122;1122639892;766511431;456855290;632494632;202633303;-2058507338;-928697737
-340034536;2026453047;116949136;2029737217;-1578651760;-122930001;2066980177;282185883;1910230640;2034811351;-354964793;1231388081;2053426433;1861130139;916275394;2082553916;1430296461;2134413988;-635790117;-774079491;-1045959683;-763916493;776883896;-178551447;-1016485437;977947952;-2106465138;1840360929;-1919894535;1003387266;-223585305;1178296101;-1552154166;-1782024031;1601460900;-1436943862;1474418960;-1964718488;-152144827;-410882965;-1666240706;386858799;-745275544;734704221;2068593792;-1576540647;2100510607;288470694;2026851616;-1440416599;-752752858;161498734;793263403;230260635;-1937295933;1951992886;-86668716;-514728719;238237359;645449226;1490952215;1374156619
-1937298702;2144944673;-1379415429;-1904660520;103560109;1757427950;-364821159;-793166022;1847900833;-2032425804;-2135069485;-1906422278;-758339828;1767414399;1218059335;-1705636785;-1773922432;-1976569955;-1785661676;-419794316;-1818738803;1370249019;-1046257810;-1564716814;-2018513729;1803695695
-760209115;340190922;-1405726279;1701308792;167303672;-264069373;297712292;-1322004305;-360395534;-1638014190;-1558471374;910992103;-1605578890;-1462728986;-1101277864;-787799383;881210438;1903376872;-1923387899;244115597;-566470328;556727155;231239305;-143151413;-774976115;-628432254;719100469;-915586542;1025332110;-1323160406;-1929312706;1049439128;1526416312;-436746165;-679826970;-224499598;-635956438;-700723710;1284328669;609010213;1109590716;-362111647;527726563;1401592956;-640927165;-1644916510;-546813006;-35566437;-1582967790;-1760002793;1239310875;864505172;-687104828;1519021862;-1030414993;-978000712;-1218409671;-1037869451;-1611003360;86314737;-1017301795;1215153568;1080178342;674873935;-333790672;-273787213;1922409894;-2011701088;70920065;-112771435;-2137178543;-1803523645
1833413570;550821642;477217663;1144445159;820022332;-1657178549;-554358128;-1623993560;-393038141;-1375386167;556376323;1669992714;1601827651;1093317589;-1243681341;1859797568;-1688496499;-966766844;-1121418894;799289385;207005001;-1921587182;-1065790339;-1189460907;-2105626069;1826416131;1599541866;231240519;1384770405;-1094698870;-1027332493;2071498620;-1739715748;-294482770;-1754956456;-1864742740;156180638;1405724587;-1990061967;1091918671;-1235328750;560991254;-1505260030;114340962;1349942384;1136151875;-1306479918;530681194;-1780080141;1774695658;1251944702;1719780536;11578701;689118984;-1627127798;-2011367953;1628974811;1970483202;-628157896;-1430776125;-289193190;616778000;49212189;-1787847677;1797549400;642834136;-1313864848;-1815844136;133163438;-1567156647
-214951346;-272094675;-1457730550;1461850809;-50509548;219706198;386492738;-1022119729;-1356264577;781732815;1265052634;-2064357124;1876866516;426357588;1146078224;1505687262;1215268550;-781232917;1017801902;1734166643;1656485437;815212635;-1829707414;1343438503;387755096;1353266910;149084048;-8625362;-1657445195;-940476651;-1872372514;978233236;-1208204817;-216599493;1162461358;-1834909295;-1864084120;-1662929763;-1266160806;-291899231;2143444807;450106185;-1709815845;1951496404;284101316;848527621;617391027;-1529446686;429533858;-882384765;241543437;1183019394;-1216955907;-2625070;1251137313;-1780925445;1562355013;-1193508586;1034755293;13663738;1947312010;-1383379845;-1207830079;2087543974;404129785;-1162488474;-396932854;-1399881486;851649446;-989359891;87956242;-1950863567;7352203;821177225
-921213969;1193545424;-714222582;99774073;-2015890947;1131583820;-998325814;1165694503;-1197367859;1269616203;1708157477;-176921667;-1361538560;789737361;-271967960;-1863845689;1804011837;1901316255;25682311;-33468533;156713284;1121068596;-413263916
-1127150782;-806239722;1262275822;-841440269;-1955623578;-1917311215;-844366922;-1108282574;-1738995277;605966656;1248878089;-1019954967;667663896;-1624371574;-1737220887;404097285;267399613;-1955175569;378392573;-1771821883;-1745714273;2027616260;-1317830597;706828632;-95842722;1014944059;-1714511389;1334158531;640415061;-540353944;658586030;-1081326328;-1818202389;-342555904;1702601031;-1012361852;915922984;594867363;914726650;1814093464;-581624437;-1969248933;2018821290;-883688565;-1504746215;-244102618;250956296;1025047215;653911481;1433497009;1730795010;-491381823;1487660991;352137062;-88478856;-1143025515;1082813125;-1458573656
-369187854;1947028673;293004893;2050157852;-1626264902;1388793428;-128942932;-691029343;1252352846;-524711840;1604864775;2033706107;-1196611792;1072703196;1283269227;270573975;-593521943;-1783661334;-1251176474;2118571343;-360740820;-1135229399;619947354;823435995;-2067419589;545728840;669846143;-1756871673;742364297;58642395;888183341;2124748582;-1410606176;-1632032911;683216859;-757917626;-118126524;735616997;1928890722;958413220;1550771416;266828532;1447878919;1209683810;-879848191;-1607565040;697377719;-2043706761;171425672;-2113818765;-656824428;183402214;-1396673916;862008182
576639282;-948460104;425608994;-1939832297;-327342320;916356921;-1743207673;-1477930733;-613521570;-291586476;1612937548;-1988976470;-1799891629;-595431250;-1016418809;1044662123;-201739528;407852459;-1718009650;-1238863511;1401755351;-1205169133;-424780914;799885448;1480386801;-1974491661;255769242;-383656713;73218804;-1758486847;972677639;1437028860;-83660883;716976067;1857868854;-794717450;-2125142597;-2043408720;-973005391;1410323616;-922150523;1761387158;1494239803;1075144338;1872196205;-1586554113;-1185867999;-1082156787
2084394319;881129174;-1096959241;-1604114943;-2072693648;-1709065794;-74681308;544098990;-848343376;744255561;828768214;-560385630;1298142697;-751314364;1188891527;926023925;1628495329;171571051;1155546597;-1017936593;-910662412;-1349415614;2000726557;100883778;-1690254608;1051571748;-936004772;393376186;230875711;-707342948;1010640018;-1720636622;-958535861;-8827405;-2038529928;1531714570;1762863645;-1178045687;1522847188;-178450090;1588962887;-613960088
1223147289;1703281924;1193769109;956726167;-1499956302;906143133;-2066584663;-1702590550;-2006008171;1074087949;1053725473;1032428242;1648645694;1136541159;-584192783;-2078516018;1505593699;347555191;1542985694;-116894656;2055051113;42365736;2100792077;333285556;-1455535080;-897856219;1558852310;-826687264;-1759470959;219839809;245270237;-1770987219;-512265346;-1546076901;2005101923;-755093898;1890405004;-575676291;-851279911;-1803519730;-839385322;1035477508;-1755216714;-459312121;1117133858;1554126342;1868640905;1700314289;260809616
10260561;-1726523807;1233377424;960414829;-2058516724;-991912333;-186598060;1796938125;-1756333939;1888353425;-380094458;-575633370;445247378;985322292;101323516;-1896565963;426687765;-360549270;100224042;759843849;56628962;1218584282;881223640;735314145;227707753;-2142288123;-1322272108;582300115;-883958059;1179824334;1823989352;1236176878;114369885;1056775483;-1893611696;-775746909;-1443909927;-1986883459;955591398;1450422112;583047063;-1240107987;976564063;1189568381;1024987759;-114615848;1100912058;-583172005;1412349972;895967677;2120340277;1016662474;141862828;1910868436;-1193226749;2137233067;574792867;-537892590;2067738940;-1524737066;-472621636;1960614635;739216405;1410410813;16914792;-296001768;-1688817584;-1786390191;-1831664805;1857368474;-943586315
1299560283;-1748541698;-695944638;885882831;-1179245222;-2020599583;-686086177;994042261;1155867335;2076757686;-462248363;-260399288;1150762272;1405537990;703052481;706427243;65380811;349598584;-613190716;1579434648;523579174;-305831726;410792637;1587004068;-1221262628;-1365993921;927814714;-541972480;-855172742;-107784046;259812267;983067489;-1382362303;-1750058934;1790576216;1448233379;174748221;-757221353;-386455148;-351029270;-414587498;-885237859;-307757006;-295242230;554071589;-1366030729;-612406472;66773800;343681098;432227197;830892498;1424980129;46065404;-915772342
1488228138;-1304245216;-293732104;69593012;1965904439;-1882187234;-724377555;-609076946;437061025;432323250;694402907;-1325910711;864551298;-1511106817;-1270914238;-1109053695;-1128396701;-479896343;721640633;-1615294604;2029083545;-1216182877;1153387950;377082001;-1376767509;-192040570;458816107;1187442448
-1285673692;1498000154;-1228699743;1700259287;-334384227;-1458462325;113251175;-2053564545;-159333840;1313253171;-1816922201;-154152599;1718358293;-85002377;-333685572;-1931096076;-624409207;-1758852566;-1568866226;-544015353;-1068879575;1362952788;1658812099;-1253408388;916927107;1899021621;-981430284;1836607420;-1826452759;-510919287;-1616719068;1651347622
1989381900;930629165;-925744716;617565114;-887079360;-528157701;1431673696;794059416;633376877;-167844290;1540530884;1751600594;-1630918680;-1345878437;-2088124032;1063633857;-1871830888;-404383325;211279839;-70295875
19287238;-641565380;2068174764;1318621651;-553713015;-2126353758;-1027746341;-636160482;1513150902;-173208654;72116240;-2118316569;541728340;1874215369;1563065055;1510170975;892410392;277046625;524869692;753107617;-794363877;-857083465
382393333;1969795020;175818414;926247826;1716100690;2139040551;-1981471501;-2025179635;2047185956;313465894;-984954783;1589601286;-272573360;202126712;1859175589;-749238334;1138938228;431667824;-1035007963;939462819;-1827561101;1294309952;-1900369635;-175277196;-615556816;-1113683354;1191534859;-84364282
918606949;-1058088371;-748389381;-1072307482;2118568632;552252423;213969633;158990114;-1282598653;-2029494198;692607874;-1075208982;1459512203;2146975858;979262073;685756788;206891496;-920935474;-1319736824;-74661678;2135367928;1162054790;868396841;1548044152;-2112915433;-610509127;-229123102;2105882619
-1853694491;1416948445;-542035685;-1295264187;1424039052;-1003323337;538005507;-2104836921;1433944595;549913496;-11648306;2095053663;1382435564;1145685891;-1001488563;2068125085;612706039;531681774;1776919047;1459983618;-265102811;160045589;1757690240;-1356616456;-1880587426;-492154998;990282174;2135861762;-553620060;-451379568;-2117807096;-495673293;-546730120;505357738;-1810313488;-165933852;940121212;1642106990
-1387700320;309398873;-1370125410;1018752288;-176185757;-409157150;-2105883016;1754674070;-844457724;-1294786183;1172469068;702710481;2025086958;1239408049;-232453809;214365382;1668215318;684440373;1275400623;-57649651;1922455080;-548010777;-87582233;1719584671;2034144003;-303067828;579049811;-2142816031;-2059125912;1360650790;390088710;-677118495;1703772397;856921698;-1545376549;-228456994;1750401591;1457833524;-429000502;-1859357171;1570162791;1265449344
1664134298;-1370806316;1934084219;-1732870880;835776492;195196923;1970071186;-419944065;-767799763;1160763059;-457672822;-1358907314;1395028233;421554852;1746227944;1899171522;-1086166603;-511715079;-1672275566;123541098;-2049984206;1684136532;1641103797;292201784;-910616366;2111068930;-2055963415;-1059695904;-507984133;150729327;1409932435;-255733915;-1594991574;1022459356;-343058293;1965330159;999189562;2031925838
-1021780254;-149653530;1193589193;1439775892;-1539524563;1155789452;-1520603202;799522772;1084023519;1640849459;-1357049663;-1029500217;-218743041;1488506831;-1747240578;-1081059365;-1417525604;319239619;94834925;-958320886;188816674;2052090534;-157230652;84728891;1577369583;490459721;116827949;-1217204248;-2119816155;411954937;-1733613383;1412257280;101092801;-2040175360;-1217871469;-1380323571;554421228;2084975218;-1206755592;1329731481;-991361391;-986046683;1491517926;-372719154;1660475695;1681500416;1394749459;1408107868;-478644497;1686171768;-581582816;-813610593;-1479543816;900229464;-43338482;-536252929;721768450;1888572352
2113705114;-138602967;1420968303;-1189861662;1104638752;1040492035;55585604;-1459362759;-891400705;-1303414284;-1410016511;1879009532;357564863;2077359808;-1153716910;-1332838511;1031126702;-1745235871;656011277;1266508731;-964666689;342650906;710435003;1945254083;2144230831;99796939;-397963433;2024222453;-1891357848;-230093177;1376856405;278727758
305128035;1285845221;-559870862;752432616;160738192;291267704;-985904157;1457405039;1920244908;1751276163;-346934672;-670070323;1837032532;45618562;202805482;-1318042256;-1095769091;2130744383;-497326562;-518501236;1164476420;-1479597485;1791065854;147267650;-1407066878;548957421;156657185;-1372253698;1561271909;-388390959;-1193453971;-1121955296;1409546811;38129316;-1549261551;-1026964258;-1810876847;-569758106;1790990009;-948977304;1974297212;1484645182;-277883907;-493674676;-497195978;-1852152195;1614541081;2092250651;-378689684;2103822556;1012710627;1526969165;8128661;-381135608;-756692231;-380540319;647482374;-390375840;-998970055;-83262648;61486724;777455613;1116639349;1320987395;-730359014
639021159;1203645066;1732440621;-1151063340;-1445947678;2017527791;-617919027;-1486525572;1035917898;180590019;234602317;799322891;-673165498;-845540168;1318814229;-1652226770;-1520574029;1833913223;-1093304395;660249762;-2012706597;1151088916;-620003010;125330426;1313196774;1898333391;-2099600947;-510282080;-1300462704;-1790602916;268162663;1239461401;-2114264548;-1089776267;302292748;1804697484;-1654009208;1574592271;56177926;924298628;359745025;1885480123;786614913;-498986508;1752436376;921635151;1278324576;-615578501;-1048493514;-1341606459;1776054093;451027177;671373517;293711202;1097481490;1152479746;1654421968;-861306854;1177042727;-1953233791;689351908
-1104244341;1605903967;1494082007;-1660413913;601034966;-1654139308;-1586560047;-780125746;1796555407;338044830;1649314760;-452302916;-1552945477;-1453810176;-480229831;1444995047;-1338884427;727434765;188301332;-1065322867;1900770628;-1038971482;663686903;-1561785260;26317802;754196672;1244063903;-152255822;-2026077830;345263722;576339354;-1487695218;752125421
-415380671;-2117129945;-43241612;436034806;-439133979;-166383820;-1410665264;-1436083182;410883144;2100584013;1940859105;219903479;74498383;844826761;-970779779;-740520661;508702964;814478951;-162905213;378081951;-2082229375;153665265;1980329519;-691284868;-1128826374;-603521506;37515182;1785656610;-222553382;-1523053192;-1613545227;-1124266388;607628802;2097226494;-160958771;591054137;-557566994;905706058;558702130;984060200;1028570153;-902403082;-801830434
-46268669;-727083204;-1450711777;646832412;1341939328;1053262300;-1954045967;878601117;-1855159662;-865578430;331221064;687060350;-1332804469;693012455;-551377748;-1209770640;18013644;218879479;908796939;1017121987;1911655874;1518765107;1473410762;-2089990939;299051795;1509521944;-1294998244;291328296;486921235;1028085825;100185751;2128582855;-40422788;-1726266359;1566326532;464096554;332793438;-673691276;173237366;1916319848;1735191636
918155933;562606094;-1767451912;1960515988;1343835995;-1393627106;1031852952;-1080314349;-739154792;1621811802;1479828009;2018619215;-1413098670;-841443902;-1071642501;-1189695067;1130546167;-27727270;765730990;864046771;1731061750;-1322633937;955007716;-1193055497;680362131;1306042524;-1376429513;1622041014;-55017734;-362951479;1756075245;-1360592098;-740290153;-1640270732;-2080726038;1309135022;1691628196;1477777907;1432223077;1565137877;-1857418237;-1396113287;-853141794;-1524569383;-503036851;1346958743;-310195633;25348090;1166706986;-1921536250;515005089;719249111;-1457591582;-1688747869;-390608031;-1921250289;-1217077964;-685412678;-1309507661;-909720790;479654246;-188424058;1763464326;-1594036550;-1884971619;629307128;-942495223;-1225445699;-1830115986;280710071;606212188
778172340;-1897915288;-1965847669;-2009046694;-913173085;900015663;1152754359;443877407;-191146211;-2141866636;-1777684843;-1605960654;923181124;1365929449;-873915620;214420312;-2108597169;-1897034036;-823029638;1802324570;1740493217;304658281;-259377337;2038716201;-1177804009;818671586;1863158780;-2029315768;1932628641;-227149262;-514951770;-263953302;208197908;-41799825;-239430698;306979162;1599055677;1501588815;1484715995;-1626414822;-1292721096;150984684
377814607;-102073086;-409111605;-1555155651;-30150436;-121513651;684973082;1756142131;721336267;1225083283;-937846471;440499544;779648372;-1373928850;2008013691;879387757;914020824;873822501;1767611948;-1957148056;-1913432243;730543497;929003222;-128714904;1995578720;1905487106;1286378688;-1042586654;1916659190;221330148;1168487607;-1504339168;-967860044;359959047;-1221128944;721277164;1759144096;-230751339;-1263372820;2105384584;1764405256;1449695013;-300985923;-1850107168;-655243614;438038537;-1138623991;1574093314;-1832837644;1089760227;1331082350;261251021;1674244086
599290853;-1482853912;800336884;415493850;181135946;-1691896586;-341979719;-495634040;2102111771;1940771079;2001339113;432890936;1952086143;281106769;-1163672914;-476750192;-7553142;1500025631;959822743;606080062;-344248129;742340616;-561529924;-1479543728;-1750872106;111454052;-601360603;-1636298302;444054974;-1357432068;1855443052
-741348380;-1532775680;-2018900064;-2064529234;-521977931;-666178243;492467052;831787661;-1652757918;1689213838;33925239;712391807;-1797654302;1736371603;677982990;1499414948;1434542140;-1775935071;1631274752;-1397027130;1725565446;-1617022728;1941113289;-1922143317;-914971352;1459391291;-867640590;2079303083
548607260;1602764471;-1012478079;-1520637924;1191992918;809717481;-1603163547;82569930;-69188896;-1290676714;190090329;2029867986;-1516131489;-83592986;-1708992573;-2012687104;396583131;-954822201;931059771;616317771;-399906891;-1552964916;-835053402;-439995046;-708078120;-147881518;-2112059773;-2050128311;671045679;93233892;2041181828;-770195284;-271721642;1104028896;635625056;-2047035949;-1130361965;1594459226;125196263;1583727951;-1453252601;-373942081;698925398;1199282357;-153508576;112902077
1066227617;-863225263;-573809950;1033380285;23631869;951318277;-798882941;1546172357;-569799037;1569696464;-1503782689;-1750611649;1174356863;-1792774937;1807191171;609183543;1180159961;-1739247918;-1723789073;840396638;-677058990;-1177270689;-194900359;-727013091;-1495795;-1806753063;544178801;-1410850836;-431805615;612606330;1452354693;-1485877533;-1993158771;-554584803;-251548057;1351283088;-1969040997;-1932307145;574521772;1186434571;-1213237943;2016405512;715581431;2034240584;-1715965676;-92300276;-447268522;624684716;-2098987722;-542743368;2046833899;-1881145374;1981107938;928353890;726677454;-1026848274;-776404019;1281236352;-2105639374;2013883009;1508786672;728591636;-823733562;-1222797169;-1178890356;-1135558553;111562845;149745438;-1335187602;963886068;1628445136;1456886113;1075236212;1142487463
-1892582395;2033018703;-536138681;106475237;-1478944823;341368201;-361200081;420767453;61530452;1565133001;-1131325628;1379348194;591526466;-313217194;1721636386;1243454218;-1059276929;286775001;-1966061416;1444096518;1956675800;682815078;1263861590;-1555781428;109286863;-627764036;-463021852;1342352502;-11678802;235142860;-2071412778;-1281931670;-2019649314;-1739832713;1374804029;595613370;1945633144
-1882828704;1444028620;-1800193764;1894609233;-1220540244;211551805;700255745;705304943;-2086320408;476285954;826634573;1745725524;1125836972;-865595952;1064218791;-46184733;-851261165;2343869;-2000800503;1891522767;-764523089;-475726297
1454568729;-2043130179;-39535660;-1002817733;988734166;634965657;1324219994;1026252448;-2128929227;1756902516;-1111785279;939196579;-456513088;1609498179;-1645759386;214691092;1518841826;-1296425478;-31119326;1014257236;-310232919;29062649;758365610;-431135517;-873203765;-1134483258;-93761224;-869273546;1128003310;38121469;-1054165141;-1354534707;-1276567517;-1593446780;-1319357077;755072901;168619187;-1389776382;-1113663664;-1490979286;-1891386338;495867793;-2052962109;-2142960304;-969074848;-1416984655;-1121381402;2071450466;-1150393226;-1308803712;1641507441;320960763;-398537185;-102134489;1489165597;1982492276;-2052889625;660856215;993764676;-1391870275;1427027552
