-1194453820|-2043865188|-671304108|1810091388|1237087657|249452375|1399190408|839932586|-1735757311|-317880434|1317135961|-209618831|1932479918|1727253069|1585562394|-1654384513|13641581|1404477345|1231682997|916176158|-1293204186|-421864102|1364189223|-1994932072|-2063904378|-1903632623|-701131731|-953471274|731406027|546648684|338727999|-1000991414|2116403934|1202799520|-573458499|645491982|528031910|-698626505|-561688984|-396557491|1406677658|6362642|1360330515|587269089|40905368|1782000817|1121738137|-1096086979|524466933|-276642126|-1076073455|-247931763|-2051924780|735405463|1575582528|994129179|-1802065989|1786632652|15867471|2066562548|1750978147|676356327|-954915395|586916555|928748750|-992222159|1814549910|1023958300|1165284255
816630500|-1270702444|-539370331|-1679779914|726615142|-420708945|1827558584|-1318782186|-1661091201|1855342755|-2131470648|1399250868|1375351409|-423517572|316552242|-250727481|-1394272054|1672924807|-284465579|563416458|-1087607010|-287781388|-991263387|1500527494|-744609547|1399534518|566450302|1731859734|1198101511|-2004430162|596202236|358305576|718931878|824748551|197661449|988141888|1221105531|-1005014045|1371583862|-355334462|963231092|-1726186953|-1394076977|-49379216|-1778962692|566466034|1801664936|1423440432|1040535917|677018724|1948301885|-2083190509|-1739128382|-512606499|-1761437894|1975547282|1996071825|-1573773163
-314935783|-1533105353|26355403|-166545627|-873513527|1858541396|1256982319|-1867576146|1859693434|-1062695559|1463949444|-889779653|524117246|-1929703904|-428725887|458431216|-1972378964|-2074512420|1417961976|-1443614817|-244044004|164508113|1470403130
-421830865|1388905829|1129747640|1866459976|-661649839|-363753673|-212032019|-932491076|-1388369151|-468318385|-154085765|27880579|-1916960879|-634093417|945879956|-2033675139|-1300176086|-74420342|900645275|-1634474898|675442451|-1888655317|-1010055926|1010216726|-446852046|824395575|1810093461|-1992463234|-272298798|-481346915|128305040|1787214228|1907271334
-2095220851|2089565434|1839409421|-204088944|2142757961|-1047231206|-911221865|-384841608|475300552|735851389|-380931897|1865629207|-556453699|-1881798307|1314412826|-1769653548|-959420113|1954982264|1204470344|-1561889988|-182476966|-755358938
1643979574|993911762|-1625384275|1526698394|116220027|-569821202|-47144236|-1181713856|-153903036|331035491|882580405|153443596|-993631164|1528029230|-1124750633|-703876191|-1905835304|-201592649|2028609660|1504326067|695123580|512865331|913989174|-841160175|47816833|-1763283639|-1851419969|1619017700|142920444|803729144|654630666|48441400|-2124433919|-1051941961|-1125861227|895319996|-701690863|-2129239331|1541512449|802126021|810293712|-1415399357|-1050416413|-1600428648|-1535310598|1132823079|-1077939236|1828414184|-1203962217|248842579|-293823514|-341268835|1081533550|-2007173251|43260401|-2048756010
-1566584847|-1750618706|1329532209|1642069779|1055182445|-1990697303|1251011145|1857937856|-2046144437|-192669539|-842048128|1081874952|-1313657883|-465061629|-526826243|1151322362|-1125672396|-1281629717|-455783944|-394820260|967349946|-2090097137|929242420|-2103396385|-1484858975|1533108773|1678079949|1460274836|-67317724|-1030269068|-1411062733|619479966|465385262|-903947350|-444099722|-1080257751|786316352|-1356189204|-1743076669|-1414611814|-1852618601|-1026399955|-693209810|1492900615|-1905927539|456367042|46958001|-892116759|-1503653569|2049969206|-1126148748|-1184783600|1642188399|-1429071013|-462120370
361468588|-2075884639|1721831819|392097687|-1346865232|-1981299286|2119834351|-670111904|649260296|1483854365|82870266|-1125056794|73800442|1635646649|288353134|1712820408|2080903074|-557806419|-1116809970|-1723133000|2136414814|-177045977|-657791577|-1504950073|499579243|515852587|569972563|622792639|-1365197360|-1941454427|-1832839684|1677268902|-1713206918|896165056|514827295|-1133584865|551193512|-466442376|-33290286|-1037258205|290119560|752228974|1536738311|674278897|2056925474|29325050|-1312284142|-548021181|376392821|764733830|-1018081432|1364196545|1263794911|-1784140519|1649087401|1765448634|1390269121|-954971086|-595762465|-36343535|-744366750|280369879|709578760|78854773|69351188|-1184252436|-404020271|138380500|1832062356|-1110912056|-1203594332|-1345119983|-2109300554|-1068887547|1100584164
1256597825|1667001495|1320527991|-1335275167|748145175|1545935391|1461025412|-1006484788|-707792999|-14087807|1596637821|872622315|1267646793|2074057907|-1579266209|100032686|36735408|666221784|664374328|-2116398229|-1325254527|887462796|2026195177|657263198|-1785109763|-2131184255|577096493|-2108095152|570517145|1938745930|930638809|1334593684|2110099935|2053029239|1228358757|1797117498|-537233519|-1659890463|799781034|1899300479|99012627|1037305926|591440109|-1851165822|-116486902|-1292790249|328349723|-381064131|-295107777|1353208208|1472696918|-1038081358|1639272137|1732730377|228167600|3410276|695096683|-395818100|100634421|-87485432|1007815482|-316495706|-2053568978|1253691260|1149623683|1594252674|1938440100|406160632|463235051|200811571|-1478029277|207674499|1449056214
-1154580033|-784747865|-2046909940|573859781|520535131|-2097801881|-1652920678|-1194158360|93892136|1562483825|1816878838|1350089162|350173292|1916506255|-618786203|107948239|2117461124|1103861347|-638776159|-63297919|2091869484|1577701459|-603430219|644043936|-1501796356|311602113|-1594830292|901572221|-617645259|-1603416705|-1901418902|-1225448313
1546834306|1569656920|1386616102|1049804648|-259141164|2095633479|1853251271|394899320|-1794053937|-988581363|1000191799|-597997721|-27319673|2107779956|24146996|102026211|-1399811704|-695825195|-2135223999|-684601831|2121693889|-125543425|267370170|-2013393099|-1084109634|767234396|1169509927|53712937|1618826781|619396950|8916948|1224477102|-1980731590|1805683702|2081584544|459827336|-233436372|1120870606|686591765|-1629296115|1834968053|1627239705|-1362185543|-1085111065|1597552116|-352086496|87353507|400575000|1052360350|1794396638|-667555248|-1144337858|1481831021|977856486|-2010526794|45353752|-1555849705|988849284|1474929050|-1768238776|-1514903805|-923661789|-1070417634|-1384627622|1880415992|367422701|609039517|277291780|387063575|388048056|633283003|1472869807|1583848971|1895659808|-1076732745|1438350646|-1926580866|1406970864
-580491284|1766099662|-1274034747|1340081941|-523557149|-757772544|729745653|-2144485505|-292965013|1417087476|-728027476|1884126013|-1464380199|-1710922534|-1740451240|-2125530803|1135181961|804464612|1846062918|61591941|246259237|948789053|-2048027507|-1698487136|-1705710042|639064889|-160746710|1305983385|611352730|-1347813428|2010851948|205659195|1901146664|-2039212224|-1323829614|462262521|1352398161|547396642|1189848498|-1706036742|1782770680|-905761155|179992283|-1762014856|171447587|268052554|2065024894|1608334666|-277441789|1090061606|482734857|-1367367746|1632357681
-1163917100|1026734508|1016722234|899257254|812022848|-1607458361|1315021661|2072504200|1195520797|-465423050|829995410|-1833223908|995333708|1370195298|1328581326|-582035077|-2018408283|-1414082799|1712197765|-2015273511|2066114586|-1721315660|-1428502416|125697531|710507804|1667139068|-813871984|941155814|-2045412291|-2087729486|-730536079|1007840984|-2075984362|1573328583|-440162125|1006662523|1647841642|-368492118|-960053818|2117874520|1835813771|-1004000551
-1566148215|1991441148|1815721403|-528973660|-1208288590|34824279|318035627|-552204068|673652274|1953567089|-257547945|-1138890489|1604822676|1588914875|1320052811|-1729854472|-1942753973|-1505152278|1603486152|-1143904210|-1070291554|-1564355366|433227226|1377957465|1307532001|1924387759
-2075038692|-701555227|1145920829|1442749454|1655723796|-1782180431|997334697|-825964695|1876014105|717940593|87408464|1671601329|1276395203|-1053808210|835233255|1285336012|351450416|897799871|-1467388958|1692208416|1143870467|-679218562|674210585|-1783963543|1519455919|-1810180289|-584396375|559572172|138168308|709156350|-459618280|631111212|895422121|-670870057|-1326139972|1246870461|-1304911172|-2036859206|-121987236|-782224426|410666615|-1082557602|1172380695|-419903222|-1159553020|-1463259531|-1344701308|1144827000|1450127155|1876735778|1895088154|-1559678622|-1962353799|369459367|875953362|-1394915844|744283707|-1374807709|1626414346|-1842272890|-18641588|465880314|-1476585556|1082955676
551550421|1762592399|-1131851572|110237363|2003950029|-1874477283|-794802071|251829509|1625327138|-1841049291|1902778270|520986214|341184177|-1699737519|-1430276667|1367350615|-133634970|-1546450197|-281401863|-1222460126|1625413358|2022315036|1653008873|-1891033572|2065397169|-366034042|1745898991|-1270597078|-138277889|1151078260|-271195552|-2113960571|-1782928248|560489791|-868043227|860411841|-1133838319|-1426168845|-1030478198|-1413521142|964873061|-1900798671|222124117|1365651377|369320073|-728039338|165719578|765135334|531656498|-2101292068|-1137061939|1106943943|-1495734149|-365141760
1321687449|1948117458|887535013|28473327|905463380|-1178016973|-582213512|148582113|1953099364|-811504487|627985235|-341124433|-1576857938|-1572438352|111351782|-792738910|-1774485552|-1625947442|-76406124|-98078952|1083428269|1994976804|369954714|-1055535136|-797949144|-1281795024|555550326|-1569806393|-978162130|-508863370|-1084096634|-1601507726|-1885839366|-3643538|927385582|988631406|-1709625965|1011396287|-1940463681|741745029
1963244718|-676227500|1658339667|466806850|-765651248|1013451007|1997924632|-1851118946|-1962092537|57272293|-2115677234|-760842718|-298355285|645866790|1238018430|110943075|997270534|151712320|1840626383|-1092544735|1216646662|574009268|-1882758689|-1665252217|565171245|-1528188182|-1681154987|1766977456|-1908537652|-1730345391|-1938640202|-2119742355|102255|-1687648310|-2010840840|-1551329979|-209240677|-2137454266|-1477299116|1784207036|539028150|334845869|567677536|-139941160|895609158|777145345|546970972|-312694560|-426331298|-1988867389|540846539|-1620800154|-10187692|490657173|-751093435|359554696|1985284535|991499040|480718475|2045841521|1708963711|87585079|-1714868517|262041126|1907051398|-1494170308|763937926|-519812481
-616853822|1964185279|-2078196366|-1126379900|-1113702284|-1986737484|1831956887|2034724637|-1582189772|-746036766|490489319|-1511757090|755705734|1784392101|-1305229369|-1014359416|1080654127|-867954674|-66893499|-64039501|1443850521|-12389896|-1141205088|809091331|-161603207|316159581|1591186957|1918225306|1062295603|-1024275739|-1652014920
1504752508|-1114384960|-1982112760|455478041|501241025|-292376396|-1292479449|-1470275241|1148497351|-1254293127|365629633|-226877649|-632552430|393184068|1345372426|350007242|2134001291|-898017887|636412934|699660747|1329207644|1021633669
1039488894|1950366750|-94454365|-1441381269|1591696978|-591614410|-1381767426|-787827528|1000155524|-1185467012|1625721535|-1110477882|-54060003|1374366492|884018248|-1336057776|500780574|-956255551|-1254303096|1783442356|-1048110856|478134255|-273443952|-436570119|1549170497|-943485520|-249148058|-1934863853|-798676059|612068466|158341145|1951698021|-1931156710|53479983|-235533035|1720434054|-1023752617|-1206740786|1418231736|-1064835257|-880660858|187528905|1993220900|1797786100|-453414601|1919172111|1809529174|-1961941030|702216088|2083216682|-584835209|795704585|622073059|364748452|-1894003854|1254027099|-1888595945|-753384793|1640238790|-5113164|1289164010|-395538717|-344018276|-1512399478|-1363345411|-1774192461
-2113336921|-1065797039|1096961410|1636995067|-1386996435|388929529|-797737621|207118424|-127670309|1592749585|-1742148577|580954056|780714126|-157920274|-1474532341|-220178769|703573769|432882582|-1712502854|-1322340399|-401789448|-796799630|-1373766281|728991016|-1218213583|-2084809919|2074054966|-377754121|-1369809859|1287355984
-1789146593|-1573849833|-476814105|-9673253|-1206671696|-1787977933|1101730566|273478507|-438839358|449321665|1365142097|1779464151|231660422|78496818|1249742152|-399523220|-1075160425|1046622203|30165434|-221722952|1910462869|849821336|-1942014341|2077686313|2138533876|1224994003|737114196|249653235|1270749201|-428776379|-934190534|-602169545|1428843654|-458616803|-466066237|1478811489|-1609111874|-2066826721|2112225493|-429709615|-975310133|-1429081105|-553078368|-1280440387|-2062848906|1599754383|-1486159411|869754708|2105563543|-1580191194|1281507319|-857830617|57111975|-195809277|-1810921894|-260302652|-1431412077|2074564832|-444790327|-293868636|1939903186|1306449258|2026693605|38004038|-981581639
-733098869|-1036706917|-1497692403|-138428741|-1751288178|176621988|-1187713318|-1716975442|1413972902|-2062375335|1416496770|318048110|1187726247|-159545908|-438315496|1265871828|-891178251|-845977458|1495352558|-424536831|-1249874890|94297425|1410122860|2116371618|-1649573559|376953038|1201525795|-292203660|100888439|1728669673|-1038470367|-1486296566|990094056|-545398766|-1282649466|-836173363|961101144|-783076883|-405152425|-2020527548
1536115252|1662675345|-1040118122|1925650684|-1033474852|1786750593|661083980|845718363|1378129526|1197579346|520619098|1320045369|1732997080|-2145988377|-32871585|-1072739204|266260476|-1268161045|818742827|1610327321|-2046670809|787973157|-1966039678|-1659280766|10049101
1340398623|1862586973|634247603|1794548650|2069663227|-485062027|-747196970|-1361417844|1504710606|-1133675531|479367051|256505146|-1973898538|1252689363|-676745113|-1739463492|-887613226|1605253769|439000160|-648374419|-1618293663|-1266627318|-1761782349|-1022761454|-1609197225|-745056013|1154599689|369084461
-232195583|-1856173099|891779731|-1039029640|-428251453|-66396417|-1478755524|987594010|1965425296|1658822598|481816154|1064581344|-1898079558|-509573919|1792426156|1715077305|1236943619|-1944668696|-1781916909|-1091473091|-1728576177|-626797838|-1108739227|1450420974|708466843|-1968909698|-1007483264|-1587004223|-1136815315|1418353046|700901282|2100474588|-2031039475|-295964111|-480784136|224644511|1808261043|-1127365672|-1342475916|-1000823576|366775297|-1654214003|-1634274333|-1349370989|-1619994765|-1011939353|1268996926|-1074510017|-590071916|-2009199999|-2010460097|1405235287
-1258346603|-1848331209|538807888|-1344784170|-1536322845|253725982|-1707498449|1384419311|-334528297|759504619|-777281202|-862081203|594042602|-1472838106|-176706978|594728533|707505735|635529146|1761013423|-1818482063|-2131729230|768576015|-860664401|-1159411641|1631516581|-2108593320|-434548561|1579693101|852653499|-1439225559|396983533|-105783843|1451709010|-694006453|-1637989938|409250661|2046347114|-651471917|143394666|400277344|1534587347|-1064239503|450175310|-1793790358|320211847|-1363605243|1629727100|21534672|1026386004
137856950|-2003184249|1265309886|449303751|-529061637|1871001439|1964332834|1356589922|-392844462|-1214022280|1281958686|300867255|-829849147|1270416884|-1750356176|-2016664054|326816944|761389550|1194493085|-1653782392|201400891|1597359529|-126910061|312044186|-1250172124|1010714636|-2026105455|1432345725|868890561|-62053042|2087804934|-1147896302|-329129659|-1553499923|1502680376|831392754|1292241729|341189347|-1625469593|-19682875|-782063250|1924844572|612082225|241712596|1138322857|588004898|-1088274888|1010266587|1058642494|768868889|26460929|-1659802333|-538168216|1924299506|-476501729|-136340528|1697798936|1045294811|-1435042160|-1232201865|934004213|2141467637|1271768934|1221231859|-940068700|-58854327|-1901427543|863140729|-1348291000|-1388462853|1179264379|312002792|507011404|1966361792|2003428989|2057971557|1836544863|289854861|-32922767
-1674303040|-1706351216|878993185|-214771826|-966524485|-699864221|653329790|-432988550|-1635597966|-1156675201|1789570059|1709483226|-1724331808|-1736758034|-1259211653|-1953703549|1411837723|-121169084|-984648295|631341890|-1271107624|741239759|326717031|-1349206220|-79712972|-353263603|1971079050|-2054811564|1601882545|1877135198|-1525995804|1063146581|-2146869634|-840082950|637344130|-1107971663|-464203270|661739300|-1389471815|1432474369|-769584517|1714107039|1149527947|-493091953|1935915338|1626549601|688496974|-1785462487|272357874|958903686|-920003953|-188901577|436273594|-1890530937|-2058069197|-1720428785|-1094440081|-591799637|1927643359|1852965256|-1861899418|1503847100|-1837321063|-1203145267|-1710270528|-461332226|-972450129
-1903005457|433009244|-1843034921|84274636|958205561|1685682404|-134422889|1054754429|-319613957|671811189|-1151489050|1351570765|-1575816591|386498231|1505200659|-310821056|1760475572|1546495050|489882342|1549905636|635846211|-201095871|-1060851196|-1218275351|-233351355|-1594066223|1501748375|784932855|1424324814|1836380229|-456499410|-1028013892|-2014695839|282797365|1277826529|-1490290877|-1575732811|-1773969674|-1512430920|2082542732|1725127100
1425454668|102695768|1468726752|769992318|-1240711505|-1976494269|-664376945|-136839615|-1526914936|440285464|-766702599|-339829639|791109250|1269105760|1381896216|1132574403|-1573727513|671328828|-1740216080|1810772343|861331335|-535122572|-1338712552|-695399467|779139038|1880542159|-1083974536|-829334659|-701388427|478128292|996740947|283511588|1631520392|1825442992|1224148359|1909215364|831756008|361090858|-423794925|1545014676|235713315|2094840853|-1999077670|773755129|-1207210527|465112020|-1727456090|-632591940|1119121296|-1234747389|1811551087|600719932|-1931515837|504396163|-1536632869|-284821915|-999212073|183999447
2004113697|-404075433|1762972078|-1897742967|-1774887666|1940162209|-1173600576|-1668262225|1391694962|1372788041|-1577702692|567249929|-1450165141|1762647484|1295733314|-1319942867|526665578|-748606552|-1372911827|1301989303|-2023548190|-1855705445|-31203148|-70801519|868152379|149892586|-244141358|-810813580|154806540|-2042063148|1940384707|-1351844433|592426633|1765689574|-313199983|-1333071577|1544606778|1715127456|958946029|1793622686
-181657512|-696712638|-1601096137|384903406|1995106142|800942599|-1759194823|-1784145804|-200456352|627958612|-239443949|-533920419|1878339600|2124767160|2087164063|2084310302|1454262531|-2118255799|1835375786|211491828|1713037788|895718395|660660404|-1960622497|-650297175|-1486355915|-1927660813|-410925616|1901916812|-414595423|-1000644962|1254067360|43909789|269959491|-1381939353|-1122392764|1385839374|90555853|-352102072
-1377119088|984949040|-1408878462|1423054935|-1886177290|-1592957834|1903533538|1402816139|-517753321|1697515726|-61822139|1136753475|-1233823241|-1904033560|-1048017825|2044022601|1380858152|1837337475|-1308020809|1659583223|-1135614354|-1804936381|1468072949|-1537854414|579332769|1485170631|584787295|-1069172842|-1273731113|1913682938|94754721|-1401114382|80562881|-1378953815|-1008359476|-1800800522|1845800533|195914326|-731729248|-2027925973|1014453677|1909957963|-1567782130|605497122|-374317010|-114035983|-621968137|612142064|-1649304595|138718562|1642227770|-252448551|-421258675|156417595|949997549|-1020994486|7006956|-1312814665|-169297431|1446484492|1277960383|128775929|1802898059|-561156681|1686275451|-1442993752|1851459769
-1949524170|981516480|-1670965725|-1460484698|1546906702|599961255|45361099|847328185|-1437501047|-1724514690|512082630|1873423100|805516925|-2113267014|966033731|-1133487972|202878002|-1299224334|1243505612|1613029521|-1783891451|916508410|1976857292|694270670|-1183695666|-1770523345|289567824|-483381324|-1043020731|-1613571564|1809168913|-1263130681|1531755169|-593065187|661932978|725369507|310977153|402921163|31846725|-2062948048|-865251568|244452344|1516560915|-1582051564|-1900266909|726538867|-423355492|1162647401|-1111990748|1349494991|-973757220|-1766944593|-44699019|-1870826632
-1726956540|-1776830706|573933830|-504341705|-175598702|1686940327|336082901|-150724963|-1925364664|1759990941|1994113237|69671572|-936882484|1485669583|483910557|-18883772|1636484015|-1744196151|760584134|-705803482|33394402|-1632289500|-738162826|1864227852|1786152552|2030409260|738008891|1747106916|1661153356|1356567235|1103054617|-1078027076|1452635093|516927108|-60090139|86886792|1112386041|-629981141|-480630828|-2069521117|-714030834|1008821555|-889901746|-1665561069|-1225758777|-545225792|1455107848|-99852911|2035708765|-327186753|441217617|-1459148217|-448531188|1537751115|-1176448854|-2002228389|-1329089856|340942418|1358315932|-1172760660|769062672|232357240|1165864390|-1093239462
-223254982|-2087100619|1730383243|-1701578864|-1823215530|2069996280|-732127124|-238566077|1908705386|-2074513422|1123349878|770047805|1795978203|-91871503|781546482|1105386595|-1126371592|1287307263|-1807192130|-1494876101|2024966494|-1411909384|-2095679919|1190092187|-1515756387|1288198492|-13342725|-455405406|-2066204389|-2078793882|656630129|1416913900|1813660984|125200989|19347849|1402434817|-1510045005|-2006043095|-763324607|-1587270643|-1895760309|-1451557848|488891397|-1317242154|1955106217|478547266|-1669947855|-361556247|1699159932|-183043782|-634335277|254747415|1775694310|-497903801|1108913590|1180466207|1650785046|-225868829|1110090395|541564076|-787599307|-1664079903|-719303991|771705985|311416454
1668096968|-746221838|1044988616|-1738538417|-890243992|1300006037|227519198|1381112153|1946431752|-1336724423|-1757745743|345454562|59695124|1858170647|1499231573|1220799081|-1722367281|-1499380665|1451202410|211474047|-928004526|-1322797195|-135981116|-1544375657|58589395|-714756396|-652103346|-2073860320|-183189718|1293241426|-1516123862|1450945749|-4561263|1262953996|873639965|847363155|1826762411|1439044099|550770218|601285355|-507971641|-331384560|1167758460|-146861895|-810368667|1185506581|-1416203896|852145141|664438008|1983823477|1962935154|322073992|-713131795|-1392677691
-1621513502|149880811|370757315|-655692051|2024116490|396806236|-376291962|1087107119|-2094750474|-1256792020|491425527|1262734907|-463295204|532267217|-639710337|-1275171785|276514888|-507734134|810978049|1200711313
1975406058|852602122|-307513056|-376124859|-296216937|-1261150137|1326916488|254592843|270238287|2064100663|490794977|-760543701|-840015572|1567324192|-197787750|-921014905|-143854552|-581816762|408437403|988930959|478098146|1900909146|-1663959895|-1011830382|685124001|2142723121|556629263|-576385832|1104327577|-738746443|-2118243207|-414066514|-1046014611|-1504301280|-370010846|-374999615|1201224693|-515675034|1869695281|-158813521|1197712192|-1395114510|459459424|-1285279269
-384558443|1384439263|-191899520|1870681172|-866426693|1329650551|-234218744|378979577|1965518047|-1463746831|-451790178|577104869|-1224924352|563133623|-299382783|-201706692|-1965694764|-2051632452|889126811|-1785844811|1299318653|-1245678951|-715762990|-599294632|-909403782|-131454472
1087086729|374511647|-820548299|-1685229735|444113732|-1610343992|1137797185|-1682456100|588152489|-1442297077|1712454090|1881493962|442089659|-896348372|-1859847016|1207979303|1127779940|-108776491|1988772666|-776018643|-1050721860|33713158|1799956961|1929069664|-1714280310|824804938
-1181986337|56502026|5575211|-1571889309|-1391012357|-1733147920|-57284378|-99156121|733205517|-413640020|99568994|-296787637|-926798461|1441500400|456234846|-1026817892|-1211702724|-993061778|-1577591318|-31162071|-1214217706|-141517850|-2001644264|-875508578|428319684|1582124639|-906603790|1925146224|1553954020|1579231156|-134991954|1705155072|930527056|-1575204526|1002075424|-1503664390|-1375027277|867325758|31920495|-690008065|836979039|1179918685|-1143570165|86929283|200749918|1982078191|894968798|-775588105|309820102|700084828|37106113|721058857|547292753|1257612083|669254193|1385281771|-243591380|1596001391|228367170|-266362637|-108432625|1804257531|-1016677421|1859908097|323394445|221689975|638768386|231940678|1234675373
1318758114|-1068117756|-1784640328|-654570339|227636331|140254577|-313458860|-695250832|449774258|1066207201|-1040245295|1699631308|-1116809383|-1678229213|-603415870|-1559873773|1407216200|-1785525206|-18340145|-1908772046|-1772339556|-9497105|-1447676727|-946720729|719132383|632055702|-1477874945|1795820739|402372729|-308947249|-1633921585|-847110991|1996419687|1382652031|-924635265|-834898506|207149866|-1924802146|857067853|442551609|-203064831|-875855262|-694214204|-287446522|-1831973031|-41449571|1864668241|1263136334|2000253060|106262114|65900053|586071538|-1658705239|-2114722321|1184613371|1749026048|-752590597|1429117894|-1077746163|382509693|1088625197|160345628|-1946211325|-392856732|-1639583451|-2085265289|1041209117|-1177552402|-1236247313|278591122
-776291052|-988740620|891672963|-1437847289|747584593|-44659093|-1406375137|1078909924|1375953836|-1682265074|-1019860067|-940319644|1501195253|-395624175|-461957768|-649904499|422867790|589622863|-825601126|1382490399|-2067752467|-1135515450|1629468086|1342708784|1491969823|1450136645|941721333|1659960568|212957839|-1424976541|-787567916|-1223562519|-952119864|-1575530829|-1105255348|-2132260349|-938669577|799604021|1703373618|-1059983771|906114549|416442382|378614752|-987269850|-336379771|-1219602565|780569877|1700976229|1371089625|-1785968893|-342460391|-1487633250|660985691|338921196|615014180|-591745729|-484474711|-1120763665|-863629824|-1598853510|-1366418208|-315550674|857346285|-625207715|2124755228|-1103610779|-889545276|-847462625|1144576319|-1127188384|-1571329186|-1950294853|-445315086
786635574|452104130|-331726103|-108644463|-625534644|1232589165|2077450090|662120255|1723536972|1571671281|-710147313|-1339765946|-1811447825|1630534167|552070345|1441304651|458005409|-522334965|943147560|819092728|767436644|-1913974925|1682218202|-648551628|412984563|-1670105405|1406989425|1846235284|427537194|-103724081|-1917091735|2626064|-1880417884|1165440929|2129509992|1417387769|-135894363|-1277130356|743819463|1679523626|282287930|-655095167|841255249|-1313275779|1176326559|-2014269024|-377629623|544624513|2048031200|390843921|1326755761|925362025|1078317250|275216917|766397129|-1977053882|208780515|-1563120809|1902012885|-980071816|-336204257|-1439337336|-1137161693|-1792402846|-1127412939|436816938|-145014196|1968127836|326964650|-1393136470|-873291079|-1921879315|-598759444|-1832869452|-1825269143|-1111071431|1498247611|-363915581
1832271800|810194628|1361574646|-1583989054|-1224597720|1896338318|14814762|-348456783|-447432508|-1656320871|1920559940|930024372|-1368285514|-101962812|-2139741234|1344476137|538892233|-1691127825|-2002222907|-730750500|803454562|1823511264|908590256|827174153|1642224304|-1026070166|-780186892|-330880353|850373666|218161611|952172646|-1808020346|-303917543|-421559210|-924471006|77999267|1381524446|-718742959|1988990874|1251862618|27858902|1429462816|1397561585|-88117164|-650839564|-525672542|-1756579191|-1118138239|1272453486|259091418|-1569039142|515044448|-353913421|-255508782|-32321659|-1408357507|-18300261|61554875|1143476904|939455035|1269693408|1143474008|-1741039244|-250232109|-2088813620|-1865058147|2134581755|840626844|416483636|559772563|-273090994|-1971921012|-650211164|-327441538|1099147975|615576062
564584768|-1468191326|540440245|-398040455|1369753343|1698970578|-1490643680|-656428298|-2142217723|698191634|15787487|1623485142|990310120|49895737|-479695483|-1323634918|1891412970|-1266376494|365232031|1229180409|1290554786|-652520725|-1473688075|391468751|-1012133413|-1788273107|-1629214705|128204118|-43258693
-821580038|2052504595|-226530265|1773143552|-1571192500|-2082280942|2077748582|-874164972|-1488247964|2117089236|-42333948|-1307444931|-690345994|-14727288|-763143944|1966199566|-1171530554|-172321671|1749286152|127789418|2091941811|1552260552|-1069448852|-1028645543|701906934|1955039322
1408440095|118788011|-452367341|1363210720|-1263273846|547129745|-422592445|905977823|1582063756|-1333563635|35232608|-786174186|-1546611704|1107853940|69712374|-1556130731|-667492368|350732681|112754906|1249413108
-742439868|-2130350427|-1588556741|-703735261|-1264237611|-509497248|1777481220|-682348882|1617497576|-1704931972|-1160340577|1217789197|-740726743|2120720132|1174867445|-1383185079|-351328247|-168229355|505610223|-1638797780|-2124217662|-1363995251|1037205528|-1484330985|1705105817|-653745407|632563840|745154835|-1316813214|-1341230347|-597710621|1093719589|26766409|1718776902|1510231819|1614949861|1076383950|-974733589|1874669938|244123729|501039377|-323925540|-265625558|68485086|1597540175|-357790639|-847462399|-1694459952|158856364|1259634223|-149785632|305329098|1835533106|1312730047|-1870661517|1578169512|-1901620199|487805088|457528846|-1413820788|1920126536|856206846|-164295474|-1912574922|1046405403|-1446965244|663920383|-924306535|-2050445465|-1098959217|1671749053|1845821354|-1068194118|-1934879453|789437405
889079526|2095324706|-2064340211|-216823161|1711552|-1397650118|-1691662535|-1548858802|-1751827675|-1417911009|-331525072|1064909092|-337026755|1552946298|788173191|1912790597|502101251|-677251552|249178301|-2101522643|-1642204412|1883447431|1858222495|809946662|1366387814|73087093|-2104407827|1082474018|914968620|-1452197127|-1048742594|-1226539062|-1404074825|1398960798|1714918944|-562754602|1561695631|477563870|268347779|-475439458|1733458275|566688981|-206425258|-1639577359|1667773518|383333430|-1682410638|-2130609627|-1666524581|-1550695550|1400346039|-695347345|1064744523
1164918900|-2070383500|1723570325|1293588932|-336452340|1374667039|624923309|-577258746|-2108328235|247054517|-1304714616|-1007821841|-1855558589|967990821|1511592544|-1678948669|-866898363|-1526058588|1396609204|-1535254008|759093742|-705459335|-129481582|-1838880387|1887598680|477419541|-1930010088|620282443|-1377890108|-1158368922|-1110310089|1723948666|1024276742|-2023411348|-1539290950|-2131303514|1382074399|-1338418677|-1380448378
-1240363221|1185457699|1162774051|619241531|-1344521091|-1150150691|1058279035|508034704|657181960|210851912|2097240032|-1016121374|538849280|1047378979|297995603|2110743031|498925760|993280508|-960433150|-637152604|-1544717586|76209529|-1533905390|987204923|-1775694628|-2015583243|938120607|-1381149887|-1522389967|1902358094|1428261888|-1678537628|1821331656|923714556|572692815|1937521067|1880111575|-1079106714|99141671|657483759|1874846035|-1783366800|-1642223185|742512009|-1433943661|1686792792|588860887|-572211380|-881897165|-1924524606|1353907169|-1247475531|-1880303302|951693328|1665560355|-1209453727|1558907263|1378877175|1682545674|-1234642498|862515016|-25741489|-1928642206|1954783493|-338677197|879346217|552782291|1455478375|-1703429287|938327846|-1088536146|-1769002106
-1938434042|-977050391|685721126|282181296|126040447|881133928|-928311516|-125464008|-1760705201|1178495358|1093086374|-1309256525|7655828|1121587890|-176524397|-291970954|-739505829|1457683653|1085021253|-961064084|1669153398|1557564659|389977725|-1547989515|619797649|-1003714183|-1451881|1063795722|1082097031|932331863|559310334
2084781809|1738632279|-1696741151|1167260510|1534042368|-852785331|1835823910|-485306280|1631442572|783331487|-622052705|-1705756065|2146713196|-607565561|-983702405|1746380618|-179102201|-1887282025|1580954622|952188582|611971371|-1406593027|2049192052|719364757|1798398749|2013384200|1735300706|2113493746|-625785616|1596674410|-146036737|-205238599|332076314|1001891519|-202747678|-356192346|280947780|-1106292018|-373239557|965934107|1041884000|1162135821|-1844616505|1826880326|325994240|-1924022678|1610518719|2104350594|666315750|1485857864|1946611217|7224062|392575191|-1369518137|1088890514|-1002925412|631486900|50008392|1731500530|1676073755|1276399562|-259342289|366081584|-1335387017|-36121752|1864957674
-1947879537|-1598932303|1308769074|1805132363|-1792218616|595368372|842346129|520554823|2105027697|-254701639|1973740323|-39192824|977620647|684963293|-799031136|-569095259|949712507|-1020665119|-285481575|1970742398|-303537007|1128945726|-1484173055|834249069|1718789002|-1566364548|-641818641|-944518853|-258144923|791578307|-1509071967|-1345404587|-1860562142|1591115698|1184322499|541347006|1022644904|435534702|-1261575951|2036516423|-986020120|780079358|1796860794|-589690370|728583745|2066207446|58827367|-798424605|-1614953690|-1013609295|2132725435|1300941281|2030240509|-313963869|1989676795|-1505911044|-196690102|-569393810|-437008656|-772993594|-987284212|694079507|1313064874|1479283735|1800365671|-813792596|1645540296|1887644156|-1305750910|1088691833|-1099013129|-1973328401
-1358686409|1985990584|897527880|1901886423|324021688|-1743307163|-185320973|277059334|-1302550608|-1007532939|2099882595|-1437909912|-981421876|1394561278|32291014|-1604887199|1039350024|673697659|-847960966|1527864051|-1297685439|-1018945073|1316372671|2036185445|-1019420919|-1704544631|159942572|-2054755809|-410014534|2129379177|2091182183|-923775016|1909736141|1303333923|-1723186032|1001578738|-1168046740|-1977365150|1182322941|-210301916|353335620|1713325071|-1774826068|-470432935|2049359520|649437394|1846102261|1707397335|889858483|-1495590952|772334079|1538316963|-2100786124|-1024365353|-100549004|640268324|-1218575312
856172408|-177471994|994272283|-519930095|685408726|-1336089503|-922515417|1358749956|1089901948|767290137|-1522520872|2027850790|-1468573655|698343559|-803923240|-499183919|-185061532|1483419224|778157063|-954069953|-350888529|-2067951435|-2123469354|-926760368|1978961660|1973918628|1692673237|-1284790391|-441075616|-1077497171|-77449847|-2011470496|-230703354|-717859136|174544515|-116870474|526686821|-5378474|-201314387|-2027236700|-963385931|737176533|-1057027354|84196217|-1139272546|-265980360|-1633322543|978135555|-1180319950|1175058415|937559274|216933646|419379485|2019571715|-372164647|41596201|383641627|-1897537155|1314037514|971101359|-1552544343|-2020041464|460819069|-2079204347|2046883839|1031282901|479898074|-475009504|-821768644|1988025022|-1622354488|473639241|-858756125|309893293|875862654|-1070882780|1913978758|1022415679|264460185
1324245184|1005092515|-1317271248|-1695022843|1548112231|-2053274168|531959333|1161271981|2140020226|531387319|-360742979|-1570505968|-1400024711|2071334716|267644531|-286815610|1740337163|-2059637556|-1613916152|-1775810282|1216736643|118373026|-918918434|-528371395|323146414|-726791382|-1789433210|756187885|-643578361|340697507|-2009708137|817478360|-41653324|-409533185|1656900801|-687588883|-534097739|1662672141|1185401633|-1367809758|-692333222|915275225|465756118|-1732958860|-1089025290|1472873810
1676697643|1300674769|71905069|710635254|523067234|526777442|983548681|-1952304294|1221982918|2008299709|-2053259052|1444388328|1358213278|-1403008694|1469132652|-914048716|2029817610|212282295|-337530487|2090821510|-1823478385|-170748625|2047984857|-1602446027|-121980206|-489347381|-1519235220|-247763909|-1306697053|946369864|1387732818|-199445242|215060541
509689986|-769355636|-652062517|-411028735|1860062460|1251985313|1875204654|1684680889|-913695950|-474420340|1440446973|389291638|-1934463324|2112742359|987394253|-273883023|1083346633|-1427110554|-383599183|1350086908|1077340213|-561641782|757603844|-1630953731|-677962761|-1851234858|1211876709|-327352423|272048451|1652953715|393449986|1748092719|394681680|-660049232|219791641|-810091129|1815991683|-934603747|-1748703300|728809803|812441549|-59990440|-1108331564|1078300341|519435600|1231280872|-68667033|9223561|-1691120824|-81992119|-1000288227|-1634571706|714544680|-1747984825|374129919|-69976425|-795698429|-1690066545|618161282|-94515953|1329558317|1690596482|217325764|-1729989610|825959970
-2031298539|-643957731|-715293275|-1653450443|-1369210952|-823892712|-109496276|-1179937482|-1479657751|165451565|-1735721605|-544898097|-1530329566|1198058153|1624275342|397729303|-1608724839|-279757|-1183071813|1683574292|-205050355|1346730563|-732600296|2023458892|2125880002|495776980|-807280359|-954537316|-1986511926|-396771241|-1866129539|-40520633|-1706278523|774111979|-278295957|-1756091567|1350287978|-1237579061|-1080184360|-812629234|-1546330106|-1840289529
-1634166795|429930564|-820477065|-1598484446|1493619897|-198580497|-652160532|491553270|491705498|-285566091|-213042521|942441149|711792375|-949631251|-59817458|-227615985|131094568|-708958629|1301086620|1852748268|-1409064054|416427314|255662617|1132291292|2052682458|-815393767|-795667189|-1895416232|-2127515962|-1703309326|-252974741|768388712|797156545|-209488617|112301980|-1740445299|716949014
-2094526312|-193916448|-1035713472|-792652929|-2050696084|-591180166|108912247|-904541236|-206162970|-1885899498|-374770546|-540055615|1096122763|231287285|1147695868|-1189851420|-427000370|-1727686143|-1446024137|-1221944049|-1544332673|-476171467|-906464440
-1344163455|-1658585285|-1429730405|-622025246|-1340921152|1066107990|1181794839|1018343494|1495010657|-1573695358|-2089893010|2015191155|1744384058|-786066728|-344587339|-1687777243|-557187709|-1987090633|-882717898|389204803|1668971982|-17909728|1457896581|1857412708|-250700236|-920528158
1437813140|-912316976|278022646|1006813051|-1362322602|-2094264719|-580509268|-1032060436|53213165|-613469046|1597653766|1129376930|-1732685609|-1575644563|-1096728349|1893649548|-1846734695|-596346184|-1631487137|1773813656|-633651518|1563657743|-1775301255|1143651209|-1472307159|1824204811|683962615|-522768883|863606648|130228081|-351863674|-954988018|-1023555090|1465595302|-1865244636|326391368|1555418207|-1132723870|2128249794|1900319003|1188682880|1876205732|-1354601436|-89162334
-664429083|527370764|1320824323|295335481|1472754832|-1100376170|1631969032|-1047787927|352741552|-1038784539|-2061797138|-1725335109|-304568853|473713919|200132989|-1051477526|89577902|1499527157|24955736|-364015002|-1246184279|-1063995577|-19558762|1767288663|-64864386|-142592123|-1370515824|1699285218|-1061597516|2124753465|1101119740|1133199020|-843095567|-103221500|242616890|-355555428|2102938216|-1235821818|-1803238675|-1959257628|1917514895|751442563|-4912434|1207873344|1537216789|815212739|-2109102916|-1115944576|1221450003|280291896|-1275168746|341695300|1667195265|2144695526|476861261|1197521158
-1414532353|-1504853068|-520587682|-1333521821|1681099725|2006521498|-1312124032|744637625|-1652197676|1829820314|-1943830776|1227005161|1630182711|-1339203536|-1546145799|1667771604|2111794522|-782807921|-913449981|-403409101|-391723832|-678172238|-729821692|-718447160|-423422889|2135027889|1922277584|626474709|1037771402|-1399446699|-1937284555|1766782417|-272756682|-110322194|-16424391|-535383207|2018542439|1778184803|-1441287515|-716971932|1214717059|910975113|-1697277242|-427065157|-571434576|1209712568|797836146|-1836201817|-1827386253|1941695900|-1453449399|-1478960661|554681753|-2028415416|1196675900|-1910121484|451468121|1513122192|724542291|609411918|-306745926|-115207785|1322395562|-288400294|-2103669454
1738362300|1800924478|-1749882993|214228031|-355341853|-1690696932|-1818321126|-1394097295|1870028063|-1272545659|-1457459207|1227259502|1608209174|-1675742416|-411678763|846229850|-1969234853|-2038812954|-2020887620|115457125|1768319218|297597888|-1081948089|2091739931|1719691027|1996050837|1674143743|-240466694|-1829860818|929950381|24972284|168727364|-412090833|-1296207943|791114447|-2012057577|-1506079998|-618352889|-111355487|-1747356998|-744625063|-192900367|1587684251|1610796345|443474348|-1038578794|864261000|-447729869|706656897|-2059837492|-617940039|1875837425|-1884200211|-1359505068|2085521449|793825723|-585878438|-1724907441|-1673558304
1266814601|558881265|-730672485|-1121526479|-769557286|-1311383948|273859500|449535442|1510566859|1897405006|-205206753|1955149002|-2137181506|-1410715995|-1530192866|-720080639|1895364094|-1669159678|-968030314|1878938254|1093903619|-927643067|1972825625|984752341|-255059723|-108804904|701295622|2149846|1726682990|1348786727|1788453862|2134047428|1769749892|-4843697|336907033|1434333653|-2051270906|1657983253|-814523215|1379101016|-671488508|-1970884839|885888669|1309287435|-550510956|725694026|-1067113207
1778178771|1188234908|395845637|-2040538413|-910767318|-220938248|-1655455900|-1838700808|-167942446|2053292660|-979113754|-599006249|195616921|2094546372|304807065|-1786007813|2104009701|-152615953|-400587909|89668246|-1893573127|-1357720763|706978916|377907857|-10365065|-714404977|1998881570|-1185632539|-2010226139|-944045432|1370353125|1610854185|-1700602125|-1973752948|318831837|907385707|586260540|1238402703|553814049|-1158597054|2102242380|-40695216|1073780690|-1897731037|331818018|1474756045|1201418880|-2042131469|1774244470|-1793477383|-552129077|1330738398|-276748548|1823171755|-149166771|210914662|-1480515094|-1938685478|1745812407|1988138942|104854456|1068392455|-1168537031|835827545|294278438|-2052046086|-1675861465|-1258931267|-1752114301|742217648|-1146927911
-1936143061|-54900589|-1577503278|613618468|-1698219440|-1621860117|460147491|1715543189|-1505862147|677213076|-1091985391|1733898772|46238552|-386729743|519327221|-867102273|1012149031|-534472672|709660515|922678528|1485606292|1281199982|-1399557746|-999690202|312185908|1360506893|-879118357|-192399567|-996771771|1377165572|-1042885101|165436396|-174051017|-1496359578|216998893|-1268786879|576995181|764682694|1299689484|1933213640|-1808998588|1367751913|1318081621|-1733584992|-2030376877|-2146764867|501674212|1820511106|-2002395916|1024592010|-235343569|148123923|-1234244093|-524270233|1661304684|1265894008|601487077|535726574|1701120560|2054937903|1632351692|1522844723
-68904419|1797047352|79977713|317777708|224203490|-1497033792|2132045574|-1989136704|-1556649868|1673261842|1410695713|-1733138275|818650859|1155850039|-1050035015|-1903049567|-481844583|908174619|-285621952|963508259|-422442403|338073420|-1790072168|30405466|1449536312|-348791806|1595202501|130615550|-31108832|-399304866|674141924|1915382831|-1220398828|-2033125898|-1154445476|-400807786|-915871632|-1280418927|-1534596270|208206026|-388555390|173095470|-1557895070|658939636
-649505461|-1587243125|1035510709|-1145449749|2057663843|-1594530710|254123846|-305032376|-393621577|-1060742230|-1600818975|-547407026|1566484049|1347904698|-1819211681|1257671275|-1594203067|-2034507071|-620583391|-415881541|1083882042|-386240306
1155913298|-88834264|573549908|861119408|-1397851687|-908437150|726517972|-1204462240|-71394213|527856599|934923227|1191660711|-1601721247|2014561172|983746607|-56883807|-1225969093|-1279811188|-1107400379|2105016200|-822044768|-1114325861
1294663768|-403090311|-1955813432|-1570560656|-2040389962|1942131961|1451591882|-1560170127|301825549|-76239632|-361911603|1009074098|1921198330|-73274271|-920716939|-644337503|-352670231|1573103953|-1129273310|-1961193133|-1160551936|999133921|-857372298|-1706166600|103902779|1455071647|-959849709|-559458288|-652473641|1967667480|-293893719|-2004902754|919178484|71913137|-1419497169|-927805286|-353621387|2076486070|635198831|-1932970645|-1817405398|-911306573|-962343224|799318293|908977713|-364939262|1024640815|-547364625|1732787865|-34699867|1285858166|-374008934|1289644615|-361759147|-709081904|-1407504850|1141653533|-2121994277|-863564140|-1961221963|-72719784|2003479709
-933736996|595979833|680389755|901551042|-136623641|628163047|1678681819|1966847986|237049061|-1875166061|-1814103550|-1048141983|-648657883|737123549|-1390890075|-1557695656|859885288|-56139403|684347071|-1361487078
-1944596475|-936019291|536082284|1580261558|-1812265394|1418100567|-1827368360|253833178|-489539183|-1297280232|-2050750675|1309096664|58853423|762606911|507815625|-1162286337|-1523596909|2072109647|-1348232167|-1513055225|-170866609|-776096443|-1780640543|1217990537|1967878789|-434320847|-1935756616|-822041678|991628424|-1744505336|-182319018|1425850675|593420738|-1948211273|-1925896430|-236866437|-464097321|1143146107|-1767341915|-1815976408|415967242|-1807802001|331194675|-1238456646|-385195297|-148241306|-2035251828|-773979767|555248130|-1272396293|277451182|-650097928|1240448103|2133385957|574221198|-1077125653|1127084209|-1494058353|2061254167
79813079|6897895|1930438770|911280086|-1555770875|-1140180618|-1475945080|701924260|-1746710593|-1356755024|-851724348|-972482489|878127436|1712660620|-1707358947|1473874090|1186474577|1976928599|-1903456429|698142510|1443749819|-246362171|1089119352|1092867554|-908608030|-237045943|-2060934223|-1583743503|1517225195|-1471015002|1287115325|1937779291|-1736964243|618186948|1852144822|1480671720|1422833494|-1216677945|-1453283177|-717726632|-2102092528|-1763280547|859560446|-1429205282|-2117821217|281144663|-400625230|1256557519|-426561908|1796327291|69887846|-1659795050|237497159|1789170071|-446864322|858006763|1676121545|339262169|979665299
22282425|912230494|-1127272461|47559307|-1787201712|-297403640|-259650965|-444440816|-1791521729|314949267|-1354982905|937066688|881359|-55740950|-1724035687|529237655|1425032778|-766445385|-174675527|-345174189|439608217|1952929336|1989997837|103570025|-252364498|-1538936487|-1658592054|-2004265924|167719203|-2065479170|-1190654598|-606359156|-703489629|1376012191|1893211135|-1911960020|2013507464|145627418|954866391|-192789769|984756037|-891191869|-1540798559|-815503612|-1589440506|1673759680|850214111|-2012008424|-2075701995|1780500372|1811117052|1513170524|-1545248385|-624516872|681599889|448487247|-1665312265|2078730481|-230834717|31765501|-589192967|463082782|314545072|-391010703|239986994|-2025233326|435314474|-1771525529|251124254|-2062337950
-1158560442|-2111085837|-859621057|1474022187|-176441012|-174139459|-121563834|1703122454|694956042|-1932968758|968520406|2121849666|2047055891|-658021305|-1493047517|1687233080|-1770739216|-2000502230|-890894775|-1166406831|-944060330|-1332274605|1390469284|335225979|511291290|-1616745235|-122584738|637126205|-1796986780|1786561818|7750216|1047477496|1313780130|101436879|1375209709|1220657774|-554805824
-574373660|1526008712|-1315758315|-552991506|-625957018|-1808830893|-365895776|2079345656|2068266015|-1319312309|838877171|814008913|493218632|1770613980|-2010298002|1775171128|381535477|1696633893|-811081808|-786561443|529716651|-2116541954|1660804427|-1012866429|-808389579|1558721852|1903019958|1039792737|-1841358665|-1634513101|2010926727|1224681161|464032003|-786099332|1816529377|-718014196|-1451973077|1119272951|2112498730|-762372965|-1315272874|1752473875|-419292415|134328049|-26702377|-737147316|-1314577553|-1270763088|2020814459|750615285|1874247004|-1245250806|-1049547742|-321435849|1622217283|-587446174|-1324359792
-284902615|127686450|1243850884|-706406592|-1662916150|-1051908049|-1203381238|-1378359239|-1529974507|-771108694|-986528755|437741302|-1330683685|1896709688|1062175792|750687190|19146946|-1191669611|1491662813|-474513559|1249670783|-1844253243|-952509027|-1296485069|-76463292|270333051|-1705516118|1559432878|-681786250|1548923070|-2129892926|501985941|20198306|-1201981750|-1768485827|-1665514401|826384817|504907828|1906658401|-769357815|-1261745829|149464912|78375413|-1047200232|-1749478183|1093778646|-578567661|-1031259170|2082491102|690713539|1844791106|-1136589829
1144221564|-1912936765|-2071534810|1312612368|513474617|1010036523|-198486739|430810378|-1657439840|1988545585|-447891910|1175571658|941805488|-1517638711|1612088407|-1844566940|95198688|-1640112015|-1356417741|1073412953|1858731143|1611633865|-444586970|-798846131|1094764670|-157768599|-931636110|785012477|-912178941|-540496402|-778615861|878972015|197337056|-167136682|-1705547496|-463243670|-784756789|-1557277299|114686843|-527951576|2091230480|1646269511|-1193497202|-1053682103|-1524286355|-1148583152|177211632|-430681077|-661232580|-1305613663|464582143|486892472|1413854167|1339413876|1980267494
2082485559|-659725671|-780075815|1125783238|-1360542498|1373991370|1860203167|-1260874850|1148390391|249429181|-45387952|-1973592840|-403670854|-16535111|-1292835232|1693596152|-1649026795|1934893932|414908891|1781699527|10255240|240427514|1944160241|-867875122|679737936|-378203815|-352414539|1799738144|680793287|-1600565029|-1223775199|-701784009|-1166525686|-1390868468|1607559261|2067089378|-229265444|506391741|781207616|-37151618|1474782409|2060310112|1856332310|2031836771|2050552974|828584598|-2005664092|-1224878943|-1490264137|41135878|-1910415256|-935084820|1686925194|-193450896|24918820|-480229676|1210573603|-1758572799|-999972963|1435831864|-443561248|1005666280|-1594466400|-1100396292|1825945086|-1260096471|1086860869|-1015440391|-598960508|-1627157328|-478543753|658230069|169443167|13083560|-1879346765
1737466062|-2126275827|-1029492465|-776836531|-98228480|-543276929|-405751171|447937887|1116004090|-370517415|-132521904|-1281568186|1947911614|-1714818558|-1140266753|34819498|-1531451991|1716219778|309871913|-162074409|1322001948|1245993560|-907730471|-1853441869|1467674974|-1906912374|1927437066|-802949140|-1631988543|-2096358148|208245357|-675471248|821460738|54510085|-1839174039|-336121822|1639170293|-1497615041|-1752939166|-1904954166|727938145|-375195746|-28395203|1905564492|347958568|1950850243|747243300|787627548|-583935829|-238665582|1400115078|1395877617|1125625708|655573505|1991989857|-1874315336|756948212|-104114381|529636291|1091317451|1469186550
1120107661|-864634270|-1149832013|921703014|-109204614|-2038624439|998597536|-1736917332|-1335657889|11417299|-1609187769|-1674189787|1343982515|531466254|-1726298006|-1938799187|1371231314|-62980041|-892634259|-435509250|1757574525|-1982058896
1883997837|1742943013|419407535|-1975232053|1271710099|-974812568|734015481|-874067962|426744169|-255415205|1194598864|2074332009|1497664280|-1223761654|-1230461718|-1719473911|2017190448|108271292|-834680029|1801137971|-613608488|595566971|-1941720397|1791617676|235943718|609349330|1655449763|2113735032|489041585|-1190710824|137854588|1765134783|109139811|1122782061|-112294078|1309592686|-374746989|-1998359869|-2013859936|-1730540549|-1388990126|1598841376|781608292|-1977929557|-337723644|-994309151|779895340|-596455624|-282822350|-284419135|810462561|75963821|182619807|-1106589605|-1395431067|2060454549|-214888552|-157828883|-681852921|350954068|1432678800|-2105343138|-878820801|-8526124|-1688422421|-212892031
-1594655389|-424782310|1883907227|217880038|-355674406|-318202137|-1887722974|1886586820|554219010|-244591343|-451728185|-2122191815|1201354804|-201182949|574869174|-1513157321|2067973183|-979734432|-1150332388|-702337462|-410877043|-1319911061|1377655017
-1654077048|942383493|-1578783530|-1270474529|-1203106503|202604430|-866055255|-61577257|1426020658|1279080464|2007233464|-933462284|1606505902|-2018853231|-386190165|421396377|44519670|1593739304|-1025881980|649419831|224651781|-1202746542|1030207716|-368177589|1817133422|1620896005|85202054|1366144907|996725885|195728133|-1771292400|1072931419|536438429|-707689609|706737418|-710191739|-350249735|-2132584013|-1941813714|747122473|-1894240156|1995075678
1368079090|-1027810947|1485619382|-383539711|-676087926|1220762382|1114187567|560031713|-1217527985|1425559220|-1708401345|1718265745|-130299834|2135398341|-1030734730|-89757342|-829690032|-987848595|-1974264112|-658995288|-999865702|1406321946|377122894|1295361729|1140522842|-327642599|-779369022|-1076632234|1986066103|960411521|143985898|146787552|445681160|539613007|562538945|1395738222|1868762689|490508754|496473360|-1647011932|-347539799|-1192659895|-1688907702|-1873302522|-1678424368|-312300086|273859225|1269575286|857666496|-2009747868|378557236|-2070726917|-87557006|2078217352|-1611606797|370118851|-562245245|2028309668|-1362618588|128441450|251003943|-1110407408|-276746337|36835964|1571909725|-1288050643|-1449733609|1635134008|-1783146908|-611838261|-152483661|-2121406313|-787277971|-1093661493|-584916516|-524018804
-1858777595|-1365973160|34981260|1186600709|1192749419|1006924439|1033633104|-2042946421|-323032978|-1333808563|1934460376|-1761789141|1496305824|281638208|-1108122957|-1795518174|-1949688934|41029218|807136381|672796187|742902047|-1064180190|2005674409|-1109240164|456290177|-1635037954|627535744|-994907454|-940675517|-1585552548|-1237217431|584877105|-9165057|410200730|1037046890|-1140007099|636051594|-1897196701|-2110565138|236020621|-1144309675|1858903364|320363720|-1237885064|-1082440171|1789975422|2105602936|-238564528|-469183066|-1312558307|-1508949333|25675624|-801547476|-1478039991|-712580856|1359366545|593593723|-1462615845|1712145705|-1575834158|-86863176|1356757555|-808459033|2050956887|683002688|185606216|559318234|386729641
-1219289088|-1892910049|479266335|387407812|783400641|-1879838629|-1656810092|-580355827|587798855|161631744|-2023304103|1871509949|1300642743|181764303|-1326239635|-253648035|1616127732|-869945187|-746594837|1196860994|-1651222735|-1454406055|-1257614909|-1510467533|88121288|357514572|1269511084|70562127|-2043776951|1866794147|-266306727|-1126632659|-1588013356|75461930|717204714|-965534140|722981803|1855004506|-2081757019|859216269|-784281086|388134293|731562469|515616870|1620400665|-1098803537|-1640361646|1046661817|1554141324|-234505040|1999648337|-1410301091|-595372311|-193702953|-431391810|-1687535428|438509955|-2131624478|871666648|-1013894219|566941317|1491731852|340221820|-1110187838
-889518505|1496085654|1433179997|886058218|1822411915|-1270999084|400915359|-1071350505|1983361406|1877646747|-777976278|-1598761942|1904343060|1355376190|1905270345|425615224|-640422519|-1698240147|-164810155|-1232692502|-1819684243|-1522432789|90567258|1098850508|-1448161296|-1801977213|261329145|951460580
38144316|-449073521|-481500986|-1158235666|1438248395|1716671126|-697389210|-1600069961|-1026386360|-94922933|894985710|494243074|-1230281435|1228008337|-207010862|-1397580601|-1958256805|-816836843|429106208|-914428048|-1240727067|1655450801|1008013852|-776459550|252672625|872134421|-1648192756|1857200318|-12241067|-840045660|1747925327|477750755|1154417343|-1240129637|532698292|-2080055753|-295166672|-1372243080|1831064584|-357023577|1145244459|-613152615|-36525072|-1782655125|-1794504151|-510773982|156391161|-898695026|-2076352305|83767844|-930757907|-227986771|858390114|-969912325|1083129704|1116965374|-765059718|-474891018|1623867818|1137877396|778624501|-268547523|-461565523|1939881184|699206190|1936399087|1246737529|1436845434|-786531473|434807178|-1231640649|914284833|2140459427|-2125951088|-1084931452|1194828800|34959951|-1790796954|180670344
-1144913213|-573751170|-1066748858|-1432687736|-1258827380|-148775496|312031668|476979337|1350034220|2099631621|1876675086|-1627502662|179738124|-896493747|579385318|1427637278|1441599921|-231691374|-2051022208|-923564544|-126487250|-1676789675|1405012828|232043247|-1650329383|-483684296|-1897402093|657934857|-758614207|-913655068|-563838106|467830908|-299691681|1361647404|-165362541|653529673|1245897226|537951090|1769253867|598352715|2061563056|-844138423|-1935696480|112282744|1035137859|1990238556|1450658787|-382058139|-1224196240|69402765|1665078574|-1956611569|1166207766|604247905|-1061260322|-55399209|-712817675|1323176602|1280463620|1195009230|51635878|1670583333|-2130813829|191903795|-1550873398|1780004662|1241289789|912155449|236522118
