932288984,635290761,-1457747047,-2032668856,-1794011765,-22519359,2022581492,-372998758,-277060157,1186054374,-1399907975,1736899880,-1669429473,-881969738,468873779,-1135305828,880578418,-183784093,1087281633,1956195187,-1803079791,1483335135,1266941158,124679906,2043825773
-981912444,461069560,1578289507,-1007909368,-862834359,-1547363073,-24681006,-1771312601,1993021640,-440437720,-156842002,1458596928,-1363752308,797864294,-1934261549,-956350548,288112713,-952687719,119838173,-901925543,-1318240939,-2018867729,-20321482,849877198,-1899757227
1493805999,-2064983700,1279062587,539853654,790658003,-867269642,-335777425,-198322,-2111048135,2108379218,-352300980,806232508,1737488154,1692485520,-752904243,-2079274511,1546423586,1688094251,-686647417,-1711623900,-1077828726,-1391763825,712536026,-830596970,-1977960090,-7381029,-714175645,-90787337,443431483,-1536391961,-1012810828,-879980536,1677806548,786141064,-1190662841,1252195713,-1696979627,-576269294,-705911121,-1398579660,492323728,-445908706,132761359,299007601,2099973783,-690786420,-2130102320,1860236460,-527121263,2054743755,1491305870
896581073,1177567575,1348113490,-944088793,-414097884,537316739,1053745926,1260741948,-1703196822,-1558657416,-1700720091,-1157364225,1271439719,-179347075,1840816561,-1573170198,-1428649254,1671162744,-1528554902,1745246897,1838942159,545831604,1165366844,-1671763289,731054385,1598093539,-1564091400,-310403999,1226910114,-1749251737,342983239,-24384872,-108274801,-2016571444,162188762,-1632270765,229590142,-996058471
1507608901,1737126314,-1323387320,794755535,637037171,-1800990256,-72881007,-1668434141,354736409,1817903179,1902572526,-668776759,-1690705458,405728606,-760310949,-1692257671,-1366654490,-1248413744,996376158,726408046,127470871,-1378006082,-1072911034,1091858266,431884638,-319874388,-1269140041,-2133036902,1225155875,-1765048100,250095461,1676348843,-29594725,-1625904157,-269209314,-1647952933,-882828435,1808455288,570888718,1119537475,-15613032,1017179535,-1404986562,1069210100,380635795,-1984564570,848250205,-1853193105,601932725,-1636585635,-528376125
-1000851753,-417821108,879105458,406725233,-248463817,1352903952,-243817762,-1784150854,124968606,-1448641625,1310857263,554840572,-1136378427,-1479115523,-1503324220,-554097295,-1767564556,1732443334,1589704507,-1443731526,1291464172,1317260942,-1980230865,-860506606,1880821767,-75666931,1603491585,-1422595898,-293891172,-2001733440,-1161757477,1671908580,-1568100952,1071655092,219204082,-846961358,-1514678870,-436610908,1325484810,196429410,5373901,-1033309882,629527871,-1744633213,1659999564,2065039329,1474645761,1664866233,1681723153,-889625053,-1194457761,1995445808,-1445063008,85013296,1081807241,-1102909107,-112242381,-1649214978,2022445711,-94719962,1511602469
-1124581522,-541134540,-910644845,-310827425,-1265494707,1403712839,-135266241,597882703,-1088346621,1447372217,-1293026888,-552340959,-1284781347,1745635814,331590583,-1559174282,-320684131,-388096037,-1084931636,-760428555,1664936388,-989705140,881287225,-1557872802,-428748780,-1411394101,-802860770
-211450289,1672650551,-132489259,1944430756,1098977605,-1460038286,1952122527,-874879309,-1013020915,1856865366,-226438529,-3442950,2137026450,-2133080344,-1008328346,-1857756511,964700497,759121614,859643535,1850501797,1813468768,270892798,409968940,-2132104282,2040829361,-829131336,1045156162,-805164289,1154223255,-327032395,-2024032559,115450135,-1244101494,238743200,-1266411721,-1845488394,-1140186842,-2111875899,317277397,-551117541,-1106513287,-1832273912,-580991758,-818620021,1924786045,-1259699689,-1567559713
-973806365,1991879651,-1033506980,-672043947,-992279534,741812811,-184172742,1929997982,-577356178,-1564937702,-1831922623,1894728188,-648804131,-624900301,-394703533,-2103006960,1864147846,-2147267830,-1811819823,1550835390,-1133960741,-399704490,-1476032452,438718716,818114265,277424644,-99797985,-1185958675,-324284018,-595991698,-2023882196,-1946171347,1572058587,-1443913780,-1588755547,-1524214930,712359291,-788395286,-1742024195,975323715,-1257284285,1739789595,-926632002,1473111099,-1975481685,1979739245
-270161102,-1298514548,-403253987,-1696110037,-1611924766,-1033057750,-289532595,-576939811,-373170752,-1330423947,231434228,-1998561137,1096135429,1833563532,-506221803,1261967701,-12178934,663754881,1391836467,982295795,929636056,-2140046493,-1641497085,-1540508802,-1190450177,166440824,-1434376605,464662082,1186334118,-1966679094,-526718069,448392422,-644288029,1402761444,346431873,1563629774,-1701842355,1655624925,-1720266542,1393025728,91976398,985746325,-875564162,-1757450551,1684246973,-833642690,204262707,-1746462111,-1006676693,410602782,1640698558,398950605,-1813421700,1475099282
893051332,122750265,173487701,996565402,1320210005,-930107867,-257111550,990548660,-1077592057,-940041331,-2113724457,-1743701794,-1215332799,-1917459996,1013317819,846076940,-1540393492,82383758,1958489729,-1170193845,384198486,-862772484,1630641774
-244183463,-1498983944,-1599318024,-727506154,-550524740,534921793,-34997296,-686648254,-184647976,1496415066,1782593314,393541223,405787262,1588394398,2061149979,1544807441,-380872680,1840388760,670363819,-1737386021,827694606,1154513553,1077416076,496473637,-1448343958,976131945,1330521986,-684081661,-1104660802,-1726657366,2117093091,-1270549128,411116101,984513753,-639237799,1328538851,973476423,-1846248432,447136742,886535609,-1488564030,1821708233,1707686696,-552073100,-1766434490,-2090592261,149768414,-437283382,972862496,-98093718,143740330,-838586590,-2020679750,289734971,-938751209,-1456631229,1911090241,1366796742,-1997626914,-598227890,825273736,994838703,74018917,1761601518,1170188076,791905847,-1231759993,518767309,605886199
1642634138,-540039607,-1348222583,-83290130,-457502803,1503506279,1319462196,27872548,1137182993,947163655,597161768,279119469,530736410,768828249,-520679729,-1153085750,-2426074,1528502159,1933976442,896649741,-1848357666,-1195530541,-196706243,-387685132,1256879804,889589115,-1103228394,-2000850311,-1307892532,744725371,609907796,-1258304920,-732852299,-321501413,269344566,-1330004687,1056359930,-2050951447,821681361,564719871,-148454019,-1069418768,1473636407,-459899895,-1034999483,-1048507095,721312469
528772992,996532529,2000309277,-1194964057,1357323211,-668947652,-1492301980,586187617,46283184,-1793434039,1087634444,1073060360,-2119105681,1501610390,-298234907,-866109245,296857856,1056320854,1619221456,678165755,568832856,-1221337439,722373285,711028598,-1674584085,585701036,1380348502,-86910812,13455474,739277113,533419860,1925940793,-174195987,-1684513200,-1099650511,-2070653445,1236420075,-1227748561,147292038,-771647012,-1978458871,-270072194,-863886826
1194740151,-858588217,-330554573,-329468986,1012470850,-44834268,1068272992,1819781299,385184013,1093229113,-1084351177,-1203943312,-1794752991,-937986204,2066982028,264155816,-921479959,1538287667,1966930899,1079903720,1128690741,-617893354,-570481218,-873798543,-1554626936,1120466005,1167624490,2000810575,807733391,-1113102781,1070884155,-367157078,-1010527250,-1445296972,868148165,-975709605,-311831998,1175954091,-1132630547,2093049282,720755811
658843407,1756172246,-1722070551,1069601600,1669575138,-1566968708,1250587889,-393933123,-1259559974,4814877,1761064481,-1460554839,-715109683,1145226866,-1870996248,-1985181610,214345945,-225514847,-361273334,-858648128,1363397252,-1382689651,204554843,-1236137211,1624824612,1547034473,-1171650614,-1638440940,953654144,1505013134,916395681,-2094489691,2110004919,1522625935,-738135798
-1717898912,-1515332471,448836308,-1603136128,1026559730,1753520574,-463954057,1098837554,-574797466,-487022747,-1740567467,870178009,-268630246,1569911995,-86824126,599970077,1620605688,1883303261,1043298630,1819849060,-595674409,1773570521,-900344415,-1627340921,1160534048,339594625,1207534862,-1812523831,1933663924,80027011,830186828,531523844,-1757553139,-745800394,-1692740391,-1075537628,-350527325,1676590006,521081600,714383577,1912337808,-540612942,1077222422,1283586952,-1953648522,2078250628,106743295,-10182526
190441345,-1232985865,-94630281,179607655,-120638318,-9346930,1589844524,-182548010,1657005827,-1395535628,-555387796,172696977,-556339302,1603558518,515054395,1215502066,692534507,528901448,1469917777,-310173580,-1238777110,244447109,-343228730,266651476,2084562881,-1757374605,-695475703,-139225739,1074227684,497430538,1859891222,501880195,1301943137,1210967478,-1373491993,-501224101,-1299919236,756732251,419003691,757381802,992145275,506128282,-104761803,-581331501,1652803517,-34959278,-184043209,-1419419882,95278609,1445704297,1601818031,1090402798,-1804326844,620443596,1119481632,843373241,273138171,563891635,-1362722299,47483550,-440918845,901834025,204432386,343213482,1559434598,-190105653,1330875228,1820956476
-497265457,-1852528213,1764432035,-240799663,-1934624184,169199054,1838200325,-547316269,2139504295,796197150,155557250,1837324046,1881132676,-163578907,1424489624,-1283262293,316261022,1474661649,68153288,-611424057,-1513991648,987676964,-1262270342,550793482,-1840257754,1374966894,734350621,2101929463,-1525134466,-450552706,-1335896174,734293892,1140726706,-1241180971,2083878346,1560266477,237403718,1253311197,-92114771,-1532723772
151381273,1210899773,-189095347,-1961455646,1315348892,1499601915,1247532296,-637302076,1806018495,1283615369,470393742,1516239873,1701673230,-1694405744,-510772064,-1600539705,234245506,32295139,-1137979012,1684740376,1774339829,-2093460508,-45074318,2010667724,-81467439,-922662874,2135401655,1809853660,507429131,1659933779,-4028551,975476188,-600732849,-704754352,-860885453,-602631991,-941613188,-1235832930,-1976634814,-1318615291,-2083454381,339956483,-378597961,-179837282,1728149354,1577153641,763390317,-1013294890,1893879654,-1818723835,26376286,-1700569889,-359209624,-984476229,-1389333454,556092133,-131989561,1940367808,871403288,-768801966,783517696,-1903242368
375639629,1896173034,-1404485438,2002961706,455159682,-1226552787,729428746,187767105,970961448,-1796795404,-2088348354,1437472426,459534655,-601260575,526960524,-1916209830,-1860870118,988843585,-59603574,93572868,-922970340,-1785117055,-2045277538,1400763819,1842555078,-1100485153,205478047,1657053048
435475300,-523975492,1864498124,-1232756650,-1471235312,-315937124,-1615854183,-1342665130,1471834711,424510919,-1368021267,-2080175369,-1468397620,2033041732,1382678991,-1314439379,-1468120549,559000962,-1843203506,-5777062,-2054262211,277099643,-1423893034,1193282584,865348838,-1851751402,1442653125,886453557,1854535488,847165132,937345853,1550020862,726930142,879747726,-1361049029,422223296,63280363,-1724796442,-1769217560,532517771,1870871713,1931471708,1959300143,1727501369
1525451546,-613161329,-1895811154,648834496,915231442,-385841615,98195552,-1442277504,1318581215,1069547836,-2125020135,-1888432321,-416008278,-1451755160,-1518684933,-1976756972,-1302476209,-526074927,-1058646332,-1575245289,-526021761,-1415214579,-557327277,-1959407199,-566457945,-180625280,1001122155,436400565,-636417198,-897036818,-1471916874,943244989,-1637332277,-431706031,256542219,629055096,2078656517,-1935349012,707982579,-986395086,-1415883585,541354399,935037801,1249957942,-1731510557,-937949827,129429729,-2098072447,-1715978961,1304501915,-183303797,85520568
-1273495766,37287384,-1901487270,2136971496,-460268600,-1865810372,1147874873,1628631344,-931134190,1956861749,1621126182,-1956955044,-1770578307,121706892,837248491,-631242333,-2059506074,-2075702565,1478236797,-1224668125,1116380006,1047327310,-1647810958,-1819175095,-591369493,226309549,106886832,-957391499,2048742660,-555826535,52834918,1739156700,-2051735173,1112672277,-980201408,-708516176,-1994325464,-1734671288,1428490966,2045512831,-373203324,-1445746048,466659428
927057020,-1720703622,-1374991936,-763504589,-1073712505,-1362200096,-2052803448,-1742540014,607203066,1052724498,-2008544102,-781671837,-1553473382,890098729,-2033569591,1888230696,-1227121550,-1729548488,1622453964,109827673,510409959,-1133398828,1257734777,-359752184,344053257,718336470,-2137320397,-1959186234,-1233216725,1902862686,-1276171615,-1228744379,2045839797,1814503707,894092192,276826174,2067623224,716383690,1832650874,1688471188,-1638723390,-110185476,-364457641,1936270777,2121445747,-1136058085,-2126287885,635507281,2085684816,149823662,1918278033,-828035820,1664708950,940777947,-157878225,699993592,-75354670,-1342275283,1258507002,-1351641714,-471560209,-1398173032,800085508,-1874513749
-1066743879,-850640589,1235759691,-947853217,-1289390495,578860668,1339189171,507609382,-1982790828,228339537,1164266197,1091353693,-1526631091,8267095,-928221449,1073707011,-1757957051,-1538712996,109069205,465466033,-1553991436,-1827099768,771533190,-781962261,-1790365545,-1222040623,484365918,1760863673,-1320658700,1673609652,1553863188,41431926,-370730853,1678124065,-495265053,-1649835545,44898157,-1041460554,856251252,-1019341682,705157985,452597040,711630652,780366912,1246571909,-591688162,-4576989,-812668171,-2028975293,-1895936810,1248579686,-1025693474,1086482406,1899219629,632293309,1209493181,-2128919973,-1573419167,-1229786433,140433776,-682699973,20035802,-1460867707,-1583346995
449364498,-570332530,167963573,-1992607562,578725200,-283948318,-516639901,-130899859,-63511141,-230419335,-1365254139,114862733,951356270,-1568298276,-1328862067,1882491634,413614247,-801346036,-1403940920,91693176,-673597499,1353311139,-713910098,-925516607,-863841710,1190547001,-816071684,1474503733,551434910,238147337,-180328704,-550892982,-565680979,-1777586733,-329258061,-1824748027,-1536873870,646693635,1752537612,1017150143,731346748,402391057,922786450,1815630124,-1148995985,-1646517717,110517811,1497717913,599652727,-1274111214,-11815084,-1457563532,-782235398,388176961,2104356905,-1484625391,257086796,-510414765,159806021,-48467285,-874907097,-2106620251,-986131596,890174888,-878229093,-1133226694,-852206648,1638616864,-1666739645,-784239393,-1301325583,-1325246817,-266791751,-379708529,-378285358,-1959097814
-780248808,2062185808,-214307456,1250914030,-838288899,101303148,-430782047,-710244238,966309022,1096607635,-1249519469,1068291319,-262650730,699839796,584378723,14212767,-489858972,1599778707,189612138,-494951804,626914636,1202661852,-1289668655,-573538068,681063807,862508155,1218241622,-2034533189,-1753643911,1733381034,-851852721,-294420952,1724038570,-1378911413,1976676079,667258035,-1860365992,1383197687,1815196103,-782945194,-1716661309,-1272427178,558979727,1042123258,1744149129,668651952,-2005158106,-1231453396,918113356,-1193070908,1560487383,-2081581808,-629537135,-1999349800,1038714846,-577253739,1827339755,-1858386671,-109406166,-1194663446,-1339900840,1507089412,-563189149,-504639184,540500458,-1453961844,-1660529107,-1410256272,1925958569,934051037,16175790,165560014,470664375
689243726,-1283251970,-1509710411,-741234526,1944522429,1531918071,738854501,-722118544,-56474311,1050229479,-146250352,1670839203,-1693252847,-141785242,65923882,-1626589413,110996068,1596582637,-2139772749,796257991,692123438,566083209,574880735,-627925636,1199430788,1323979,1541732216,415094279,1435071006,1590693378,592311939,1178485124,1433515542,-86558036,2013445537,-1656443151,-1524226321,1359740200,1277218488,-267122691,-1293846056,1740677552,-832974126,2045984550,578941232,1287580551,1880112708,-1106801918,1261573964,1385935470,-531131630,-1907981604,1654382968,648176475,-1261705838,261419138,905740092,1965774957,-1572174002,203451228
1743469593,600833071,-1622208320,-181729232,-1208423511,-883057194,1350692229,-1689044349,-416641817,1779142989,-258216747,-1095834886,21089045,-678300962,-83337145,939662853,-1066766561,-1596040125,588870957,113221419,1225639699,-419878657,-79156439
-902786864,2110790922,-94068730,1809235867,12082173,196235699,1415496900,1669257146,-263153859,-794587966,1178390516,1507417829,-1686717280,-2039781924,1213595974,-1436186557,1354256732,-911811029,-1673688480,908190696,1822731452,-412529091,1983033584,-1990665897,-1851803049,476302892,-2119664124,-1436826041,534915973,140016639,919113368,-1442134615,-1413034993,-1257159600,-1191585424,-1335663894,-968102363,1499992366,766344744,842055029,1319838100,1634239300,1681977737,1436278907,-749163977,175216954,-1796859107,1644385014,400517550,2143283547,309803012,-932371478,1797599310,791630199,1126536969,-1118374163
-2121449206,-1689288209,651941098,322524780,465764765,-843388911,1935656225,1383419455,-793665172,-499671511,-1318227343,772780683,-586193848,1887782767,1769103577,442110279,1899028158,914766821,2043311932,-1461050088,-559538311,-1752563727,-984358556,-1907316474,-1959359772,202318123,1624280648,-356699278,-2041819885,-16413576,334155409,-116372409,-477461021,882356567,1007081306,1648112240
1611794042,828583223,-1947728759,718741093,-1746549864,1185299320,139477208,-1771713144,-1992498047,-401106001,-1113927554,-161299912,-1520252558,-1767386770,-880537111,70337568,-1817835350,-741245355,-1163028852,656359119,1603093821,713773643,539920338
-1635639513,1999780874,-711923889,2117112255,-290287453,1221041633,-530178504,-326603059,471485629,-1722316107,-2007986155,541935939,497742630,1444368200,1040655540,1510257527,1151544647,-234042435,1689451872,-744852295,9570456,-65838757,-933836461,1932506808,-1266343375,-484738928,1123183976,-706403037,1253406624,1976427321,1846342420,-1254825069,-1796214531,2106367776,444199575,1130069415,-2043414468,475970758,-204542866,1100821872,-288116286,1508732513,860898827,673666064,1963371066,-644578521,-1905992249,-2128387939,-241627736,-622275891,-904238569,-2121506486,1617869757,-79995574,791943165,1085573832,137547117,1237852896,-740287294,-1519648279,16867262,-39061412,-1731711263,195007367,-1872578589,-592651365,1241258566,-1051687261,-154397559,1217694800,-2139823176,607448272,-380911505
1239560082,1684149457,2118859324,-2060586913,-648355911,-1571224703,1470858636,1635718821,1604656329,1374099187,741144907,693026690,-463913327,-305448999,-279634106,-617163766,-2056894527,741489961,-15042305,252611834,-944379679,2319869,1254571456,-844408509,-1122419067,-501215814,67200498,1961568457,1082572479,-1731723660,1526175662,-1546510489,-1387984428,730203537,513263764,-1901988810,1998950961,-748769621,44935387,1014071567,1420644255,-885700421,1158949801,-483441075,523825589,1601804659
-1268652329,-1139980914,-1082989846,-1554771255,279306333,-753155396,-293396610,-268607364,-501742624,-2008124548,67606517,-1494564641,852521592,162376746,1261058021,554560103,1552556625,1927628279,189350998,-355316053,365899766,483807448,-204384091,1666359166,1472364497,-113413951
1454969152,-1843170318,-1773839853,-4067555,1773203057,-642729457,123740498,1648862005,-1960488826,-337938997,1597592090,-1926862703,-1728966145,-905163973,-46268077,-355217829,-521581127,-758116955,2136428195,-200488278,-1428095104,676992650,826738980,-1003384024,-677275160,-1373206298,-841127082,-2131502092,1153934684
-29744553,-1318084407,-868762505,831033017,1471812689,-2019238817,-1343915630,633974906,2102827570,-305475055,899885469,-691792754,1146232994,895208895,1538873394,-1958927590,1230595121,172129781,1935837415,-1161469288,-1308640048,-1484764084,859353571,-1696161574,166734979,-1103734768,1852263347,-1994577843,1519658323,1920005923,390990430,1389921666,311179912,-860888800,-361917514,-1786470166,-815386345,-232560446,37275376,157561057,314516313,-231118969,1794795895,-15611923,-1011373058,1956298640,1890077948,-1458764986,-1316271040,-1453025333,-59096367,-1123181159,729514330,-1938377133,-1364430729,1412327944,-263045829,1986174230,121231733,-1046578315,-339298697,-1608692553
-307823616,1565180797,1414517174,-1892462234,-222791475,2037789967,406912974,-350498956,-1675975158,1890116590,-787152994,-387338373,-1778000080,164849108,1724224139,-328262074,-1113725048,-354312794,1593848036,-120807456,-256266512
2101700166,-285393371,-371450146,-1380680586,1702301761,-2015458155,1216230309,457067113,817455931,479499627,-1861556745,1424292703,-1536894572,362218477,653371562,-1036117793,1980068106,2142642181,2117893823,-959596776,-1874470305,-734302447,-1117590113,2100343756
-1892479497,65228710,272068748,1727169096,707270779,-1967109403,-1112179675,287776173,2070917588,-510103517,572383066,-544472166,667124347,-236304859,424345810,-1850497739,-1364869306,41370927,1934382164,-2111011903,-552202827,1121748682,-1828501199,-1736511489,46127500,195046854,452733952,-432219183,1866461089,-715208062,1518792592,940220961,682127863,1387544426,-1260449510,1351739648,-481855222,942664128,-1385100362,-1900150255,-1641679252,1012667039,1111428880,1823698216,-1191596912,601680957,1598942555,2011849005,1486770149,858496880,1193178244,653164358
-726258317,197568171,-1262218187,-61099792,1601513961,-1786673714,-15365122,-1790489452,-1416326879,499345095,1095891916,288142382,148717210,-1806958728,-2045778412,-1198792202,2036385738,-1517378493,1200987386,645515989,314687259,1381787840,446359284
-1517378763,1866667945,1768802732,1110047535,1422261890,1640969753,1675534123,-1679534937,1946057454,-368146955,-403318477,1190194969,-1458180626,1251195818,2058884843,2065397073,183935172,940792600,-2057080639,937448069,1781684480,1589440461,752557707,364300198,2116478281,770905206,-593175569,1616282104,-1034407331
1194176261,1437042404,266873941,541817703,1346499898,1889831180,-1630212051,-1563252935,1593760375,1264908960,237638020,481341369,-1606312319,-1861914385,1373239455,12286139,603671714,880422208,750820531,-1829895636,-1391081079,1170267875,-308208029,585484866,-553559186,950268546,50595463,-2103992587,-338685831,-1064107332,737422638,-302280019,1681303396,-516342284,1593085158,-130611140,-1776230818,-457976475,1164543546,1606879757,1761692722,1272433017,1951684475,77357214,-1360844888,-736647333,1944571075,1950227499,-523853525,2123303882,-1972802506,1612613035,-1976126805,1438842672,-62741877,-728126721,-1114535484,285441778,-1353075766,-1697383831,-1502941152,-968112119,-2096991146,-131948230,872568345,-1824246063,609422894,302948815,1228694433,-1931358175,547968623,-375466819
-1202927717,-1443793123,-492549813,-2094621648,1081644868,570880290,-1752712928,1530145933,1332575318,-1869268331,-1228012739,-255017808,-1041470123,-1586660032,1886708268,1543355030,-2062295713,1956329820,-1649913479,-793078677,-1858281272,769249438,275011169,-16718549,-1196587290,-626442890,295575497,-905951350,-1925808856,-2057274731,-288706191,1949430552,1923043181,1954569904,-230125975,241862560,505797010,7467140,1351947971,-474830127,-1433747891,-1291356391,2106428553,1499028512,-2056390856,-1412969911,1015477233,75309804,-1688481232,1853859715,1124549327,-1435010334,-1390678048,923602636,-744647862,1114120866,-673638504,-636163065
-2116800350,1540486243,-829190027,979598929,-819522989,800067415,-1405304706,-1316960096,-786310783,581147438,-1364698703,861777980,203914239,976741653,1637143816,559949625,-870651518,-1279426876,-1084675728,-1510172554,-714204211,157578702,-1003236727,-1574969071,1078953230,-1846399943,-809697366,-1866797795,1473609863,-1666996655,1839083303,220130194,584952177,847667641,403814869,1347702148,1196440604,681511362,-841936178,-712637288,-1865030310,-1143563009,-2109685903,-1187138382,2081465374,773576728,1578453932,-1715155725,-1790008993,-2068842018,-660816259,1003076578,934814274,-1485622112,176968373,-324554008,-1503135625
1659533310,782413057,-1779428126,1230816376,-1985388512,1112583344,-255713154,1433535762,-1442407297,1719952691,-166838402,-251292395,1292406759,1822212856,925393588,-807521299,314226828,1969227599,2108082998,-559066435,-212462005,968911712,1114809406,1972597360,-1064095434,1179876958,774756178,1229180686,-1489533873,-1759202564,-1679851868,694611024,-1178054510,1327419424,1779079611,750835573,-1553392584,298793174,-1838618543,-1365691818,-1785961926,989937543,800984959,-231711816,679556627,-1394673559,1507159319,1911441633,374398922,-970440903,-1006682800,-1246960531,-1928612817,-840440792,1753740968,-11991455,-237720220,2082092050,-34668538,2076334464,-1259370594,1849118709,391128350,-756825635,-1324521939,784795552,-356160231,-1661790031,693126329,-682939478,-323143820,1048596846,37599437,1193839269,144360231,190405651,1046333337,-268038764
204036290,264950771,-2086885479,-366089612,-610340721,818145439,-2023093006,-1286307547,1633609626,1856168655,1399022886,-1345682075,-1480246177,-391364372,417623162,1011965292,650668108,-12150378,-1041581910,1672515844,-143157869,478412521,1031017685,-2039469972,-507126207,-1396190718,-808310600,-224422529,-689837937
1546968863,-1765831915,2121954424,1297037263,718290839,728196777,709209739,1473755874,874098536,-1113255876,36330498,133891391,1893977537,-358583176,432485394,-137013120,-2015404235,972684567,2131098244,-1943482473,-1904542618,1508748165,640495492,1263383570,-1937606657,-189089340,-339973960,377250720,1383739367,-194386545,344762260,848398803,-1178485326,1057671618,-1301331732,-1204440537,105691739,-735909384,-467981878,-1436715454,1131907376,848254069,-471745151,-1784165251,-1284940275,-1497104826,1856065793,-9160030
-1839055450,-50518163,-656215817,-1024155653,-1982724444,692558826,-1400041093,96586960,-786444799,369398970,-438065297,-815076775,-115657122,-1195928696,-1291316457,-167744009,785443734,605157124,-170332735,-746815732,-331591576,-1328856654,454732294,414993395,-1212947879,-1363772929,-1621920689,1552235056,979204056,-448465003,1818630042,-55548440,1260764322,-52940305,-110105986,172631187,1569230952,642343983,1546258540,-870678801,-1204933714,1160190511,-129082569,1894176311,-1187303691,546699989,-1568327467,-754177900,1802502172,-540843093,1500027239,1695852756,-1709827582,1588439470,-462018186,702717273,545272432,-806415515,-157696897,-701121965,1053579830,360046645,-460463183,871328561,-2031780973,1038414067,-1628918540,-1664237740,1555290841,2080236986,-1199124947,-644092411,-784171695,-1573993217,-1536704320,257074601,-1130784165,-345341982
1150392883,-1284736294,1964304326,649816031,-1031862567,-1095013682,-381687517,-429257766,1806767881,1785766209,771825562,-1038489389,-1785697634,-821476761,-1954277559,-1324984531,-337499826,130670592,1072615264,-1294586591,236673383,353377281,1534284276,552721414,-2113507910,1598640498,-1992133357,-1379426862,308231895,-181377127,-121562857,-739871008,-107420806,-1519176872,1587705919,-1507782669,1145314372,1258425043,1151294331,-445272966,-1966848339,38956885,-240433018,2039005461,-1704195271,-1626869388,-922354374,693366359,1912224489,453292914,1436077087,58942413,1476562932,-65720858,1710534212
39142838,-629073254,-851501486,1770273845,791919592,1929750967,195629277,-304085060,-1823500015,-1873058529,1592565245,-1993061271,762650684,-844339686,1845702685,714058398,1905831403,-762986189,-468759534,1388482827,202018891,1813597284,714229359,-1617499784,1779674792,1834165104,-340297194,-2125509184,-1569672158,-912748912,-805055470,1970669856,-1656180319,322711377,-799946588,-1815844431,-2087228666,-1324509252,-1829829221,527377971,148030370,1814605751,1379038696,548199435,1108737515,-1165259606,1094085233,68675982,-1684749716,-1707106460,-506725339,-1612896129,1925390845,1179475008,846854992,1304251606,-1195440332,1216332163,-2052390864,-1929450557,1213909787,-881893368,-1991020345,-1530171663,-990912222,-576533986,-242118670,1448179726,-1910780329,-83063632,374794682
-1208426540,2081232551,-179588887,-483294816,-628665225,-358534517,-1827544608,-1479962478,-1257050664,231470704,-485015897,-1640375496,246160503,852839951,-1199409083,-1011556165,1519074101,-1176206542,-289859246,-686865764,-1717072379,-1307547563,-373226038,1250667003,-785188893,-965408374,-812014557,2702613,-2092524540
-925498464,1998940430,-1558454706,426443127,562205671,-987102224,-202344694,-717115449,284574161,-173208845,141266391,1070569182,416812417,915898622,-884666399,-1486523686,2124377527,1453142381,-1471171245,569164294,543626342,1342659348,-635868663,1446384001,1666115715,-162494588,-1017311862,1355608092,-534558433,-300936564,2143010357,140356488,-1077088841,832054786,1541612473,668416945,-43124790,-510579261,-1112970038,37093476,1699088812,-1677064201,939455505,-745917129,-1631553894,774141337,1344323683,1586970537,-1431511027,284790582,-2005511115,-1399374969,1574163539,-1446362636,-46628785,-142579311,-1189199270,-464774955,-1767494208,1021338717,-593504561,606262845,392647441,1782267772,1329698407,748396977
-1306856230,-1563735685,-205074975,598012127,886948970,551521498,475626215,-985700819,2014865922,1114086362,1217435857,-1366350300,88821123,-1524029520,-1545400740,222653061,855118140,68276225,-370604030,-1623415297,1947673231,996741304
-1648535507,1472409813,-2083342055,409528814,-1045975870,-1880445314,186204182,-1034513822,-2059707902,808829053,-1185379871,576829202,-707104141,-799981598,-375983422,825727756,-457499180,750105032,-547114198,-618705298,742878542,1091262832,-588320505,-650475735,2735849,96127150,-1887366567,-1930116600,-1158192063,-112487805,-2005129980,1481961456,1834123384,1411974155,812347368,778449769,-1569238674,1014957977,-313360082,-147819940,-1665640401,-161507808,-2035397148,-1694384098,1286608045,-192718124,1840264908,357950380,522602670,-838963952,-798751120,1354333752,-1424886265,-1888729991,-269534086,114988516,-637498358,547638116,1445542466
-1665271748,-1388661900,1387340967,-1413370806,-744452533,740782215,-996176095,1672289396,815201086,1948745171,557794326,495157225,1615181805,1292554571,-216416659,2132919245,1248112308,-731668153,-1671878559,728568849,1063585891,1815208035,-179637353,520066039,762467448,2121274278,-1192534415,46766805,-1470005105,1192552167,1997765284,201554200,-1840032999,-781245589,-1419212537,1275595147,1559715148,-1946686253,1791278766,-1385131303,951556186,-1861130188
978238800,-1763434011,-1310314105,58103907,-1578524441,1501154225,-989838525,-1557959960,-2026950782,227898010,-361483192,-834147196,-1403289741,-128888631,-1108873217,-1037107371,409713220,1609088802,-1987425090,2124716647,1611314099,-674096640,-561830800,1392746382,436301053,-448414428,-977677452,-1427457418,-2028599201,-1113306390,1900691910,1752669432,-1427640103,1218294461,-1042359716,1208560814,-1761592780,-937579828,-2052582190,813594057,-684098234,1461293309,1729131848,737244961,-1491946379,-777591007,-1982454134,-1656087667,2125782137,461430377,-1272868238,1073149044,1152081253,1100391961,415407242,-1914795612,-221544473,-1230802565,-835427595,1433752162,835154638,896297237,1034004878
-1951554356,1682963229,1277317969,-1067950025,-1839368579,-1600831700,1091341817,2066846828,805734567,-1012833998,-323316757,-195089067,1297623747,-601602134,-305125294,-1614085247,-816140868,-928192242,639185290,1664382898,1849990902,589890699,499979713,-28689233,456798097,-1260703240,-1030177317,-1028232616,621104110,-1551008508,1233871510,-613405189
309723055,237012975,-1274565659,-1726201720,514207739,-949761341,-1898584518,937435372,-147532574,-321821512,2101591304,643718694,-1881287030,1633716829,-2064098406,-16343467,-1059955273,-1840052337,686860042,-1054759634,-215550336,-348668385,59146777,1279896899,368355909,2000939697,-410518974,809013639,270353631,-1946070042,-1209290228,2039515920,888289561,-1735538755,11607200,-2092136673,570480735,-2121626826,1565548186,869357917,-2126655051,44081208,-83433437,-1402384793,1341467626,1030292915,1955273791,1451745932
685135369,-494757533,1808507093,741208350,-567318615,498857802,-527405499,666794504,-1887382531,-1092219384,-851131039,-604785970,828737670,-1601430946,-1529305615,-1814522875,-580598204,1556042576,1321549064,497698689,-1658440870,357287157,1972930882,412234067,2141381362,-2065726323,1742765901,490935282,-1971030178,-295136808,-318410071,633848759,-1454259585,-1621165659,-1839479117,-356180594,739936362,-688517720,-1565447201,-1571277590,-1639299001,-2004302447,605678916,1909779705,-966512772,2017631577
926445849,-420963573,256345310,1123440909,73810057,-238630088,1035121841,-1432794141,-1535262365,1086565743,770538543,-77530977,-436105527,-1469521821,459037902,590351093,-1167526306,-560114054,-1888352584,181227408,-934848264,1413167719,-1323496803,-1127423143,129786515,-804455912,1551783109,1061589752,-728019576,2077596627,-517749404,2098474650,1843832061,933675419,-1662813647,1706743284,-1306445153,520683224,371825977,-1949400952,-1832107122,1285645366,-1286353681,-1597028825,-227159911,1313433037
-1619776586,-1757801045,54296449,-1703308411,-1437632460,1926050948,173095851,-1729099888,1224005115,-1874166101,-1654030344,-1815805044,-242629563,-1973329246,60834961,1419866343,-1540547342,21461083,1400445308,-376729551,-1054166393,1381654763,1673010753,-1131888142,1857833593,-86807171,-1160818736,1062373559,-1754695764,-291880568,1681412257,630265966,1261181237,-1822235580,-1897918691,-1403058445,-1550352025,-2112424615,440135228,1576989162,43813133,609286361,116806766,-2048578097,-328920333,1688989296,-2036677441,-523972022
370714586,-242751947,1332787143,-93523571,1133351572,-1376772740,-1755956666,929173759,226289878,1679269060,-1050618513,47784181,281574847,898174442,-42799640,-791553093,-89548590,-320324907,915495915,1983033330,158766240,-996386782,-1348170990,-1727281705,-493407033,-637413885,462111605,-2018601781,-1517033702,862837604,174616566,1349176590,976970785
718697946,-1182164530,-140680509,1681888400,-2059406948,724336480,1380995905,-608347237,1531374845,-1153082932,-580692634,2083663534,-501161377,456212367,-1581457924,-1679385550,1717510483,-287814501,1723449218,343352166,520120432,584096162,-1276671461,2119452478,-1239299994,-1172118637,32536264,-428446840,1416766546,-1724668060,528372185,1552932945,1525474131,1648080402,1362958496,1741275014,1368762204,619152613,830291560,834568413,1664621899,-1906000392,125881509,-986748939,-758367686,1436144888,-411184532,908079292,-1873774059,-1195662293,-837560540,-1378443760,-1510935699,842094004,1805206654,-856568152,-328510326,-1023992556,8453026,1789361205,-334684730,-994802444,-2090366550,-1737258812,933932312,-1648143071,-27611309,-815235483,-305991953,-1448061737,1256534001
2062338112,1905225025,-292283485,-1377594680,-1528263198,-317657024,592054472,-485533190,1350638873,-2226325,319287473,-1788036569,856516975,178163542,-182803561,1876719305,-1675848758,74113815,907478991,-747882383,-102506821,-1131389947,-1006725060,929864751,2091324435,901220803,1334367748,-607234762,-272027716,1592223356,438673797,889013440,1002202053,617679727,957853322,2054859823,400935358,310618542,4556729,-1310335628
-1537160415,777180496,1899302324,-1163928608,1998921681,242932496,1255550504,-797555187,-1889903773,-557817480,1871310660,408567192,-943003935,-1583972810,-95858149,-1460409045,-1076335936,208203738,-1532466175,-709253845,1629648158,1738670284,1143947377,-138970687,-956645302,204940672,-2058627791,1307192886,1039719817,1168427495,1561257140,520946051,2128037911,13959720,-1038691650,1285500968,-1042275221,267653775,1830995789,-35700932,-540004417,1408303813,-721284169,1858561221,1048224719,-1382567871,-567130609,1408737609,-1696525600,-988474370,-20934963,-1909498204,-65110013,109948782,-114729811,264349724,-625657958,1618564270,121328343,697061298,851651611,-1946763782,-156172993,-726952774,899210004,-746805150,-1769543858,-1347870802,1282080366,1081435582,206174402,310273854,1251446261,-542303778,-2047591214,-240135510,-25504489,-431352058
-146330284,-1134976789,545918361,455028131,-976666736,1135725173,1609958163,-1334967812,1588306110,1016242472,-211139524,-1189310936,277681819,78838187,1601095322,-30402400,-1564207661,588440799,338668838,908709228,16529370,1230197537,925688899,131685644,-606815749,-1680988212,1823672555,-1367333476,1207916976,555581697,-6353109,-1164228046,-1384111564,-815188054,-1475257392,1596808330,2040790871,230546363,1254901090,1304853733,961358224,-1977569094,1447374929,-837544915,-1819164840,-1639420287,1328462446,1588563037,798629813,-853882302,-810178148,1182116639,-646850028,378211276,-904818234,1982231222,1096238939,1719022348
2074586397,-717021122,1910338005,-654612136,21136752,1713546450,614989283,-1884606002,-170470517,1322527071,-853442788,-1326468092,2105867760,-2086724487,2046467609,-1717663465,-956721683,2061359697,1206220517,1771103263,-694939138,69263688,1832907780,1755441900,-397129105,2004368325,-1193650762,158164465,-1173316539,-737594553,-2063046276,-2060125312,-1959733665,1759748285,638596571,-1610520009,-196586281,241921557,-219079073,-75991366,-1716785491
-844446750,-2127069023,-1094280794,1523935074,-1529142002,370012852,-1631983503,-1207088145,-1342192865,-1519254955,1208338188,-1621811851,169725677,188576317,1321539941,1846306388,-128867799,-932754325,-1581047740,857060774,1258686694
-192427929,308193684,1436032859,542820974,-1313388562,791530213,1765066727,1109706171,402894329,-1455813161,1359543636,1853673697,-1229633393,-730264526,1068402015,-774355631,-809958207,-1127330663,-195901576,-1199880264,1920085263,1050094370,-1582445627,1584460984,1316956681,1488205609,-1648646548,848110811,242690361,-982902175,-410332399,187825092,1788923456,-1702798037,-1265220451,-1065175385,1627411006,2142084138,290073921,-1404015110,220050807,-1715862762,213828282,-73089428,1288300338,1384259793,1185186518,60394774,-1305212956,-1231329097,739359798,-630433040,-1794233970,-620432071,-459710636,-240198779,1720922722,343433133,1359961031,-295845142,-1523202644,1213186398,2027883974,1254227692,-153463056,564277738,236748778,-1416638584,2046610254,-310815027,63014199,821719711,1497648430,-1810376648,-1995182244,1420449513
-328085721,-1723701959,837749290,-1281150237,796229810,-216425054,-177908060,2052589073,-606864734,42730082,-404929588,-1039299463,-35756730,-1730019454,1288891968,144304166,-1291444601,1359577803,-1970771209,-857803393,1658516026,-2134136,-1476515398,-1259311449,-1723595851,1823869584,-1360360750,-823238362,-1805304668,-519593342,1957207042,1700714952,1835816221,-2022377390,1881223351,-417600827,-1818375951,1982016516,-1020212867,1821995042,-39104956,126169528,1598029493,-1298647466
2061046501,99312260,462579503,-279135804,-345931799,-487387634,-1215864586,474135682,1994945984,460934628,596335569,1220493259,-509608941,588980666,-1713274520,1955050435,1665286005,417629021,-22193461,1733493914,1336052712,936224995,1857206419,474991068,2146757541,1468904995,-1821804217,-285370617,1244294684,375558503,605868544,-537771683,1025268537,37015392,-853279410
320919272,-1569068454,-1631816611,472384299,1833416923,-1146734416,-219408813,-847954955,136748170,1545819777,-548150788,-1498245893,-1811452549,14087843,457319849,-622967930,230486979,1603358423,1037912404,-1619304485,127214795,-1753640130,976131848,560140243,1796815959,-838716148,-1989761665,-2098903382,-926424636,-1319774086,-315930356,1737829910,-1158292080,1120482817,-1504104773,1934265499,1757815583
1453426102,-526205667,233976508,-1432290227,386816746,-1260319818,271063005,-80292996,285117161,-189297718,-1689024597,-1364053317,-1261146607,-998327465,-1082399808,494553974,2141233902,1341360017,1698243889,-403188022,-1044079908,1190692525,761131983,1838683515,-1977692944,1464892157,93679018,988502827,1712108313,1276474172,982999766,-935028535,481097089,-200205269,1904085361,245537351,-1651611592,89134940,-789287453,1073933199,-1633763564,1603496781,-526048409,-1916168009,-1795810350,501244087,633665739,182992242,-297084288,983589160
-1021175862,2007711775,1455925967,-986111325,1819415051,1473310595,-997003882,-11737860,779286530,-1170454402,-421976714,-2146702777,-587642009,1787041085,2012235269,-1679134863,1645308823,-14145039,1677232979,1361961686,-1752431483,-2030314831,-1421114377,380774081,1416493298
-1475794844,-1788741581,1178090460,2114838343,378442624,1829273059,1414483251,2018953039,960966775,2063483782,-1139716654,-1624114355,1174565323,-2003557040,-106635604,-1377478157,990209455,1682108345,-1954922682,588445809,363903893,-875645052,1793892,2083021851,-787935483,318320124,-830547961,-179447223,1224248240,2051962240,-1277362282,-1523148162,754859717,-666092990,-1505391270
863021442,-1260711093,2082963503,-2073229707,851339533,-1341231166,-840680328,923934421,829491075,-241200020,446829907,-41978241,-1117566383,584871286,471971085,1975391910,1608356291,-787793806,1771903192,1173782206,341843418,114313887,-152169541,711827043,-1676915615,-265062547,-1096446775,-1287845511,219882562,-1162421441,-1969492843,-350762349,1440793109
-1709806108,429881240,-1430160903,1140393117,237258148,98790563,662094503,-957211622,-141437411,-1294053077,-883999293,-877977147,2097111398,375671652,1995862389,429608195,1720446745,-180976156,-1777989832,1400141829,-161719991,-216601720,-1603558415,437393486,223458484,1040268695,-322196157,524335986,1623296053,-1503860696,1186631713,-101053409,-600471685,-1253230399,388717732,1022206817,140494079,-1938039999,1946929950,1324296737,-2117365965,1511244031,989003374,-949580050,-1381864201,-1637820878,592025493,-1889053697,610266448,-1192547950,-72946039,-18859656,-523878821,1730832959,-1517779895,1554302956,-2146386049
-951713231,338067235,-1769930015,549142801,393566863,617327900,-868879844,270863352,-333980043,-1859243691,-1727788495,-103332556,-1004380976,946647113,-1241455940,1330757890,-1870684487,-1654850759,-672959383,-1769121128,-473049846,-954814417,-780283227,-1097351726,185387828,-130460097,-1599320937,1911531281,-1636043952,1455520271,492906833,-1047872160,-431710349,1769246362,2033414978,-430150953,-1686242235,841193008,-1723169041,-758687932,282960084
-1410901790,1205430535,-1337931867,-96132007,2036836066,-1513328580,1483179276,2049274094,-1783723933,-1438392289,1912377021,-1980327,899748416,1398946476,1369008290,46324130,1813840295,-1554574714,-2027943186,1231791744,-1917148588,-1632581863,1052792177,1211700767,-2113248255,-1765056766,-1768889298,851537955,-1626221796,1130898605,1510480170,1956774892,131262650,-519050945,-1675923578,1676247067,1407444427,664539575,647523279,-145637803,-473092721,-2090806705,984333717,1952712518,-951725240,1043676200,281044538,30348009,-2034315471,-902037211,1579809035,-253343483,-1271394642,-518385130,-1297463148,1253443066,-1889938492,-982090983,538187055,-1584339011
1819353660,-2007920418,-2085198048,-1492327072,1333021799,1798229082,-554483370,-2026775136,-291566472,-1162518165,-1541376586,1102077075,-817561425,1273491066,2087574463,-1106054937,-756940211,-276744348,632395099,-791012642,-676942985,876871568,1321591144,-465467768,-2035493025,-1213861565,-1785523597,-1964886733,1127317668,-1150212558,-1644450362,1976125986,1008968185,1285367128,1740437156,484601470,1949170949,-1973851638,-508139054,51380361,375122826
-819008167,2117763609,-321413432,936264276,-2705270,-1572603325,1044541731,-253680760,2041657410,-1553777067,-1962004989,-802720668,-452824209,875976202,-1723304965,-490529818,1913631698,-48599304,1354208556,-1519435234,-1220839674,-263515316,490379755,-789526527,402713536,-2010015814,-934000223,-831133572,315850583,-1234635602,115564019,-366586164,288046983,-1316389177,-1014479838,1818652172,-1169222543,-653053307,-1956966221,795166223,1392121573,2030339904,1738180946,1740030319,-502692124,1830223195,-165189389,-650647322,-382392736,226089914,976044601,-695392292,-928252859,-1351167888,-2004048869,1181695552,-376716356,-1829541699,649094340,-1477117030,-1647735891,-1115843529,-659409221
411454086,-473913530,1129376836,-2139309431,-802002373,-1373400876,-511898363,-577991072,546279565,-467126459,1919328747,-300456806,-1110431859,388968613,1849776974,639290538,-536319389,1875003936,-610110126,979053138,1729952331,733713078,263061137,-128835203,1066876896,-20587218,-1635818250,729246540,948444317,-317788853,1368616171,-912693138,908439711,-523058115,230160054,-176421708,878262447,1508556890,2070427168,189382627,473843840,1375896589,969031767,1993076684,-941300428,599775246,-1079176171,1964806042,884753444,-1102447405,-1902870528,-1680527254,1596207584,879763269,1620216660,1675878176,1560241524,1047913655,-818658114,1869091704,1510032365,982008339,-92136565,-1920533413,722851867,-1186196906,-942528767,-297288333,1592459927,-2061819843,-680722419,-1333956095,1552819719,446404416,-1519120099,768477421
-1280766017,-402489265,-1304277474,1558395884,-1052398981,7346123,-960711412,-999331891,566030151,-1037053844,-713443182,-692814399,-1668717826,1295639205,-1097473016,565942118,-2128017225,-829718110,1304615313,-1220809920,1880900151,-1790663507,1528162736,-718254406,-921844825,-1601273133,2087718945,-944483222,1574538886,268149959,1688758758,-962688359,2064918496,1337766149,-1902151521,77700609,588414399,1913869882,1576191774,303457496,1132867554,-1977681950,174965562,657266189,1858678700,-1883963086,533586147,1885614289,607054687,45154873,373119607,1762121816,1432385673,1011284801,441000531,40151008,-1389596226,-794527109,-364127829,1736786674,764050310,684945370,881909918,-1123932697
1318837054,-368061564,786397869,293606729,-531646251,-422442614,-605227574,223724095,188665790,1478027393,-489160799,-691333527,-414824722,-1300946446,-1319064076,234866738,1724523607,1953246581,774263210,-1909633548,1923422790,-1907715006,-511140655,-1587829334,-1954724084,446095880,-1637440283,-2073140246,531811040,897732349,-1739242158,41893393,-1996007420,-1578010826,1450878519,1276806079,-1788075739,-1987529928,-1865094292,2135243654,2102774279,-674437682,227430342,-1887709475,-36946335,1612895004,-715050855,-1940672166,-546925819,1753502964,624086397,1230556960,-742304445,677642343,-130826155,1969524373,855633039,-240316257,-1119784563,-1975434920,-1731202463,-900289812,607390882,574218354,-1502632868,1155452956,276347110,527716298
108171022,-837805435,1273488606,1572076742,399395977,285564866,1202267312,1596282386,1664758857,-34447738,-1990267651,2024807754,2075404123,812221979,558136500,-6921279,1754905514,577153332,-849408091,877531916,-80076584,2054415408,-1530592903,-366868764,-2115961262,490742687,1262463970,-525311664,728276638,-1355215100,-848268270,-927499005,1618148342,-1013818404,993311600,-925556222,-783384038,-733950753,160147337,-1963859831,579115362,1510957445,-1577323196,-1840466385,2069712658,-916882997,715606874,1656316232,-763056399,-1352863178,320585732,233178762,-1833721316,-909935592,-708082187,564333810,218588951
1612575882,-328051736,1976563492,1722206424,-494117057,978397089,-1135678248,693341243,1248882789,1292015556,593870826,1946450020,793836305,257299536,-506762674,-1280055459,-1730840489,-1539279684,1498335873,-1785304363,811049912,660327775,1462523686,1331640867,1687022296,247772946,-791480366,-1789985653,-431971213,1418849555,1239226147,-840010816,229065361,-1165138645,1858093591,1902824106,-131468295,-609991149,-184096614,1168215145,152529123,-1242210285,-754117792,474384280,1688579824,750521324,-948821259,778969557,-1500489634,483365880,-1325470703,1013636993
-817001585,-1277115088,1385505732,-13267126,1317517483,-1106290334,-679449389,-567007587,-1212910642,-474196897,915509365,2040353313,-1838505438,-754369570,-1222787902,1675200743,1541451234,1697712678,-2072886995,-1295532526,1366827257,270032356,-2103352379,893339342,-2104113688,-1223666881,-1225734473,653634432,-681544980,1908759081,-41278953,-1940662210,-151067809,1175756280,-1193847329,-1467391871,1586447198,1243075124,-1778444233,1239665177,10047915,140540082,1837614070,-1906633888,90586069,2119759073,1937378152,1403250866,-1112041323,1699938403,531993425,-2043986660,755573883,1060132063,-2117748174,-1469695405,1159668938,-2129944811,-1549463606
-1403153249,773132082,-2000535329,-1761359433,-1048412073,-734586267,-1837008067,-1822374489,874525490,-2008202831,1033997823,-876265328,-1881531597,-1308626427,1687964172,1669245560,993101643,-50998903,1586357988,-682339838,-941775946,-12841414,1487368092,-656316633,-864266077,1221362104,1441561639,1769993510,2082467610,-416170402,104643286,949290937,-1709727718,-1883874925,-1766978015
