-1157238887,-675264497,-1005803599,-1507498134,-1139880308,1045664373,-557037981,-505635959,181587913,1064910668,1177507337,-475481729,-370282753,1104221200,2118409017,986845571,1401803876,168533037,990837584,-631929385,-1242919923,1215672258,884241902,-203261656,-775758209,200221351,-1955479131,861847354,-1427300731,-537993295,1519009772,1093039044,717652035,-1667828684,1759067225,70769560
-16822328,-375411953,-1109806074,799771502,-1794753456,1271585396,-1202940798,540599574,1063375416,1887964199,-1208072572,-1695813677,-425857795,-960222927,-1530906705,-1139925901,543581169,-1485437575,1425041973,232712661,-1841984704,-1987778947,160860025,-421253952,1232814381,-754695873,-429065995,1549172976,-137294943,-73866372,-1914164387,1421555570,-1206646298,-1603601373,1976328196,-436316623,1871036079,139179780,-1761300353,-193692465,10548827,1307336648,-1049352057,1448460985,-597668486,292569121,883169827,1052762741,1317542799,-1048466111,-1497296890,-1520482755,1918748183,-2119829361,-1098251723,-641480239,-1689075766,-1491912808,954970348,-1671477879,952743968,570824515,-1438889534,1886992041,-1451180266,-825938359,-1817593077,1933842680,-359440079,711099107,-1850779267,-1040824941,-1414266941,-886884412,-829572075,1418816254,-1234441876
-569773509,2048979579,623245027,1043651566,1416067108,-1226250593,146780150,-1376147196,199396727,1518612257,2090417359,1539620512,1210503731,-2071317003,-102979720,-1750366762,144199119,-1757329000,-281464416,-429610457,-1895611230,-94089043,853000862,81955127,-1163296891,290955977,219787702,1408788930,-1914050122,26352266,469987483,732409296,1630120190,1153217774,-1387734475,-707693528
-2023992863,-267834972,-891527934,414788422,1442736663,1403313539,-1213897217,99120975,18533916,-554169488,2114851165,2124444299,-1469463896,1458038732,-404140954,1728634962,-628158921,-992311873,-97793751,485537438,-890254375,-1315171458,-2091139220,-38896143,110237510,396695248,-1618523936,80497525,1464002101,1290366413,-322450282,-512312987,1261413101,-1735387160,818687409,-1103593044,-1813619685,-1066398928,1363849565,-217932085,730373606,86940114,165072895,2132481791,1193953344,-157275166,2024170925
-2095647105,2094289242,-459999776,1833252561,776850475,-515739550,1751840360,-859166386,-13845735,-1893952559,358241695,-1985082712,-113142088,1847729651,-1342132255,-847208040,-1530361686,-257662068,726853691,-985736530,-2134590826,940274461,719132770,1427188525,2048477500,-1555461019,217910246,-1445806542,701879497,76549162,-1519600986,-1963208678,1011565164,-142553032,-69896570,-196355035,246580008,-79472726,410763359,-2060025770,-1015516180,747971431,1704917047,1994406814,-1830868256,-1486808337,505896113,648440377,1473660417,-1646134953,217058758,-1660935082,2096172783,1091569298,-626915659,1966859005,-998602747
-571456712,-193458387,-1911245142,1873959660,-766213129,594730820,1699856102,-1007636190,-1217436095,833627811,-729111497,-1292460898,237355769,-12977263,-954154075,950764891,-1950316338,1059805023,-1550558444,-459646711,2113111470,1988236493,-1314147879,1199753745,-2147298436,178778284,814462606,-787416361,-1064969217,1744335044,-1654905303,-1118955202,465709086,-326904585,1377734731,-1182749072,1468493386,78476966,-1493119787,-430201122,773428282,-1203357102,-1008159039,-1379445114,-716400674,-1649805434,226508846,-444596877
-1083114764,-1645857860,293179530,-1049407104,-692779298,647575322,1907411586,-1800134013,1375434167,1685578460,1259194676,-928650264,-573807863,-2130050159,2054994708,-816799553,-1843855719,854874132,-1868209921,1258986053,-183407160,-1682349790,737306678,1915323289,-1020469445,134157869,36036778,-2077635403,-752044866,851088239
1659230363,-1777473691,673191233,-996917832,1448434382,476711412,-1538861908,1775760242,199268355,1459326336,-531261120,-1629212943,987397656,2098146390,1493570596,-901918661,1768933189,1273405210,-1348839314,-1397911329,-142041967,-1146159053,1816200372,-810504207,1794993030,66027878,60420579,393861714
1887131585,165051214,1390531380,-2107880414,-751042119,1108194314,1805361372,-483217343,-321434730,420355448,-1007140438,1594000678,948352526,-847531230,163720534,390123063,1152131888,-727556150,2138646139,504621526,1946807683,290598848,1790648409,-2145681963,1497550191,-509881228,-265339690,-1419364567,698888410,1721322827,1729373894,383209692,1000597781,1339541941,-656192405
-2106305799,-810215297,2022620735,1910035585,985685325,-1336657819,-386419216,85716755,-470085270,519167467,-141030997,2143620077,2011464225,379257452,1329139613,477858459,-34585380,416600179,-1422477898,823573179,-365438717,1810268488,1450561967,-988707415,-1591631456,-2006253618,-1642009266,1377992572,1347114309,-203856756,934220520,1385141046,-1932457939,152084232,267148839,-2037137866
1139007579,905205005,1956679409,567829916,2120915714,-2054533832,-1364436255,-1827575887,934292465,-935567001,609836988,-1254546388,-796098323,1887550268,-36617239,-1314289033,-1641000933,231552323,-1728861649,234433471,-2021346093,-1600546510,-1322398545,-923833129,1948730809,168099442,356274964,1953460828,1321793550,-1209725730,-1535649784,1843604248,-2109250493,748038090,1650446825,-1688068949
627295558,-98643268,-916072856,507519041,2072540578,-134327455,-1785188740,63888280,-1096261835,-1418756600,-848974507,-1621812782,1284584026,615623651,-54473920,-1377965118,-315172421,477530653,824763476,-799507674,-611030319,91167242,1758594702,-470865928,-2004018518,-1096023906,-470221251,1243784964,878787309,-1116808925,1497449632,-799017542,-502824165,1689354022,-1951353652,719402821,-704959977,730039218,-1145623853,-619262245,1007916008,682443200,317616418,265767767,771921852,1292584429,1310793771,-1704331260,-496852433,-1374945939,1089295427
-1962002483,-1713053633,876764620,213288751,1561238485,380865186,-750334058,-1165156474,1829216064,-401442361,992382850,1113700908,-991765504,988831687,-1742811800,972807396,719118476,-789298474,1863844922,490642719,322637724,-1834492999,-1787008663,-457579120,-1122420687,625272693,-621056377,-1349385984,1680484824,-979804088,1624324397,1624538718,490129710,-1203645988,-2110573282,305054234,-2049218394,129514682,1743856812,2020333746,297494921,-1381417732,-395553958,1046765196,-597726914,1038641222,318557890,2053411078,1869774539,-2122836233,-990459464,-1782981429,-1789440869,1722289306,1426099632,-1218806424,-799675775,865186722,-779379108,1185874462,1664084988,-378544042,2001335193,-1011954695,-2131228996,1555779338,-22909557,-1426204383,2078219621
-1447696634,-1463062161,-310332782,1972723692,-1179088337,286689347,1666517020,-625901491,679037795,-1728714860,663711387,1132247611,1546366550,533690439,504596780,1626081549,-1775879809,172702660,915704180,847085981,1267350451,679725767,-996300827,-191848641,2129643536,1455385971,-999072705,1589767151,-830796772,1226449068,347150938,-530810935,-663854035,540679333,1618974497,858182589,463393290,883798199,-1988371999,-285703294,-1218004526,-1054177164,52927939,-840951094,-1307768548,-690770436,-1203779689,-2005829192,1666526303,53271950,-1260522542
-1655802220,-893976991,722886874,297185963,1707073305,781898933,991148416,-760516429,-520668712,-863747804,-1211726899,438948367,831606184,1193386301,1985361920,-1836761704,-364745486,-522181294,1558070231,-1702280818,-2063764329,-222875759,-1394508275,-1474667826,-1873717999,-345894831,58904100,-406881468,-1229747752,428389294,1429867620,-442956899,-571464954,-766700457,547905058,56697921,-1252113091,-960723035,346001989,-2007180928,-1711127608,453064432,346309126,-1562118389,-1632323328,857823774,-1922385418,-493226331,1173897456,534710140,1414197061,-1646756327,2040379964,740601040,1235748160
334573886,-1651014226,-619960549,1924177497,-853026447,984261386,-2038318608,-1219106318,678017298,1528977422,566176519,954003882,-2074612988,111222829,-448078249,653547132,1436195571,483676792,-636419763,-1505037981,-854581316,1969763888,255673803,1006242827,1625872396,-397390693,-87635598,-980553526,1720823111,-362159077,691842340,1223886289,-855023446,-598980485,1028006084,-1724061794,576390835,-495246196,-1926174913,-1566558539,364532927,-2073761552,152409808,810486926,811902197,-606057419,-1630987905,1702054865,1144247394,-1636222939,-297324054,-1635696704,771645285,504281179,-1178990521,1691369204,-978165683,-1136083431,1006568360
-724609984,2105920857,667513729,1761524000,2008861278,156100385,-192426649,121884605,-1782947547,-1453767397,-986152166,-738900723,-267930090,-1039222172,1554494661,-1514251627,1638476697,-381235804,2053063555,-530034267,538487069,-1755455394,-1473837019,-1705650998,1618983299,1953560456,-108318158,-238615418,-1760908356,1296431454,-776269010,-771417278,1555732912,-1306954638,1081268767,-686826365,-837387935,1654211591,-2134441140,290866012,947493968,-957045344,886079559,1973888035,515916063,1935643603,-73081810,253605223,-688317577,-890209694,1408622637,211366944,1003288107,1436325771,-1989641146,1888360232,-2084842595,-460808546,-714409900,603096554,1214328928,-1524076592,1380888908,183436888,115821598,1342306639,-789977402,1192728098,-219439940,-1869310570,-1035313988,1317053220,1150603195,170359553,-263596656,-599353569,1270676961
-1386108845,-447354197,2065233176,1868708951,-164956349,-961744020,1768930453,246808085,-103986539,1613750660,-226248900,-1589187450,-361393291,62562376,1333856322,1412261593,1611389770,1118015029,903552532,-302870569,234758974,530399268,-172128394,-649501131,-447006723,-552287299,-1127057681,-976187864,-824148548,806163753,-1050437532,-1339121602,290060412,978304011,1124080899,94638444,-681306993,-2767952,991764834,1430980707,-2091715749
-405548569,2079241254,-109363107,952427719,1328738665,602470368,2041893489,-1763758463,-1731221993,-1710325774,690986319,-1528272717,-275009383,2023658572,251115352,-529273394,902132084,850213885,-259164270,323406184,-2117574478,-1563195892,1876094961,469622573,1427823553,5966728,-941602856,125504787,475032987,-204013859,258259678,1304804561,-1940523737,1886280809,-2058207276,517904529,987712990,-817885106,-336716793,-942844189,-1485545807,-679271031,-1488918846,19583477,956674858,-1651355069
-1915167231,1204749009,-969706137,-1797732900,-977497338,-1764734256,-413083276,-328403462,1147600314,-108241447,-1377611629,281683174,-236753986,-1002041785,-1402372629,-1525831320,1805764371,-320645501,1723457588,36230819,-1746488116,-214948951,1063416202,1672511829,-23958779,649111146,1898049667,1741231453,-1448447469,952978995,-1938545021,947912573,-1910389508,706794127,-26493106,-1028952223,1159595305,458419913,-1248229922,-1737116192,-1766869671,-747588651,-446031242
-1679904807,-2124573585,1566602742,673876799,508251121,1510379396,-1457205647,366431632,448259745,-609018671,-842747652,-1581576285,-1596603763,912637898,-1594202936,-574242071,-1595182283,1274569916,1713302387,-30285609,-291879064,-155259851,583742106,1092714217,-362060038,2101119139,1617054386,-416669975,-383477836,-484519366,1225242392,-23675024,-881861236,-579095269,186788709,-1717833555,-111121899,-1333944910,-1883485689,1764880741,2131922744,-377780385,186267660,-821749702
1748029783,217324097,-114488017,366621570,1185086924,338874235,-161507477,1254456813,394379084,2047704116,1633420092,73380769,2024798310,-818168999,43541598,-1673254287,-781545070,-1663465375,-670418819,-310956802,460081490,1322727073,1484271097,-1417956315,180085396,-526317090,-1973742872,109495225,-1429973670,-1957739485,-231722912,1027563122,1596777884,409517269,1098880501,-537574108,232866924,-632335100,-1560471168,-1591216845,1545084763,1963908355,424873762,-287663547,1277739547,1018969913
2127095610,65449573,-1290009543,-936324497,-262403496,222580252,-1440447471,-465740950,-1719783222,1533813682,1700878559,1611990755,576605515,-946725685,914548392,100282719,1461523998,2025122591,180227180,-1587903739,1484222017,-895383644,206393973,1608458592,1427221985,956908523,1319512559,-274220701,659193360,-1516433974,-1173745219,-23222867,2125675444,-98121414,1833219209,-1176718065,-1145629245,-1010572157,1071993885,-1610394294,-421963092,1894943382,894637553,-1374411236
2069174201,-1627323132,816789629,503052242,-31083415,-1962943250,1661566502,276932866,898513531,1769534006,1449995602,-580379487,-1346975613,-1602303008,947264711,-568953304,-929060998,-145407414,266951703,-1487697526,1946248858,1377580856,272075811,-990108828,-1766305396,1910848301,380484576,1792614515,-504453947,887993340,709938525,-1719990202,-2020924371,-600024931,-1667520764,1378361140,1604319233,-260434364,-568806113,-465230961
-1664372049,844332958,-1603261927,1600040108,1827848127,589781015,-2063053386,1837236019,-783174582,540828685,-330029469,-523112691,953695791,-590051468,1092893542,106823234,-476438102,1075704692,317580487,1656579018,1243888104,-1554424467,288247806,526500910,1791520478,1904091707,-156460051,-137736081,-397233067,1441192378,-349356016,1032810279,1646683721,389357196,2090349298,1058886638,501519988,423857689,-625572894,-646567681,598810404,-1461107498,1103322086,-1749373158,-1992978603,-2034083126,1935120880,-171804757,1641956347,1197810766,838237775,66788651,-977321314,-1213973740,217389416,1280843205,-1856788180,1861849961,2145218981,-661439427,-266090742,-1992875586,-989227860,597134093
1465767012,2118256596,-2131786288,-124160795,-297540202,-219264044,-1347363613,1620905537,1287637436,-2128779331,1491523401,-1869478766,1654472174,-1734889687,-1104777521,799683208,1375091382,1015691188,-637171088,-2118714107,-1646145767,1550823851,1273035514,-895402767,-1475926056,249665539,552803825,630551114,1925400307,-1002968180,-1871230286,1230476414,1802776430,1116532070,498363867,-2037181444,1617201495,-1138914125,-74746134,1831919880,1409221126,-1688831090,-1748206557,1812368334,-1147081562,-261546182,-1688225609,936300986,-942151948,1916981150,-1921136350,881667078,2119075398,594811377,1711589844,-1266469996,-546811697,977074865,1538145299,-352850435,-1160935647,1959674585,-389819105,-1937877015,-1423212046,-2027971502,-1976591466,1936310432,1786161186,-2118327895,-207227110,1123273441,155664636,-1746617087,242128432,125904626,-843405636
-247771541,-1548789256,-1663656624,-200902475,1422547657,2040997512,-586886814,-889714848,-1123836836,64252541,85509014,-480609963,1729544492,-522353141,1504879632,12897464,-182815397,1908514836,1190519352,1727152446,353043082,1604737978,-424512319,-340157988,-167181957,-699215052,2005671398,-523614784,429851127,-1310790683,815476726,1096721540,-371241742
448173587,-950937183,-694606612,245880691,-1789975243,-1359289567,-1778964327,-42822892,1421900149,-1726617704,1708047299,-1263232419,-344202360,-249565356,-587031953,-957553817,45492872,-1005028141,1842936383,681335344,42542586,-86001547,1028120086,-1038428822,151417868,1537155954,1581285377,-972684145,868798494,-1441397235,-315820716,-798446791,-1402614397,1182928137,1969320211,-976634449,-436602232,158321244,-1703622508,-197643582,-1792692300,122031394,948575842,1147248346,879824721,-870693676,986699619,-753996725,829552939,1586193337,-719962564,625198317,58128023,-2109475685,-828213005,938639594,-2027527498,-811903042,931706070,-385896743,-1414442246,14244621,1898097819,-278034164,707658729,2115936662,-2082083640,-1388778459,245747233,-1708683720,-1825605036,1274454767,-123803749,-213473893,13680526,-1764156566,1454011699
-930880706,-21767897,1912844391,401833623,1965813257,-669828906,-590011041,-1649559176,556229145,-1244374755,-75150036,413194317,1849829628,1561476266,-1346631596,179522478,-1556218931,519731595,652656014,-148661776,-491345519,-345175620,-31907639,-1950698529,463069154,-2123362047,512026226,1166172330,750803409,700034038,950200054,216134942,632330504,555687011,-1395886458,-462239209,1685163311,-1780881707,380368153,-1526651342,-36319855,8959337,-237512009,-1488613689,-1190246146,-371518486,-916732941,606974998,1792905202,1697929502,-1104723272,1850436799,-2035081994,-796700323,-1852672184,359887991,-829931706,-1219395998,-1247496830,-1610817032,-1949398093,333840485,-1664501149,380471353,911865802,-226132888,-765053490,-395397409,-802225354,-1583770671,-2054902641,480841203,415208290,-484458184,-1696598371,-841131820,-2052627102,-647451006,337698207
1151547923,-668051410,1668849585,-128383829,1754013824,-1667722770,-451257753,1513602345,1808958087,1210892409,1068605969,31244590,-326445124,2099174559,1779747136,-1704411432,-1697111412,591860637,-615146359,1129982360,-794911835,1029740722,1396414088,587266017,-483709035,862682098,1348390951,1518602267,-1960660303,-1974166951,-825544416,10707165,1993731895,-140248286,847750335,325173340,1564864950,2065903193,886396652,74657565,1995847597,-579698513,1974943080,-134903310,-1017076622,-358803315,-1517129385,-1949092061,-1061593003,-1742122902,-2000937731,125795050,1710163461,807658081,-657325620,-625008860,381010481,-1686521603,-100214114,-30973370,-1523431054,383613271,-581165506,-198680179,516147303,1806899811,1079436844,622293625,1471820321,860691846,-816448095,520167291,-826765118,-1955840918,-846504752
1515797600,-525623274,-1661234066,-1310801087,212081710,1267791160,1711926644,-557156483,507860445,1083765189,-918535901,1381921510,2037714751,-1475469373,-747778744,9511163,2020025902,-1862205083,-1138194239,-1867165020,-1759247701,-1466572200,1836104767,-435002965,-1827018935,223210075,-1729174708,-1424582805,-1110940725,1916159253,-1606411889,-1766012218,165531148,1497461538,-1035626417,1339648347,-1657215713,1404835950,-1951397835,-594386952,-457243978,621796294,759671637,1753781837,1528397511,-1675875413,318677871,-1049562653,1601382764,1402338410,1676335217,1397101643,-1216807158,-144911511,957956928,974866586,644840117,1824830402,-1610309449,1932284948,73411283,1673117717,1905643759,-2008211930,-92705793,-1885624935
-1416141927,653553199,-1912855436,-1563284600,-60561147,2037639192,1749895501,-1337681110,763355267,1259347152,-1992217570,-236217255,-2040105306,560666549,-395950002,-1630209770,-112084310,1819427469,1672004094,360733558,-176859666,-2128561682,-1609421662,1113576105,-1696020833,1525154784,245802708,-663935945,-605154890,-275051328,-1596498076,267152779,-258138077,1762758246,1861212083,-1443309131,-842319030,309872010,-1016826048,-1107267733,1099521198,-2019255965,759055491,-1793049776,369837291,-251094640,55105273,1319262840,-2106290711,693007931,241489536,-1124882133,254291022,1349572219,1689426916,1669274089,1812599860,-308825862,778946233,-2009532242
-1688761641,-2121540502,931438199,-263634655,-1150598963,2008892562,-87860988,-853675152,-1512128876,1821456010,-243037474,-1336489481,-1507637113,343043138,1462978459,-1610815908,887896966,305901140,598339680,1327106608,-1304598755,1702923606,135304358,-1068899740,1308780005,-1600660369
-531622405,1360566314,1077592364,-76515426,-1401680896,-81025842,-932942700,429420364,1056873658,895394924,-800337543,278508477,-381345249,1555716799,-619582448,1424446540,-915367035,-201645499,-2125173052,-212284287
-1730187745,-495065018,1156592276,-601432154,-1077803461,-1062619416,-990492113,273220310,2002346420,-796697301,159285112,1751537947,1881654136,1022233494,1057033806,-617443828,1035861291,-843418680,-304490030,776879384,-307430326,-2038548272,-1872840664,-1232647170,-1356823149,-2147381060,-232245634,1973418114,283099812,-1729303697,290724172,-108229283,-401177118,-626412872,1765350621,-1683819916,-82548580,-486115425,259504655,1312197709,777856879,-1419763455,-926157994,1875779262,-231218965,-669585570,1589669382,1942529766,-1314841994,-1607505423,-1163699247,606167137,-748834960,-227768064,287438989,-833459785,-1456796009,-198069899,888643642,-1990673388,1105947053,1414550958,-1301692093,-1814861250,812825432,1238257552,-518377724,1784896194,-746338488,-504412190,-1437755252
-1025869666,2057092823,1599874979,499670026,-1693236596,-1007842836,-220296178,-413108680,1024812856,1313266420,126482193,-823953218,-1616885531,-1080155024,634506036,-603592720,-654694060,453275428,-1651637174,-1809615516
-1223101210,-11428946,-1462974231,-1362875640,1267340472,302804175,582247608,-1395097784,-257362919,-649568785,-1995892503,-452625718,-1484430953,-821440217,-750798296,595451490,2051853481,1314365870,1697976232,-557108744,83912379,1089417562,-1230230441,1622046642,457425289,669862501,-692279470,1706454354,-1169785168,1149032820,-1392023654,833486812,-891231103,-148323371,-1799358712,67884411,-1054577640,-495034872,-872181634,-424275548,-1860264787,1015170688,-1009361569,-2130987141,-39991255,1246865578,-441280960,181882486,179076348,-832164818,438074079,-1213944512,-2089696979,1284707444,-1419160237,497946335,-2022610255,1127634025,-401146747,-812460520
-1350526334,-1141601826,-1077107951,-541322266,2137233664,-567003583,868065080,-542649450,-1763307914,-410414533,1023222627,-1449413116,747721352,-705262215,-2092557256,570115444,-509318412,387776890,-507719473,1830499405,-889918250,-49171580,494399381,1667281458,-819581401,-1878457892,328402291,-749175213,1113820038,-2147176400,-657538258,-1485026561,2001913403,-1070758056,-1239042800,-1850587523,1421852280,955956285,-352169784,-755245796,-1613558304,1509184025,19758478,-7993207,398018125,-151196704,106625674,-1080115104,1102633166,1256374525,-1918154890,-633839612,-1475286802,-1463899839,919663489,-1227024973
44266520,184645238,-1199460652,-1663937018,361692925,397932573,-1446488685,1048305510,-1817067729,-1093490207,322507695,1563827075,-700927324,-1862691150,-167825774,-654282736,1913711678,-1396175571,-1760055135,1612556825,-287625412,1763706873,-389106731,48084734,-138850830,94451827,-1473363574,-2007275074,-1039777860,-1615620212,2061163415,-17117063,1638212144,1194303730,-1660484962,1161354799,346200466,-1314087827,-269988444,2032495821,-1415101300,1226807691,1018029795,-622011542,-2123286754,-1610874496,530678238,-1184445235,-1938444077
2014912182,989055538,170623541,-831758836,762392252,155962957,-695085694,130076109,749465158,544996495,1804488350,-1755472322,1590429638,-797833049,-1376209332,-1916278804,-87174120,-1185410485,2027529368,-1088603227,-1870410726,-2048132809,1438965399,-340967401,-523239551,2714997,177167187,-941816393,-2063751958,-196198433,-735304705,1167144164,1469781807,280278754,-75857038,-2054522293,-429534212,1987570564,1317222610,1207031180,601837473,731017895,1179230607,923315741,1631236648,-1016605042,-902754669
-339684950,-760372064,-1790592841,-661732018,-1396113954,-1750002836,-222558088,2140339597,-432377614,1682081005,2096112874,1496120289,-1334609506,190867726,-1604649492,-247899379,-1498369419,-565230480,697386396,-608551361,903862909,-1419452567,498339085,-1752972870,477045506,11067728,2130835511,833376692,-1050474842,2110610423,-1766638289,-1150219392,1527381437,-668595336,-1992695145,1285328111,994485207,-261272012,-1381830313,1954600436,-1512168803,-644736744,-1553166964
230815200,1371171874,-286250304,-1794977078,-2044109586,391777059,-356561060,-692916368,1019219240,-604668218,-1086022822,-2049988516,1752496593,-920280624,1759643198,-1665140855,-976403160,-1963966807,1793099846,1594712618,1531752119,1355710746,-501964065,2130332177,1204163309,-318619561,811498587,-572427948,242995178,610755904,1499693793,-1600678867,-1960762470,-536940317,2085276324,825376034,524998405,-1991940283,757373783,1478834021,82758372,-1287740831,238608608,-103136387,326580598,-667070095,620720971,1107096101,-672677484,2014095467,1799383553,1156499827,568299267,394724302,-368447943,-260696004,673526793,1644987549,-720617299,-1191437386,220072002,318302379,683927185,-556442785,-816045901,-110615783,-135974464,-1453760738,-510970593,-1081247459,201037880,708649895,-1598683495,-1999034620,-1520267576
1566776154,-1553673863,-689644793,-98535409,1956701140,-1579202809,1017811080,-1606264733,654744838,800347612,602746187,1878685431,640713746,-910837297,-731084427,-334052062,-1164759284,1985373859,-1256812989,1816944292,-2064965868,1641656973,-704714692,-977722939,625663910,1760306419,-773642074,1965303229,-14989520
2085292602,778351446,981904612,-607959246,-434385638,-1867668529,1912678351,859262020,-1804542462,1660242435,-349361366,-621675124,1945844926,-191870517,511513584,-1031372109,-246655525,2123891103,-840467536,2086332015,1938310049,18573955,973956259,619893509,1044818496,-1918660064,-1282501887,1032524559,-399989944,495129392,-180770929,585489023,1092447326,2012885023,1485492092,681843683,-860435156,-1330678801,432348526,-729256471,629762201,-191431333,-518004778,1875133734,1973710138,-1604265921,-1807578997,1597539858,552556807,-1977022154,-740361834,-358698153,804504657,1990864772,1440959307,1310735434,-1752930317,2061361462,-1296474216
856806087,-1945885304,-56895839,-1023420697,-275742116,1539158406,678246539,48823508,-220507419,1517996789,-1728616297,-1937971776,1790474867,37418354,-45697677,1900690162,2119598950,1823985115,-1170924852,-947360075,-1334183391,1691858927,-1418754009,-1167500125,-554974724,837501488,-1568128783,296626725,809715070,100819984,2017896916,1686842169,1529279947,1574238796,647370571,2053033846,617663835,-2104744558,1836740984,830200652,390842860,1651535721,1149944116,1367830928,-843411015,-413476527,1776220776,1743761720,-851003412,-16434647,-262170726,-1442321566,1734038608,-2076668464,-952444214,-1784433254
-694281457,-332609665,-421897124,-2072274167,199398326,-1081857508,2083551703,-2088976644,2116588292,-996130697,-235031308,-1335197052,-205906357,-783820885,1723919509,-990801429,2025786324,854848301,-864726239,-1418829677,800617471,-533376739,-81838528,1748744050,652185775,922574814,-17846557,649541309,-1719095580,-1274513176,-1261841018,-1180713245,-1013901656,892368092,317068985,-1606617924,-1947661009,-984879912,-1660791845,-318876414,683234617,1169145100,-1538819031,-499938561,2109067707,-55731059,2131274230,1432813192,975515325,-1430004119,-872394693,-1258369751,-1304447867,652193786,-873186222,626500257,-2063226635,374630527,-1678675970,-2049956720,1724900145,1681898984,-1646454866,846390638,-672959100,-12848400,623386882,525865663,1065062788,-927051151,-834194034,112677508,1430981235
157883869,355828724,396958184,-1245657723,-536751944,8476524,-910996818,-431917360,-379538777,772600227,-991384085,888627560,-1863530057,1642204705,-614416764,2072984165,420079997,-344894223,-855468352,-1067329230,1146493787,-149629035,21453867,693829540,-467745023,1242097977,-1973615172,1895567181,450977590,1797113387,204267577,-482066414,1420007128,-141050229,-1139051302,-2100483077,2032886305,2027608126,1938667052,-1409039286,-572569557,-2015749080,161060664,2052260814,-224671563,-435027303,-2046398236,177664632,-2041390553,-1537690873,-1826367080,-58470866,169264083
323212067,-485069601,729929853,-828333996,1141863136,-1746916393,-25111267,1247556256,599484436,525467731,1117644770,260653035,1016333466,1380941144,-448355462,-1789087576,-659641407,1015800512,157770384,-646852895,1409862517,-859797100,-1453662314,1977089203,-1657093220,1693270433,1926563011,1990254076,1718050754,851997765,559691871,549120338,1735837431,881729673,995404094,-1741712330,-633993737,-105249676,1406492553,-1046770040,-421357685,-1423276130,2025264580,-47529666,-1908699345,-1477494014,751377931,-2016869296,598231541,350159384,-1441212514,-1261191178,681494953,2050963747,1543272608,-1901597419,1081220660,-444175161,-1000722405,841689334,-1823243963,-1025870114,-810490809
-958986195,-1684859765,-134737653,1110398216,1274482698,1241991566,1136691908,-1622326130,614451239,-1065540391,-178771644,-109531222,259948195,-830948764,-1454465252,541387487,-966356144,102786621,1155137822,-652355185,1415066844,3779810,-1082277347,-767346584,-1974252490,1369656530,-532732170,-1106666722,-136103382,-161065631,299792084,-2025778854,469125966,1036080844,-1690539090,-1456691471,2120091169,757989260,-1249401068,343225177,679720816,1066580718,289812267,305474648,1185865979,-1898502941,-1978976266,-1646104579,1089564248,573269780,-1091978026,1102461396,497538072,-406858951,2008591955,-1635600556,-1380352729,-22327637,-1522157540,585691036,-1364710792,1788109623,551543628,-1244073378,1849895137,798624052,1450416366,410092059,1774027075,-1758036265,-1073362749,-755782256
-5783355,-1846265790,-1563292561,-1717147583,-334596119,2034056671,-1943366830,1898882456,-47353721,-1468961648,309670636,-1906797981,1187049105,957739916,1377875585,-1145682798,-318344391,-1234782635,310023575,-219376072,-1098725433,1473470713,-1277842195,-1505026705,1352491435,1703083155,-1800465748,-1609482632,260404181,-1679964136,416250332,1374665767,1413890372,1289050447,-1973757671,2120772221,1681229021,-492877279,765937798,-341579882,-1002438019,941028882,-523285760,1450147525,1715836241,-1421931505,-1098713450,-1835820547,1475825508,-1767638935
-1110088334,113213049,-85169375,-498766161,-1694725761,1013230106,318078566,-1012418355,-1402986806,1502994161,-1767095973,679465701,-133414747,1201658709,-609309924,-1637953668,-1530666569,913305895,1524251138,-210929856,-583481637,-1459441441,2005844774,-637584328,-938619833,229224929,-1932511708,1183099965,1976948976,980749333,366631200,1024333480,-1669061587,-2050861386,1600504078,426137932,-404180582,-792969112,755862061,-254211930,-887216322,45290640,-2026269485,-1372166317,-1250139664,166183392,-504804752,-623189823,-1728746507,770192944,-1476972852,-2119763159,-168248850,573907860,556646803,1177547964,1817367024,-220822870,-1744145389,708870172,-818036492,1225090611,-1902921917,-1052486643,1060700785,694612964,-193763834,-474971540
-927099266,1809256369,-1356477857,2072936671,1420999964,1118561994,-1842783795,-1353723505,363641803,1659131922,-819744240,1598638914,1909039455,-355365434,-1055087639,-590013609,-2125392252,-1367645408,-391735628,-1321334070,-813917677,-1467642844,2145029852,-1731562095,-526995802,1960375704,-597055600,1098175560,1298582894,-1389059757,98562998,1416674319,-320261565,1211728570,-1753220576
766432508,-1833361529,-1210236675,2000004363,-1993137152,-1454966580,-942695279,-2000853596,-633711587,1770586167,2109748520,-1402525280,1562663319,398695831,-1125353401,814814682,-1689395580,-1579022177,1498048805,-272925106,1784269398,-1241253144,-1820523431,-1424289352,1121136313,1269169724,-738284845,145726330,1480633759,-1005987055,-1533884400,871006146,1019194520,752413522,711927689,1660835307,885975398,1062360421,899722604,1084441892,1247101904,2062775145,305555086,-122550449,1365954742,-995562817,-1862720609,263304746,1798802021,-1753532468,-1759177826,1351796404,-1264831956
33427855,-1433151799,479147823,210979849,-747726485,1777545487,1382069882,-1558408068,-1418946472,-2099631339,599124057,712424051,903777306,-853687880,-566391066,2016647845,-781277752,-750643255,-1893451294,319756451,-1604262974,-572212500
766920800,-61057310,-125054270,1973169183,-1256641549,-395901199,-65626550,-1063128305,1391724954,1280780892,133030788,1086970423,881434114,703833382,-203868841,1050349245,-1789415739,1898513184,55063475,-36405082,-2111585997,-313040552,-1104336390,956312423,173406548,-49218866,762883995,1134154683,1886676269,1458064493,-1742983424,-612151626,-1359923134,879232057,728987306,-1148344807,1755495260,2000564164,89372825,-2055229976,-1268517748,256335334,-788489232,1064820538,-37139601,1505601452,1764639961,537955407
-577055600,-1304332634,-880098841,29947864,-1636037142,2137863224,330656209,984917562,-515320410,-715160924,965444289,1791496783,1137062967,606417426,601719142,191610925,1029329355,705089769,-687395140,1288667215,-1026298176,-2002834136,670341022,-223123048,-867405994,-1097988074,1842209182,1731719064,-898470235,691003422,852171032,-1566402291,-889844528,82703603,1127107717,1238964907,-1313903494,-1773671941,980650252,422369823,-928312456,-605377815,-408187810,-500359855,869212872,1765701292,-1141948478,567699945,-125331006,2064659591,1848070254,1423563029,639047821
658798873,-1977654392,-754133549,-765144066,-960868147,1683122629,-1623737416,1305373613,433566465,1652030620,-226893817,1760744357,-2034952986,1233299957,2002701230,-1462585142,-1910350847,1305465292,931808620,1200350837,1552091641,-810104965,524063688,1809486675,824234418,1376928575,-1887147452,124262541,-882251366,-1187977228,-1954155054,103511849,-15618239,-735977181,667008135,-1367191633,-1872793553,-299967170,1505576078,317665295,576744433,1780803625,1981462110,-1647027263,1047487349,-1142822404,1649143343,-883920338,-791328361,-147534329,1088467113,2010421070,913041659,1994036758,-1556678945,157418129,-1939565796,331537909,-1135639173,-1881729021,451030181,623547190,-839367879,-1802342486
507766065,-425655656,624193330,1183668010,1964945739,-901336369,112089547,465988048,1878323067,-2027148290,1733818962,-1732127593,640869130,785844901,-1229763666,-1490727754,432739225,-1741009319,35111804,545974987,937579112,140488628,-1124785426,1691415530,1038110676,1853612429,-1141378576,-864772103,-1514830559,1181299048,1381501068,312635706,-1846577543,-1538835664,-2110010738,1245442344,876646708,-860511197,-2103379605,1153164935,-676255142,-1442115316,417742942
-687644315,2001259448,1746853587,1317729351,539749194,-526464094,-2029251320,1422501073,-2090989126,1448809968,-315738382,1195014148,2135503525,1297787042,1108969821,-1693377027,-653579265,113337608,1582910806,1244502746,1833017285,1260498293,216899020,-704316015,-455971774,1385409073,-300481676,-849465347,1941058702,382167475,2045567725
1717892439,891047951,-1452660443,-2001181903,-328424989,-1199863379,23976442,-1563393931,1855327573,-195398341,1122198819,-221399216,-2007718866,-1759168284,-1474239151,-1192438503,-547243498,1101067969,-2016957039,-931572536,215773148,-170371953,1129695476,-1214378037,1400075707,974932642,1230852208,1850714138,921841119,-1227985382,-2092909816,682295177,924775206,-1354159533,44141611,1005801564,-93288406,42835361,228656217,2080422688
1453722941,-1998014452,-357999176,1701070393,-584637319,493564117,-1598273610,-1935792720,1596551995,-1540686652,1908858859,1186527622,1186455464,1314443277,1314033472,1443243241,1917255455,-2113954585,-1798191929,1478408725,1066699368,1971307959,1699784460,2027975452,1435328813,-1802973843,1215235761,322630377,-338964312,-1437390290,-2073139655,-1834904959,958861725,-1798169037,-596104413,-1971962228,484979083,-307250448,200100922,1527130388,1053285149,241398392,-1965944533,-1778822261,-1139035674,785767199,1316861784,-1566427886,-338610866,269125984,-1545662485,1705705720,-364945722,-931978239,-1675334867,728912256,146239299,1545410165,312894743,289487591,777035752,-232946304,685401897,866192036,-420369915,-1196070367,1544221562
-1235854784,216135339,-1914630896,-1628290422,637444881,-827610572,-1918152335,-1749378892,-2116558221,600356403,-905668743,126264704,-683127081,1548589668,-901437586,-891179440,1213185884,1936792303,843505745,-1561776486,1341145917,1595339976,1119215222,901561579,289684619,1311175768,-1179879594,-728187857,248443419,1038897757,1945280164,-1626055377,-1091580735,1007909646,1411778717,2071966810,-600853571,-342187135,1938922916,1491527623,1067662453,-915680943,-36695283,-2079606406,-1340890780,1872574587,-306266824,1173811685,-1253329838,247403400,486731490,215445170,-83542075,1097619953,951417271,-1896031809
-1580861250,-1964170198,2014858345,-1530463864,1758884207,-1961219959,-1832033523,837610293,1196819232,-1951264437,407012556,1936091594,1680196071,-204699988,-184065139,1686191893,1901740160,1682366843,-1030424505,-1803651429,1796517932,722310962,-820347008,-446137904,1307810517,159896391,1988049424,-1313719423,-1009607818,-1240280639,-273091030,-1059510636,-282937159,-1723871475,1964221596,1353368564,-2053421599,526426385,-989430187,2104118214,-593662487,-350466687,-1745387992,1042388448,1386401005,931541362,102118094
867285961,-1933078996,1937976625,1791101990,1230516735,1796509507,1888063207,288653309,1398301150,-375185944,-737903364,-269778662,-1421839649,1005262204,-144540940,843668044,-187105711,870100325,1918169615,-375502586,2112631353,-718066651,-1873123122,-325928806,2074197619,-505989208,1345728182,1914535078,-1194725348,-2103093540,1699774547,-1283539250,959749939,941783175,153511807,1393529771,1758909053,-1930325164,-1885283357,1044474626,1548500394,1702540078,-2002851906,-282603720,-1854931531,-1637546032,-1418275611,-1197856763,1150957456,730515612,49194506,2124575848,2009496831
-2123603904,1858678746,-20898877,-328557017,-1037899586,-132262202,1958198011,1369916373,-1123517726,484359735,-1100223801,974377972,1420819065,-426102061,1594657326,-1525177013,653174333,617485063,1185228609,-1303983232,-271847778,-55945085
1292566438,567375045,837698793,1389327995,110755354,1672312277,1813980608,-46837572,-1466733170,964306547,1003676590,1021432036,-1918000282,-736050552,-390606618,-554753773,1819924802,1802982725,1839622878,1338589837,-1614960677,-2077983385,-1012858043,-1799080551
1900327355,846234676,1863465900,1309406022,1736493540,-1127431261,718903239,-802887707,-1140994212,-1980622306,-12881635,-1176699067,-645244232,-26398537,756268023,36425652,32375087,-721339842,1146375388,1828765133,-863791524,907807663,-1856275988,1851100173,915359298
-1094127988,-1692282971,21875601,-428272981,727291207,575692433,-2050341337,700448433,1753070579,542444265,1532786137,-615961793,1273681426,-82690186,1938382194,-456801076,379355515,1721979271,823955963,559963381,1959702842,1738120197,-1863271876,-480522831,-1363860813,428324805,-1925053821,48274377,-682458867,1117218077,1355647139,-384201594,1343478476,-1281623367,-1314061249,1335321259,-1426371136,417099182,1695428424,-553716059,208604445,2146256591,-791039293,-1467736575,1198532075,1403263295,-1219126321,-2031675875,1296999840,-1649193400,-552887066,-1663998430,1395066634,-954836374,2130419554,1925868593,-1915811470,-228347979,-1868076733,634063323,1184257534,379257178,789338927,-604298281,-1566468265,-1151619969,392989369,1989863662,-101914742
-149373723,-1849355207,1684846643,-1650839709,-192871189,601267855,-242050856,779557931,1508510523,-98856136,854425490,-1488706834,1098989761,1579678693,-1544325135,-1945786679,-311786902,171907044,1904008225,-1276307451,654700773,1520063119,22510664,1083478445,-1353383762
-807774158,165559392,-749599161,173444892,482922288,904301160,2055062216,1672033173,-329356740,-740974326,672838810,-220716143,-213212063,5079839,281423999,-279284412,-1628023463,1341640931,-2103736620,1323614696,-186473865,26161420,-569525990,551552755,109812167,703444766
-1613699445,557243251,-1687495939,280084455,-1441924295,1152972136,2070468035,128999986,2111517405,1069700408,647657427,-462513992,1810588897,-1376848831,1535626286,299945495,-978806863,-102620657,1684610309,78877793,1572252010,376049918,-1160434290,-1679901592,942362577,1664944420,171490586,-1145299653,1882301318,-828611219,-2032490649,-1253781519,1098820216,-884490490,-678349262,1006625700,-1604348517,-739448066,-1249740783,475647424,-494819880,-1998082517,1620226174,-1312023939,-400626619
-440322762,749805993,-1472570986,-814330007,1474645188,-216546390,1581830354,-1435549559,-1203641768,-89689405,860631369,-2102979970,-1400888612,-1813705578,-1556051004,1896252954,-535931064,892159977,285931262,1829885578,1088524341,-574506324,-1440958637,-2130945793,812512944,1670495290,-1896567369,862188176,1519572561,-1455904801,164905449,1555269726,-1703627637,1497318298,-1063502873,-595997191,705759556,1615220515,1159282852,-806087167,570191015
659482104,-857536240,-193638855,-2128451343,-489975337,616130263,1325566250,-1702682140,1241422021,-1567410810,2037803501,-789538873,-1003663479,-2073689231,-2052851446,536798441,322634784,1942036208,698195762,237642918,-515698188,-159455098,-63867245,-263812047,-96238259,-1841913020,-1580671634,1523764115,1997144583,-1336907921,-1139401243,-1021248782,-746856059,445848416,-1437319399,-959801322,-1100104731,-1289840981,931812212
-1546792844,1161974659,-1450911678,1523503549,1982333284,147018332,-2092107130,1805468435,-104769860,-1523969070,302961931,-990119782,-453755761,1222364361,819788729,-709093451,508948592,1045444820,-674174935,1340264897,2093011493,1927786202,451746682,-523877546,-421098599,-1527030793,1579092325,495092684,-221756393,-1812215649,856432782,-1372477184,279073461,605031433,-1539931107,-1212562601,1941709837,552227274,-2068100467,2142246402,-714848461,1068275135,-1380624957,-402583677,-1771317790,1745009200,795678818,218154608,-655119368,-951755727,1177476189,1887436407,-762240476,-3470773,237395661,1539176865,-1527300131,281264476,1211618563,-1328571942,-1934845803,-1571499077,549170913,915969712,-1457174482,-462840161,-2122077595,2029767515
1997517248,-1880814458,-575414019,477784876,393956670,653071171,1301666090,-1009572331,1731942850,1386345720,1309883561,729897612,-772653342,-1937506062,669643388,-177858771,-1151648822,279426374,-1974729955,-1762308617,28976663,2130370014,1302973450,-381265017,-364006650,-623636268,-1561499773,1162431880,-1942311219,755833858,866012306,811965545,887670344,-1210173479,-649041077,1356745809,1697629912,146346865,2134002005,-425547441,1665038472,-792719902,465691304,-873327914,-804096400,1768370385,585650839,749505127,-1159026338,1032962125,1178110225,-896468592,-1215018830,22574043,1108185123,323314452,269256073,282176719,118040000,1108636523,888095772,1777745373,3911108,-1240521620,-1530034326,1146263535
-185046968,386691861,601714744,-1585719347,525078458,1704462217,-1739967608,-623057739,-250519684,2009267299,1757338337,1746716562,-1858270980,-228631281,1245312331,-129894203,493713999,867290035,376371940,1838014445,-49825435,-811889077,-961790662,-1396727888,-194363778,1735772692,-876672803,1272011194,-1035042339,198873390,503303214,-176738555,-842452806,-348215684,150558589,-849903525,1306803580,-1593238578,297503315
198000423,604253762,-954531317,22347316,-783952877,-623573786,86285735,1150223233,363527134,1742615970,-2111509792,48642352,398695587,365638741,-116338562,479291289,1221961579,-1589571523,605948394,2039594810
1024664475,3098625,-5551360,-235730097,-752838250,-1751053526,1509671621,-942847298,-2031489441,1178700458,-1127382502,-310369153,-1640247915,168770870,-1243830459,825549011,306115307,-637610295,-668950899,-948920861,-300748536,247648183,2056035764,-944668940,840172206,-425998078,1734202308,273881816,-2109060579,-438672916,-709471986,363257255,1703092921,-282045747,900721519,633622959,528181482,578281766,-1744657707,710968232,898358339,-344588043,-233944575,-616892885,-793313306,-846416054,1439659917,1235343461,1946819877,-627535334,-683408591,1198945287,-918991764,-343062190,910398273,892733056,-1585928097
823459449,2048555374,605228863,-56244788,1498514941,1118416465,-1855908207,1943144444,1580411802,71389569,-171371263,-1471528103,2105256017,-895981470,-1080334717,-736555620,1928709910,235867861,-500412742,1178349359,376121300,37230577,717168029
1829023413,714049010,-1360233896,1616841624,1437344671,-83096207,-228067217,1906251627,-60176895,979965909,430398249,-1711899023,-1088366386,1474951433,1781541675,467490549,1119513289,1965968494,-1904835998,-1574457428,-1023549693,1102753043,-863882714,1170941192,-1924466271,542653731,977119131,-120064050,2137093347,1235267742,983839323,-1110148890,-73506207,-1842098356,1513853265,1447222897,1004002454,829333997,1100933607,1862719008,931384482,-565461323,-1734374045,1994483907,1767819339,110586102,-1377685362,-1081146592,-527152060,-266766305,-1138394730,-428034042,-239479118,-1761461788,298387509,-1278799967,285386219,-402209858,-285582319,646313998
174876566,90127718,-1718703311,1844388733,1175076796,1735101409,890084806,1171967983,1447233053,-804612145,-51917898,-1984857947,-865555787,1260546422,183760299,-1735076037,1428053314,-554067261,202482662,-87378092,207945273,1005496101,556597839,-494165210,-2042025219,628741559,1587276237,1852920890,1038702926,459350436,1848748760,-1940591500,-587352577,1184351430,1210871115,703150929,1517468395,951666832,-1778894466,844993392,-1841123287,833241390,2096168596,-501615533,1925811326,1256658666,940452368,1936559206,-1617827565,-1381269039,-755522386,-1928014017,-565117849,1319345046,1621969008,772594726,1672663174,696363957,1491543030,-713207592,838281339,-1629351461,585506578,568042632,-160249598,161018500,-808332133,604321574
1679526374,1262073217,-1171308318,-618313159,-1787737843,-753088222,-949015053,564496568,-986242746,-348348709,1602646675,353751954,-1711169087,-1632287520,-1614210226,-1593473968,454085489,941447248,229023100,475377319,-804077769,1896776323,-707744756,748277740,-975132098,-685246554,343151746,-728792633,401839272,-73282934,-1816926142,944907303,704968297,1017194936,-640190962,1925886581,-1507248525,837474760,1755305932,321599499,-940541933,848462066,725751948,843618279,1325161114,203069413,-53528886,765238171,1497337663,-161344553,765691631,-739934840,956721476,2147098077,735773,2096587339,1530252374,-1655739524,1122110764,648508790,1629494585,129502335,-925867026,989830530,1965430948,-1724923382,1277711546,1130691332,-2074889111
-292984792,541763359,-1215861031,1208193343,-2003169000,-1196595911,917811301,1758299428,1167204601,-1087620111,-961010808,1916760301,-264127417,-1621284528,675227364,-1664195990,133469013,-734239170,-1565409877,2095203706,1397318476,1938287926,-618618304,-769446942,-1575877773,952121405,-483434723,-575488417,-1244626256,-1734186481,1493996022,677587709,-1901455026,-1568713060,-301417186,289285289,1492185856,-1558831438,-948024534,381929477,-370010843,-2083499270,-473716525,-344819333,-1580931764,-592915928,353016096,-1247407980,-408022021,770037358,-1130485820,-1662131062,-1753223252,-60692943,1545788868,283020827,612262935,-827941890,1452481629,811430560,32319926,-1244169793,32227875
-556603002,43662121,52133485,-1803213799,1239701770,-1760732296,168392432,884797425,-2143907180,2058666590,2041455529,-2134160535,495463879,-1487942600,-1836874496,223100099,-2082153385,-1525997182,-230680534,-1553908845,-2107666670,1555304845,-316527154,214723731,-1277466844,1589273710,-1857583381,-1855764813,1872492438,-920070087,1441225720,-2107771532,-371614953,1955315055,1023619660,-494269322,1126097407,1396729524,-662363200,196894799,-33530736,522149829,1778941074,-1152968547,1678787966,-367091800,-1863068789,502681438,1359204529,-1230493148,1801060452,-916008578,773333576,1731515507,361337958,1638913201,1814114785,-1853742794,1485355343,1620162178,-796058089,-1145739352,-2093639044,-873916244,-2058701749,1613609494
-179900760,623521959,-1695989874,1455482273,-1048358777,1379629664,1618605270,1189773333,-1372969215,-1575133126,-1915680609,-130641462,1627260109,2036701521,1894205178,-861030917,616481074,1937870357,-1078179829,-1613383789,1126606813,468462998,1686984187,-1583697389,-1209380363,2023052033,1589657139,103734456,-1598784404,1746632553,-150109754,1719231452,64515992,1497426891,507025710,592376988,-804598783,-535742645,1734098746,875880122,739889276,683488708,1153169223,454684869,2073783672,75932287,258687661,1065251447,-1508329065,309181249,-1305593476,1463214429,-962356352,1609500554,1174305384,1200313277,456965363,1581240348,1977263617,-1188059725,-750970083,-2107897158,2000017702,-2102471524,-883439571,-1306477007
-1046074184,-1040338394,1524245147,-1483345767,-1848431350,-1858698506,-698547742,1937215430,-2084485757,1352592840,2134318211,-2070324251,1645400927,1282276758,1794807444,-966514192,1043529677,-1301792511,1600434439,-1122698717,-906730283,-54481052,-329231568,504241467,2105187446,441795366,367601796,-1694959392,504045070,1286915407,500979362,-1764024481,-1119613442,-1271744931,-2096099433,-1086804325,-285351027,-1573535656,1893434461,-1232524731,-1727592180,1999322660,-1530070107,1877165386,-1590240709,224093205,1206128854,-1860743539,-1102600981,1367268808,-1451073708,532100310,-1799516188,-1766853328,77929989,302405129,-48591864,-1436641553,270429968,-1246065254,570274744,2140129254,-1465030681,-1894042048,97434741,472277007,1145050503,-1566436632,-964927798
1889206526,-2062724372,-1663117206,-1771083020,-1990854611,17900932,2059267220,-226797570,970333903,1103794300,1351354046,-860570818,-1276539975,-721650137,1356751729,-1713344960,-1289161117,1262171795,96756594,-209449760,612907174,-38160387,698248482,2048115931,1355196615,-2068864377,70713383,1400179362,-1275293773,-1786402009,-2082021558,-1288222862,-1131200628,1885456866,-2085129054,643880096,-993423772,1217107770,688182258,-339748807,62830919,1840549093,525533007,-2003577142,2048521086,-1531503169,-1105178106,828247675,319104530,-2145724160,-54970949,83095394,680895375,-2099573583,296715733,-1915730667,723899401,-36660389,-388348647,1750394241
1895233794,1374194069,1165490425,-681342002,-2133884079,618447550,360001425,523959952,1957013782,930332124,-691243091,-1742742266,-1750493969,550309030,140315092,-1109157909,-1812050107,-1780436440,-620438071,-471631142,-13399174,-341296660,354016476,810193425,1383240798,-1314939559,-644651651,1499834487,-1591145498,-1297835179,-1290800111,-399859232,-1233948129,830563890,-112458488,-43731570,791979871,1138346950,-748911569,1040927994,2078727614
