-1886470884 -1366913094 1346283859 14224798 -794627982 1522246601 -2063636868 1110685371 2075508874 67787406 -835488573 116477831 1208890256 946342807 1947835602 2068303876 1055835434 179110547 -2145217904 1663341549 2038152396 1285994772 256484754 459781150 427824458 929917078 -211581744 -1909386702 2044774830 1324497087 -219608677 1065351789 -264791221 -783577624 -1800454706 806387676 1863034130 1184447451 777851203 -1519388998 -1464905693 -1817009954 -1534954871 -1846267627 -1825538649 1416424688 -1455702317 -472424015 121698780 -899147438 898088242 443861292 -1547006864 -1355459512 -651847418 834703714 -1220330989 210887968 1613991858 -254313710 336300871 2141047923 1008616846 -2027339327 -546706310 480617642
-561325602 1750301525 1821083331 -93457521 1034677542 1164170582 -1689061547 -2116671152 -2009253558 -1788167268 353378257 -1437231582 1053537486 -1928355839 733665290 518254912 573480499 460877677 1768571894 1864363732 1000659288 -1864225431 1602619829 -1048914007 -710918372 -638634766 -792304685 -1806079964 1610859336 710423183 1101829066 -2115032460 662934700 1189751717 1303476426 1429782536 1898224519 42805002 -1627369797 -607334847
-910931241 1601165698 -1216183703 1318941665 743539585 1003257987 795336930 -1291985399 1970538538 850009702 1081168802 1513422725 1515868212 -31684322 1190079454 -1913486760 1177898519 -803072473 -781382907 1638390665 2103706484 -1266966770 -9804049 -976270003 1338753642 1549912630 697998678 1134454628 2002956327 -1992320040 424561284 1052092867 55008448 664179531 1619973966 -1353372302 1511621701 1655756933 1066431040 230193079 -856339184 1091190241 766371865 213506932 1488164701 1755388450 -2023420039 -654308147 -769183201 2112634551 -150881320 -788608243 758647057 -1471967680 101739450 725468362 -2093309942
1905337888 1105664582 871591829 1465374580 -1653195967 1590764055 194705088 1340934772 344054906 -263367670 -399469004 -2013648424 -883900542 792755781 1723304070 -452804435 -1081130783 10922155 -1092973621 917141384 439990690 1910983299 103288945 -321422133 -1130365881 -1367034277 -1797127860 2086448422 -823186180 -251928534 -2105968401 -2046869408 -1283167984 1448599988 142604349 1453588055 -1887571552 -431038158 -983764417 699154501 1042795924 -1225507279 498057526 -397721020 222041807 493234362 2033408244 -434075373 -1967233375 177931954 2138720871 1290559514 767366528 1456819076 1328475254 -1023429717
227190268 -1997750769 442026890 -903228705 552970358 -628796032 91400623 -326047540 106385207 30699782 1927614794 -542739768 -60815078 1416363171 374307334 1838930502 1787700846 614080820 468284305 -156239280 1288294942 -1713852222 548879708 1084085763 -932906734 332825623 1678349983 -1701068227 1227342805 423665044 467405471 -927533420 880313976 1601840450 -988463821 -173885047 -667399499 869241382 -689898621 1741790204 -1730455466 -1700621096 362026259 153253859
-892233898 -905559809 248653366 -386454710 1282860565 -833711224 -2063720403 -1614939782 1330173529 -460109874 -317489235 1812129619 -1213891131 1617289695 -196537601 110037889 -1360408779 1261497584 -302352446 101656662 224211147 -657663511 -794463965 -1034676240 -419963064 -22691290 44690762 -1511303526 -1579437412 372511355 285240855
-625207361 -1356438919 757188877 -999993524 -1578413119 -1497695249 -208244082 2116633046 1217422368 -1800677709 -514668472 799382780 -1712713639 -84407134 375983855 -1154474354 1572405441 16910820 -1745807572 866795550 -667685228 -64357004 1821425108 -306281170 1988510030 -2071966241 1578089309 -1893595253 1443540281 1000609355 1108637325 37217779 226010951 -358748230 -1009856909 -1976928003 1532281377 -507016560 1261506459 -2039975366 -1184806785 131390546 -878278532 -223196778 -2100451143 991684016 -1355124427 751213828 1605928350 1317295300 1662589560 -1199413670 495026308 1113098140 444635078 2033462136 1839534240 1690678005 2094356700 1630506160 900594583
635594348 -777988767 -9616556 -2124071412 462698000 -1837731099 -1704813284 469213489 -839366277 1462793644 1531758047 712052466 2084244721 2143584425 1853507535 1097088977 1191225592 516344556 166233398 202376409 353155919 502208399 -1362617212 -1105732567 905456415 -1709520938 601553319 43174322 1324584048 -1638175855 76654751 -1138198465 981976798 1152611269 554876241 519104181 -1255279732 -652678261 45114522 -850713188 -1062033833 -227517641 -1812106585 1629743325 -689433010 -72336965 -1661697405 -479399475 1148049762 1870630989 -1078396176 538088809 1032595289 145273928 1117981819 97313507 -1936992248 2078489423 -440075062 -1694618019
1913032120 -2044112072 -878115853 -442116855 -1897350362 2096020131 -56375553 1088614030 1598256503 -1520456572 -170884713 283959383 959665633 1081162047 746825818 1912265021 -41693097 -1762295365 -1733503380 1846335897 1849456945 730052149 654362046 612859966 -1895137013 2061545041 680789906 -494194007 2020313836 47214194 961167678 765006967 -852672342 1827286602 1651896623 608928278 -584627827 42841268 1782644784 588186303 -1773435085 -1045291840 2067178220 1478747555 8567986 -1523361777 -1916055631 1644166756
-1480261023 944229494 1756050630 -362302051 1007049324 -62351073 -2060919898 -665541024 -6523921 -1806484994 346751786 694214580 1073018629 -1407768931 -1754514887 -337037838 -22740802 1527275706 2011132717 1902469378 -696452885 2002646930 95223751 1399618372 -626822856 -1218512030 -1141974941 1061685939 60187008 -1400068822 -1299340692 1498150984 1276335452 132167347 -1295832559 2074876316 1725718269 -1539090733 -1780595912 -2064764720 794354491 1825304048 1454327219 -761166160 795775725 -74135870 12818609 -1007451370 -304077445 1814132572 -1878392458 927655820 658811056
-153048754 -863399883 -1585219116 -1209040703 724111038 -718348564 1408121849 1029845773 202200573 848508077 366174101 -1687454740 -1662669662 -2095637197 -1342632111 388467236 -580668258 1604784355 -468085217 -743630034 253045355 -1516310296 -310930798 -525021707 -1951516027 -601448034 -399406231 -1591976484 832518681 1372809011 123844972 1295256070 -1803503876 502261899 898636411 -1360745264 2015105758 1787231332 -1530256925 698435490 109452734 1600890043 -2062247437 100599527 -1088134240 1698356333 -165573937 1828389465 1422729598 -671474912 -847431037 -1583006335 -809691781 1572844387 -1040016806 -1118000002 -65167778 218132243 1503180144 1665155332 -628564419 569380352 -868223866 -1221246041 -996092808 -652703023
337870169 -810966295 -383366620 -1624333915 -133434063 -1452903847 891656185 1440551262 -609794450 1803266613 2102400848 73843935 -360394054 1452306304 -984676337 -539520434 276059314 -342581493 -1245608151 661955247 -1785227611 -1104169244 -1440469763 -455558535 -1810738789 -1565498613 1177136635 1916008294 1026193561 2065408363 476733837 946411402 -133467101 225816840 239784755 -1345348185 1988301314 -1739702156 -396901904 -1023187265 -2076758713 -1656975481 1230516708 -392198935 1866420879 -628131762 -214141894 1481339752 -704781177 692097859 907757891 -1235290119 -1983347534 -646387010 -1797488413 282215787 950518890 -639045204 323140907 -2055916683 510812707 203207037
-306077757 118003447 1829790562 -1786984806 1430932561 616052830 1826154680 1138833959 1040764668 1595585084 -445196609 1329542194 249718358 -1001775840 2132937103 -154542042 -706426951 811267274 315028043 -597755207 1983462046 1373385454 1364071574 -1214417842 -1428318929 905433655 -489068731 98129305 270003738 132775310 -1951757226 -1017722232 -812443737 -1104842853 404755489 2087745377 325007372 -538982773 -1117306931 149650471 468914943 942198803 -731711740 989710914 -1577068403 1281102261 -551557910 -860770210 129142058 1659638082 1647898698 463192210 320560904 964370847 1913553682 1787196613 1579449515 -1641170997 -890874623 -1391905459 218579133 -1537307616 -1171214946 2016847320 2076690206 1352469464 294343019 -538420081 -1960034497 1331879634 1357483611 2011981688 -1222209616 -1921677930 1607211904
-1325654282 -1800055914 -1259683832 -1063047832 1877005730 611010998 190641514 -1245715497 2021109150 490444046 -1955727141 1088705489 -236854 251311598 521928711 -1911701938 -536930106 1308594978 -32930563 1179535294 1960053265 -1100153482 -39658134 -241757908 946246738 -1835964548 -5664503 -2102902879 -2042612234 639882636 -965074087 1978635718 -1719054086 1192315403 1249395857 495223756 -1143814391 2113810928 1649974737 -302329456 1356120777
-1749111655 -1078769927 289423985 -1595403928 2115527038 -2132543836 1384527774 1624300508 -368544230 738725571 -1269804953 -1679336898 1196142148 -2029956030 1402256814 -1353446705 -1055623040 657697834 -1477473607 2050475709 1889247673 142956362
-57106339 -1235480531 649380883 826055496 -1689787977 -547702360 -1809900860 -360214800 374009671 1346062580 2099308486 -190141814 -408349950 1727342223 99387480 -1779944788 -1373867114 -788277090 -2142749330 -1835852280 172276726 573107745 -1050670890 1497929146 1105082133 1719986536 1945483421 1674618593 1802003441 1294982598 -755252048 1499462000 1909671378 1708242051 -632429883 -1338138554 192607443 -12235498 1761899643 23942779 -1372769631 777055379 688796607 1513078268 -2090006654 -986599326 344834418 -902859943 -1864062055 -429983695 -919668152 -2092234019
-372901077 1317156339 -1235662114 -312467819 -2096300951 -1263938433 541472599 -823018512 745591464 -829899265 -105069901 -1684378188 1942402877 -60376983 -897959957 -211055860 -1051226043 1542043582 -307908142 1220260825 -639030752 -24015762 1599550383 -1020182606 -1180888033 -489319431 -1977665780 592845099 1804866683 467292121 655934157 158828890 1572890504 -1028716898 421355395 230209430 4210219 1214370651 1297317122 1214701954 -1757597815 2084226880 -1111155408 487231305 1290048001 -346750584 1865799711 -1331607510 1104670555 550953365 -1219719842
-2068576191 511227736 -459909492 -669839272 541072109 639342070 -64123091 356095382 1790861603 -2060964696 841549248 140557461 988936546 -1954035230 -408638960 707247202 -537022634 -1601704777 -998880054 -175903889 -1551738992 -1843722117 951469135 -1636473381 547009144 -1125163351 -1402139957 1835619317 -239203711 -1610673401 -1892406906 -1013213950 -1301151329 1389026823 -1750465159 430035518 1397178869 1285751152 -394436316
2116290003 -75996355 -1479628898 -1132952606 -1315263777 -68554043 1525830893 -1459639488 -1422277487 -387924965 494997399 1795159167 1168531940 -514896457 1951876985 -2058096464 -1624737206 617567317 82800086 635984437 -346245665 -1105030883 748624562 -1145147004 -297925407 -1152741885 854635361 -617553365 -1427326368 809284720 1406690906 808678419 616570417 1500424738 -350449584 1258687752 948611624 -254732209 -1086923133 1146603128 231237253 -661831408 2020917842 -2107696262 -1628300882 -180615427 1047726613 -1925680366 -2069414114 -1550628076 -612781271 -1641248077 -468977251 -34552610 -1879422645 -275479292 -321424207 -487081772 1908696873 1378459878 979528020 -1041682178 531180598 -51716938 600619494 -508257316 612350909 1050872271 1028413796 -1892092534 1493834041 -1078061998
739041054 1012594147 2026144552 -923075050 -341424044 -1152236661 -1044351928 1897155230 2132840301 1926209707 -918578891 986911203 2053782355 -1432948296 -86378550 -1679022155 -1097747456 970243003 224228153 1237051385 779787553 787813408 -2076548784 1967971482 -876890378 2086222286 -691163138 827215549 -1694537349
1592352534 -666486984 1212112332 1260375856 -557559214 -1643298237 97896901 -1120567485 1502003097 -1923425680 65360360 47583300 557366660 -1542295848 -1170037373 1801757794 623687198 -1637717866 337197330 2038489086 2102903275 215516025 -63520031 -1873390719 -173658325 1133936116 1501519349 -1432867222 -2005223073 1947030617 -423200980 -65237083 -1653918452 911506246 -2040076125 711722787 -650792002 -23736993 1924589399 1624186022 -233479089 2103320637 -1894078706 1655500764 1884205929 -231885659 -599598985 -1330952785 1782476872 -1247611396 -883792496
229636548 390937850 -1585901497 754316224 1375385486 1910278558 -163129500 1532219769 799499193 -1707186079 1557546405 2107249708 -1486755716 -1970833746 -1456861398 -1585517917 855954998 327957136 -771972845 1857900315 -1395149391 520307117 -502888601 -943111844 -1964393814 2067118962 -1666527945 -1631252983 -2096719216 -1746730353 -1488536830 1840461625 1331399564
341088091 2089144901 -1463898175 834199358 -563655223 -396005661 1911255252 -1845969667 553590766 1922489203 321556398 1994806806 -90848022 1275615897 -1073419136 232577279 -264070399 33824267 -1391703289 -1774495641 1044238202 437197483 2058721041 -1684893849 -1282170678 -606565929 1878289727 -1284623113 -389603598 -510678016 -1275073525 295408291 -751432156 -1103454087 -156954356 632705661 -804925524 -402495855 -771021192
1266382093 -149595165 1544750315 403946023 -1826659990 -1576875029 -1866322586 -489509932 1009720616 -209230627 1991704473 638415381 -890880048 1558947249 -1699508124 -710053716 206672953 814913922 69264539 1592829915 1508760293 -77040616 1514443785 1885713690 -427438421 918938563 620697783 -1864717565 1155092374 274082922 -192328082 1363997840 -1127098355 131817442 -1643387271 -602425463 1235656755 -192067708 2001982382 -2055116233 1955926928 -1971006727 -1366101329 1453363293 -1023902480 -1385226153 608989805 245027688 1440091275 232812913 -243220243 -155129371 1117822054 -1689214358 1797587022 121438770 1531565816 -212863605
321954936 -1259559921 -266581930 -1791412612 259669976 -1967718412 -357825061 307926689 -2044078364 -864575283 -540710327 1563303458 489652048 261492290 -233968697 -1157331055 -398087960 -327020701 1432804484 -1386050317 1740922820 1813091017 2007603724 -703166850 1730805179 -971868934 -1188635171 -2008895069 -369557739 -1228420846 -1854799046 1259758670 1934749315 1650493342 -63285698 -1378832277 -542401453 -2047883317 998359091 -850707540 -545581857 1665984191 -1314822876 -369864823 -1195374010 -624672442 -209582416 -972331640 327263582
1937195040 392410046 898822633 441832442 -729157700 -903578220 -1548396026 692443692 904880473 -885576498 -995957527 -483988735 -1943007690 2106554057 -185520946 774740172 1918502409 1299845635 -1000783830 1496526489 516445524 1021493216 -1795169757 -632202862 1170865404 -78991701 -14885310 1413776547 1980256027 -1607174182 -1776852121 1847970401 -1204435692 1868250773 -1827104260 -1229479641
-279006599 -1955272339 -2104580734 1647180743 -706348392 2053087447 353511118 -1913459734 -338178876 -1134299393 -169453024 -1870455905 -1587137267 324638085 -1056155802 412540837 -393162361 -1036377256 371344589 -697005383 1839760976 1554023020 1022383202 1124713584 76279248 219264170 957708283 -1203570361 1057229122 314219560 376500056 283195384 -2128808589 -1169356134 1377047684 -1186983922 1942923210 -2124819449 710544001 1199719867 -1727662200 -1087579969 -92720605 -1581945111 -1369540785 -1525990773 1555859772 149540238 -236854552 -1459408602 -791586823 1111292740 -1238751936 763376108 -478687093 -1884603880
466443985 145458441 1399094945 -824544372 198930580 1531107220 2124384084 -443753780 -952201165 -2091726661 1370920215 1281279274 2074858401 26658849 1274976531 645581915 -1048227402 -806196387 1602415565 995539603 -528547482 -1742917855 -857939592 -701420982 374724661 -1661283 1191169924 -849158589 1698028522 -1467761371 -884516998 723457481 -536667262 1379659280 -1331754229 -651271877 92586855 433559267 -562578075 1071889099 1873854689 1470023599 -2102389304 641984386 -1924552500 1254766007 1910191961 -1168939898 -521677429
682201654 1828676767 614592572 780261405 82129353 -245718537 -199730899 1667409986 833887329 -349239263 854205325 1003979320 854104062 -1452180900 852596838 -558132325 1330669676 775240215 -1106152246 1495567951 -9348462 59814328 800806732 -1180337433 1043509515 1002284952 -286584654 1359072586 953697781 115023186 731499496 988454803 -1934789111 -1839767747 241647926 -962971847 -2146752276 1097664566 -2014943051 -1111476113 -2092594492 -1819935326
309537741 -1446819059 1493411762 919041829 1090665008 -1387694932 -920917527 1339529445 -355712291 -1163644093 141467611 -948927972 2045751276 -1601824313 535798326 1039498361 1022930147 -1258504624 -218261498 -986345357 -2081840223 -1401766096 -1572988876 468869756 659825533 -870021818 -346300593 -556060810 888575662 175003539 1951145358 1020697702 -1783272980 1454347277 -947117803 -1293071002 -1794340265 31990195 -703012745 -221087776 -1669309032 99774433 -1611257476 757523448 -194799547 881694437 -1254918109 157684042 1354339977 2123394513 1673050601 406090453 -1554834684 -271079022 -368737973 750843446 -2051172368 1796102465 11627914 -430224872 1551591044 -225356871 -1809528147 -1618765846 -1954705252 -2036110743 -101929524 -1160796973 138285209 -1909361302 696127882 -615739934 -1033655418 -339571501 728741603
-1631139461 1830945612 -1268068825 465283149 -1673465786 655750625 -1500599227 -1804028234 -1809398713 -1873902312 1828982860 1591005835 1810281370 753339204 104906031 -1310799549 1749331835 1200874523 1380215752 418170293 927832038 1412209030 1461999903 596179730 -1432142466 32213432 -1479871253 -1249277163 -1704190545
-1289391016 -201057416 4209942 -747909660 1162956042 31510185 -1424047073 -1287336986 -50865055 2060948413 -2146549265 2021111208 1965473534 -924974683 -1195132539 793269688 -1143497594 1840984478 147512603 1857552803 -1220383835 1004162286 -1267983407 -1813331762 -197037483 1170981324 154363277 1974963334 515802720 1047548831 147114268 678690132 -23768541 -876053909 -1847963491 1782380949 667853204 1326826888 -1424441314 -1711064758 -925566075 899888532 1847532167 -121916627 -729609431 -1855667798 957288630 25249540 -1527734825 2129492947 1879752427 343292216 -1762969330
151411814 -2046209112 -1051489096 -1930666327 286441806 2049687482 258557362 2033516457 758114005 910290355 -1381825396 1046291211 134530456 -966058680 -297239411 500859408 -1949551029 -933209227 -639566087 -1103840287 2057091221 -790296180 1474885269 -487357245 1496007736 1842364816 -765126806 1340347528 -7894924 257403843 51529417 -1935505336 1917992365 -860251779
1391143761 -1143706293 -1142064834 -381733206 33741659 1365824481 2128541702 -758512677 1791294463 -2062106224 1546216420 -923495747 1306045802 -1756357459 713958349 1545805829 -1888077235 398092961 247093423 -361429238 1027666199 1879376657 1738341316 1830757256 1246288998 525127998 -1211101653 -1889268832 1317736122 1773160365 665628083 658990626 -1988201109 79456778 -1127537926 908714255 -39426339 -1333391032 1177369782 -1907389352 1157849073 886099469 -2124247982 1646959852 -20077378 64425293 970676156 -413082639 -1519601536 -681745612 1100502141 -366852528 -1554390832 586489929 -1632468983
2110466069 -1108306736 890743128 -432536999 2011665210 -489838993 1955430324 -909074503 -1340309856 -1493066733 567687892 932860072 641160790 -1755626476 2079273002 712285772 -2090459769 -790701930 -1525487239 1270241250 -931890893 -28228046 263033001 797963269 163721762 1038006486 -2096380706 761020976 650863124 1654821609 930688198 -1920192384 1944698941 -107662670 1057315378 778217918 -881213201 1120283130 1954206440 813813661 -1761248103 621792239 377311926 1956320575 1958908399 1574647114 -159278390 950533629 -120621206 -1906691404 1000497729 2099872871 795865075 -1374770843 2105228285
1833932506 500000270 -731150917 965807216 1338816268 -2132511239 674280547 1269381612 -1329798779 1911254637 -722955870 -1039694698 -1841301757 -1874442666 -696172875 -140583660 1867356411 -1731615195 1151733896 -1193131365 -403425840 -1183198731 -1835689729 800601013 -603970494 -196374033 -532778606 1663952708 -684424668 -1319060242 -1446667489 -583626298 1319553618 -55555739 1366460155 717437657 -496413216 -542898048 -1154867895 1145300737 1623211158 -1019973751 1768117391 -1234495063 467617948 1554846605 118828677 421065575 -1478037135 -859129026 -507040208 82014340 -406744543 -393336037 -1209361616 184912826 2078363319 455937997 724837973 -2668225 -252551953 -1824740652 -1307393161 965537282 765240368 13116770 -1210463098 -870586572
-1195463289 -1241398817 -1677187575 -1281559016 -1438400115 54803425 -1262160961 -1139966749 -433173083 1150083520 1082163679 397121442 514424770 1359116696 -287196478 -971822326 917796292 -1022859835 1790187094 -523332240 -714331687 -1119214735 -1678411999 1736401276 -1176682208 -773349779 141972358 1272115229 -405692274 -1007522236 1635561287 -1446818372
-1512484723 -1528911541 1676912307 1367430146 -748653439 -1542348384 -990179584 -218868570 2023386060 -574526 -194539211 -1439085512 -633416537 -184434403 -596723533 1513097977 -738651866 -1260542000 -622851305 1089192345 1744846 -1989787213 1212228851 1315238361 -1899894422 -460859493 2051173824 -2033760911 -499148770 -1575897892 -1774807277 1468755763 -795751492 -1348540658
1189837423 -1083326634 -1545292268 -21156326 -448648039 1455797267 1713510489 383965139 1036803369 -163433146 1079748445 -962517181 709715906 -2113730116 -1211901841 -46909870 1099308182 460154453 1986493883 -384372613 -1652567288 1762801109 -600648825 1942278339 1386447506 -1240430084 1675861433 1896155879 766445032 1258654163 -1631512164 -400387116 -1692865443 1641836872 -667236381 465026395 -2003468922 1072068093 1964724973 199973156 -1753885924 -1345608356 1494029642 979932899 784608550 -194834450 1291977853 104468938 1687086167 -1617832467 -773258237 1262731582 1896193716 -1841960681 -1992891244 1151254732 1914874489 -182806588 2020185000 1842684766 -573267139 -1270729414 -1173340356 606815657 -1455766188 -21925056 -2041876011
399020916 1788756208 -94082363 1918826192 1800123034 -1716698415 1263220396 -65119301 -2011619282 -536463324 2109688897 888867878 -1386928539 1689837950 -1059147438 995641442 -493112602 661732502 -921441272 1057610117 -662375504 403908960 974865519 1008570016 -86221254 365087834 1130109494 -660416201 136217819 -312458715 39539378 32193773 -63676821 -791513002 1205347112 641042047 -1297554389 -639221874 -1116423349 1885404659 -1325389343 -364647737 -1478454269 191170576 -895134649 525275121 613574256 -1373836528 660017573 1911111100 -1770254547 -54613356 -380602180 1615444663 1258480088 1464807127
1755947418 1277898962 -1831523546 607129210 -140185889 -292680381 -1322289265 -976063883 1646678934 1302102880 -1198861864 -999345066 -910368391 1998837488 1253980594 -1732356280 -258481090 607814667 -40608722 894124934 693533740 838207524 -629423504 -732012294 -1415721487 -2084194486 -310462559 622016552 -1304306766 72294826 -1275127254 590691657 1073372002 1282198872 1254198302 41658811 761142870 1253591118 -476662025 -597751913 -76227047 -1793796428 -1264019836 -1236708445 -1428651396 -650100383 -648216798
-1252248334 -305952607 -1910648022 -1215025751 12637466 435519288 -1872061527 478931693 -916217189 1448972711 -224495530 1596265593 -984797129 384122285 1242602176 772752237 399766554 -97845744 635748550 -1397751261 -1385756301 -718164324 1212441164 1769667036 -1555368122 -1663849364 839943723 -2031298917 -245657473 -955173273 1839690345 -1242167983 1904427337 -909782515 1465428906 -573525959 -87466592 1120450675 1289025509 -2029019771 -908180188
-2020648871 -60173254 673542192 -588057687 -69259582 1570843479 -911558101 -499346110 1728250312 -970971331 -479101667 1017573110 -198798152 -70399670 -1956556155 361551824 864437877 -1856227898 -1560441495 -2142276149 1643441072 -599698430 -883834451 1896961175 -2119657386 -808006466 -1404113752 -1840929635 -1970926518 -1626273077 158995188 1279649345 -144066732 -1156374031 -1702467707 -595557018 1516800088 1222623250 -1518186500 1106716982 183630794 -909800306 -1159734723 -1561609182 -1050665631 1663539689 1461090110 -2146996184 1394176266 -920072789 1260719906 -331922605 1010038559 1187734151 -1307000187 976078984 650624984 327411903
1228028030 -804077055 475097286 459685233 1054936846 527886573 -2090693594 1002960412 -83707732 -965309014 1734996132 -1339577354 -1579084748 -1839018123 1900153249 1184830906 -255013654 -1414365328 1168323522 652787930 -1408249668 992973713 1068818131 67223442 -711301431 1838437598 -496176664 -1628462022 -997414362 571522262 -1203843643 748314075 -275354402 -87837134 80580991 -1483814395 -750532805 1052456141 -1049918110 242749407 -504572093 1858689247 90886165 -2039801729 -1318882171 2024542577 -991831556 1577105532 2061622293 -1444417012 -305659171 -386900288 -1737910060 1821257652 1920306629 346447010 -1745736716 791738644 -69474516 -1167189197 616249786 -842490374 1803135319 -193343017 -770818426 1182743045 1197474557 -845770216
1384109723 -942316499 1358216374 339914483 -1421789151 -797207186 1700410370 -478401425 -678180250 1419615527 -1365975189 2002757738 -2076352417 -777251007 1851348057 868330424 -781927655 -499850486 -1541228487 -1116642661 -71693334 -921875620 1734750168 294943629 761849322 -164360962 700280820 -1877234116 -1833741663 1331879753 -1932442864 -62247211 2145189377 -1147313394 721819783 891982213 889761174 2105908151 -679874332 1282400828 -1206290693 438064812 -1023132816 -991300429 667707791 1393960183 -975341301 2124427440 -1655267479 1934871338 27113535 236347016 639560072 1268206463 -1298252142 -1837942811 82414415 -1552093631 2075915035 997769417 1681897775 290581611 -1321378217 -2135249710
-1999069042 813191996 -8432449 -1145147545 128213495 -2030004849 1081868338 -1874851879 -2085261808 2129269106 -2107275337 -151691066 949978118 1530820672 -1906666748 -91932084 386668204 24073885 -1883441278 221782550 202586270 663418824 -1369179380 1561000144 267691689 613132850
610261719 275551338 -981583532 -1401923760 1460166704 1618353972 951431357 1851937386 1470064572 134712119 -1257259926 864597147 1842864552 678604509 -1884407207 -137745346 -1765192406 1607872631 1539297632 -251297283 60415337 1035106841 -281370310 -147814063 1819376060 780109761 -1979097118 -1672014520 -190837481 -498142274 1146910755 -1894910583 479516865 -581442225 -1982464656 682246037 2112601674 1057015177 190875888 -1764923313 1487975612 -1495998850 -705801251 1507520957 1313398032 -1525528421 1381966606 1341436176 -1183585821 677300817 -543107119 -228134687 -1966092695 -1845981704 -1794655746 171832253 1232332962 1604440559 -182923448 -195912989 517479114 -321587449 -237906986 -1649134261 -1349548011 -1916759775 1881122833 -80626966 -425334629 -60727787 1642940351 -1306200012 -219567983 -1526053163 -767386032 -1983484446 593249977 571002578
-1552357131 1705354779 404133277 1486271229 1105729274 771639029 2100219601 -681716015 1925552782 -19948817 459854897 -560663965 1638163492 -1903630190 937899532 2136786993 -1674947835 1327133179 -1392710167 -1664546143 -1932762472 1936708299 1688246111 -1103336175 -641079325 1197328737 -10497213 1833710124 -564157615 84336459 42154249 1713228671 -730617163 989701369 943028835 -985244085 2038919054 933393587 -192504530 1717387676 -2100468340 -475664180 -867274866 2146421146 1444154707 -1904692969 1971296855 1972761630 -2146408578 -1358703718 632223150 -322123128 -793898011 -1198693247 -643234833 -1774940977 -206855901 1248252245 -1440106799 1344141785 -1691496366 271768429 1013506760 1513310476 -1151545064 863223204 -1418722134 700360996 97171943 -857114293 257179029 64575558 1771225215 273907297 1136240911 602646869
648553217 1572041069 -1030255995 1378520957 -1257791973 -1536801159 -2136186579 216723483 -1059620506 -32957873 1415335648 1339691451 114208405 -432387961 970470333 -790825171 1921639368 -648180840 1157169670 618216166 1640135493 -48667525 -856541457 -290391733 -390436249 -430909298 -562918216 1503435568 -1072034858 190884283 -648726019 -1242020710 -1365483272 1949658329 -1638444468
-1514572122 -213769647 1282022392 -1008116607 -549068510 -390777596 -1384878292 1998039925 -1107721399 -1362885780 -723357118 1123016234 591336708 549672705 1753499477 546097896 751901956 -1455067683 -1154384108 27555076 -1547677267 1004305058 -2119146279 533555557 -808807086 262848155 180189177 1075765059 1286144419 -1227382239 -1543461283 1521197362 242136675 -829198529 746789969 1054081631 226058077 1640600217 -888029797 -1435802600 1695524248 -1069840759 -1322935345 242356113 -925302839 -356725622 -1297285663 552364004 -2011326968 1575655641 228904188 -596854695 1232350407 1832916057 -618956143 -1418386713 -647017729 588404918 2066985906 -64261382 -499511381 -1257403699 -1605470817 540072055 -332895623 -1300318389 -1484895 957075196 1464183743 -1471392365
-1817004692 -14180437 -1204185883 -481957171 -1851139670 1274783934 -1674651716 -706240877 1812987043 -1457091205 1963196790 1992704013 1495306898 -1171853989 753891898 -732464184 123945855 1828032771 -628683499 671060366 -550211576 -451016264 -1871838106 -1796914437 -204816797 -1887611886 564013180 1191024463 748286882 -751078929 1089438845 351242372 -1489789639 1416638378 -832760439 -925045341 348802749 -1758295923 1271056414 -685820334 1568962542 -1177198973 666068925 -1814312014 -619178249 -1710524142 -2050267955 37562983 1140378355 -438829177 1120900288 -1889859081 -319419725 -1513102734 1714770036
1623163838 -1115428780 -459041573 -947291965 -1079908968 -1473097321 1305676253 31983822 -1238459065 -2040903747 -1506995332 1907590841 -1281014510 62557148 -1880600263 -1869650425 -115487605 132651081 -94163018 -2089732272 -52519728 -851400301 -1486655332 -386638763 -767935219 1573413555 -286536514 -601069228 -234603708 -2101280639 -1580788610 -47462498 174415184 -1917038488 -1023774097 -1246139034 -757899738 -1613570467 -280579013 1560919770 846248798 12783116 -1174749753 771484791 140334833 -213118124 1977059988 -1449237863 1321791812 828079605 -504864408 1087512145 522501989 -1059369848 -80208339 1426979706 -807296621 1012513454 -545868264 1992314894
-2002567540 -1204790771 -2132907851 -1468759071 -2063963786 879352641 -501826913 -1327736172 -970940438 764163616 907271826 -1562017466 1209916607 -557619343 -1047811770 387441315 384103325 563277752 -2085161744 794681568 -841677137 -1583044389 1149497372 1488084478 15737751 50123272 1235092927 -999259057 -475382878 -1022855723 2055451276 -457632967 -5051588
-1768694906 -1806093255 1833944230 -1950970536 1820424662 -556065750 -1778118171 -342284780 -1976193058 -920060729 614351357 1628604291 -1139434611 -89191826 -493718177 -1763090387 -1675462156 -1301177818 353164703 -492284391 -373297127 1196989411 -1684151191 2144982198
1329722632 -99791435 261641470 -1866606282 -243237076 1711327545 -1105689640 -1178171656 1736814368 1794483999 440724157 2083166323 231745585 852796408 1658388126 1101565604 -132530263 -1436418065 988002565 1986262452 -765217636 -1371843263 729292666 -488447346 220733408 37216748 -2083234521 418198961 1105453148 -787007322 1655591614 -1868777658 1184663429 -793408240 1960755354 -1337302923 792332838 1455165227 496135972 133588467 717502815 -835253750 -860161672 2089670623 -1391441937 786610633 -1477501369 38398670 459988917 -1634005827 -494617858 881999396 1888455539 57263084 564974887 -2037599323 973502677
-1560521200 -1222988725 1796069042 -1867727370 89283753 2125250137 -943434864 1734265307 666323378 1112750255 -492928915 -562272326 -1914836459 -1224538272 -1769399364 576363152 -1063099504 1600900481 -1648981843 1593944833 -1200044138 1463109700 -264898895 -1179020657 846688375 -314093756 1247214909 -1743428087 -322466626 -1256126943 -238768179 -869895360 -553091879 1517884239 628059691
752412415 464121899 -1207110416 -1929902018 -2038258354 738895439 191525451 -1131679347 200602163 -1064989146 -465263872 -108217898 1393194765 1673781954 -2028586060 991019848 -1848696556 -1386332436 -292740505 1184231309 -363601801 904877948 677067840 1986876477 -1646479932 -773355797 1965020048 -2055388521 1394061709 -1009451482 1752357392 1614845550 1423034951 -843207004 921406317 -1655865248
1030046138 -1517276154 288440142 -1601771259 1110094125 -1330307084 -171344633 673850873 -506571511 1278015050 1267352134 -792119991 -1523942736 1678574749 -1634028066 1219114503 -738862795 409747142 -777905357 -103341116 -1605863702 -1481902362
-895387598 -1659841481 1984270762 1439688934 -1014250742 -13602899 -2130134321 1538432619 -631612369 -2066483366 1802100200 -117876829 -92629997 319601502 1866000223 -1899582134 -1409153447 -1678363202 571773369 604199843 1518203580 957070199 1064223517 49195947 1038401582 1929358038 540720918 128957330 -1199960508 -475616506 -72994665 567171686 -1365772080 -56700694
900819729 -413765169 528727341 -1001215266 1789657733 20174213 134088598 -1729409992 -1795050187 1919950054 235768736 -299871736 350078918 -1946267080 349399625 -948622521 1790981894 -1912198155 957994282 219809709 1386138396 -1205210635 2422471 822754168 1344776705 1818431692 -197555160 -1362715797 -881451730 730464113 771425192 1535841561 -1251901801 2093243167 965489932 1695483747 -526810921 -279028353 1635452630
4343468 -146599674 -1859087141 1811922105 1895169444 -1449597028 1780788243 1559700542 1832448024 2134808446 -1683181648 -1531510761 499663449 -2009177500 707476337 -597494220 -1745170647 -1811141915 -924379337 -669886934 -2081499283 281345050 1059409880 -525655169 -122259169 -34805886 -1635022542 871170084 2036343177 -1617797851 -1014178429
-1311281489 1670144507 -1309352456 -1107195847 560870412 100354189 885622915 1588928996 -1046178175 -1165373476 586565361 130047522 -1782418550 1600572546 -2034283717 1237579154 172197810 1405992983 -165815013 -961707107 -180680632 -394853675 -753177374 -1629945160 -1444240301 -626105473 642416520 353847530 -451665726 1566138749 -539375612 -1644083060 -867433497 -1138465461 -1498480162 121117007 -200866778 648059668 -306421503 1051594115 1971531241 294802330 -677598507 -250259562 -632752938 1716129624 -592491379 -313195558 -972053436
565117629 833440394 1150542570 -925840470 -1185749458 977305102 -559530535 -101711970 -2077036043 -1740236418 -1281167700 -663741550 874927809 -914246812 -639414019 -677063551 -454873227 -2131765051 -53691622 1928833337 1477208822 540480610 1227337208 -250837699 -665583803 -1786010053 598052967 -321704467 321173967 2140712788 1093298567 1700781540 1806188803 -1192634950 -1747759494 1579659937 -902620379 -629365560 1242134362 65261672 829017698 30485926 1568485229 -1859624854 1007644195 373664786 1977816215 -286601949 1956587941 -738118814 1241602575 184869123 1876406217 879601609 2017591893 -1082610864 -25658328 360810457 1239041123 -1290580150
-1239528888 -672755678 88809871 1278076120 919622646 -1747065313 -1374177343 -2003878098 -2021012946 1001813630 -179777947 1810437813 1153549611 -381633746 499853581 130303633 83207902 1658683741 -1768369991 -120305833 -2094884370 -720988626 -1761323909 1581583586 933854464 -1888941399 -991629223 -676827802 527416888 684409587 1260633718 2120902085 1026812670 166216894 -326609293 1716834081 1664415748 1879898370 329613074 136337842 -407403128 -337947411 2074924572 -895885096 1843700694 -1369268713 -923102587 -1212126093 171039760 -1912914439 -1583823667 -323914894 -432373455 810014879 -1878279768 -226610262 -1880191665
464478944 1952330472 1132171040 1634267711 336063098 -1839186615 1922591678 -470865917 2112214039 -805538616 1193605294 -895972789 -195014499 -1728100841 -560287202 -1807998898 -1699829738 -428976461 -2354834 -1260840881 152296919 1569046578 1506035697 2135254290 1822290660 -1778570017 917594611 1914977930 -2119406957 531212680
-1728611882 709358958 -1953873771 2013840473 -136713106 1301243485 -1499811236 1630366417 379604633 -82029052 1319689908 28872891 1241600290 -1367074710 -1205947448 -1929416904 -700655030 440395994 -1736722900 -1070474822 835034624 1351708686 -1051298251 852667079 -1225816753 312936585 745506436 751024381 -589784809 -996842173 -1783836 1169004629 1894343679 636649099 1932336726
1319436201 -986191575 -680402072 2108246653 978338088 -573506622 157067725 1575288562 -8734546 1075537536 -993712598 836444190 -303335287 1038557425 1293177133 1969835140 -1591814320 -1217605073 -1930488092 756058332 2007081305 176166721 -1240717492 -1378613483 -1016500883 842353601 -599933913 -1618028132 34670783 512276670 1844537361 1574639326 -19190247 -1676718621 -2047524139 -1538707188 -1077085097 -644396840 796067580 -1186036195 1582620697 656502504 -83430233 1816030232 839509171 1157741795 -337539682 370228627 -61169560 -41897659 1530953384 116468342 2109878232 -1388014441 410798620 196923652 730657974 1365009429 -1179809865 -349445348 -1214379075 322716304 -842674768 1380080571 222408164
-903506166 -679278396 237498575 116597967 343522088 -1139118845 744921737 -89912919 859851430 1581727343 1628961904 872811831 -721558171 -388627281 -1911027344 1709891158 757718503 1960418271 599792499 635525649 -546783778 1428332435 -1399514088 2078185542 -351141889 -1433140709 1608713378 -1873240440 1802965786 1033065480 -58988238 -543236793 -1976632721 1068990447 1300235065 -1218782418 1091247929 1640037996 -277385433 1021686476 -426825841 823314025 995987816 1724204662 1930356332 361987488 -490121584 -345092502 -1020086004 1901243741 1935459028 1234609463 936633721 918945672 190416060 2100655708 673697380 -181483550 1558150934 1443181359 -213249992 -1929880178
-2093649408 -1230840980 -337377069 1590398010 1916345214 -123199464 -757102304 1470732571 -427849128 -129147189 2041542480 -369858238 1806532903 -497077605 661063726 1449000943 1305811594 1548019836 -1908739270 -1544161119 -646309998 -1603029035 -304774739 320963529 706883681 -1450938288 -47314502 -506856767 -2012787955 -2037010191 877025814 1967931132 779861193 733084777
-2136844163 -1695614650 -1265484116 -1878368281 652478348 713249878 -997550143 -15792022 -1294844505 -1475626542 754483160 -4093919 -1091784265 2018672574 1499895969 -956774979 -2049965181 -1392986454 -821313573 -885015864 730735209 1901042778 -913295574 905961705 -1113986230 -427551575 844952877 -1987137689 855257542 -1483846486 -1218022449 -1739133717 554150057 1070984207 329617373 1839126921 356277668 -207783730 -209302055 1626895617 2043853887 1162727681 -1682073587 -1166449343 -1268954098 -1058742515 1182026210 1403797805 1516215842 1163455494 1254562929 -939179101 730078658 1693725778 -1434433446 -1681872199 848410715 -1883069813 -1159139115 1370572616 1761579188 -1201285974 -992105466 -1947598674 1546924389 -1841180831 -1087193964 -527085362 845214345
-1842753413 536476763 -1899919694 -414938310 -1669048031 48008022 -183311587 -2135442048 -941961049 -43956780 -1718356186 1245480239 999456898 -1433749244 -384440579 -1116465585 1632673097 -1683158928 1523105178 -890377411 1013107663 2112786307 1456261614 -1548145711 746742644 1920112459 -1470096550 -2021465405 -992411208 475210878 1141035364 1402447178 -276675824 -2040847934 1214526120 -1419407099 -1120946947 1505913384 1737867020 -2054831074 -313436839 1933670393 606122295 1864545196 -294243597 1022016437 107848514 1426261081 633209694 496230232 -1716172112 1540802884 544064006 444168671 1202487195 -1293988568 -1454986109 -1989413110 780993328 585615805 -446681039 -2122533022 -1589659299 -637030050 -1086677760 -233919363 -326874680 -250777877 1003073927 -862063233 960322562 -604323856 1771263071 549863396 1657266940
-1896870226 340258941 2075601849 474375289 121641985 776493240 -1699306683 -541721813 -389995681 -301368284 -1343387675 1555126199 1927146906 1310337587 1347418511 -390100008 1486007528 -574132160 185343388 -839770100 18196913 -5986349 1694058939 1791071604 -1415747414 -1651530460 -1713739223 1930797566 790273569 82495965 -760998114 1649576645 -1790082406 1763639332 1577717130 133644471 -1492951909 -887889448 1553923840 -1293016201 1321358276 1248628761 655158514 -2056483195 2096554274 -2059665650 -627342561 -94661476 -2045284157 -53757471 27075912 1342606683 761792653 373056270 1102226473 -126723801 793839691 1551332573 -1805595225
-237414648 173934124 2121419845 -1568699792 1778749856 -2137483406 1666419164 2005157658 1994591891 1311255552 -901936757 -540161869 941542172 -1910951032 -1092621077 1469339803 -613051006 62719971 1703516295 1527886736 860620973 165085966 382905227 1415264596 647113979 -730435211 -2017345862 -893586804 -939535788 -251206540 -2070831451
