-2027474727|2135538029|-1515161007|-761236413|-730459630|-2088997507|-225986547|-453650763|299116930|-1168569477|-302724053|-1026254953|-978176911|-2022402387|2043260060|1974809436|-146469927|-810804148|-187394169|672657352|-398121417
-1526817992|-1348864294|1480843942|630860152|-508155560|679918565|-677252824|776039418|-359454370|1563954943|-1257018297|514186909|587546181|467239583|-95193124|304920178|1538536319|524945281|-1267566290|-86797860|-1606040280|102818509|-1220068290|-1051273906|-608487553|-1685495177|188521056|-1311076263|1909223825|-1292176408|-163940851|-1731318043|2144177974|805929182|-587063305|1082358462|-553181631|-790350192|792951134|1886761298|-1137149198|-1562961131|-550410334|465940920|-679542865|-24767227|313617688|1362921204|1817443315|-1143060128|1638628128|2088096377|-1241602426|1445262254|-4435594|568842990|-789152018|-1252451224|551419593|-23641291|-528100827|-1517301354|364861065|614509992|1489196683|-179780168|1857843205|-1616719963|-1024126178|724793578|-1460174156|1941420364|1692272103|-1866772414|-785206318|2136233351|-1248117321
1224780078|1213294154|1137466131|-1344280359|-1377110718|-422477541|-1676759956|698963779|1418375299|-1175728172|1267816851|137082549|-58665990|37460391|1811698283|963686105|1258367252|-772745117|1397421279|1209091058|1098638005|1761500661|1456905750|-652582405|-1440795758|1120292400|-874734875|2114745872|1168864703|158200016|76426117|1508948493|715765639|-837935172|1584434821|990189172|381534587|1283839370|683558657|-416694636|-1664489011|1778950216|1188696596|1850338022|-550745890|1322974329
95114681|2042766100|-2109023138|-1759354406|-1079615982|215456753|-602742922|1712359762|251851981|2113341025|1144716870|818577044|2052372487|250373714|1920052828|-1515409344|-462233409|1132918665|-1006321007|-2020882446|-238098758|-1393832525|-195982449|1683561070|288816808|-487988806|-352846701|815884058|-1480599932|-1712250790|-711665550|2012453548|-1788660672|341003763|-1937560864|-656111325|1620531872|1888408480|-2090495504|88068858|-1661118363|701548935|-1287906346|2068146587|-1031625298|-1260596622|2094251252|1456891666|2033496987|2136906911|866689555|-1737806590|281760307|-745399341|321184496|-287834405|1272516743|-1418932044|-692496133|-1081832627|333380375|1447276888|283549274|-636610313|-143434637|-812742887|-98010829|-275559837|1149330469
-1760151765|-1234981578|279041998|-431120529|1496235305|935102627|-555011442|131373832|1475301214|1910480673|-1080437079|-799232466|-868199031|-2073569443|-1730726554|-1807957566|-147611785|-2104819600|-1158606534|815874851|851701193|-1237899948|1405107750|-1823086913|-1073888519|988619668|-955218851|-607092756|1710604446|-148801213|1255246121|930152952|275846383|-368607698|1878188558|-1114112386|141081733|-1053131692|-364136913|678835451|-740778908|-1459922026|84972016|-1702033504|1104656443|837866666|-1268756260|134277481|604440811|331571029|966476233|56367469|-80169147
1439033658|-663666824|-1291206889|-1381312597|761988611|586333654|-79413655|2147278184|1384561715|-1840460687|-293538556|1567416330|222235181|-828526306|1474476083|405756246|-2117342184|-2071418573|-433135923|1076188056|-348925576|1683314780|221374834|-1600837998|-442021603|1435947182|-544216301|226332593|-359594181|-1867347972|789870008|822450562
-1672425879|680398717|1790903907|1548803952|189110846|377320413|1268265597|2096354251|286899453|731981106|-709517071|-201128140|-1253452362|535433852|-432363439|-570428463|1221694616|-1157792|1133245009|-823319221|1273963466|213601396|-603077954|2114037424|-999044741
722155950|-1584731495|213129015|-580801176|1251149048|4362639|-512017796|1001665777|1961440486|30388906|1066025613|109913664|368388137|-108950918|-530223227|-468748479|-1207057652|1858843691|-1749098834|936571302|787834348|-1796583197|-940627949|-1270725913|989484775|1754710382|-1042169517|-2038724470|1011323603|-568601059|1692678584|1274469540|1857894770|-1516070678|1109697415|-1284856161|-127465245|763303392|127712921|-476203972
886490553|-68372438|1867734747|-332504557|-630161720|-377383952|763248890|-19563389|639111193|1485869679|-190169093|767296209|-2063734058|1446127755|811003433|-633187196|622689772|142367838|185043196|1919775868|-12900371|-853173429|2019432348|-1249009882|1286923063|-952738477|-1947505245|301699050|477040726|1373710758|62264871|-144692760|1524171430|1610469501|-854168842|-1878951964|1922773821|169733670|530996259|197867390|1480277511|1845365600|-387470399|-528981082|1763708209|444067560|69968366|782660174|-1205676341
-1183613677|-487442080|-981479256|1803582494|1538335337|1741270769|-272384376|390318339|2135151294|2140993719|1166130808|-1571955059|218425208|-1966309704|-2039548039|1168979182|-1728783398|1750660420|-1137176992|551704080|-1915148667|-684355035|-1438743300|-567560215|1696573250|-1083449068|-1783994499|1409574931|-1134252802|-918295699|1730079763|-1985389413|1682233365|-862279898|-1691948843|-312312296|-1091281709|-960765699|-1202175004|294239999|-190223818|2025068016|1350287824|-367274954|-1333806855|-1771966478|-822553031|490955494|-1906866483|2127976923|1218140857|1862842261|-242056727|-66232673|298012673|-530752909|968190149|569984962|1584205121|-1789127437|-853712351|1719447307|-1920826931|-1559544675|392450379|-1131972745|-724800259|997742370|-1056986462
-958091180|1558277040|878283861|-1357894082|-17227805|-820931193|576462704|284985022|557872367|1314630604|-1855748839|173807952|955860689|-822668643|101372950|556245781|1474637341|-1557132955|965536401|-798042022|-1515162106|1948125808|1304041503|-1839112114|-640090111|-1398272063|2131747838|-817932293|1588411815|-1966616285|2056287134|-371552141|841376991|813322109|-87337630|-416220087|2146386491|98386282|1851896743|-1707343805|152784290|-1646381815|-1234422780|110598989|-1071127248|1071217424|-1798764845|1063229871|-1256467879|-1210831065|-37950736|1120946050|339180884|769519987|96086464|-904178080|-1008045386|1759257968|-1345532043|1052306010|854138716|46778883|324772751|-1098382802|1602741902|26492623|-1931369051|2106633913|-1406208416|-512849209|1564217956|-898773590
419035139|-362466088|1485519736|-1386140579|1178343639|-214661142|1153478805|102568893|-1572369886|1782639657|211860963|2051105458|-1040316701|1250555340|-1705599897|-1143109132|-1851285231|-816212233|-1117469636|415546019|2021929898|-937448899|1195474633|880991848|-1774624244|-853728922|1491986486|-1410961958|-1756317564|1791810673|-1082715109|1827064098|85901860|-1135317796|1591674|-2147158304|-1583011879|-1322825438|-1800369681|431942992|244264124|1940599940|-173221851|-645150296|8985512|777314060|984347020|-1839621691|-1154975220|513802702|506949448|753638405|-1096543231|1639349104|104432236|-1593697930|-50842210|-775016211|-912933017|-2061287889|-1190877813
1723772094|-798059522|1425487060|-943454889|-695662341|-2074410173|-684787713|-125845438|-451347484|-1747354085|720469344|-1512649143|1070900976|-1739277888|235705514|2144816198|638241014|-1717003730|-82543671|-458810559|-910989017|-1296944118|177702127|-1658351887|161201470|46368959|-375551507|2085027970|-710033675|324296938|1650114755|-1903015528|68625594|-84154121|576898426|1077177235|1511698851|2035610636|287436080|498263828|-124645218|19466533|-1490012557|-342259776|-1714049300|1566350975
456173635|807619023|-2545862|-718060111|-1165675880|2146640769|-1369974983|-290999203|79290502|-2076765336|-507887284|-152140961|-1861386131|1920853384|-406047855|-1664283371|-1283833278|1973992761|1864136214|-1385185923|495866071|109539097|1062227907|-745636012|-513918113|-1249114557|1211102583|-658348449|393605937|1058334912|350766960|417016583|196436428|-1747955907|-505380625|-321369301|-1202595045|-407698434|-934756837|1762845746|-1174016007|52927762|-2056225755|1298307678|-787651338
-1824360532|2010718568|2015580507|-1260688543|1966443875|1616198216|1771350635|-1164943098|265847025|99039827|-489046293|444157692|-2095526376|-2079428725|-1387436316|-999767787|-1631393768|242742834|-20911193|-1769904023|-1749251243|-77802592|51899410|1784374342
-2010748330|-1324891888|-1065310620|-479619503|786275154|-1815468443|-1311840675|-665431355|1448749220|-1706349653|339794011|-1272568603|1483550016|777433495|-1433953518|-1100425698|-778387946|-1010174080|-1896312591|915948049|-895219617|1829895458|300095635|-1522526206|-26967750|-2021147490|-324740997
-1952843145|1002930373|-586509824|-2144752362|593014961|-600777835|-1829326970|1719931097|-412506463|1653670147|-467271186|1192250977|-253566543|-1244558854|-1166122673|-1024928091|-198288433|-2052987997|1608131813|-2110881327|-710033788|2092035815|301901385|-1177607063|-1099547836|511218737|161170402|490590900|1820398855|-1276555400|-351168869|1575056983|-94195944|1328019580|1990119126|-1624991169|694367532|-914732209|-91657057|257659076|-1561251659|346748182|-1267349724|-1050388469|-1927831688|-1307956976|-633923739|859168939|-433692835|1232339415|1167718951|-926246254|794100613|1652896486|-989815507|858549289|437610145|497733211|1534593962|-282691658|-515076479|1916936956|2037468657|277041922|1006482667|650770047|-1832890258|-1543203525|56396206|813080581|-902969895|1839914779|-1476853259|-326187289|-2046265177|1756610888|-368555808|1074710965
-1792727810|1291035984|-445836933|1107823231|-1844176150|-678467326|1564071238|1411233734|-1370540967|-1645658913|687411686|100248722|1223871122|-1598136687|1212004852|-1716888156|49272959|-425745575|-1158061546|-1041547151|-1208726894|-1932372961|-245109375|-294135974|-223483675|2002400970|907214527|1946602783|1951350691|1636456657|-367972174|118936469|-204461658|1346334482|-918463528|-585221737|-723918495|-708845854|-816157745|-1152816070|-890717184|-1838496668|-276002532|67360580|422310605|-702510562|-626484441|-397813539|-179429675|31778249|95381129|-1501971322|-120108341|551767656|87935882|-784010933|478396203|1358708635|-442504987|96595764|1895361698|-1097671116|866985677|45252608|1257511084|-1028140534|-64262604|1947819797|1822732415|-951621363
-394959695|-2069993945|-279029862|-518446525|-1482182554|854424561|-1259754992|-968732323|-1712486716|1486479885|457948067|1451520801|514709079|1535904366|1012483695|-556837400|-630876205|-91187467|-1651580720|-1201564256|-805470834|1768310221|1217428464|1262123216|-276388307|1972617240|1225373601|1365121496|-100448606|276377291|1008672620|1297899645|-1162117291
-1475500823|-1097887835|569233569|-1696115322|244771664|1234135902|1974329985|700809774|531511376|-2019411164|1002148746|-684858876|885202463|-1127928733|-1924693220|-1965045430|-1119604015|1434048826|-2093380908|2009214125|-2084214547|-870385791|1507908420|362385905|-2049254083|-1116310515|-985878554|-761665843|1752313318|1432059442|-561525171|-402365933|-1669222729|1808746376|-1214233444|2103431956|-578416955|1068202994|1283988284|98304833|2042381111|-1816807972
1498877461|-2071016611|1824486083|-1012949172|1887818546|-1148542457|-265139206|-419652177|1076815562|648114196|304117674|-1433900947|-193354688|-893135799|1290655257|-368619896|-1454815474|-1422404509|1931874095|113416128
-1346581650|-2108128202|588549377|1295363106|1154443607|-333768223|1841828892|-148697778|-176842816|216080015|220844730|56799017|740513811|-10235696|-2062283636|-2096998986|1741090521|-349287897|1109242055|-733471317|-1004801972|-1648963055|-1985459505|1557377292|-834010582|999021894|-1576023502|-2138332650|1775068875|851131710|49960407|-1219817379|-2097896075|620643318|-1560961418|-1948124104|-2061507601|396222451|-1737333686|2067590236|-391920300|-189926265|-939121659|816761286|-1476730328|-311463342|-68804860|-1230891554|1393438128|-56822773|-1341246780|2141511385|-1425154947|157148032|-21417069|-317385122|-421945270|-1395103013|1089977994|1424567916|-1064284921|-1927629274|848148154|-915726214|1439447861|-1801959152|906879396|-1166392609|1720908660|-33526544|-374450450|1112182900
1962867466|-1110984876|-975288713|-71525499|768149265|110911196|-572457806|853526258|1399533037|-484178355|-44459045|2055977872|266833086|-848590879|1662703166|1254079504|-2054314977|903854905|-684718439|-2005400834|-1495880786|-724198256|-251750074|-1953636587|95754700|-2079247565|-206412897|-1752383282|-1930533983|1211099952|655199645|324144442|-100517534|2129811021|1226502594|1381419537|-1131232554|-424900548|-1010034888|685733641|1031118869|-740064756|-1770378694|-348149652|600683155|-1886297887|-523004237|-719046940
-1712241689|422979876|833624217|1067832224|-1236329085|-1106257462|1432696701|927727730|-211360821|-1361140225|-2137794330|1942252236|-861809608|-536208416|-643798436|757267158|1782038170|1129806895|-1290221644|322723175|-1943696565|526620283|1871662685|-826624309|-582389593|-1449409666|1304646137|394542534|201886651|702652869|-805059025|-977141031|-873934789|-1013221226|-214814273|1391814595|-1161460807|-542284531|26820310|1248791370|1811134484|737523080|220953762|-2073940677|-1492158162|-374794428|1760831017|1358679726|1048682977|1787918920|1271726678|294982286|-27685838|-537079935|-334909100|160211543|-971697977|458687790|1039792927|1456151329|1252297110|1513940349|1126822744|800245470|-1734358049|1418443638|-815790504|1769678303|-998486693|1288430104|1875264390|1526533276|1189341365|143827393
-453224012|21951801|693764050|-1775373304|2118682674|2046535115|353592466|-808256544|-673340911|1636295449|1386494802|616257624|130242306|923931924|801763538|191527623|822098795|-451375205|-1781206045|1210784711|-1613532237|1888917113|-411001779|-308452788|466046908|2019110033
706209784|1498651312|-344645033|2113330739|-1239142740|-1829854463|1584076674|-910886510|1540643682|1104690858|102589439|1974900631|1815693881|299519930|428284968|-1602259208|488460241|-1527870190|509781045|1293544435|1452882904|-1267625108|350324466|825426686|-480349979|25658016|712934322|100903331|-924179068|1171696418|1594754947|1898512804|-1551687023|-1526657073|-1732213342|-938720667|-1373334839|-1232224280|-150117583|-811807605|-443697251|461327710|-1330353625|556094431|-791177399|853861199|-1989216377|640631672|-1771112411|696762576|2143901908|653639705|1667382587|-1699800083|-30405437|-753144617|-505939943|-820989715|-758916302|24139263|-1283701785|1805943257|-482150311|1270982197|453000635|-394884545|-595286210|895945184|1168649771
-1830285458|-396303163|-526763997|1577669526|-236045847|1545387506|-832003847|587114650|-264083107|607225309|896533950|1998860933|838025623|-753427765|-1605168682|-975384140|-1210944970|254947190|1013091019|-771686430|135780513|1437988841|794412381|-826498646|-1396683462|961757359|-1547380771|-1246106551|921669587|1615320108|988224954|-2064751703|1595934560|-253799863|-1857167268|-265603942|2137147630|-1297162665|161757488|-589140126|-493250092
219840771|900130423|146923815|1187450258|-486219628|-821774966|-1877033870|-107483934|2138691171|78427335|1694149542|-1793472021|-1678588465|-1261609893|-661092273|-393270249|-763501729|1679285302|1802025992|278766800|-1657662881|-1214747631|1102506545|-1247360737|764053422|1853167538|740032734|1485087126|1129924054|2098629486|-515119854|-1883065232|240961117|-2123193105|-325767636|-1118106122|-646552486|627625015|249341089|865135395|-1203479478|345790692
1559816842|-1195674332|1597605813|-1907204160|-765925513|-1886804310|-1361722292|-27583353|1191699284|1221349633|-832287947|703924999|1813553486|-63317629|776235047|-1784365215|-769664968|-1249394476|1107219592|-1927685312|51453615|-590117325|-1701053898|1586860878|-2017725059|811985938|1054154372|875534313|-249260990|1720545767|100579714|-1095477994|-745907119|2093356868|866811265|1913830837|-1851255337|-1909343195|-1797008683|1610552822|-254256318|1472574088|1154599900|-573345525|1686820575|-1178118845|-1581918913|504223262|1729967813|91928593|-51468681|-145276795|-906691855|-2004630291|354104979|-369234124|-991592014|-290760029|1492236599|1954592627|2009069127|-205569885|2015029223|1198542544|782304710
-1784538235|1942405206|-731218370|-387640776|-108070376|1143243006|-988464097|131376093|-582632242|-999958683|1969883610|-1046852012|-1667804605|-1292203329|-579447356|1256344949|1950015747|-1886057205|419160639|-1399530765|167669325|40211591|-2090281957|-2054019339|1268034842|-244787098|-1781021895|786220517
1033462976|-1016221327|1302112134|-250821749|2068691402|1701186485|1651632972|-2043482020|-1493390778|-897902218|-1792006681|-1411649325|759475516|-1621393850|2089806880|-94759300|-508946710|-37506626|-1410484503|910944244|776695032|2010943905|1930065070|-912557650|-821409296|-873565631|372464625|-334229773|1872397292|-1819651807|1299960597|1690453802|483429008|524357083|-1727168135|1976785753|1906520122|-820327100|-868229688|1290547179|-18591112|108980941|-1972777586|-231129421|-1795746374|1784618027|-1804260849|621059376|-1207850936|1618914106|241516115|1571791634|-1132216203|-522655202
-1899891459|1662667284|347620779|1808767102|-2120747124|-1983121621|474061318|-239137381|1532423832|-423516186|-1454527092|188622294|74271929|654892494|396686834|294245396|-1404438772|455978554|-716174420|88589243|1281196342|1717364741|2079420306|1820383111|-47929943|-225025919
1573142942|-970228186|-125658198|958394559|-1294235423|-1293074302|-486653026|-1641833502|724111236|-898858068|-1600052404|-1588249615|-1253052704|-1164160787|-408053652|1298794251|-228770681|-881687182|-1775193938|362732743|1738017944|-201308153|803890741|1792687004|1889453397|-1368025307|-1189564602|-433215357|1590532082|-1564396754|-138980036|756247770|-430755153|852388086|-680409409|-1573925237|-233439192|-478773115|379803957|942351981|-1226995733|307483674|127249783|-1246988054|-1185364917|788583283|-2014041144|-1345162015|-623672973|372078411|73845506|-570229556|586815933|1251600676|-1900701935|-54026715|858530628|-1280482490|-1929794907|-1343251707|1054073527|-1622373114|527929379|211184142|1161926512|-452798645|67780060|607637643|-1444481852|-674849458|-389734016|-253166891|1220566172|-640152160|-286855468|-497010952
-810082447|-1432476254|1777022357|-1176648573|-869459954|2126217969|-888277751|-1312759317|1412064427|-1937911434|360889038|-747650447|-1107178398|40226122|368426785|-1595669697|-258589061|-927461668|-1285722395|1841301960|614514925|-96587480|830105543|1434826525|143147813|1396156200|739807905|-1070302082|-1902290683|-1971456885|1952251939|802923828|-903339473|417807780|-805147728|1831266717|567730562|875389605|-1675589499|985177992|436209892|340728332|-1875346144|277224387|1729281346|264486492|84095198|1721768177|1958549204|-1154366704|-886812698|1125791648|956277157|1071842508|-2102449850|-564008039|-405151150|942762197
-1517917574|-726408431|-170295357|-1023081868|-537366654|-1369109259|2059935605|-1072554567|258074795|-101133969|752035908|782343753|1638064382|-1286215657|1729948026|-1109773150|1879194658|-1040898900|870635781|1291956293|276174645|924920153|1451201127|-1709980262|1204871902|1393064249|979063024|-865808880|-488797534|444575517|-1466607313|-789715320|-498713225|-521544564|1425540517|1876037619|-1899582570|-593930998|1551919804|-108906951|-1578906219|2019256733|-570046985|1340096860|-1334802252|788912268|-2004079511|857707741|-1060649866|-301664918|-1519440789|220438878|1410975091|508939602|237524616|-821859192|-508305044|-397948045|557900220|-849136850|-502865760|840278478|389865182|1069779378|-1365139363|1679653438|-1304318119|519544487|563792601
-1054821598|2112521144|-1958889406|1163112404|462053861|670408903|628870418|1044018316|-658685055|-1081559720|316991912|2058823234|2135391159|-653915088|2013183764|2064883207|-1297556195|-1766079175|-1292100302|-16801766|-1911638184|906844584|-867004935|1749120686|-113126263|1231994465|868078100|-2020674321|426924551|688179353|-836365646|533014087|-1038843825|2060761277|1792466074|39136732|-440641992|-1113124974|1724004481|539040349|1528169322|224399772|-1536396129|476819966|1778073104|382901444|-204311681|-131433792|125691852|2050503732|-2006608874|-348552459
-389847419|2035648279|-622547453|1397262553|-1183845860|1662100869|2050132327|1870894807|-981054512|-848257911|-1399263747|-1146335766|1014918096|-1048149371|1870918013|-1799933674|323486916|438217064|1318841416|705410252|1790740785
843028325|1110089376|375497505|-705288676|1802733253|640560190|-2048327166|1548310530|-52919346|-240044642|323265230|-2105600927|-917599210|-1278624137|-621480340|-2101378665|251820143|-2020168976|782797397|332617159|889229347|-2035840099|-1449453701|-282196500|-1035563904|-528436055|1553734501|-494710224|1811140758|-1746070450|998465438|-1539783811|-1663116994|1005747341|1633424208|1845030484|130230623|777278491|972380971|-289960226|-1632946580|-1478761830|-1592689782|47370816|1382947120|442280968|1868234968|-286301901|-330234163|-186740868|1037666864|-1913520174|374920705|1052679438|-938075581|89314998|-1395125077|1177736983|-843509122|-2110539457|-242585203|2091668122|-1804977044|778304820|1716944467|55995137|-1000503976|-1139689586|1876626900|-1029112565|-1015197642|1922134672|1719513751
-2033352254|-1146965733|872685975|1275132983|229681897|-1876372673|-870679222|428470689|23786856|1656041493|-1010512673|372038118|-892029261|-289900341|-1764088889|1243988616|-2098672361|-1577142017|529284471|816387158|2130258722|-1132820399|-1159294613|1504358690|-1860815550|630800691|710681453|-754141002|-19147349|-811380478|-1775528937|-977196793|1721854590|508097882|181745045|342412715|1798828583|-2035483995|1297557679|-223530360|-885777914|-1169928203|446678534|-1237676595|678957905|1811579923
387568934|25907767|-1116176424|-1381865829|-1267043797|1720490825|-764669510|-1294720690|-1342289384|-1720909035|-293331287|-155673229|865209539|-1024932845|-104952805|-1917715788|-1744372022|228396741|-1159579803|-1814320783|-196955381|216545305|-1966043571|-699573822|556558168|942926353|-1979736868|-672180548|-1396246421|991902373|1697031287|1025692147|-94265065|-772223769|-1271623632|-1130044608|-2051475264|777478248|-934749607|1832599748|1048896781|1671525082|-136530086|-2094664916|-2138606885|-180693002|-590112316|-1371436490|-990131596|1243179936
1853461874|-1132219648|-504348089|-2108303075|132343117|-1348118213|-1322058862|-444979151|-1361749941|1725058408|-383182024|274110943|-19973997|1024191621|-1302098897|2147467377|-1991479888|-1597462337|1885647368|1780201238|-69138795|419489063|393063577|1128089261|59695074|-813606746|-412503588|1577845732|777022053|-1056166866|-1692753386|-678970751|-542452254|-1766766542
-892945921|1106355222|358188375|-463107952|1416877916|-2147358727|940029035|-688486510|1833580593|-1831094972|-636636778|-491125994|-1877329150|1608811570|799209166|1704602545|-1933307689|-1610248823|-1070767728|-1540850599|-1152787445|696607451|-1385947188|2102384203|-236689309|1588348681|-2004879328|951187247|2082656354
-97820343|-203182726|-1194417190|-1198230809|-166191914|-1207079148|-1378655290|841312016|-280540899|-1582549446|-1778292905|-277318195|-1855185293|159959204|1232174668|1358784782|1705036694|-155595542|399500422|-667552663|-1339546258|-1612230110|-1054188837|-46874783|-378659339|-1672696370|1195800874|-527675414|-786155918|-178269195|1145212334|1877186860|242639084|1322487183|-862675561|-1703005561|522716381|907817253|-140485930|-1419609385|2016418598|-1561017927|1683366712|413674488|-664365757|836540386|735730870|656286348|138707903|1986263355|72729354|-1088528901|1809559530|1604338174|-16483707|391347387|-1388208952|1669760235|-2019361761|1285765328|1492460363|2020984174|-1514852657|1067821206|-91939387|-1389875200|454378013|-934721602
-254479156|-872604171|1807748245|162147886|-1111316330|-325682244|-1345188468|648064048|1646546904|474676392|494303988|621015025|-2078705619|-791752372|995881224|-2056702933|-934542349|-9058702|-1139448272|1643043310|-1389589462|-1408513236|-885966460|-775409963|1366850722|375866413|-1798036082|-1593646470|-104640939|1820115028|-1664476332|-416686293|1617855505|-1021255031|1218136468|1634761181|-1273868966|1293849804|-1269574575|541863264|1276310413|1410652299|-678362994|1947358420|-1740802744|-370096077|-2142316455|596810075|1493693449|168664584|1461553930|-503445745|1488508949|1733153849|487984588|-369754826|1686228634|1042133550|-2091270052|1235054004|1170867735|-1887380699|1180768785|708452288|-1179300613|1649521148|-921066725|-1936004646|-2052327796|1391633999|-183255537|491984636|-1786664438|1964949189|436536738|-399873265|-1189642221|-2004355929|1609319092
-298315191|-993577806|-663732592|2021214675|-567123663|621484333|-1780288142|-234592617|799192158|-1926254276|1827073352|-1219562981|-1037641522|1639639414|827110589|-1565766272|-1112710765|266234293|-1550135694|-1121428017
1935211566|-1290630002|-1920885972|978435670|1126093248|-1003970440|-346529973|-657093609|-2075052144|-309304605|-77584605|-1112997190|444830165|1919227914|754367458|-1435565048|-1647005712|-2031307716|-1622116576|1766148853|-1203712577|-886840165|732436054|-1576293375|218224178|50028576
36992992|-1944536291|-601176863|-1400329886|1717953629|-1703676337|-184711786|-1179639784|-2024890502|-2116778012|-1966953639|-926690768|1552806108|-1680603689|-237998164|-261774836|196218213|-427585317|949547712|-593335581
-2142977430|-1688366604|1807249145|2005848936|-1728387043|-85810533|-686164721|1718864185|-104587202|-1503816446|1626851611|866380267|1867459483|66306992|187077692|2095327755|1323042972|197161711|1642938343|772792446|2017635224|-205732725|-1015424922|1279355369|-1321441181|-1353931815|1453171331|425139794|-454958805|534769146|-1605871488|991919367|-1357345148|-1522050463|306561609|1086436030|-204983104|-2007963759|910171372|312860157|-161359228|-382218197|557647176|-814565957|751244439|430984231|2096224772|2045539911|-1439057155|-937975199|-1196963645|-237291415|-1729537212|315969111|1513552533|-1411574074|2083847197|2021801521|606311344|-882195064|1745684013|-550015744|-10585505|-577011650|-1807063515|1538612554|-1462298311|-727748096|-1567802353|2083141574|-601190250|-910820394|327592939|712282723|-1735390401|-673743527|448177018
-1561777564|1520468891|-1495291560|-517872203|987282642|1837531715|-822081200|-2024706298|942749028|2101115644|817951211|-1768062597|1160746170|-1968163056|1396791114|834148123|1880013353|-1167132849|153857845|-1984008583|-691384335|1858780725|-1537025421|703191936|698861237|1426561099|-1249652901|-1720295310|1334776871|6981325|-12658261|-680832210|-1314641662|1333391500|1113883543
-450014659|1918483734|-256934875|984551646|1390541181|-349471213|-1693053257|21738625|-1937737526|-587379983|-637337623|-108537967|-1539246715|-380095805|1400824733|781641141|-1465485671|1378445414|-1840234413|-16982263|1905175025|332369125|1521095613|-2039889119|-193721047|-741884898|-1570403182|1387407437|350055815|1510752165|-180548190|1143178014|1177613100|2146503655|-699675094|1616306729|-1261425786|493382546|813083497|1737302538|549832456|928808244|-2070413454|-1010049621|598015517|493905698|-1215196860|245538502|-2134519463|-45718118|-117116393|-755756376|168335601|-745138388|-1767646216|1133987638|-151087251|1378921301|-451975785|-1973341131
-205072532|-11133089|-983100219|-310952506|-719407679|-1769050681|911103278|1968841768|900068098|-1794394905|159848670|-418792804|-1993413152|-108910258|765107378|-1296262761|-2140295949|525752850|898038132|-1526736807|934530779|395495463|951454372|-891591074|297326759|-1026613516|397770107|1633552411|-1993439623|-587603421|-894284756|-878712090|1035403881|162440376|907684204|-1211759563|-1714608727|1741692261|115974196|1568649226|-175298582|381594651|-480908347|1780171438|5136638|200877284|-1444033556|115704220|1457848511|1451160559|-381888121|-380422208|2020401454
1353785159|2025019617|636278494|-476616806|-1053099338|1847289946|-1540086893|1974817693|1159432572|-2144921840|961146661|-1661887084|-2099894563|2017414303|-1579095382|-1505561749|-344081019|-1179906090|-1916829229|-1659656723|-1461784185|-1091042715|-2043724138|-1889243748|680814243|1197695956|-309574899|1536567492|-1910331705|-141570121|624426397|801695437|-1676841768|-1653789920|-708805798|1120916689|179328945|1526953300|-163578710|379510638|1472285035|-314806336
-317710884|-352127266|2123059501|1226487754|2133613121|-804099224|-662702030|366533701|-1912386749|312640748|-432647958|1979880111|1876251359|505719837|-613817881|1333540966|1176098424|-66171652|-1275022234|721987888|1577747507|1356780447|1298140099|-786590813
-268291789|-116350929|2088644551|-841318660|1978150211|-295743329|1081621497|2044415351|-1100413127|2046984199|-403086319|-1054928817|940846117|-1231318585|762410695|668260615|-74578755|711932261|198708562|-1887373292|1827544996|86413693|1165134161|1100279540|-1000391698|1058418165|1868664046|-305401980|-1353254940|1504157044|-1748283071|-805340013|-724359165|2035617300|1508540145|-2142437455|828840522|2087586133|765422881|77490253|1271089589|970423125|1637608072|1362438142|1141261828|1466464573|1176499425|-805822432|-808594496|-72844546|213910150|-382053213
-909444035|504611415|498694175|-384800922|336574603|-1699318304|-1779391190|-671661585|1869477593|1206929850|1070389485|1271783659|-152790998|-873312207|-1634336011|-451331638|-1406149238|1074070055|1522056774|-2142161894|-901703362|1252223543|-985004106|2016723789|1256439612|377183773|-689994377|-861972290|-943814435|669870676|2011968500|1622471158|-1500078128|-1087548416|-210072607|-2067118294|-995752878|-1144105714|-2128972403|-1564287480|-1539988837|-711690599|-1721066118|-285801294|1035914139|404139407|-552993234|-2142242550|-1176566554|1767087508|1966584651|-1201094608|1856267243|689251877|-1556846115|-999919032|-530061204|-1239605760|819593715|-1859977600|1338935850|-1864900413|1662203248
-1830752801|2146931411|1596348450|-470493436|-776669840|1143291775|-815561453|-143606665|-282878110|723727716|1274531103|-922796000|1320741261|-225557230|2091662022|-213579438|-1582126320|-1927166481|1836105539|1091070911|-121726587|1295811931|-989831971|1284433213
-492633067|-1544740228|-2144455732|-90154484|1381869020|-264778626|-1681242153|-819770353|1280816985|-813687093|-1899391302|551920654|-582062533|2098744358|647860612|256466902|-1293072477|-2095644986|-812301315|543680298|-572036925|2066273829|-1131651094|-982978639|-122427967|-962892265|174667919|-53531599|-1014164768|1646871325
-679200003|-307149855|-357627910|1931307884|-1542420564|-622486105|-1184350073|1541054162|16978955|-1860051431|1775908291|-999978474|-1890034604|-1755955637|779196206|-1006774921|1592707743|-911551776|-1270325930|-289946351|487222680|61476521|1875820977|394671642|517006961|-474068078|-1939120211|194030696|1656865306|-544965187|1037292293|-1600244682|-742477393|-738954001|1277192022|1034296358|1769625138|1098993707|-1464685327|1982057353|475763578|1901791132|53479154|-421840674|558800490|-266063689
-2121284456|333199972|-1711447904|-515659848|621247524|-579675648|100257997|1334428372|1271990570|2136250104|2049386985|-961918993|-689778414|-732416665|-544433926|2047350526|1435371721|-941971918|-48000315|679905655|-2102869820|-215892794|-1005655696|949944615|461253956|-1723331581|-998565783|-1371533247|1480896220|1322589815|870115974|2112786105|-1949475024|1822719439|-521019794|257044690
-1594802807|1245179190|-1042517259|-1648649630|1552088302|-288843954|-1043206459|-541838251|-2007722945|702372766|-1880396433|-253062538|1625022766|620887275|-79344826|1510135821|-1164089713|-27575936|2041118862|-703895732|1999483727|1571739913|1587930007|1221950423|-311573340|-1237044031|1537964045|-421631611|1257166726|461544911|1940447118|1338475368|37576029|1017464301|2027569021|1605824266|-1449523205|389189195|-1398394859|-254023687|-358407989|-1570840398|-319125311|-1057671290|1826594634|-312379669|1371086249|1197532361|-834620745|1514386528|1555710608|-618110745|-1933200634|471463428|552871644|-169036906|918138137|1696529520|-1766629642|1288334305|-1161757134|-1659284402|-725471532|-1954195160|1767944866|218390778|237070803|-1530376085|1041275846|275574117|181337033|1413841351|-1585163981|-1718917315|-1253871782
-924413648|-1725683638|923862410|34631103|-1853508508|953709083|-1029426540|1046431070|-1524160304|1142489057|1741591545|-634982941|1814243326|865424026|1505932251|212513418|-423027590|252779377|-1598542454|481259527|-1163892095|1681614948|-455800993|335236043|1226870776|1824093991|2087867849|730012549|1874251679|-732868025|715094948|-91733781|-73475194|1883151506|-1792500783|-1915617863|-92851521|1417555638|-795209726|-2057731078|-372169132|-1585222872|-301729579|1315980933|-1752712837|-560698297|115227428|1792822730|-106442488|-650612544|949911194
-1033411038|-1829361101|-1869151862|1557377651|1381019705|1784009239|1523471867|2036290301|1939962423|754264282|955079687|-1290320431|-47311115|1287242571|174198116|615195518|-870668048|-602912196|162197059|483512321|431272252|-219312030|-1381484712
-387835465|-1976524160|1175260473|36835816|1815752322|-212650556|-253994772|-1086744509|-567264595|-1186457487|1099044282|-859858516|1191099441|-1287812931|-1445779383|1550797301|1132290850|1291032060|-1488252183|549824312|-1409593308|-793448451|-1266672851|1907913174|1306150430|-956118861|-1388596034|780542140|222217006|501918743|1814971755|2145015272|821310684|-1207471539|-116222333|-1507420373|1088666513|-1617121275|1183221606|2009550640|1651454281|1733183779|-1255942823|-2054595908|350840711|636225954|-558035814|-89872841|1719652489|-1873739|1850734260|-343629974|1853425597|-983049681|1887443476|-1660977271|-1118861|-494644701
1479127412|123881939|-1404117297|1535257845|503502905|-118412528|379681973|-1809279127|1175337437|-1411878179|-1907783414|-910595854|197169756|1031554848|919696980|745973199|-724987155|1371167205|656320334|-72460585|-1646292599|-1425785708|-1621650418|-1287212593|1360538798
589602153|259257087|-1472141472|-859163115|396374678|-117851134|-1017708176|1403135699|309406992|1344474078|1735266304|-1222160260|-1445689663|1538860116|1363745349|-1469660402|-368456100|1022554232|-1864221042|1467821400|-571998710|-421805949|744039301|1871720177|-57239480|-2142671129|-2122270283|-642362005|398536462|-395885917|-104263348|1984248009|1113176372|6038232|-1664464863|931162925|1784699409|-437784676|511824887|-1323618347|1047363429|205329422|-274486013|-1599460024|-869959304|119055786|477437099|-79589685|-846532222|1768727774|-239127408|793725210|983032397|-1575669027|1002648014
-1327827175|-1354051406|-788836222|1169947958|106001599|-1844380777|236376972|1456207755|-1248587496|-285099386|172508309|120753123|837770398|1724641552|-152489901|177090179|-261709228|532908910|870769419|-1745060453|-1993711133|1212143573|-945821353|566897854|-1577465851|678797582|-988653271|879866766|-679950042|-1623204283|-1430837489|2068427702|-343480|-1457320928|1466371000|-1176548835|1876673574|822379283|225033654|507735|1283517596|-674210062|1452835716|-277329057|163213893|1625148359
-76947325|1539851877|-578106395|1397254624|-1195757153|-789810935|-1199191235|628681873|-1369806963|-427521171|567055343|907056417|1575959003|1767242909|-1395820508|-193286000|713907902|-850469794|-611269350|1611801886|1119389255|-1867014067|-778185857|-440082926|578442452|-1074792631|279988483|1587261367|-1245048632|-74221810|1434935080|1896740775|-1579878530|-1853292510|-446545060|934837579|4353402
-1436949432|595809953|-1852932639|-522397375|-1090928534|2109396288|2118671659|-976196935|-1249998367|-463749223|-2119572714|-1573123102|1178252167|1209227902|1440231389|1168289852|-1072809148|-864549144|1919742121|-2032844634|-958380639|-402163724|1407907656|1657989888|-1545707877|-20724433|1035475228|862734352|-1020365895|-1340547822|-1822324395|1515748265|1610472288|860363727|-795925918|-1229343991|-743899802|1831864910|-732081500|-754932349|1415344356|857901426|-1675845532|-1242236067|340370255|1088155039|-705627897|-1918714117|-510239543|1473367680|-2068168833|1414216764|1909437876|1681428229|-1756180987|142209571|253645192|1015734699|482860804|-263947591|587395814|-78721793|553324888|-1631154894|658488557
677084087|1884913230|2063840715|-1996543725|1498940271|-266804478|-307011946|-981235869|1041492561|-29607593|184710235|-1010195382|1946273773|-1528317039|851455607|1506905891|-661102081|-1097547374|-1158115803|-2080068688|-1114105816|-128691072|170038104|-1714902941|1401870048|1228200101|440167115|1146426584|-508312150|-918687337|-634132139|1617779878|504571018|1677984920|-1442125695|897133143|1268124852|1460075839
194082484|-470218619|-920242089|1298143890|918079557|-310397258|950909190|-359073099|-69638377|-1906119474|-1893790671|1522096091|478972095|-1915089704|-1894089185|1205883762|1968814239|-1015578026|536053340|94017870|-1890713497|-1264870795|-305820193|1156519170|-1245801250|-62903423|-1970506898|-151967631|1946356450|1989328794|-149523903|-936953948|19880109|1593456296|1608208101|-189948452|1100359513|-1484778612|874442339|-1024761877|-1688192859|1264904343|998488993|1781477311|-586291975|1865062207
283153727|511964583|-304720113|-1911845787|2086293593|-1751818381|-656951329|102984467|-264222629|1712300373|1025577797|1020484697|359963778|-1318597764|-1211031221|1217553425|-420173360|1333949078|2123670625|844740491|-31450590|1425085262|652370069|-1506429264|-445034367|-408704490|-895299071|126538601|-1441806665|1437958950|-67611005|-1665725631|-575000539|921208515|334741171
-665881132|517113284|-1001620975|339654202|-781525047|-1007400367|-504180098|-632769311|-2009530468|623538414|1086712557|-1721263945|-1869598645|258231735|1193178458|204968142|225492811|-510828051|-444967942|1084133620
-1067833936|-1700488781|1345108753|1048797614|-814667251|-1837589042|-19957036|-1232351346|-176826565|605427434|-1205323890|-755039323|755649314|-1756925645|495042653|1591774131|842144796|926602196|-663890291|119644328|1104675838|365005225|1388739130|-1120264068|-1395345575|894484793|-765141703|-2072587969|-1057657604|70899683|-275111880|-226475665|1432672701|-2009095082|2140421667|1610537353|1958847608|1645311046|-1986278967|-680135966
-208948901|1304256959|-1212610634|-1045361836|-1389797011|2134638212|-1980018559|-1812830468|-2045708818|-1151893787|447439501|-1235644043|1239031463|-1211820382|-1387158580|1802223810|248615847|1240302418|1874962407|1326191172|1515915895|182397827|-1118057834|125941891|912312978|706776101|-2128766158|1267515694|1975751955|-848193497|437579143|-470632608|1169478576|-615453086|-1431133202|1975297572|-904903962|470026678|498566811|-1108066501|845777782|1999622002|1816575027|-2142885348|2010480399|-1660870663|-1521567838|197902139|-1078072244|1740328353|-936202454|-1264667762
-1619223074|-257167170|-1979877300|1658214671|-731432801|1769711504|2146390775|999583583|-1386272265|-1543837977|348352925|537769871|695491072|-2061496778|-1900642470|1702969800|-501637381|40753770|1757314336|-966829294|-1162326596|1269938307|-1892359494|-132959224|-1723732924|784084326|303254541|-986464561|-1453856081|-1986566416|-487115104|2131753028|1388021328|1533889102|-983198881|1478103156|-499762406|-980446325|-2146488165|150480464
1512692330|-1704771499|-348616031|1092224288|-967929739|47021756|-1844265415|717725533|-426947499|600947955|1786617707|-1563696310|-380504476|2031014934|1400273596|790263182|1580313216|760169598|-1529089318|-156308220|507732770|-1066531516|704312268|1577129954|1424998830|-80066556|203105642|781578013
1760376035|473665808|1394727948|-1718773898|1165026002|-519606642|1104622667|431917203|-303558637|35015778|1925582817|-866832187|-908435716|1258948392|1457577381|-980506434|-1084155142|1934640209|1871403485|-1639077799|1072482776|-244030445|-1932539097|-1616229466|100404545|1850351264|598780316|756061510|-1432315773|1812480154|-859106255|-1793834503|1144471189|-1695663419|-1612662687|-1267351179|-2105254822|1199995133|-2128211960|-230856583|-139058393|-1455246229|-342091374|-57724896|-169703550|1783543027|243986004|-718629254|632215597|239678960|-1784358087|2142205016|-1993653918|1549394467|1907351457|1811536999|1305264223
-586303867|1098143615|-1240184028|1427734186|1918422494|1314984509|-1759891334|223109784|-305213369|-1257254962|-1004473289|-117066856|1923589344|-1174424051|717433792|2069754491|1711409526|-565623088|-108781873|1608793970|-185632|-627172737|-1732038538|-766793535|455663531|233910245|1871598692|1410478258|-252942087|-1867258550|-758115227|2042478283|-518136411|935390912|1243212335|-1168478142|167945131|1506794941|-1038880422|-693568592|-426533945|-455012886|-844679760|-1188881403|-647634085|398134073|-1131929177|-941148484|356733077|865060157|-736440021|-2063879857|-1215558448|1953571765|654527647|-882005525|-970133189|698470505|1817178149
-1584625224|-1974973895|1632404253|-200600462|76210694|-589851278|82887660|2004097548|-271679199|1222778211|-1312461826|718777655|-1940179224|-1723819216|1598484493|-690707475|-1038770176|-926935579|1182630050|-1295981228|-1415543816|992432077|-1426714916|229148976|1479504301|1620391172|-1983882897|-2015692136|800865776|1732190027|-1747827217|-400879124|1958955109|-659619045|-126809522|-10331643|-1836799315|688839164|-549131613|1349973166|1443280327|-1978671594|1623494444|9884243|-1393008205|-992908536|-1024379242|-1687015176|-967273640|-1877698568|-265467781|1239062124|1337023655|927391466|1116408875|-1893025347|1157929727|1958700373|-1081505874
1132042195|-214976013|1460783881|1545465831|1303482249|-385737768|-1662571584|-152469076|1587757733|-378757434|1440822428|-1633358638|1396438310|732020927|-1435611730|-2131133907|-1912176593|-839105318|-1169530733|113220814|419387882|-1165138086|172293368|-1210378708|-356075607|-648954116|-123289248|1933093280|-1278202291|-876454001|931007524|271520534|943813867|-88272438|-1441318725|611071233|-1574425172|-736644007|-597365445|2125640079|1875433716|-1914693064|1415658527|708535070|424105669|327875140|-289890742
1376492134|711574543|1302071628|1475786006|-615812033|-1209504269|-1700289053|332031163|1347196422|311529577|-1080038717|-666291329|-1467992800|-1477942629|228532121|471064888|-2117341375|437087287|-1687581619|-227645214|-1536567979|1914437765|-2109810552|-1847180330|-1006387038|-1669605701|1625513845|-1321391046|-716417491|742609807|117734346|689509051|-1768268707|1065113614|-70840311|-472827015|993085150|1223076268|1501548290|1304147523|-1104405304|-906999909|-1702295395|1591584260|-642900737|-1974648480|-668860714|-569111684|995017948|1327358626|1350567687|2096236338|1978473740|1126910020|-50726035|-303249752|-1385140040|1236251318|-2001026844|-1690529584|-1195715866|111225224|200271093|1599972799|-881584610|130696255|-885680110|-1215109728|-627434928|-1033491348|-1622046689|-1200131350|908956917|-156095239
1674298325|-31410317|-13081914|-2050889055|1618859785|-1960880187|-239312269|993275442|-105676904|-484540581|-1393825921|-186783821|1519975470|1209762878|-1249714030|-1910421834|1512394119|-1420750729|1890807062|1814551699|-1490485216|-1028998223|-40394741|-1144190801|-1995219664|-5891299|-444851173|-1005820671|-1339738407|811232149|-1607475988|1548482258|663208859|55458307|-1619607115|-854448189|-2010039032|2136256004|813804819|-332149996|602420669|673340103|220745245|-1819888862|1330764432|-1998341573|1305339573|-689333455|-133786874|639481449|-2120506591|-734369428|-1016351481|-104667875|-900704551|434113833|1942503380|233724364
1864203632|-571092424|643772849|1116751835|146250685|1651396605|-1394721224|-961221354|-1395654907|1669982881|-479628896|-1832167447|108194550|1338540362|1050079707|560529414|-59312253|1966902262|1700525496|-713777271|-1674498913|1373439478|-1216229309|-1704467311|1734907463|-2031678564|466996843|989997073|840996038|47128371|-926496027|1836006888|1484877108
2012060752|411218478|-744825281|-972126299|489406874|2128152528|2100608301|910770428|-1898057567|-4862882|-744628447|186232293|878078749|1133417763|1990840988|-2040107384|-1800585796|-1868547722|-619565754|2136784639|-1338847858|-605233585|-914853394|-1365836025|1018386339|-103373028|-426650929|133660916|-562018575|812916693|-86617067|-487795739|673088635|-906447795|-39775585|-344720071|-960027216|542951627|306688773|-1031776959|-1394991856|-904509479|-108315429|-893912266|188272917|-76826277|-953883081|166663277|1769520464|368654050|-2041212048|-407156023|2034008529|-1851797182|2038894376|958152304|1292109004|-1936901279|-1535492467|-1077092672|1017809528|479383121|-1234315813
-204216518|-2082143|1448956196|779138914|1190670339|665287408|1865430355|1316614296|2093976821|1098177474|-793911954|622894311|-1579806132|1700736150|1015699482|1832010702|1153024891|1155624503|2032474468|-2089178629|318973077|292590162|-36010818|-1155126018|1198194158|401940552
-1029659073|-1386859006|410637125|-446752178|-1009317582|1092281748|1558021521|1065121304|-169398072|-1455420902|-1083704026|-1970823967|-408645592|203127384|1208380801|-611918304|435927710|625475914|-303185220|-341126641|-101583149|564642630|-525465124|-1430438550|-886156994|1027952994|-1868330392|1622404470|819782106|-1767370990|1751606586|348573764|1117010201|1029099029|-1062548328|1620626742|955263000|1737344146|1527064966|821502402|-384542701|-1814347395|2146353749
1652319514|1755890495|1839642239|-552099781|-425299963|-1947446122|-497261642|-1659403811|696277924|-1164422215|1356957754|589251018|-749786821|-937556033|1839969898|2116118553|-867489748|884582464|-1086263906|1300904142|379776246|-343622852|1385458739|-168616357|1078084446|-776606405|-1902768410|1044625514|-1848012822|-582760522|-477638299|-1458662695|-1753918314|-862852683|265438243|475252998|-407057214|-1725520199|1447693163|-340518581|-722873239|-958320677|107330488|818097356|352030360|-1912165580|1862575939|-1563420817|1086881564|50257279|-446926628|795300907|313265021|553601533|749500413|1329709446|-1999202517|2003692696|-843877861|478700120|-335106313|179499595|-271268545|797763284|1558509508|1120080832|-23037995|714293704|128177277|-366840262
340315683|-1038158007|-776325451|96848574|1598671032|1673941501|-1764162742|1997308376|-69328319|191044050|-614897960|42760796|-1943867995|746377815|1919855328|1669974494|-899289475|1074762665|826504113|-1122049139|701303764|1638137824|933460676|-1809396534|2059119406|-1108567092|1151077225|649955070|-217827381|974356192|-1953159774|-1619213656|-166438356|236883566|706702158|375926708|-1355897898|-1870677996|-472826999|752746259|1470935893|944365430|-632315822|-1173001849|2037453955|-304450772|709227119|-335654978|-1033871095|1515379966|1691965325|1106397090|-181574362|-1271119538|-430735702|1020832495|373050543|-295484971|-795722057|-1067156731|1293753430|-2069842031|-1736443016|875310591|-1000473810|-199256066
382253315|-1904603026|956266883|1687151480|438987739|-1213073036|624323375|1647217142|203911620|-303621107|-1282665564|470096175|-634319994|-916236045|2025016147|-1974890188|1482282692|-938810730|1395041769|960921477|464041621|-2146550753|2076155656|2043854770|-2091306670|-1139891023|340221498|1643258437|-446474319|-385387791|1908098594|547298783|-172848878|309535944|1156498164|-1793331552|-1106007783|860563303|-1059648474|1462486988|2086181500|-1091724405|962907495|1081801642|901255965|1407490562|-342168880|176635311|-816964261|-1338065812|-1630481320|365388508|-1525491036|1675685446|989994125|-253475740|1608670030|-852112860|-537639295|-1614108527|-1182163033|-1742796995|1209466625|-59222553|-797305270|-229524692|-1886243571|1155839113|352725939|-1416727563|-952580733|344433115|-48316650|2142400069|-213012964|-1694016920|-491614101|1420782589|1383398300
1766718413|-1957957903|-1727469755|-1351978440|-1029007868|-412754964|1939789708|-2058803502|1019444832|-1752315401|1477392399|712671459|-671319608|-1804500518|-636592955|807350222|-1237898478|-1024429597|1049879670|113504442|361954452|-803399195|2066828910|-1699806164|541691642|-1055214717|-1286621331|-404956687|534954329|1240898222|1482158561|415307584|-501700988|-1835976085|-2109248170|-57713888|980745118|-2019393063|-949509843|539059463|976679920|-601741966|-1559957877|-1111064125|-1045860868|-1524879215|1734159764|1453482653|-1879120430|-209802445|1171085785
