-422663343|191928938|-949634969|-1505893286|1224427820|1348675581|-1883528263|1294282034|2040604942|-1955097128|1183045977|-939859059|-1582482140|-1216191397|1401615807|1807544052|308016224|-1231000732|1024423629|1763177321|740637071|709782991|1308893951|2069232259|1803603882|1130881339|766848992|-450098467|178495339|-1880887789|-1024140353|113201585|541837859|-1542198324|-301240670|-1566522689|783979978|2140593515|-2014194053|1242059379|1079543383|1600762442|438129305|1099378246|443627602|-155955430|194372193|16422755|-1355165530|-1284529365|-1518834883|-1577106546|-668068421|855723499|-1650406957
-570587708|-1850894165|-1991818631|-1946954729|1560477269|109627561|639632617|-1617773970|1909901623|-1063449270|910341937|2016220486|-1573641601|965381798|1426799596|1269154159|-664237091|-230989750|-1065080906|956020963|-1005289167|-1751294920|1459526108|-1936519312|-1620417949|-336582094|-1300075437|117347738|1569826419|357955383|1190981355|1594246590|-1566463026|1882825038|331588036|-993730694|688437731|335895425|-396123392|-998681268|-932640778|1993412140|1997390778|575598713
694155127|-1350928331|-550940881|306191878|1681477664|-752871592|-1481662227|915856041|-115345283|-1035395750|1017431330|1008579326|1575580097|-2143328839|-1806684140|1910383518|-1628133507|1721536623|1385544195|41816113|-1937420950|-199293336|-291980147|1464540928|-548350619|1164333358|1135157844|1818737095|433471930|-1125074459|369052893|-880359473|-706062428|115303294|481686715|601912636|-59378156|-878357465|-1480628244|-2049205341|553424049|236528129|-595211646|-57892897|794636064|1420310293|-1933820539|2145638693|-1734336380|-2048532345|-1025437673|1165153620|-943148216|1839176972
475074193|2043242779|-2075959655|-1782528627|1746789907|2015772476|368816988|503711485|816248890|-1933544713|-995030545|-976761062|-1533600282|1929087598|-2023848757|-695274649|-16535802|925083036|1562120442|-1654270569|1861409391|1291410327|-2111392752|-363148171|-162584850|-1714968556|-599046821|-263866621|275345824|1907141936|-911800743|2024873446|-1066664576|-754561683|1945423466|317294336|-1288279999|-92282374|718585286|-2143559842|-1086089123|1045336374|736603056|1016471381|-306710419|1006504311|930530283|541822183|-1698196549|302490630|-1628240019|-672120726|914941973|696923246|1461691474|1482018667|-347963165|219744246|1836407059|-1326628401|1754181499|-1006839445|-293841161|1014019387
-39207646|1690130376|1626952373|-1556746311|601442620|616684234|-338920821|-534518241|-890733013|1436990696|-730510733|1616329016|1410151285|1044619312|1953358323|-1529783127|1408175287|-1206069631|1190004994|-1904336327|510409453|-1703099517|900406511|-1796182292|-434991632|-2073237034|-1649449086|-611537584|525965887|588650381|1093485664|204968213|1160967937|512910813|-1701529421|552927203|-229517238|1622343697|-1334288118|1347171176|1088129437|-890837567|-80160387|268658863|222727345|2039422018|-482606060|404140216|-1723441032|-421526688|988270952|-772622780|-318884772|355909962|552497035|389385455|-2020275253|197458381
1287970180|-1997924875|2145666245|645156574|338297740|-1798292012|1418074063|-1353650941|588902440|-1591462292|1867257667|-1093206173|-1994922464|-1954511020|991953505|-1147831942|1384080187|1569152372|2044833481|-1538561839|808635088|938615823|-449525968|1187504036|-1997429348|-518837757|-1461763760|-1928632892|640846550|1534449487|1120190240|1754600383|-410384767|-384944426|-1936044219|1975761981|2120814848|-1355753374|355549384|2094385068|-309138449|1268272875|-504431096|-241654241|1028880431|323866391|-806149391|411237235|-1266919101|765374980|650920557|-2046629453|-1346340390|262201413|1202655002|-444850755|2053817772|342124843|1932188478|-553156059|-35246968|-1693398459|1334944759|935378008|-1235598674|-1961841879|-1963385930|-158607356|-1425993127|-1219030669
553632951|-1777339744|-252358387|1690666503|533236166|1800828798|-823575376|-1647015016|-1046588304|-749482193|696212139|1345467861|1176290370|1538531517|-350412317|-1721205690|-1734862404|1127006169|1392739098|2121996986|-1799083212|784812526|-925220237|777602682|-1646574598|1595474035|1574495541
724652476|1441068160|-1972750385|-936458135|84018220|1300027300|1500753947|-1513392918|2014233311|-2078439947|1161441254|-1313491840|-1601462920|-1681810073|-1854805072|-1399628885|1395169797|733328993|-224429649|-1259707428
-237039219|550259994|2137554796|-188699783|-1084305681|1525752227|2105243856|-1923017302|-2075590087|1973230404|-2118921973|1997487340|-1849149348|1787338302|1796100451|562579986|-293911966|1546593118|-1999076265|-1527624205
8096897|1001343439|-1084746861|1839067220|-1941521061|-1000998251|1997369476|-1350908497|-1356825485|-635973885|1784526730|670829615|1607917681|525106430|-958647939|585218931|380685723|-1498136286|1439219827|1262902886|1318340509|-1225865410|1836650781|939061973|2056887176|-980179454|-69665167|1356639810|102278684|682254839|974850953|-188761097|-229787062|1454058414|131864522|-1533589411|2055728115|1242615100|-359943863|689991054|514507510|18316005|1595713897|1070257447|401185385
-1776824376|-2067061917|-1656541147|-448407144|-10160293|-2021621915|1353197703|-1473996285|-910382633|1295633620|-1960867211|-584114832|-604557998|-501454164|568883103|619622258|-359415766|-239629485|1221108999|-317821371|1545416485|99383786|-894740542|1607795272|1371482585|-595238682|1504504319|-365045592|-1598949042|-145136162|-555017144|1130288477|-78086943|-378130778|-1456294136|-1457344422|1078366570|179577755|338116684|1110405632|-1876670815|-610532544|-1207318067|1985200851|-1144748355|47815433|-1592779986|-1119026577|135009373|81836407|881704065|979589564|-2018508116|-1826181788|-834362097|1232616544|564202431|329508511|1229689432|1794575733|678127936|544639931|1649691480
1898517329|-1548216028|2096911372|-686332016|-1977710166|-1708827278|-411642573|498265054|-671577341|-1051105535|1468447833|1877038420|1864588985|-1454295359|1705793552|963699864|-887450453|100093001|534377600|1778608699|-1977983131
272055330|199135790|-292950912|1475074466|-290234168|2008085108|-1693950136|-710154201|-1851633440|403493144|813453727|-1619381563|44137720|1710544225|-1323303136|148476753|365228420|-2065295291|-1098744185|-189899520|-1177171745|462309402|-2061980337|-925365958|-310953585|504615827|-461459044|-487039564|-694696755|-759083031|-1170917797|406740925|-1410840253|2034536024|598984103|1620879574|-1150616041|1791300812|-1235491474|-1271402360|-372729304|-48435748|-1771120044|22273906|473574294|-658897929|-1411238698|-154042463|1857708935|643660764|51219634|-1129062876|974740008|324125263|1642991238|-28003874|1572474610|-1358479095|-681394249|1513888669|527509806|1335029487|1116642452|791401323|628145338|713633671|-1547963206|908023588|2057639693|140686759|938387897|-1693979064|1638062199
-1828113417|-1692100846|-1517888083|364786040|-331181612|-1253887799|-1892893307|-187363507|-873888497|1597601621|539549437|198024985|307479143|28943380|1883204481|1044288162|-1667369083|-913324050|1172414829|893083509|1993067288|412234406|1120881359|-445126557|-769311934|174095219|1267883122|-1082602965|-1130299854|1857158863|2003239191|-1439744136|-1593718511|-1246894707|-1501391611|450547725|-783900382|-808187599|1792038340|-1275445442|342661924|-1012971141|-748500444|599289249|1468181754|1551836997|-1052432764|-942071291|251032973|-1840269170|357052752
-2113200399|726944213|1713007563|-267214957|-2049327418|1177174187|749961998|-1482687615|424466656|1651446659|-552121009|447915936|-964761558|-1355978036|922015590|244680158|-1308749370|-1160593599|-1763031411|-1305088936|1140156025|-1968174721|-562130329|809988367|1818121798|-451062057|-26322109|1529625820|-1604109736|-1837017243|-990289759|-65332831|-297395932|872102241|-390964236|-790908991|1689061582|1266574772|-1741995095|-1140545839|-1402481716|1175777742|1374960231|1378786703|517522377|-285812042|-1828475240|776613138|23377611|644963682|-704483800|796289859|1844241047|461045832|1147056781|-2036817781|60222035|2139497012|1991600390|-791862067|-665965971|854401628|1431386918|550803350|-2068619588|175142321|-143451245|-65017965|668862180
-1324328181|-749675197|681913597|1494233879|-17921624|959192300|1834709622|-1374814925|-523917212|424989650|189040439|1996440059|1687514846|-252083034|-1161269499|623774398|-1511872163|-1038309571|-20235989|-1566618428|-1956777195|1302007681|450235989|-1975997606|-574271319|1807568812|120109246|-1934112979|1877372657|-297760334|1234766477|-1711362341|-2118153732|-728341506|1486341756|576603335|471416920|987960673|956886715|348171820|651417232|-113525689|-904421869|-501014668|-2033799435|-2112457429|2047594317|368024010|-1195837023|134276172|1588246227
-2115575624|315172512|957387416|352360519|1274459377|1854955017|1115493429|2125023806|1047912020|855461062|-1686517420|1080964297|-886205115|-1455901653|1532241489|-846763963|421242816|734292628|-245688547|759225736|-203698459|114908311|1441413734|-1324024778|-686663497|-1576538760
112767571|-1892603360|1201236705|-334005418|-1055330023|922508600|451446738|1246513085|-2098027764|331612102|-674098474|-102071769|-827625653|-1113803258|-641836169|1175280831|-492642777|-449231444|1809251058|-636324221|-1936149767|-224178904
-1677349337|725520175|926001964|-326738198|1815920440|668480168|-704685462|1588990518|1546456453|-1674646206|822986146|-137690588|440943290|5379504|845797339|66208958|1314038348|417831312|1348160752|-1283853766|728774556|-1083376964|-1776679346|-690072468|-1319878058|-486912545|805136378|1412831611|-1227848421|2132676171|651559385|2099412439|-1950852513|-2004755702|-899544789|-2059165334|-1863994477|-1854574286|986801752|1551924237|-1049860475|1551791997|89545455|-780851907|-1578472185|-1109332200|-1676934165
413792975|670916027|-699646921|1218229343|758418845|1990132985|-1608342669|-772519346|-700163166|69581529|-1776104200|-534076178|-1275870176|-1642317916|-893134055|1702348599|-1612667315|1988422912|734268076|2028222014|1207157373|-248202691|-2059734328|-888653915|-522548865|-97250834|-1926660913|115082068|1430519366|278160571|-1849501522|-1192436632|81235403|431023477|-1231425181|337003883|602341682|1890515563|1167271359|-518143035|2034953771|511963131|-1607317139|-1182603661|-1796519525|755679339|1087975986|-188972042|-1922301830|621675769|-368355979
-393233666|-656972752|1343175170|-2030451291|-161403399|337056125|-275856886|2014478224|-1386897794|-334810623|1583583598|1647418997|-207520821|-1862780249|-1295182788|1614005639|1377973090|1501600633|-450762375|-1320633479|-842095752|-1971631057|-1729710560|-655303887|936497043|802033161|273720426|-694920261|-1333150866|1573484254|1088033616|-1003314304|-1998680033|-472770189|-453756339|-388556105|-1375441029|-368877808|-699873944|1684287770|-1879270983|154003024|296398193|-1776514339|290507092|542931769|570806410|-111310629|-1060247242|-903349109|-1232007447|-1686265838|45189394|-1076641188|1115615195|1710502993|672117777|1706121700|1571099403|404220463|-412283472|-186406251|1716711940|-14965697|-2099029784|1468455023
-1061052543|-723202674|-2034010223|463938993|415195930|-820715524|-1817647854|-114429951|1631876935|-453812495|353622289|-955394539|2143360911|-1065284683|1805878794|-1344243113|657019960|936579200|-1441736341|-1659906203|-742107397|704444700|1231073638|-2080136356|-379666694|-166784567|-1901913079|162210648|-1632483343
1753150347|986854203|-12308308|-1287574598|-555062297|-916945490|455021752|-526711470|476472750|2051956837|1088695645|681445672|-686056935|392845478|-704959029|-1008490520|-23727011|-343944181|2036805266|1553076043|835431491|1037455749|-1153803177|1065567421|-1780288009|1337835172|-334930492|-219101632|973232927|-2101584618|-1470454592|-1950493297|-1532686033|-1200161683|-1961025824|-1887907450|1689116923|-398685147|1391786268|1338917312|1359508365|-852866588|669280965|-357664639|1582438456|1936592899|750894006|319876822|-939501587|260081741|826997193|2001649403|2064443852|-1215740155|-239398515|-1514151684|-795616003|1505432109|-1899282891|1021119902|1615465409|848746757|-1203305262|-1411224705|41888707|1743265745|-1006096700|-636654981
-1590303777|-1366067346|1733456209|-127734250|412040136|-790240984|2014134662|1016119638|-817154059|730719609|-671533688|-486796000|902285157|824898693|-705905385|1487328495|-1817467732|1562441668|1269152736|1478356962|65769278|-168506380|2041228906|-1985288746|-1793895187|-1465784752|-2128692939|359174576|-2024312912|847812866|-2103114208|-534133510|788282277|-979916075|-1806560245|-1275754319|1860962648|-582273490
-1127868580|1294307397|-1236925636|63173894|-143334304|-717191781|-722874002|-1487598809|1955546258|1558076226|78005285|1100965746|2020903950|-1766233313|-251828566|503206701|1993848134|-2090528106|364378978|1829407164|-422845091|-822771120|-458028480|-166979586|-953917003|552486461|-128753030|44060150|107334342|742574556|1094910847|1570416302|-1760579535|1210342585|-806903513|-1926116777|-706555372|739081015|356562732|2113408692|-1388731488|976379791|-556867624|-1573840455|63824615|-8708328|2098029056|-32732561|262101498|665573320|1059203632|-1083716582|-195224269|-878464518|-134765785|1161263004|418634446|1860418161|-1942543995|-237312229|519638974|890951836|2094126786|-1029513247|-1177274946|1350853915
-2013366652|2013544101|-1430575999|403259494|995070278|670101758|-1686459813|-598579195|1939516606|-258147881|-1343920015|1418200475|1734067895|-1501116455|562425419|-974156574|1778684759|-749501544|2057706742|-806619041|-179937149|1690351916|-570469624|1161568030|1133267842|-368146688|-1770859296|568078752|1613802720|-1478662679|-1733692110|1917686292|-1790779756|-426254726|-529415742|-1383629883|-463421340|-1741570154|1990080623|-1341772332|41524872|2089527877|511527026|194350374|1132879501|291702475|1537352679|-942706273|1302140540|-123488522|-1504336499|2048201359|-125537733|-948823624|914411209|-61979028|-1035105486|-426167308|112370160|657492418|-255781327|-344845668|1395842245|712704358|752290704
1747408704|984869873|-549573225|1006909007|-1779823983|-741919124|896209184|1416929690|1745486948|967649352|-1006859141|385036985|307350117|-683976048|-1614958447|641313205|-2083393019|-1095668127|1349234763|-1299731112|-896077698|-1296681319|-1578608076|1083829763|-945985771|-2003744563|1743259740|510665151|-2113376354|1622681985|1068771967|1013853585|1456581957|-1870297198|428461671|223744017|2002986378
1504561806|1096638781|-1845025395|807336616|382103302|-1317373046|-1961183349|1352728029|-375070563|-47013316|296971432|1585642619|-660176324|670284022|-835617042|-1568455989|-1200025457|-1332125548|1766035349|-1279341460|1536316394|124161336|-1234074236|-227763574|-1286173590|431614370|-1432858601|809220432|-1745421221|-1470850107|1025020451|-1635276645|-389794599|-630178154|-300517066|-1113711633|-1538914119|-1504041690|-45529822|-1936964178|539314601|890714867|-1212333124|-40296058|-1156467819|-353036934|-2931487|-873106901|-258954676|-1608381680|-302724423|1115776582|910667107|1269785329|1109686847|-1928128340|908043865|-1107430759|990285824|2091409363|-288590597|1724300370|779443490|-1633574783|-954835447|-1141480690|510791848|2127206341|1442398234|-223639690|729960691|1859211306|1418179260|-132816318|-1483773557|991606314|213808095|636563402|576983327
1951844210|322584797|-818803766|-2118951934|-1301500594|914998481|1499016599|1541643278|-323481261|1105240283|-1438809785|1484377538|593910224|812050592|1251120977|1439823824|2073294888|-1018049525|996032809|1002139090|1715199921|-1931866527|777338052|-759795845|2121074399|-465937775|2119734364|1980761871|334780065|89000144|-939346320|1731779348|296463370|-690083483|1671399950|1162536777|512020532|355723457|-1512373420|-763539241|2020706912|-127622958|-685376461|-1316697658|1991782498|-2143474792|1804162422|-1043187790|-531211973|-805877001|-1717853182|-762801731
-79873585|-271716769|1411262919|-558869223|833403465|-1484243337|-1087580964|-1221373084|-951306892|-304673892|-2026395922|1464483868|1954136079|636928207|-1989921341|-361466212|-1476061016|-887430338|345020208|-693570934|-1750928667|1352834318|2030997127|-1731272136|519644193|2059710555|-975200947|-868058291|-1989638854|-1311172996|785705776|-1111493212|1068670376|-670642293|-172934857|2068369523|2112252882|8431139|2006602811|-1791638097|-1059004772|-387716245|-1022707051|-353759313|1784861764|1559785299|1615554840|-37559025|679981678|1531001117|2055799617|-1725411626|1183116156|1237435423|-1994995027|-984433445|306971939|911459526|-626714166|900398180|-1439828933|-1457145378|-833071663|-639601393|-1741168171|716885519|604539891|875286517|-1141985902|1028181418|482422226
-678444750|601437349|1511760178|-1738454324|693307755|-1537304348|-1383688464|1457275924|1687365627|-1119882054|-1288217294|-142030769|259928832|-1896901202|-157179681|1225355730|1094882695|121353089|-81440175|1307713160|1339090274|-94178449|1382654281|1557294801|-1803238851
-1781054429|-248590682|-913042957|-1908507821|-1055687094|1151233280|-263901667|770034195|-478111251|-1715026566|1457641196|-691108663|769640690|1934860340|1852178232|-2082174501|41656619|966044667|944162264|-64488957|1359062983|-262662490|1302278195|1758044499|1319411722|371967938|-808093161|-1061786503|-1635217088|-56286863
1896771140|-1995130898|1760127886|698777436|113785190|-1311320501|45042965|-751826362|-1702260101|1181128686|-1735133246|-721516496|-657801654|1282342087|19196407|1639961100|-1242959799|485424979|-89560350|-23792532|-198664858|1310845451|-557505314|573817874|1625601796|261296157|-322993638|-1850431549|586945091|65527134|-607015048|613591904|778600324|-584683138|9922999|1664167990|1158108715|-907134340|-1545799469|77319828|845641894|796607068|-406389333|241843357|-995814226|1151607831|1492579812|-1107603872|-2029345843|546167763|-971400691|970416933
1674569300|1333426691|-1237593079|-1990188708|796287921|-1811252329|1842755533|1614288405|-101240502|402464621|-657485846|2077658429|-1979044103|1157279782|-2051755288|-628497429|-240901241|-484196415|315262959|-183014563|-2091453343|1996789566|137488286|-143615169|290530442|1096645764|-718784998|34776109|711053011|-1936788860|1643055722|-2089933194|-838496438|-1094232163|-2051639550|709693731|936644591|838960706|294307741|-49746633|-470995795|-507880487|-268449713|-1782310601|-192945528|2084391398|1382083034|-167986964|1265925650|-1597614744|-657533121|1811438950|1306967331|-21354365|-1205317480
-1464608824|2065373790|-802857179|603026739|153855099|1919701326|2062104227|-1061603148|-2110567532|-56466637|1052792804|-447956191|-400867841|-925689822|-402274148|-1843834639|1666278191|-1655950524|1971549304|1252600122|-1624001966|-791452163|-1974531212|-841126025|-1915311418|-1722822321|912650605|-838711925|-1361682485|-448808575|543167221|1754913285|92277624|-1771876357|-944065690|-406053211|-1928504077|1999615860
-901979361|-1886784036|-1473534386|602781080|1910659102|277793545|-1467397312|139952176|-1148043637|-1215931272|-1939384267|1091618892|798770958|-1192757119|-1789044877|-507796961|1277978068|168263243|-980046081|-1127112864|1956126355|1123701632|1559885376|-1348100580|1902513354|2095677764|-1860402718|1924346055|-1005638579|-197907358|1976846845|368309139|-1016224256|1816452296|-1808888203|-1549507836|-356178718|707741749|1504435619|-1469642812|-1450379443|-1437363152|-2131467980|1598950323|-2048622469|127877947|562664785|406883394|2065612364|-539803320|-474362368|-793625087|559540037|-1967537300|997994185|1727608181|-1763416868|-508694830|-1105069924|-386471633|411086322|-192775439|-30125582|747028761
-1342979327|-1801196239|-1535785198|741499445|732232362|-2132659884|-1796453187|-779812737|-1989182978|416401611|-815031658|1368090442|-1329179479|-940131681|-1240531899|852516645|-564154265|-1456705063|-1059013066|-1795775893|-847737163|162158372|1141436521|152848769|-199295541|1971708081|-73071994|223491932|-499522360|-2023015334|2004127028|-1820374459|-1161502929|892598281|108584106|-1019259680|455728018|999640155|778702981|1086989161|-1391890036|43380095|364766428|552538433|1583227635|1695909476|-299272047|-2013924695|-1846150066|497959443|1380492521|-151103796|-100579195|-858060968|1890237023|-41785854|-1624486953|231951016|-1574062412|1664278610|1940208143|2067241534|-695318454|-1380581319|-909190150|-659011450|-643550542|-299154007|-579626989|1972492479|1797777539|267545940
-883879461|592932461|89397289|1092999233|118152105|631102349|2072962846|-20133466|-1621997003|1086458626|-1900802256|66009090|150567790|-1219079489|-487937625|-2106758499|-1638913271|-60009566|-1268693858|-1581089042|-1705172827|86849222|-1112967230|-128264183|-1044521936|-920130540|766607706|-1046638250|-1213586296|1579957792|2001481606|1494083715|-1253090203|312659762|1014471115|1875169979|781304181|-1614851167|1805086414|-1999490793|260045256|887856487|1289738847|1041782868|2074579822|-1130410766|1987725241|1227612102|171924062|1774271288|-1497529337|636283789|973514904|-923995891|1634141482|-1372690939
1002946488|-413443911|1242750082|-279436864|-1019851069|72351561|923661117|400218021|956085010|186726381|586458248|685597393|-815766730|-994410496|-2005549239|-1460329389|-1358652158|-1499411679|838293669|274715487|2108624991|966375294|1315775739|-719153876|892068700|-1898233259|344386579|-634900705|90530697|518242488|-86668137|1594734377|-1456146300|-1731059568|-1300741439|-1352702356|263728084|1880274403|-322230699|-939691484|223205877|1219827801|1319834578
-854794061|1963185403|208827619|-20446881|1724309179|1094645822|1947573275|-1919458487|-1816209298|-924404672|234661858|1073511422|1449448952|68396881|346300585|-1797204671|887410337|-416381260|1575798372|25488776|-1536658078|472986021|-1298775751|1768893591|-1999586629|-1766362978|803711349|172162666|1671763907|465954005
-1825294249|1917056640|-1617826807|1217971855|-1536611212|-1606366344|-285377410|-176866848|2061504309|-1131301752|-1809433274|-495597021|798135129|-940068621|-443064639|-1263313545|-421732345|-970340675|446822246|2087387671|903562548|452766010|2102913218|-29161197|549737031|-565857055|266440896|2025494595|-1921305858|2110870629|1738984235|-1448351880|586184338|-1716378874|289933169|832085235|-22698727|-173055965|2095871657
-1073068245|669943828|2000066007|-1873944216|1538212808|-228776394|1350604910|1546168997|1354217592|-551734202|-1911130347|1122738775|-138629196|1233623794|-532961618|38567799|365648260|-897734739|-400114797|1675231848|-293885335|1895533506|1794997538|-511124444|664241276
-159371909|-976530248|-1113010474|374877603|-776271480|-1680317198|2101813042|169478778|-1274985155|501102423|1197726161|-1407911000|115673120|1512522842|1365109661|76305315|286535179|-185041461|1922335377|-453712524|-130428879|1583496589|-356358057|930739335|-75441570|-1599804532|1155654450|1614859715|257175682|1617268461|-1678556898|1680104922|1371351151|-2097299834|2147381556|-94152479|-578200607|603301007|-1672851629|-212809950|-848488769|2020477338|-2109045252|1321208625|-941103712|-1859413312|963586686|652391740|-184219504|-1454121188|1762621266|-119556185|-1872114158|-1677750147|-1050982200|1758515416|1891637865|-322090154|953499618|206323278|1772855059|1926941177
174984440|-1285781867|-1992679676|513062843|196451012|-625305474|-1084513509|-1704184939|1816206709|-1018160731|1715243479|-1295491885|1631208121|416017588|1068847613|1470122530|-1813758598|359053034|-1287486222|-2053264512|-85142412|-1527837413|-1571456658|-782407458|-1431878137|-704844548|-1662907024|566822656|938546510|-334690659|1488554865|-1884883288|-1125247889|-1303864779|-359518500|566112754|-1010155468|1606872613|161348540|197905409|1468350682|794927415|1166728631|-380676389|1454679081|-16425690|1710309946|-31636591|1298605252|-520311454|2027266549
-1826319678|-1924465133|1731505546|-129508703|95105404|1577715550|836309376|-1371643115|1640275624|-937678616|1765082493|149905824|781817510|-1515554408|-1477895500|-550251678|1049438745|-1039298656|608501147|1467006111|-1742915398|-1020508996|413540065|-1130344289|-489732760|726399676|1214478239|-521456684|1158543234|-469621696|909434061|-1550762942|-1723015815|-1213262398|1559729655|-1041017829|2014135456|-1092197670|2073635631|-1803132247|1387805254|44649404|-1811112379|-1030660240|-1645278714|530317060|-625114315|-1055460461|1110756700|1235661749|1933028320|745360758|2095636603|-1493180545|1592875775|-1358099804|1655918686|363662656|-1886309804|1296718835|-50227683|1398544332|770199585|322553830|-951897215
493637597|1781804882|863700186|825179317|-930864603|-863766461|28531727|-1203554079|-1078595600|1375699743|405813493|-1462122302|-1946977017|905137676|1008480996|-1238002386|-702169677|805333647|1898047368|971215045|988779447|1555704181|-617807116|-1969397640|-2069174656|-1172823819|229324028|415975503|-970814822|-2055212778|-1604933693|1471258726
1467771470|1612237714|278009400|-1577012726|-764544405|1278053355|315178527|-2071541592|1742373814|-509853219|1031092507|-1214345007|-910097835|-1298335846|-1799720238|-554590660|1689756657|1909838150|-1299727401|1699593906|-220121704|197504785|688604206|-348767156|825297891|275668103|-534889969|319459041|-1102919333|228712742|-1627057942|-681430855|-1904367848|-461650384|-1656834901|-1778087291|1922114475|63464899|1878863166|-992007533|1439906877|-2102814938|176584277|-36979907|-404319241|-1410773915|-429617304|-2061865822|-896455260|-933235425|557320189|1827456408|1880267669|383629981|1366330409|-138932256|299026885|1868753191|-1520224938|1309004699|1764804156|795155090|963552069|570168829|-1630852169|-1297877475|1582899542|-1919004864|-1642982776|-789997186|957701127|-1571599398|764193723|-96469194|-320968006|-2142540559|-969217414|-1981417939|-1738264134
-1206001742|-1981579654|1389191295|-1007974895|762817525|1053204353|98865201|-480349852|-1409406046|-1710290110|1142572650|-1174256781|-917913278|-480238864|-748822464|-632469157|-2005147083|435564737|-1519670910|813668321|-928036467|1783950084|-347167680|1339397797|-125962951|-1796041609|817415312|1836812950|-116960923|-620474918|1287431311
1822635553|1539665087|346027174|431018436|823434048|937225124|992881678|-1666538240|886646402|522274627|-2023277163|1958755600|1365309429|-2144576217|2027836577|-1172542469|449599639|-1640620158|-1294410123|-712577007|1333997376|-1580846531|-780246093|1088465179|-1999347778|-382089903|309196321|-1206817580|805926977|-1608761259|-199870801|714747544|1530745081|-47803561|1501116344|-2114621861|-922058243|-1885191954|450215816|354099932|-1810836626|724202895|994291486|-1256418535|-1516303396|1167507487|1206489394|-1524641019|1270923495|-746569782|-78801544|-2142644361
-980722926|-291210202|899765606|1666537043|2024625194|-2145045068|2078531667|-1670024555|-2025435515|-1198507294|-1058407418|-1358891965|358455721|-1081745153|-389147268|-270967627|-1462282936|-1237897625|-1412065505|-1975816338|-329792880|-1095699636|-161838025|-2046557569|33150657|-1279710535|-18380896|147255597|-1086070016|238217172|1805566397|479204561|-685873813|-1719839901|-1541365332|1111517183|1983797100|-1668907632|-1883953734|2146940906|-1682600622|-1181546512|1941888793|-2011330553|-948896995|-146281535|1404400848|-106820625
-1433149325|894493170|-1338352759|1529654957|-1763039639|-1871846638|568935784|1821884404|-652690944|1036470005|5792625|1044197004|-1658834225|-1591273847|-962898496|381642030|1226036016|-26359786|-1322170421|829503871|-2106815489|-1006833229|1689723848|-359553628|413268129|-1409929478|1912543308|-1970206949|-1953982648|1872113151|174609460|-798296375|908378484|536811389|-811852600|-398651826|-2087311172|1027917394|1417912860|-1259065696|1672993742|985694765|-459524679|-277931049|609032115|500773253|-1593456771|1678672453|307456343|1439184588|1107414207|-1500006199|-912858296|1320316132|2119628214|-1664035740
-873466159|-1838131942|-946740980|-1974835494|-338372944|-715858421|-781167680|1043087666|905412584|335436850|-1897461284|-1812357491|185718942|1248152102|-953259602|-2072235798|-1100194194|-1492571632|605911112|-1274840121|59400791|-669825903|-207226729|1452935071|-624324618|-626265630|-1274353740|1281083827|-468306954|-1275539139|101837434|90489869|-889653818|297570939|-1150975913|-1900338751|576321677|620180989|-2073620633|-972532874|2074122074|-1787828528|-854778434|-1121390556|999698592|268423948|-983872507|2027118110|-890915616|755476092|1422320967
1467542695|-1494250621|-642508787|592061392|-1164990021|-1674848707|1952787623|-1369814648|-58959983|-750862876|678841548|-1039636393|-843800831|1003604084|513126501|-1406807228|-1935929028|-1400386414|-1697561691|1464102918|-1420161539|-1143820887|-3138980|1899645385|-1872013058|-1993984426|903824525|587533361|582161069|-40651515|-1692477379|-1304712546|-841611233
-376093555|-1034111054|-655978940|-496911145|1035747851|606875919|-954835876|1816995635|763098180|-1959017627|998709674|-631074032|297668765|-1176188245|-2052484506|-1574308271|-1123279262|-626290005|-836319241|-79837754|-1521933281|-1216898108|-2075307935|1368314253|1724405294|864348139|-1934575365|1742668725|-1324901743|145658866|575660134|785835299|1785591297|-67944180|-411927622|-587985735|-975489465|-65531248|1237138177|-691217228|1406627273|1616331773|-788578072|1208496725|-821685145|-2142004418|-650976845|-1574048829|-1721114233|1650080558|1901518193|1767860271|54768494|1167104605|-245069455|106260025|-2044192815|1665442324|1425710324|-1561140079|-192132693|-1317979754|2107348259|697493729|549763153|-1997946456
1093751018|-344167485|1740850260|767254566|-538111507|-766649788|884628713|792765412|-1134261685|-1600453845|1187060805|-1617667893|1532152175|-2008292613|1691381077|-114189677|-1411452437|-1292397391|432848349|-1534072107|2021464545|-278023075|1057353588|-1965660226|1716669860|-254093580|-237579054|1744779775|-1207723874|756820835|912834382|-1225822713|-1796065165|-1534879513|115597473|-1181307788|-1587192218|797896347|865961199|1752008134|1363419899|-1674971054|1113680136|-421509803|-2079813666|1161596071|-385634070|-1868595324|-1078008829|-1849497519|373113482|1571737399|1215460877|767552187|61638867|2073917058|2073811187|-331479085|284222190|-925116766|1245325025|1066205986|980894660|-958663888|-1837394341
-1292712512|2010805395|24624552|-1894845512|1424242393|152100278|1086335085|-1554390205|1715462351|-1461131014|-1733155945|1024023665|594612660|903102574|431940478|-1763433803|485435565|-1125448387|1787652167|861343186|193997561|-358163865|-919878519|-82348624|134292786|1933010612|-927225294|-1604319373|965532883|508068324|627073452|-1266853943|199071226|182550826|1542623035|1927333507|-1024528018|512251611|-597661016|692422503|338765538|-1907721886|-488157917|-253959101|70197114|1677247863|-1614956187|238292037|756888719|-1660760176|345195029|1171719306|1288607407|-2043586409
400133620|1407951079|-1085875748|-264037093|-1918364609|2099485763|-2037883828|-2140949141|-787482026|1169733525|-1382019357|-734882138|1922029539|-1855113355|-1167175585|-1120051787|1022721060|784671369|-25878475|1236711690|-296171003|905965062|-640341304|-82095425|-1210072726|23195254|1519576280|-1808221953|531188171|1755156667|424503864|-988813148|-1073638906|1739104083|-1325919293|-1232904671|1843140975|-615901219|-1027409776|-866463582|-339954132|-1217309477|-512897436|-802882703|1727671488|1160744888|1929633128|-1390274149|1490693348|205061901|-55117029|1793587155|-592459875|241374495|-42286967|-1004879723|1294119562|-1360420180|-2006945859|-1901861234|-967381890|-878911002
-847064774|-1777232050|1068936639|729541650|938029007|1467030251|-818583193|840827096|-267446695|1922819506|-1434493934|-925899690|474564902|-1960157694|-1392933634|1620755743|-928097693|2001066255|-899077196|1380326332|2101181958|515877621|-291000179|1559104226|105134063|-369056752|-979082889|-1868362010|686704713|-1780314230|1596479225|957395056|649951798|-2004187340|-1769169548|-1311756690|-1369622357|1836331161|1121136298|-823700660|-249557609|-1991559344|-342392956|-1354569375|951283530|305240210|-1957452273|402621100|1517846548|-337210357|-2084348985|-2058713153|2075567149|-1976871436|-1778491368|-875511302|-1647898156|-604000671|1903689505|-1018243844|-1717125191|19032535|1269416122|53173079|1900959135|-35250399|973833144|877238914|-251264195
-1990489745|180290067|1843749221|-98062993|-1671613064|1040509485|1326301544|-1308517033|-1856141901|568542518|-282095945|-2109717182|-449280369|484980941|433170125|-1284194685|-460634232|-1643392517|-304362676|1440890343|477238257|1365133480|-1554804122|-2028321202|1273689075|-829258161|-1756530306|-2054098820|32553429|1797121013|-49676786|-393389008|182656892|130110294|-1336876853|1283956342|-971720651|-572561567|1369110278|-1555644103|715111090|1866854375|582823508|1629923356|-1523652782|-1303831410|13477489|1326902921|-1887957339|2138659595|1881539937|-2006904055|301595695|-1256430448|2012506583|1565885398|292014442|-1171968382|637444058|-1914412882|-414720751|1038987886|122780582|-1172306455|552409755|-1364147907|-640647472|2146743501|760546821
-1019728980|-1774064351|-1713512492|1256200677|-1503155470|859261951|1534328154|1319572650|-705910881|664798190|1174790455|1754181971|-1659468520|-1612365265|-1560094686|124688220|-2054925419|1329665367|966794729|-1374681834|544417468|-1625249507|-1126379850|-1202806378|-1756843380|491645813|-1543690093
-1473228164|-328864035|-424025809|930684325|-1470177565|480419317|-420965406|1200426585|-789350|341021781|976129006|-1772751159|-1984589089|684404890|-945852665|805723387|-1387449476|658650050|1262324756|-1038171210|-1417952985|1384481209|1416221239|-1195937996|-886304724|-1687759053|145601546|190136597|715242825|2263228|-1440122068|245096343|1400674008|-948330739|748015611|1721670660|556201011|140567712|493844898|-1414214549|-2117623981|-1004881787|667982421|1087212690|1882600634|-6636938|1793780699|965351978|-1275388525|1332716585|1464516684|1864712260|1498581014|1348527077|2067974940|681674244|-256114127|-2085434280|2120021591|471798931|-501835164|31288742|-156448723|1473611866|82029292|-827364411|-173794127|-1875041940|742961955|1066886663|1557346269|-642382013
-1654406152|-1173785639|1572049838|-1572520520|-814613655|-1780740228|-1050879734|-1841007515|-1673288756|-1947410158|-990718033|369222122|-1543443774|-106761888|-480242003|526993107|1104494066|-1700576540|526160824|-1221907354|-1567867364|-1703392928|-1563672992|1721242047|-1767747731|-860170855|-1129483644|320784188|-2057479404|955742556|894445064|-1496671206|-759720427|-1850234943|-421151291|667173472|2083479900|-1496967757|1157938625|1134726395|1982633748|1312431791|-1346713441|-259625942|-841164487|-2041695797|2038080089|1607453724|-143805077|-540964103|-1042601429
1201975813|1170586764|1022853074|-860720550|-12412818|1769786619|-1349531658|-22527995|-1214213970|-334172955|101532643|-988132808|1875567172|-1747252907|528724095|1793178426|155610678|-831668666|-1997201288|54911069|552285800|-858886807|-943929924
-602962383|-1918468827|2002279982|-461167599|1373933611|854787038|1578055574|-574591683|-1784769206|-894868615|-529465640|1997772740|1292888367|-1978951392|-2070557080|898273543|33515454|-645184190|-693358595|-2127163000|-1611124755|-1685671971|1073284484
-1915111457|1528515839|-1153921705|-898102382|-1756590544|-1443002999|-1265699410|-450986993|129064082|217958454|1932145493|850429116|1667563416|-622909733|-1096937569|-1072933597|-1634875439|1352926191|-719412838|1816555782|1733507097|-1917217714|2035066499|-2095869495|-2052926166|-508348103|-779457156|-2119910895|-1179002247|-791480671|-284734853|1891524519|1037363263|-190019164|857392261|-1476538462|-874250539|-1492851881|-43519204|2010001605|120740676|2129136582|1473560310|1136707621|-2133391076|-1626623688|-303564305|202531855|1706835332|-1187715145|-287538625|1835143464|-1151807598|1354489038|1676076271|1195081172|-166174243|112231316|-1710345336|-1218859045|-1893461681|-1328579351|131072270|-22220726|134659391|1235664895|1305655852|1886982551|-825934658|-801257700|-966210384|1502573575
1485653149|1826247224|536505428|-1529248226|-2008112067|-1835912659|-660213623|943980107|-1251222377|-391713039|-2098483407|1152011780|-925084439|1460048467|-1348012880|-1423168836|-498867430|588279115|-455671056|-2090936361|-1166727683|752787171|-971194561|1228605638
-399731086|1204476534|1480478803|-1437649634|-85523184|-1274161314|-1352421059|-1745128573|-1689980347|1914934096|-675535865|-1035975374|1494280195|-1796197093|1521034764|209400920|-1664849450|-1564957143|977839575|-483679515|-226022567|-1716979228|-1480400719|1822235282|38189547|1582262101|-450886278|-1801971419|-1473081949|-660948722|341094588|647814388|-181160576|-2089461942|949065213|-530582105|1689686757|-117157806|47442516|-478634688|1871730755|-1809579231|477717566|497884512|-365871337|-47034294|-1955339087|-1823882046|-1712346857|-288328423|-521790095|582168844|-515399513|-1656425223|364103843|-1808994106|-1062376303|-2100808427|237323679|282706346|407448309|1519169088|-1889030390|1888153373|-1310939266|1711135001|749714978|-213347075|812900566|-1312868246|391581531|-1177236835|1486090587|-1800985136|1655741483
-291287278|-1735965535|-624263646|1426384798|-1786669348|223264521|35671868|-2144916060|66344678|-1053773450|-1230849158|645345405|-1477342106|1849387061|-944891986|-1885679918|1780992131|-176991395|-439152234|1793741340|-173068140|860804331|-1745760979|1774543722|1590545805|933121326|-1470561476|867960928|-1553146187|-1245836955|-39848650|735833218|-1618730084|1067841702|1460357701|1823636146|983257420|423971584|-2001065568|177769207|-925817154|1473666788
-1981503361|-1931815793|1689886912|1945489168|1156396006|-1603949581|-1825816340|1331362379|2090067384|544229609|505013193|-1563223165|27817268|-1563448400|-711544793|-1246151457|-704092333|-1268255367|-461283353|538864840|507398664|1676131421|748893921|241612036|264429512|-699389295|-1398930425|-1042944253|-920191156|813915351|-2057924406
-929748076|381006903|1988895420|2091750188|-561633233|-415887634|-499911818|-1404920050|1718881721|617356455|-1908817221|1051415950|1644929701|757809640|-759896355|-920336598|-183239620|-51659058|-1447854241|-577383352|490777573|-77394691|330542555|-445039034|1235418278|1624221905|-2097350362|-1020316209|1572013290|-2377255|-292929871|1319697008|1815187588|62738052|-581511631|-2039062678|179316468|1970413340|585616258|912673225|127709671|805309428|1075073736|-1905755211|-830306300|-461190435|-442574121|-261078777|688578533|778205150|325214676|805097759|-614273181|-1248461533|-991039460|-1025148428|-397526250|1670350389|899833188|1985276012|-393225701|-1633652117|285525024|767566317|-1430408681|-360351072|-1841674455|-379911373|1614606204|-1163723227|-1110962791|-950708125|-1839776245|1854188281|-1124296455|877191776
-1967983305|-1860839010|-319693475|1396518677|707006927|394896719|-2100241228|-200985144|917858424|-687049685|-1880223755|434145503|1014345957|-1874032695|-924629696|-1389002458|592916278|-1005199200|1490238679|1684696854|-127614031|-1661622871|-297131538|662144273|1510719921|582607426|862731461|-1305042453|1840759262|-1399538091|76886520|579256236|1327293341|-377973575|400253717|-1267660141
-273380392|1125139567|-723917730|1226120868|-617638767|-1911571407|992499656|1040337672|-15076514|-2118263115|-135085997|202312930|1657518009|-97281002|1919396423|752773344|-1677146693|1368404739|-2078920966|1924363111|1900631558|971930838|589910352|-1702474550|2133856229|-1655019804|-94495099|1307585721|1128604081
-1808492759|-1073205001|-308282506|-197908040|1213703276|1001513807|-1717596203|-2120528240|1463328155|746171080|-1788133589|994679602|-996204054|606772247|519360754|-1242225518|-961131917|-1844683436|97918823|-1974369830|-2144569218|-1267789583|1777031533|-1977568642|965428227|1561754599|-248185167|1663291788|742477420|2088033073|1251670541|-1575802296|-114295394|-776397699|1222409777|1244299768|556491578|1304129057|-678524800
-671427553|-1743889845|767897143|44479776|-1504906189|388620668|-48097324|-1027059916|-587580829|-234272713|-1564160331|1459891676|2015178983|-1041527819|675266814|1566739365|-617089590|1366405979|-411099200|1656034905|-1391280215|-2108330578|62716759|-1741103724|-227054918|-1482312314|1701855762|-934275434|-2035658224|-1491178815|635077913|-1158428327|-406783716|-1811212358|582133643|468368101|1878739318|812930491|-106374170|2010392803|-62101283|-1990556497|-1067281492|250227312|1737255804|1605880347|642991426|642304564|1771857518|489589583|616639514|-1748750926|1448781444|-1517864|882075412|-1507238432|-237170875|-125800136|326703393|1701479674|1648617014|1578006744|953118761|1022408082|64458330|1258083645|547796526|1801096940|508033020
-693841743|-812625272|-905131861|911876581|-1652174252|948649727|-1756266619|-263281395|148996800|-726186990|482941368|1645924331|1474756808|414409727|-1602684091|-1048806058|-1221729586|1017533975|-1220337657|-882542404|1204713829|-1264435572|1844697332|160443407|1223235640|1424723855|1075288481|-270747396|-1864464087|61106074|-2111727093|-590745246|318377405|1604256010|-1380691821|-1516182783|-1888513354|-449902864|745080906|-1121916302|-1265174015|788194087|1334056815|1306886486|58171090|-1488234071|1574402613|1604205522|893745165|-1754725090|1290655176|-1832605382|-844923673|326928565|1672750994|1627589643|-57331763|-211842249|-1149721415|-1942348513|490959748|1494863705|746163692|1514360347|-1974006128
-2052654241|-76529877|1609400538|1364652459|401007891|-1935713295|743640972|-1075600036|1012591450|1187566522|-1107875009|645202711|-149183590|-865705742|-859925416|-1803797025|-1797952176|72061914|1898504623|1557495005|-839969960|1756075127|1526025584|70774899|-979190421|728010701|-850596794|-1712741232|452326888|-1921498035|1043772085|-1993497531|755353558|2048680331|1685843143|1245201048|-404211416|88387379|-1201009686|-639722344|-1414224573|892612413|1263071000|1962125489|-1470579778|1304538975|489359672|1083598657|-419944600|768572867|590285252|-1596323734|-118414962|-1422052102|1201728427|1818893097|897611133|-493497553|1004703351|-1420158553|-1515997115|1160482975|-941474382|1920001743
-1518982840|-832058746|-667545312|-108696622|1570737632|-689497181|789573315|316922097|-361353208|252794725|756999904|1061276391|1690000833|1045171252|-1737262036|1085032662|1194811422|-1782056146|1644293318|-2057626756|6574395|124217603|-594576573|1892737720|907795821|1715345697|1275245831|766017357
-210544880|1447119318|539546852|1664428427|-1276071394|-1369749334|-1950078889|-648243808|1959677758|2121061830|-1539793364|610707011|1477965100|-912478710|-631530145|566695616|529807061|-13694071|-2064508317|-1050286061|-773234698|-687227048|462687851|1615872227|1309804547|-125856600|-1531339035|1535301807|-1815253175|-620343017|217364806|-2045550010|64358998|1457251906|876750604|-1738430084|1382735768|-556488546|864640512|-1823451110|-262235325|-707420280|-804089668|-1374644714|78216568|-1357167974|690930540|1711995139|-794196317|-375506881|1304815832|304314058|1175356964|-1309873783|-1069855839|1144868762|1428549425|1407844161|-1353136182|-658562275|-686516230|1145904191|1190500474|-752442133|533382925|-1715181316|1796587007|-1010916285|157364987|1416283237|814432278|344021752|1683216444
-1225600919|492582824|-407217|-1693762315|-1384541864|-1851156684|854023461|1051310390|-831388421|-1123540629|-841326657|-337663809|1234856039|335461640|2074487061|-1007655179|978779953|5721822|-1483751879|-1849779992|2051478319|688502865|1743282364|1923027691|-104616827|355715336|-1900597168|-1862532250|591611359|942807008|-1138179410|-25200918|210632955|-1380387037|411424186|-145127035|2103582570|520878073|-1814003740|-324544169|1189135254|426094878|851018448|373886565
545832148|-287988680|-2050978900|-2038863136|-896654821|345321745|-1585734279|-1822039121|1922342176|899550956|51034359|1511328102|-2110293262|-607453281|821469449|-1545590107|-588579717|291044132|-285047719|-337753542|-1211665235|-1351236672|-1826002767|111692265|-1423206917|-1327425433|867596169
1429316362|-1518065314|-1329791008|598075845|-1418037592|-604425438|-1171373745|1748219041|-1953720580|288842632|-2129111974|-1067349951|305448959|53832997|-814038007|-2024935573|1463341354|1402432751|-1278038857|976743854|-494638479|-777845212|-1119259607|473257966|1174635631|-1057040278|1083076321|1389867295|-354656287|-1552894921|622134964|146509648|888088664|-1323290254|66467482|674942187|2074609194|-1424389030|-1236439100|-180745670
1495723174|-304727052|630080301|-1112071785|2094299886|-921620216|201293146|-972450088|-1579816887|160172502|918147652|-181356695|776621110|1079113791|1196317151|1181626001|-976913217|-683244418|1283045715|219592789|919880923|-679572031|217995776|278472240|639835412|30425082|1262259394|2124708611|-1027257751|-1458826506|1662197109|1577013834|1855227764|2044602029|-751363397|118621840|981441487|1282969820|1624888828|-246920412|-752843340|1696362449|-329228370|-1517933299|1415125475|1671485061|-1604320298|-650662086|-314622520|477357551|-2058908979|172062205|646979548|-796678250|1549091399|-1920191046|2138313291|-1438548632|-537521519|-146024229|1423109078|365705930|-1767234535|1623101702|823333626|-696632592|2085607731|305088402|-1558472879|-1782708115|478027801|-188079818|638844217|-738891251|-878485196|1300826371
2086398178|2083425689|1013544596|823446668|257368988|-44297771|1618731907|-974520639|585401118|177778925|-1787780066|1072552735|1968514125|-2130146401|-1186130087|-1272786134|-1543632086|-455026706|-1271963129|-1921412545|-1018170590|1848052957|-139056828|2020579580|690704548|1951434362|1795489846|359770847|444225524|-563485155|1119190260|1816457773|862199102|1511895793|-728749883|-1048314348|453583342|1801846451|-1125662835|-1872036077|-1041571010|-785575238|170160771|-922688103|1109736976
-239853017|-1285470484|-1011237891|-2078181700|1534051187|-960156596|580525485|1226311681|1423270992|-1943588777|-1323256216|-1907738651|-277249205|457281199|1434086637|620511667|-720785784|-1687483943|-2073070206|-566053977|-765092362|1254214504|-1389029044|-2049325648|301153475|593601114|-1983635744|2035603574|-1230678510|710230977|1255450649|51929245|-59516693|-1933020763|-1487300309|787530315|461367155|-671405016|-1302143752
