-2022161038 -872132801 1701237107 1849044110 -1437889547 -335012596 19146474 -1927122624 -1879452754 -216436384 -1350134918 230703194 -302787302 -555585575 -1226956128 -1016732563 -47410385 -944316106 -1823725550 -1433819962 -176684622 -1631552231 -1298874316 491630287
134188046 -1415355439 -711544395 584852931 -987421237 806912775 1887309899 2110749008 450662329 -1323213951 412798253 1116844715 1601011635 1731886571 917148968 324816965 1073301260 -510609758 752258009 1866354071 1295067607 750472619 -1234846061 1719658032 -1719376287 -322579993 912875910 1846998541 -173494014 -751901821 437074716 881888044 -45602795 -1176194635 687399334 1141472355 1221329988 1738481572 -975917256 2082019693 -622098168 -746404697
-785495995 622524783 1425488818 -1674506819 -1508858954 -1385261792 -330402292 500514878 -1254330573 -1488854628 276956485 -970555288 602502115 1580450758 -1188655001 1745029197 -1661330688 -1660146268 -1325078421 54190170 1745967457 -1205312409 1355509742 1463074560 1575174228 1364665000 960612900 2064563863 2008893361 -1981932812 1553204493 1517948286 -226450133 720805514 -303451419 -1998652282 -1776663319 1571253346 -1462720800 -1656156272 2133407572 616426609 1179273494 -9374604 -1304582094 -1089905877 247838140 -1556839388 69710579 -115431095 -432006252 -232050159 1382983755 -585886772 1164447142 84381132 1199479040 -133187519 -1757955024 643611376 -1331480060 -109795003 -515553062 1617494848 -842762810 -500283573 1699195437 -302717173 -1656078652 2085740956 -1354640826 -848801832
-800398433 -592638778 1395509566 -2034433276 -1253698982 -1592342516 2006311954 809456719 584359480 -483050074 720054216 -1259205422 1242041612 -1246122492 1250506258 -1797226034 -1328267179 -799136914 -640678707 1649097295 328539075 -1558712265 -67743203 2110503549 -227962886 909597746 1447868118 -610717647 -1293021803 -1982843547 531954461 244503755 -1359174548 1145976828 942117198 984488002 1991856922 -1496088192 1549490976 -1011619460 -879408455 -852589752
-1608929313 1130113775 -904386513 1229865945 259508775 839547438 -1102962298 -1180901196 166241913 257744438 1422430028 -110559458 1589168056 1845221598 1226405788 1121696108 109136920 773852436 -1533558426 -1214337176 1548470512 -2000203742 342271585 1439482670 -1946710061 324209458 489017408 87507030 -1492799264 -504581868 -1976199901
762465881 1905609789 1939736400 2072635178 -208202382 1032939794 -1070937054 -614697171 -1048842133 -1758273433 2079911489 -849923254 -1061665312 118900289 -2049761517 -264986536 1297635679 -1274937117 2056002417 -970674496 1499439419 -772715512 -598857827 -1208895133 -1296423521 1135979628 -405678476 -801370437 -570671899 2000525201 2044563423 -1870501824 779172136 808932287 -1483568497 1009775628 1928256279 -894217141 52636904 -296823615 804036108 1608095260 -270923459 1057504170 2142974300 -973488022 1394075966 84508960 1923724016 1266027977 2137169070 1584914222 531332884 897925478 -2113568936 194163320 -1947555442 -389534577 1314908739 -859937448 -2115996686 1718847608 1527579684
1347310900 -1382602693 -1747737325 135717512 -66623873 286770976 -1761328766 748481016 -1910290108 -1333725410 -187297686 -338261691 3201685 -1071058015 -2102140730 -1448225460 -1701820494 -193438578 1182552644 1134348986 -75409436 1086594435 -1379900102 1687539954 418119561 -1136130717 1447466454 -617150668 1622577264 1001706001 -557320551 1526906875 886971238 1538045050 1749024262 -132526427 -960833776 -189427495 -796984426 362449753
1540914998 1966761966 596750628 281077233 1352290351 718636115 -2003273115 1309710990 -244246022 1724906845 789421931 178386194 -1349054039 -1032878870 210574172 -735502473 -1302645584 2048169813 1713691480 -1049091898 -585857372 1744429032 -1157448739 7051429 837084997 -517934962 -197494676 632234037 1388627134 2015772877 1896378732 -1993972710 -1440666070 -689854478 -1646236593 822430682 1357515354 -329791859 937800179 863158891 562460373 -1680600289 274476874 -533269498 -637431009 -481657326 -629638084 1521423681 -1943913410 1033560296 871296203 -850524324 1950645369 2017438903 -67104648 -594383398 1072935778
532890597 483395923 -1347372521 1182329550 458635451 -978097272 -1270904892 -304243554 -2002610227 -1119594313 -745792917 638324252 -1948704387 -73635279 -336680985 -1553417037 -975966114 -1379088855 -1030530259 -2040929192 -1819819494 -356056883 457843157 521574583 -775525738 499808922
1236385199 -1944922797 -266809364 296095643 1022857984 -26658537 -1127666220 -972420052 753649475 451174860 -826564563 -1345481782 -1943976423 1867723943 2133503217 -553763670 -1794886233 1382011532 74109128 1010951672 1489098561 -837026640 1900851426 1171941147 335626085 -723738753 932189701 -1231130819 1700468970 394831808 -266140439 -1105045238 363718520 -534936073 1271498691 1672738487 38763834 -764541942 -1015022305 1987615301 -336357422 2118537511 -491585550 -1406345722 774559885 2070570980 595934447 -1443237536 -505639977 -141413721 806144281 265055696 -1940851727 1926828615 -1476997735 -355141583 327748320 105687795 295279825 1604006462 1258024872 1151408978 2104132784 -611336107 -2002685254 1020199404 1280176711 -1450023043 -2068548182 -1279134520 26065564 -1733458006
-2088480939 -1448436546 1083733567 1152236576 -1916831091 352014617 -660177709 -1694117036 -1825172649 1901902347 333479991 414144490 -330329300 106695094 -731671624 1688778355 -702324995 1685909783 419364000 108453658 904618068 -137679785 1588619779 -489481188 681872569 -251133855 -465214281 -843359369 -534380714 79265204 760560547 -1613701151 -2007136035 -848651143 -1422462916 -1690530565 -1326786135 1002997208 986376013 470762182 -549410269 -1925538170 -718773770 -1266156459 -33192601 -1252514142
101754308 -1109124570 158827201 -295902164 794680680 882193869 -1396669881 1472069722 1177359431 116116966 -1477691656 1244788012 2061484490 -1001538625 -2022559282 1896440185 -1662411087 1133121096 -1500759796 -517184569 1542658886 1688737345 578210706 -1962935020 -504331051 -1755803500 -1863973517 -500781 25267803 -1939565825 -1811170876 -1680452812 -386649988 269229813 -284895817 749634216 8459450 -570392890 -867082009
-1324941340 1539625213 240889588 1072702372 1525542859 1040279048 625514066 1346562162 -902700997 -956509154 2123612254 262958247 807430953 1110959453 -6789454 -1360900494 -866928600 -1051212750 2102923705 832617111 1479044897 -1420031492 -19518331 367580603 1368629827 248812531 360219103 1273361886 -149363912 -1532673466 1430910623 -80842713 636483480 958662019 654185790 572325607 141353122 -1757422020 -731300183 -1135868969 1152657961 -886721818 -418737065 235678372 -34556725 2042765316 612495261 -129749075 -874549399 1590535812 -1482851776 -624963829 -791104558 -1509761944 -1689273268 -691003439 1153841857 -1946909784
159375252 1324342025 1777576790 -1502231080 667054637 -2139584498 1423195907 -2070172995 1613535677 17318775 -1168070559 -1542024646 1630677745 -843647455 -1020041431 -1516688672 1087652230 -1021877162 -1464351938 1359237821 -413157105 2105585982 125893906 1311803889 -1298928138 162014613 2134483016 -1455195519 -1249506624 -2105266786 -1855791973 1043704170 873817492
-1321858819 886678777 1930015229 1996272109 1199092995 -369671079 1748765422 -1174766735 523627647 1076022381 1018697990 2076619212 978686318 -1256124960 1842534677 209263088 -1993019372 1814483065 -301414689 850720848 -319688347 -481091661 994930719 693125521 1800179623 1487490188 -2104314930 -1921998207 -1827114668 566802589 -1477561948 -1101229241 -344797628 -420626838 1009233375 1231940060 1955529483 -559396101 -471634622 829857721 -248613216 -1184236373 -1773679264 -1195393326 -100747714 -606676161 19766554
-94180466 568393017 -1277232795 -422300857 -958656251 -1939296658 -681528752 -1625802513 -1030387573 -1533023274 -528581563 1063499027 -1445857187 -720811869 -57511538 2044492804 1548653107 -1797812076 -226187237 -1659037564 460400804 -1191920758 -972562559 2098363256 -294144311 323749467 -672887994 215511770 2032549409 1448887525 1131658587 1148328948 -505798988 -439041690 1535096041 -1587886902 683167098 1448099083 -271051440 532607191 -316797700 862381510 1027869035 1794405628 1456606267 -1651944092 1667028761 -507257163 401477585 765717982 192915193 92576397 290949462 -1666504978 -1448246156 -718238253 -2145402620 371630309 -937633281 917182350 344618398 400167099 11529633 -473781075 1711543948 -620209817 1220026803 -986479742 -1069614006 -1631689103 -1415184922 1600455281 -952024317 -1151820860 1824670858 167962084 1352870777
923572237 1747865985 -1713887705 25230512 -1189055295 -1173208929 -1537545048 -285429232 29983457 -1653995019 -1959309991 -422619215 -1526954795 272624276 -1879929539 521803944 544892341 -1558918121 25003041 547378596 -407426037 -855524840 -51783936 848779656 -1208560420 141998821 -11668312 1826898745
2034368371 -656820068 -1536280392 -1135120846 1204133522 1960302652 -1325910158 -506880069 -118403230 662076963 -1084811818 -1709963887 -369567995 2062792656 -485651928 -1610704113 -1055449707 1617992071 1621183125 -1358241443 1429806680 -277332871 60398214 -180386759 -194304206 -1602880734 -1589061320 -1585248519 1872108378 -332886030 -511187572 -1769620016 1086434640 450230831 -777819365 -1820616880 183223310 -1679930087 1093168269 -655721937 -1764458627 -1484141234 -1522622677 -388351155
64028784 1125411761 989818869 -1120741831 1067684612 -976639896 -682975134 187530137 1897740444 -1786552204 -942039419 1315044728 -1201280456 1160002666 1054934277 -2071668487 1559045866 264921125 1912611463 -377958620 327555768 -1880305191 1523701039 -270207970 -1008414779 -721437080 1488001637 1002438041 1230687666 -1826083084 -1311746341 1604158605 531876673
103717583 287387176 -2013702597 -1059305461 1306945165 -691605502 1810797972 674837462 436581175 -932256876 -2138863156 -2135396859 -1411955768 -2146542358 -510562409 -1003133843 2122416726 1607415959 -2111297345 1663356123 39808407 -1442736918 1590611785 -1955224724 1018976933 -858559906 -795355434 508770843 2044956421 -1425754282 -1022664628 2134912410 1057027813 2064003849 -638540875 -164932762 -1386185819 710654906 -517368730 782038293 -714228072 -1694829523 -1369300125 -1322521358 1437481994 -823016363 210158594 525301707 -1660151163 1663545681 1644959437 -1516515320 1349003856 -3653479 -1353982292 46458367 2110642488 -2095850892
-1146893945 1275862674 892854189 -890000487 -2093967157 -803036289 -794433915 -1973739527 2049706079 1126345585 1433228011 -1104635363 38852760 1595375854 -1499873814 -1512020856 1435946007 -1736283500 -1177821086 761012786 -1735003225 -399348644 -2106985222 1834335082 -2135792823 385898786 -970996396 1975104760 10855563 -293865372 792057475 27612545 1903983136 1327449161 1841981625 -1537786577 -529217363 845743077 846085700 1503613840 613464288 -846182981 -1638769221 -2050674754 242312903 -459899261 1045644148 380264128 -346246561 1838567468 1241593400 73411632 108463466 -1249297117 629977914 683594013 980624004 -1700869163 -1200020156 -1241109198 -1081650824 954457715 711416626 1248751127 2123922639 -1398717708 -697536092 739330327 2021725354 -1362837665 -1954470930 -201676030 2019740369 -1424482742 2027993171 1387922004 -548439029
-554828941 -2101639274 -7939409 -1432063589 -341311743 -280811516 726380154 941200931 606048184 -128387473 1479327139 -1448159182 -1376151921 378619492 1623896877 -1654950485 1947851050 -476523122 1977980539 1217880410 -212546156 1208985432
-2127314634 -557943509 -1161595178 -1591953384 -96039706 1511486171 -1291525403 -1758836534 1515393158 1396232334 769702032 -182578191 1378965418 1282549731 247005109 1196540994 1137886370 1758798365 -1118851609 369883277 -450734081 -1415281827 1477387158 66839570 -232559530 2093757716 796579693 1331568652 -900076989 -1196751950 -1183525893 -526089582
-523369565 1454042005 79957663 718761303 -1463234181 -599210375 1206473071 1430159748 -984276625 -163958986 8700172 1960677151 -141078009 -451198645 799404071 -1308861975 571274769 2091539982 -1279939797 -1174165243 1401260504 1718225871 51139215 1679373498
-1235279043 -303888789 1986407543 -185512154 -1480986873 1207138126 -802055913 1596560637 -1828773434 -352096178 2143821669 1262767194 -1188051431 -1311347105 46065377 1023459516 -1782739695 -674178840 599238852 784257684 -301261104 1782427539 -425186495 -10646724 -1894887060 367051108 -1945654003 819624999 -2103154152 -745750260 2020148513 1043029336 -863581051 -1709847937 1496349374 946773783 1691401349 -261214780 209754545 -198778142 32314865 -1186688245 40470232 1375768482 1338842829 -413676540 605722852 182449438 -860366935 -1742346642 -208783009 2146022068 -1357681079 -824093715 -148614672 -65120955 -645876088 1022376736 -1860187682 1631412337 96128377 216483314 -817899566 -1540147452 1630227150 -231571152 1123429344 -1181182289 -364534659 397680988 -1958267448 -2013160710 -373118816 1137328320
1061518201 16724380 1437199045 659665876 -1597540035 -179341179 1611597956 -1857955398 -1738756211 -1052071487 757465757 -244503744 921811926 -1893163030 277687368 -569644737 449736927 1015408889 328813481 662530837 1954875712 1988131232 -823536793 344955557 -1233285868 -1889422602 -1878089346 385068194 518348525 -80699815 -1278585004 1594857741 1809196040 550601615 -1298555126 2068846587
-2147074770 517534229 -417913189 -729138616 1408560958 2003285260 -996190089 1448024725 -65993700 4242626 602700026 -1889657959 -593718368 -378695529 593903922 -575079243 -1028220798 -1657078261 -582867499 -751923857 2018285561 -1645555309 -1280474743 1945617507 1351393188 -2105030480 -453402785 144363895 1742650797 1329467708 -450926176 -1632592046 -650422485 418114054 1393082572 217872397 -1473904440 -222087007 1248444127 -99827413 -655704669 -116512647 -1630246186 -1399389498
-1565120730 1314234481 1899015691 -100906244 -1387408892 1234317369 -181840152 1043244941 441690371 -381191228 -513649405 907229450 158112442 -310177226 1028325357 -1112363777 1337114050 1444483339 552073879 934108165 -1591358655 1847151892 541016580 90391656 -334483772 -243300417 -1175850176 -1479636214 806141778 -1252313957 958921872
8811965 -479227110 -1461637654 1098946711 -162745285 -485154665 465722535 1347606971 1517024052 -298735974 358387318 992598803 656664413 313289051 -468230252 -601079155 1204909316 -1021822332 1260853305 -738441916 -2026634067 -458918853 -1177934507 -1488600026 1910181086 -1995825057 823715963 -1711337770 1107420471 -919678960 -823258339 -1036488492 -1343408443 -715987083 438108410 1265954011 -817980010 -1589419592 -1248934445 -1907832182 1541951376 862671189 339075684 211868230 2041830526 -1405771628 1649661074 1272943454 -1125360789 2091636307 -930416928 153841775 -1158833869 -541727991 -706059481 605826569 -1822483370 -1390724601 -1765225338 2125123474 670765583 -1197098241 840860822 -1054699926 -1372686171 -1765068854 -715251742
484514560 1263166053 -221352554 -1694057981 -1232522882 -780857540 123713141 -1745522901 -1382564857 -642762837 505509648 964155514 210233694 -2008508223 1746733364 -568090866 -1532158022 2136033862 -2102595421 -863185895 -1535083884 1411303935 1672462087 984496068 -2132291134 -1856964817 -2056207581 -1454077361 1375575493 612549217 1930426187 2005617532 1954696542 719230309 -1797922026 1762364461 -761995162 1447212951 1500996689 -141314484 1641667551 -40816026 286823222 -1541837078 940895045 2054879764 -266521123 2016736938 -1297431766 -439460166 1573418737
113645825 -45282929 -2070621273 1230345716 -1338784711 -208795032 -616008468 -1285287028 2042059917 -810239614 1297704925 -114417430 -1277498982 -1878167169 -1166513796 2139146513 -464422991 1949132206 -1622132321 -1474777041 556639726 692263055 -135091925 1690556342 363495817 1377384085 1582028674 -157744949 -1688845717 1411766573 1334268729 -1822928668 -145507068 1865215 -1713761778 -971039573 1365286235 -1491534221 -1545636839 1859321129 1587265382 1239348086 1726400064 -750349536 -1914160997 -1508937347 695334895 2019335351 746514118 300251337 -839026679 -2037104292 -267806691 -96995859 -1623954151 -1900824603 1707090065 -730509683 355712204 922004216
-683379097 45192867 -244842579 -505151483 2092159127 -1006209564 2138890865 -2136988400 -526491370 2020593361 -17744339 -1928846153 1903432323 2125716252 942670246 -1933174967 421139493 -1798227559 931387174 -36638450 996447280 1037849909 399192668 -272546733 1744525895 -858274010 -1463494528 1307021509 -359725502 1987324003 47859386 -1062751230 106755888 -1720252842 -2000708924 -1195225235 1834753695 2102390480 -1835605555 2020489025 -1202895846 -1017264323 1891561888 -2119090456 1603108083 -791289064 1817456645 143193741 221371457 1617005984 1525410919 124333551 1944035116 -90309940 -1736888394
54810983 1190515579 1070868110 -1199116658 2135287294 1779093743 642484633 242026536 1379541073 525933436 -214325200 -775623517 1492298079 2449532 269285704 69911509 1365851463 -983444603 -1446095221 1809650786 916282636 71667421 -2127739451 -1827153074 -436449128 1628768046 1673327745 1683032275 -390544125 -531528075 1452460531 -50366859 638028564 2003886656 1377940248 429042258 1586182663 1386078488 -281309924 -791479362 1703983760 940901179 802443771 -934875889 643497504 -1162304882 699984745 1202966196 853304934 2008194513 1881526262 -1801650292 840999192 -978779372 -1186476435 1493589621 1603402738 443444585 410233725 -269237982 91321598 91097562 -746097253 -1083669455 -1802958058 748582813 330478374 407341180 -1785458009 -289015931 -1777283381 -911920722
-1953653060 -783063510 -467518951 -1863258584 1334345903 1768971961 1543466951 1355373885 -886111159 186770664 -351818034 2001795933 -1893869470 356825478 -143741720 2018536727 -118801543 -1610387101 1603824194 -392404378 -237204831 797150005 -173646956 258898229 -151958599 -1951170625 -1645960847 -737459164 -1487395104 254226479 1778573536 1744533900 1857389351 635590343 -2052484822 -1107652928 -1561675129 1892081088 1085657845 1193100182 -997713644 -44613526 896738449 651616805 486742898 -1982113129 1187743633 -1414777137 158179464 -705148358 -1596200035 969901185 587334259 1571964746 -1092357498 1456535865 -1549579586 -1965451796 -916102757 1313040072 -894437937 -984484144 129553466
1232664995 -675923494 379749289 1931098417 1972765629 -1043343611 -1563740122 1159839543 -177528229 1467265412 1739503420 796626871 264457451 1591437609 -1697496233 -33361950 -1381597251 1469636106 -47513445 -527034727 1556700920 -1585460639 -490384656 508506858 1415550162 2059769524 1211861345 -1603741990 888758011 -1117926347 -946115930 1689766500 967311193 -2035299989 4159231 1841334978 204211195 283155728 -132517054 705624554
606415677 -1640165065 1641742939 983458164 925827268 -145962717 1500328728 -847286209 -905414436 -2109982558 476223476 1202553304 -723838717 125934265 1914655248 -1276346850 -2040183008 -1811337941 850637986 -444935924 -1567441433 -1126131957 -42997257 1927300466 -620928128 639214738 1537107130 1673746151 -1621989781 1878813746 1386062198 1735208701 1827783837 1049506027 1159068761 527679926 1104978159 -1175218724 -1148149958 92585271 -647427400 797570844 2105592796 -607960901 -143123528 -50529334 220268147 -942305591 -1688891337 -1789217438 -1634081688 14626473 1010187629 -1116086190 -1912568999 -612945644 -1866659292 1714100684 -199824285 1936821290 524570011 954670813 -1751586909 -447888728 1478736045 -1137088321 746849272 395070041 336145714 961002090 -1267607794 1380935117 1895638949 1758229360 1057470872
-2028888313 -1662862326 535790556 -552238339 -1002143998 727768685 -1795092876 -1065365892 -871554992 1802396002 1937537874 1717820263 -56728739 -1647790059 -1296987388 -86694036 -1604497109 -1694328020 -42958280 -1852871826 -542742923 -2093523173 241525635 -1453044731 -1409684201 -663954506 -1236893347 -1192288984 -1404434516 762558727 -2117358480 -1961579223 548098936 -1077987999 150176273 499141344
413841588 -982474994 -827426005 -706895849 -214644445 -1418675543 -1440149099 -1987790540 -1281608493 -1299452444 1570742356 93213600 1740997894 -1798657281 -1891470471 -1595322116 -2028204441 -1684723393 -1955230878 488016931 268645031 -1236842256 1817463410 20547284 -1792956600 -397397077 500550148 -355218028 -954608201 2104835292 632097436 -1686620718 -723539808 1178846846 -1879084193 -806266293 -15902082 1295396392 884954308 -1356269136 647895408 718014029 203383436 -2083251323 1049531475 202776511 107960559 1170349899 -145701620 406529909 -738115305 1693129185
-1635656563 -273020719 591144230 287568283 330965651 -1176018559 1223067107 1016012533 -1548848125 1545607767 -69153816 -1015454056 -35948276 -644650560 1016549492 1599859801 339986070 478075422 -507791655 -1576025260 202508678 -120992326 -1443277984 641635579 1914446400 675335673 105815145 -1739709071 1971188845 -707126835 -383120938 2123319576 279637758 -1240455314 527107754 -219275416 -2118021009 838208842 1464719596 99264258 -1646498992 1282737722 -128736303 1333657348 -1932497152 -1805548299 -1398413287 -402527842 2072017083 1309248201 -91806023 376792037 1055551703 -1698351737
-70097177 -1450018742 -1876051778 -1009338529 1104553471 741665391 707671596 514732941 -941728151 -101697783 -1100666511 833221479 -1215067112 1269028999 -75212026 -1329264840 -1371465786 106031753 -1480028564 -1550680426 1815728717 958735523 -847159384 721218243 45633845 -376095392 389350382 -1718541483 -678428531 54524296 -42802789 -677498599 905772542 229469093 -2111622296 1018069813 36573468 1486497732 1733372636 -646131060 -1828367105 2009755512 -1387248126 -758556827 -1740544238 1175820835 888458332 -57002674 1141518122 -594985608 1638049559 -1732492994 -84306726 1517804091 -1284175745 -1861777927
1849626955 1861523124 4008632 1062695603 -254958366 1559825822 -2121621496 2109825576 -944649702 -2052158435 -652724494 1717077298 -1761833294 75890821 -976779685 -942061117 -1915791598 -480548791 2141733550 -541543490 37009548 2022954741
1278918421 1664496612 1772124257 -995167022 -1782296813 -952855535 7537187 1144933188 -477348106 -1868499643 2051229765 -454140184 1442080704 412137515 -808654537 -424406771 -1676890290 1434903919 -567851770 -1859768930 1733260457 561104258 -355912754
-1312297573 746827934 275591021 -1185519289 -2067248763 796547848 -56499079 469866235 1247718767 1868046740 -2111938957 -2006333863 1058364769 -1027138962 1370506044 -592891861 1971037936 -1365905898 -837955129 -1079409171 -21339877 -952451924
-2042060111 1011881303 -1052208275 1608062027 1805444675 2084447719 -1366804867 848999777 293707404 -1145993871 153961190 -1003295081 -1103748293 -1983458354 -559092512 -2141367664 2069923745 1572008993 -1471422894 -1277040267 -1267792164 1989570602 -322111079
878808631 1221803228 1828914311 -300113821 263653840 706851884 1755545517 -520539697 -1529849989 68868139 165227997 573432852 366281702 1371222870 -1862725654 -1899501084 -2126236163 549644845 -962275151 2072685807 2082368656 -1592995327 634527068 -2046004511 -2143620558 1933549842 954058213 -557589105
853117913 -1320713767 1802549868 1611932400 113763233 -1188477602 -1996630719 440727705 -1933473189 205197943 -1683963363 317658612 2142523315 1014207109 -1898458487 345853330 -1509782690 -1738914800 -466245120 1412253791 307202229 -282574649 -1427298915 998040910 -1771137145
1510443798 -509907147 -1930308054 1901836309 -413519128 -2009215755 1074989267 -1177696392 -454024749 277024733 897716775 -621297307 -252754551 -1576467377 1531568401 175884880 1346914465 2099685540 1672865750 -1086512337 1308307921 236760652 -902860699 852527417 -1901444516 560621882 -760520205 1059868144 1171769289 -2089299586 -38384697 1827892065 1724044501 900430642 -1649030830 -626583382 27399593 -1290950502 -2083286142 -541154627 -298110129 -586687865 -1116220585 408784226 1372093026 400720635 -1954707019 1264337026 252033285 -996622830 -1549459332 1289209249 -1890023402 -1397476065 1215723733 1338071468 -761826398 -1956540395
-1053894924 1127659162 -1223681752 -1507988951 -994493574 1440251335 -17467725 2056307825 977719148 -1733696005 838377307 -1514001331 527609839 399845768 -149590923 600229400 1771815455 602190070 -998478172 439101872 -1379839405 -864421137 -523704122 -577925747 552854437 813076350 -1696525039 794791702 -2088438863 -68914568 -676128648 1916775471 982038171 -1630615239 -347912109 1388921366 1391005527 2115151764 -2103007682 1622877551 125388836 1396389892 1758377536 -1655298148 208555864 1375449894 -960883921 -108126894 -1097368477 1544346219 1794073939 -701744535 267395341 1717234184 -899768502 -1701128462 -706581758 1070347826 404661546 -2113932914 -333948529 -1447565433 -1338261012 -2100493571 1765788590 1470597839 1982697223 943716085 636676671 511010787 -405720485 -1866834380 -783912296 -1249586196 -600893872
1184081215 -1091505455 -266239937 4759534 1428937973 -664691734 -463230704 810879304 2030047735 -1258465799 -286835677 -458049390 1931922815 1558879833 -1496817549 1295266471 1456427408 -951980169 -1927892999 -1383636960
-344638847 -1221869234 -1092124626 506598268 -431437730 531507091 2121987241 361874065 -540756515 468323476 263797608 1884592620 1917157168 1108789547 -2094618414 -1602484065 -1975169381 884154338 -1871136843 -481505704 702480999 -1382548004 -1324416426 755564774 1973886493 1392240116 -505792312 654730747 -1316611344 1201629734 -1685346175 -467000013 -821900422 -1745004755 175974697 954144341 1243793067 383743598 376079029 153890775 -370012675
-1978490700 635754919 -1658690836 226912123 1701324521 1095051304 -582615131 -1744088111 -1352778983 669533050 2066786045 1561331450 -1613260763 1428651774 1615151012 310048948 -1274331558 2111104281 170225306 1450433532 -1055697657 573324087 1671161057 1189506223 -963636913 1006748178 636572787 -1347292301 -1752058303 -790219213 1550270582 1693623255 932839973 1970001080 -1483531091 1711290552 1706466584 -1892652968 -620269518 160396007 1975213275 -1962106204 -597692575 1511677448 -1866698265 -66501233 -761216745 -1114800196 1599459780 582934832 -1222089956 846615810 726561434 734865861
-1445871142 -1208275961 1130572283 738482014 90134314 -2102505165 -1415457429 1166796142 -515337499 1002330146 1479982952 -1227907301 -885424534 377430601 858061303 -1943202456 -1023783127 -533808541 1770938654 1134656317 -1620054644 -1936745596 -1011886495 911709342 551781907 1341642094 -1385746295 -1882659553 1691322561 1128112674 -859708505 -283192937 175291062 -1822474054 -1367366313 -1592284909 2018524701 508373365 -1922789047 1820248333 1405989960 622522131 -1393913347 545673438 -1148264936 189555043 1385828813 373561456 893410978 1748616473 -2024916944 1014685239 1719239694 -2082523931 1663645500 -638328735 -1468581182 -1860665408
909923659 -1108308288 93067400 1633181603 -1109559497 2070372172 -1734546737 -277295247 -446884036 56502482 266610927 -1419153004 549448573 1795557637 -1104058527 850790592 1260784797 -1350147765 -1155491506 -873928542 380458610 -97404073
2125145378 -951279624 1360122903 1653567985 1528951272 -15335801 594473169 1073896227 -1539049950 -1635940280 898949768 795451059 -884369277 1126517221 1985633188 1934530990 -1157134450 1250321279 1511357393 -1981002360 2033386003 651854053 -1410157018 -1021069965 92513273 2066227457 -28215926 -1748001549 60734270 -1165533035 1058808659 1080478642 -789288644 -975422425 -1673038801 -126575984 1534530605 1168014650 553590599 610092542 1436151025 -1038694722 -205233247 -530280052 931892494 -151292728 858062789 -532508481 426635511 -1227930747 1341620131 -1896109785 -1768074608 1108275564 -881589069 -59891279 455845873 224022706 726592606
-1026635158 328760323 678230172 -356266397 400263622 1960714862 -601956643 921504427 -641191980 -203940192 1716281645 -311921991 -1856686046 15453524 47535506 826532345 891502603 1063376650 938557368 -1745557653 -664177932 -1794678538 146563279 -908107337 787478226 -620963525 1621844404 1050757252 1101405422 -1641491880 479001422 -2076100855 -1503372564 708354530 -1370275526 -601715741 -672772087 1920972403 -1068207446 1132147241 1493785251 -1683891998 -45255286 -1808504899
-1358705484 711876579 1071715556 -1661552572 -792656943 -1571048572 -32929511 -568018739 -1852024454 1905602526 2058727709 1223689889 1129121914 1885167152 -820241838 507301690 -1645719397 -1169474589 367875913 -1619741299 1278967643 1919002422 1410898329 1944111435 -772714529 1646162461 -547384078 -501928349 -1667705304 1554857830 1658650481 -1175373620 1330866564 1938329118 805454645 -895549312 -1957543354 -1449814222 365311281 -584470069 -1532772679 -2089950888 -116923069 -2014175803 375096145 1364438831 -1379542138 -1380102372 -769660381 2004659109 2046514915 76621590 416970134 238057624 1845125358 -1051769131 -1141884326 -1695611969 -1540175121 759089373 54686873 682411467 549677117 -289829165 -75056019 -713994295 -1590421038
1435078033 -645477687 999063324 -380399308 -387639718 -835760700 1256480785 -571712506 920748519 1774136762 1137190021 -978652965 1137914263 1128901659 -1516442433 -1273429939 -912352837 1526703975 752164681 -1109369360 475051404 -466210280 -1786806266 -52180009 1161184863 218444735 -473422710 1612347997 2026590742 -1949534100 430168485
1937741017 -2031103406 592694849 1841352274 -1075586554 -855559765 1358468973 -1366792916 -375426971 1167709913 -146218567 376491201 449588640 1670513357 1844536259 -947153412 944420081 844679596 208201234 -438376478 -595069667 1076095919 -2023984094 687758619 1514672544 801757258 109382335 -1340754511 2040146729 -1785315440 -436643946 -1203347178 -614745272 -57944619 -1675403768 63251563 -1024886939 -2087965292 128652609 -483041025 -1928925452 -2046243949 606360457 781434645 -437954330 -1200694972 308255449 1473921257 566576226 665917806 -1759339855 -1415314955 724967604 -1419115764 -637109464 -608754064 -1296969595 -1119213963 -1014545084 -390086889 -1937654708 -584761156 -298779509 1139713326 113121284 -516775591 -1735639590 -1428450615 17780767 -465844728 1563785076 1882848071 1843712442 700338417 -106492323 -18585569
-390808312 -68156183 -759538210 637696308 -1156877130 -2129267057 -1878454928 1353733114 -1744949575 175799554 2130138525 -1975668426 217298247 -175549822 1894897878 938470952 -1993573511 -9058962 -224646350 -1054247370 1459266791 -64794338 -510108494 172538331 2139120527 482242543 -892967988 957030623 -1369714694 -1119356258 1605446695 1139829704 -143286367 833005785 1626820002 82720912 -2070258292 -940079341 1540992922 -1869963625 -254015173 -1743817321 -621110164 409998811 -550223926 2091713759 1107036472 -1023664795 -155364529 184238886 -1856760344 1936545030
-1376039108 530254192 1198325315 -65973584 1853080728 -804893098 -1980032883 -1965828681 -228436813 385364853 2021887157 -1031612779 31269267 -574327555 -1739187298 -647890441 1477881253 -96087619 -1742601165 650580253 -1089440560 -438226780 498177179 878421251 -927628602 -564716924 724638379 -599158843 -640181604 -645100519 1812981660 -1337112513 1881064348 813720650 524376829 -668023821 1822707546 -1657605458 378480874 -2100554961 -420500220 -543593903 1879920510 -370205841 1620876798 -552649545 181628805 1759122431 -1235771474 1951637792 -98141066 -972248860 -2007589229 -1002320883 1299773343 1014884348 138495644 -1990812926 -950588766 363158628 -1243773769 838776974 -1531439841
-66450009 -271287160 1753416114 -203174943 1306131994 -660271974 -140184032 1392467307 625076218 -242712317 -535792948 -1601139787 2063065347 1322324376 -877316753 1401952685 791504533 -1924034805 925168391 356914971 -1377621302 2059119727 360004880 -531288131 2097422027 1071308027 389940721 -1727444813 -2022289825 1081657869 -2070447943 -534245347 -467312444 -435903118 -1460594678 1682465538 -1544301886 -337191964 -1899538347 916434291
-1963004973 -2015614649 -444421904 -10141303 358704232 -1075174782 986258697 177463234 -2142744378 -753842289 1025148488 -730241699 -796355694 1102550803 1663289166 1963011514 -234686795 1082579265 353650747 -394536836 -860884128 534012304 -1782372269 -1170291620 1179743824 -1588152403 264463837 809493305 -1362746286 -1999086671 -977788850 -1013826702 -89267447 1943411094 -1498916697 -1692882312 1422371311 803905511
1158266014 1584193433 -137343561 2030109939 -1707561421 -485570754 -35820589 -1651106378 1757735378 2111750777 -1200732870 -1211256189 -1408067593 1947364173 1945359053 -1566995262 -83618859 -843003286 -1500189118 -1823697669 -862627481 57028014 2109423710 -1399916795 -344473403 -1427086610 -1379639709 1278076002 744331960 -1257415947 -224212282 876255465 1300923024 -1903003444 616680740 -788363867 -97093324 -361557701 -1288022665 1369753085 -1096868487 -350167409 -1701421436 -1633205484 1535350199 -1365676898 558072727 -1557124750 1048379033 51364104 1202503026 -256994077 -378637515 -481180737 -1392608638 -1140353377 325386844 -1375917112 -635992492 755693995 703669554 1099953218 1432122439 927295870 1216908032 -308503129 1800044929 -595861786 -2062004664 -1356153007 1140990502 393639724 -1294145767 1741729088 751873479 1870600566 672558757
558096152 -1403351444 763693072 1470414194 -1060562202 -2050429410 553812618 1569535564 1468379719 -754677723 -330594145 1259913696 1110742034 1820633607 -1084493619 1465054878 1084826001 112977888 1474757462 267457394 -1201792395 232770365 -290600616 814588745 594727945 1665272907 -452806374 -2047060782 266874794 -1700677328 -773106777 1436355208 -99482506 1801252792 -1136293983 -1451137296 -1152847804 -858649292 1600122190 94918943 909362131 550074526 -690933769 214396287 -876675515 -1062245631 508311665 609347282 441191373 -1124640233 1744039163 602530677 -1425458265 125364531 1888131659 -60288279 -889282232 607159393 168188386 980074383 -1653910313 -976483893 64293287 -1876610894 -288241957 -15850147 699377844 -1506498357 -624354508 1704542892 528887146 1406174207 -1919631537 1079851283 -1744164662 -805356821 1558359957
-2064659705 936529316 -467394525 -1076581844 23207254 -179873031 2012970176 2032909135 -2120186615 -1215502342 209056779 2084504183 1133044699 474848189 -227147276 -533899570 -1540167283 982315871 -1390957203 167357284 1140222641 -1899187639 -1758565024 -406273265 1031786693 1977782964 1585965282 -1393836404 -214763645 1415182958 765331113 1669523689 2035157878 -1548372003 404094907 -1621727705 -1606206000 -1851651260 1511090536 121153562 1658413434 1466400837 -1053726086 287362452 -1676622483 1710447526 662409130 1600737218 -1697980352 1825743191 -145558700 2105647573 1913168129 -590809421 -475026322 -30955804 -579045049 293397766 870955190 254288400 -1469418361 -850968497 -2046044630 -1259109144 -1180569434 785102406 -1057620035
268553168 232573344 266240327 -1174537700 11606919 -1936867952 1446762172 1981894849 675528958 913913233 890292896 630851630 -1952223577 -613708446 -868776006 -1644114761 34272010 1208757586 585077255 1255926451 -404038440 1997627069 222157553 -475094873 1483459648 -197237547 1772971201 212397988 1639187840 405003685 1349658961 -1915122195 1281038526 -325669037 -432588796 1991892956 -1446005992 -565049947 -1250148614 788929285 1294003448 -1803738170 95810432 -1873676389 115190189 320212552 -1960309306 -1075014638 1020386359 -1378987668 -407450669 -1800638714 -1701657247 -973641823 -430362692 -93938853 -850886891 468747338 -1347130093
-986421013 -346044732 -1308870242 21907912 1733904898 -1516430937 -809831095 21785570 446905363 -145407414 199220572 -873406615 -1422216253 -1311775604 882949872 815659409 -1383122377 95125202 -1784685409 1039598575 -1101288467 1485742667 60685178 -1119684509 -1364258614 -2122454150 1544276799 1323603761 673341806 -998605067 139271627 1757100913 2132069839 -435876246 447979981 647106985 -196257531 -832722462
117019832 1576656482 -1558650551 -326885366 -1639877387 787534789 -265881043 -108636775 -1408807529 -878944977 1743928774 -308478098 674286678 -1823832682 688235318 1635235492 7221074 -1811435271 385702416 -305465950 -1177797324 1944427444 815200542 1860704656 -1196745838 904035093 1842304350 374310662 -152983656 2009666350 1666729294 -873208314 -1305791261 43767276 -57617303 1356900652 -2038966608 -978690200 651078384 -1050323933 1184208693 -426646659 1617931757 1359623515 741032270 -1688313703 538385268 766150392 -60579748 1091283928 -722884820 1549478669 -80586134 486713934 2077252365 -1987807479 -636893040 -1793045596 402800746 1359528561 -1167363684 1553537509 -1299114702 -1967608625 1194527470 635794073 1303744882 -168734998 1528177570 940555539 -1453588195 -196097226 -1781473804 -1048628729 121255439 1378414989 907696864 -1326512033
-886380001 50445321 401283918 -756790636 -1518724185 -1644240933 -836215388 -1313681142 1962524895 1041251315 -73355676 -1044678571 -1635524299 905017789 -306257261 1728218838 1054580927 1242347870 -748611502 538317356 -1772086421 1753390805 -1455118545 -1889613060 1748320122 -591164068 1439711671 919290101 -319071442 1257682196 359013455 152888078 361058753 873584352 1622224195 1255030802 478718873 877585040 838720031 1711164253 2118251962 -1193618622 1591715389 960801255 -1111808900 1365995012 -714426721 890194817 1074326909 -1390426434 962674430
-2119217960 -1981173938 992095266 -1122788650 11315606 -1862503180 1093115764 768687461 430853476 463441904 -1564930095 -986508039 1877484422 -527816342 -664919136 -489027732 540341003 1826003857 433887270 1306033742 1220773954 1256935429 -480458216 -127564312 1508409708 -1213685639 -1594510479 -1477158787 703836850 -1996382828 848982662 1730337235 274945369 1528815640 1467002455 756401905 -71403981 -2003777467 674786343 -2113823191 -603760808 -788738177 1105406541 -150240424 556644630 -1227894738 -721333172 1755161708 -316391899 -2126288923 -1987419103 1509876262 -509911265 -743778363 -1443543844 1874182432 -932208338 -286128349 -908342670 -1875187951 1323303942 -583562136 -1531096368 1879025744 1965873942 58974265 505537587 -82744938 1806599673 1360928471 -1902093130 -471148025 1337637938 -1860109369 643794732
2095472664 939051957 2127767856 2099551960 228396303 2107492500 670260857 -772230357 1072092408 753660938 1379784050 1659835479 63430890 1789672459 -1011498743 -1825934203 925690145 -638007869 873501638 -1700968034 1796388918 434143929 2022365216 -1351261939 1573268880 801928241 -1547585013 868641737 838693658
1319310805 -192756078 1499617846 -166854522 -1638981582 -1308491142 -432991248 -525639000 -1796998251 -263655002 -1307723658 795644507 -1310929216 -700498858 1667649992 368672057 -1892470626 1530577442 -1377935957 854614061 -871695024 1510558597 1083964131 558808737 1369303173 1277513631 773731744 1246767067 -2070060786 1732956726 1741104952 -374772060 -912877135 -680681987 1388043542 458045226 2135804732 -1755160807 -546882830 357629735 599983069 2141217248 -1207153598 542639169 1088690097 211417571 -1868056337 -681857869 1377076890 -377105106 -634957493 -83929555 2095934292 -917258291 -1074141885 521645817 1931790282 -1708418158 -2006394160 2028731742
-1065512938 22034355 -1942357687 1091611174 563525372 1524699745 -1167385560 1763627062 991807612 -1402626501 1156877081 2068550586 -116421601 -893565183 130613060 -1154798806 386601415 951750536 -1923723132 1948583012 -2009467150 -437016661 -1996585396 777833916 320945215 1949429119 -912878904 -2013627304 946564912 -1782854198 1098062914 2143019963 -712692688 980924340 1731066055 1229959838 972111064 379459519 1742028809 732096774 -1731602835 781946356 48174983
-1556562771 -1876700322 1884003563 1990793237 1963478218 -74906948 68194994 -1053507740 -569658186 -1317914511 -444550383 -1493424016 171760289 -884490817 -803549929 -1018863466 -346900289 -681954508 2068516878 784555317 -377802418 -131240349 -1435817689 -176950655 -502292777 -2019098921 -1678502059 1097196438 2060166323 1986760260 1352587640 -1052287024 847381456 -55209984 257907390 -288456359 1170438069 396555184 1677148486 269656322 -1566056509 329174854 1100251909 1762038614 1932146877 -1788398550 -1144396563 -1397677332 -1383322999 780051383 476956747 -1983751171 373173815 1121703656 -825365904 821656885 -350908350 -2086548142 1584200339 112763341 1282003734 1624594261 2070489589 -1050642215 1783051730 -509309042 -688317882 81763806 -1971559602
-1721840057 -293181785 1948618079 667691986 -158957392 -471254440 2125953113 1628332778 -377387693 -1851210301 28392149 -1859834886 -1351903104 748200186 -951863885 1037181035 709574827 1580349988 1269434466 2016443609 -1167841716 -2050287212 1558087006 1377817933 1383892486 803394327 1057745658 1747540145 -268099317 1968060557 -103619489 -1582213248 891637694 -766860870 1299715796 674103740 -1901913447 2061327709 -175161537 876056613 481918288 462462850 83633131
-227723210 -991919852 90857098 464399891 1024644064 -1178606411 384385662 -67437806 2076097287 1472615634 325673811 -1920784299 914525874 -15388943 -106070128 -104012271 501815444 34844749 -468134993 121376938 1179942834 1325840291 501291368 1432549550 1459135304 -528330674 -1798654155 579024388 728088557 -1962911087 -1023810542 -1335100828 523617013 -2033654477 332120965
934342678 51252305 -732512803 -1397151323 -1251689139 451309935 -1805543234 -1445813099 -2114844414 -68247345 -610987044 364029526 184946282 -771033082 -1465643515 940758070 -1396458452 -783752757 23230053 1795075150 -99004089 1199012626 461606405 1080165039 1121477682 402453849 1245461908 -1847222822 1545910340 384780864 -577862806 1016374902 976258390 -372501409 -1194377783 -633545156 -1870457434 -40591021 1464325477 -1557736907 -898572803 -1328508646 -1008104410 -1830650841 -29723628 -2058709344 1008759851 1974994764 1689913139 1585458585 -1708109038 554937413 -1545781477 -403285615 -1989806730 1933498445 1168352550 -147668416 34322104 -316140623
1765392675 -1262993150 -1625400449 -868407385 -1066978233 1081788809 2122048125 -456290151 -561960345 769150225 159870301 2067143340 759217209 1438748854 -812466642 2036604699 2122229508 1071770344 684704532 1267730128 -638157706 186849462 985496635 774138703 1517058995 239248208 -1633104632 -1032068654 -2077268047 -1055286842 1590471825 68015284 347139778 -503340267 -144676529 239406866 -209422478 -1447121820 43643922 432070318 -2118293870 1008514954 -862624204 1215033367 849556116 525700564 1299330833 1088571654 -515712999 708205316 -1207315274 -581827317 1321894856 321483931 -1582656553 -694634392 1192592737 715182427 -1367528698 68787517 278650897 624030982 99233058 -1847136540 -1671820281
-1380436211 597366686 -965034682 -785418844 1358087329 -790326162 1523958717 1635668121 607445219 -74337467 1173641364 1110553544 988947833 1276612446 -981701432 -4738745 470531417 1801580523 -1091973895 -910534648 245784259 -42996495 -359321982 -2125447842 -32411536 -1172603280 -663324214 -1410491711 -203502069 1990744518 756082137 1227031501 -1253187616 1436074324 -724780754 -293406576 -1272710701 -653448607 1810613198 -1831348220 372716946 417193278 646112928 476575450 1771060238 518779819 531905528 496885369 -1336233434 1276729721 -150293135 2085025861 -1088209755 1831711600 -275692801 -637851356 -1671606418 -1159180174 -1689462973 207888701 1226456053 -1310881568 1348590881 1648583682 1803432689 1874866235 -660409713 -1300083600 51850575 -358744818 -1177551696 -1517842027 419754089 -576713973
1925320530 824222071 206494580 -563040111 -1794058398 -1052402619 -2090108996 -408523114 749522586 -1211858650 -1419404691 491496126 -726115726 -316363224 1586561612 1517678309 1373496003 2129106824 851071930 342091461 1722690513 1950659432 -723637156 910542035 1174129804 -1710494529 -1395962626 -719579064 193021203 1397215632 396557748 -74792835 -1678542472 -1072172962 -507965374 -1131427461 -1753574198 1456412894 1686578365 49479122
334001134 -763554703 1530675625 -828564719 656516806 -223172859 -1135867114 931528091 1580692844 1746728413 680692656 1893537284 329619565 -852745793 -862494879 -1447749588 -1600013879 -2082718024 -129182592 6307397 -124465874 1435408960 1153900830 751531413 1490368361 2075049884 1218517407 1943606137 -1130923751 -1401364861 534592652 1917015724 -500019035 1953331204 -1985271896 2001680585 791578479 -950504026 -1805202880 1159484430 594140745 -107999536 1873275079 367452514 -2078814937 -1921900437 -1970420319 -144895336 484575766 -1469261115 987497279 -1485222667 1125518189 -263591496 -1254419605
-68421311 -1019118837 -1589655580 -1525656521 1187430941 -1781741801 1644353581 -783397127 236209906 109445037 -1354075999 -1751710366 1349505612 1423821111 282402507 749177954 1326993094 692888093 -2039042316 -1403957069 -907087680 1999166569 1236061948 58581785 1397376846 128978349 1499105901 -1695759126 -1976244109 1834817828 -206113844 -1620903728 -9556850 -1802356714 1718390579 1899781069 -738808556 1697686657 -1498656228 634063487 -698779009 1445841397 -70235010 -1997449563 1367227781 -87023425 207048477 -383315743 -1545619571 1597773641 -1077664994 1675831998 -2084219298 295415232 1837115097 -529599243 -204091623 1823582199 -1836424206
-163318679 -1168934517 -222727510 -49425282 322321400 240341062 1609023090 -1711066367 -1944279260 -283778872 -154730559 1667389060 1353712370 -2035951261 529596199 -568228264 1720759106 -674160825 93910432 507842513 -785744572 1559902686 354557485 -1367983539 937821482 1007325305 -938128224 -1035536523 -1811418338 1922588204 427335095 -1832266813 1361638262 -1055031307 707368044 -1717966013 842073638 -901086941 1485518987 -1645812068 1551094134 -1772910091 2111769220 1574257745 2050157556 399185024
-1128041916 -2136583765 980978646 996868284 956857212 1257928852 -1697171100 -1932980982 2043235879 -1632192436 416031900 1131779002 -1009918494 -168429305 -1075328813 -1667802716 1393534519 1946607044 -713898645 907063675 -95465114 11001281 2127752244 -1364954010 177702759 -1335426767 1137201679 -2045153330 -1368446673
1977107924 -1849271175 1742568498 2041604839 724980085 1845342935 -779679191 -827132380 1306110307 -1804472164 -1169016556 1780604651 829402672 -803200114 208592770 -1672406406 180511861 1641532831 210524432 -773333127 2067007221 1515484734 -2135040210 394955122 -1990256894 424574185 1615145513 -411385985 -688091361 -114425594
-1836658108 -1842865178 2120479475 2071103976 -1648589537 -1892384981 -988110245 -845728224 350402206 -1765768862 -785359413 -955264548 167812145 1407128893 411301764 -685082721 728794400 1714131353 2009351058 -2140679146 -1620617026 97330586 1802560285 -1645268763 -1128709153 -503649516 583790846 99739561 137841030 -1882965204 -429825131 -626753222 1267247842 83306814 -2134755367 1494484272 287201915 1681475585 1532934575 -998097496 806219432 1510284521 -464749184 106689352 -310065340 -1467947572 2038030085 -628595329 391862945 1481217224
-2046721263 391896507 -1869142429 -1674425216 -2036816174 -2008106064 -137513485 -673119348 -826024783 806522991 -253692865 -1921052447 -1551109384 1143773872 942007398 -1924017390 1165220817 -1818633949 -1786182913 -294373572 599139083 410535659 1088240513 -1524822879 1807580190 -1046287539
-1078035080 -1853248404 517124260 967284361 1952694526 -1325247031 1551971992 -801492393 -1334879536 -397580995 1995051919 -157538010 741178236 -1873335800 1079654754 -1683751841 1859343956 1326864613 1036284244 452634595 532512902 -1225359469 546120511 -372757716 877440361 -1804096368 -454108145 1664942258 1340169241 1186615079 746342260 1647388559 711739973 -442854483 324767955 1568121701 1125302343 1752088582 2015518589 1024431743 348326516 531649646 -386342366 -179676618 -1819888715 1242559605 1209900423 -1534051947 -534424234 1190157387 -716508553 -555503040 -444329955 1430578749 -333803786 -1981980783 1432027806 580150399
450425859 698044621 -492219604 -2050437407 -1045568301 846565588 -1182488950 1850276052 -2099991580 664383783 -289883759 -171734895 377734114 1531358164 1873158317 251736594 -1923235158 1347525407 1567384770 722979334 -520342039 -1498348722 -805508495 1861080512 1027155458 -1114479168 702450073 1028826738 -1596759243 198013252 -1542153952 765490074 2133328125 417948583 2005168883 205596859 58565560 -1759612786 -715082678 851827280 251954317 -620347002 -623788496 -1681123843 -1082634359 -1655970983 -1182320062 1122730503 1535066123 -153307997 1465296822 93945862 -1380704414 371272100 -691587937 -1365784871 -973141580 -1931642538 -2119473298 -1520556071 -1799676639 -406353983
-448859312 174421799 -1277124210 -340091579 403222572 729031751 796318938 -1282879433 -1663100177 -1866865175 -1097125043 -2109944403 -1053777943 -207228292 1108781418 911332725 -833829719 -386067487 -1514531033 -898175463 -848087888 -1365522423 881419712 -587943907 -42310296 -1213773860 1744590535 -7470716 329778516 1485674588 949758080 28476825 608479879 -409794038 1122413419 -419314453 -904432550 -911357304 13933857 -1366666856 495817817 206990463 -1612030877 -736072754 -1071844739
-1432925585 -1327764849 -1649385312 2118968243 1931046293 -1165661005 -1344335572 122725861 1667246346 -2018044365 -1667742442 -539775230 -1849549316 1609915811 1191666954 1460536303 453478886 -1337414144 -1794901529 1769656621 948680229 -1238835028 -1197197202 -1615749502 441273546
599790645 -1859348264 -1846630736 626565213 94244321 -670099868 1109681873 -1056623146 1625436307 1586346250 -1893599531 412900428 -1402277214 -1932799233 226015467 1329488937 -1001460341 85455279 -824704292 1835992468 468295973 1990963937 745092701 -1919470535 -2045463016 716261401 -1637578076 2146036559 411988879 2123582525 -1255122115 -2131020330 845503532 -1748906117 1529221149 1837692705 1045177916 2053225833 1949627127 -2014759021 -1741126868 -334888595 -1689483826 -796264019 -320705990 1879313758 -637718837 -819274937 1356913263 1505470059 -1906881201 -1506212067 930891723 -1234953157 1660816460 1496988301 -568449086 1452756566 -152795696 1253827486 -473411353 -569039933 444664802 1510447940 -1015668250 -1458546447 -122967407 1965981665 536126392 -438319142
1829843983 249436945 901353061 -1229094552 -417167972 1513667867 -510675189 -462915568 939458773 2080340841 2004633533 1734564158 315880455 -1881728218 -475735291 -1961214437 1614063426 -1130296436 -1688459413 339187858 1403309152 2093002652 -1396041447 -848267742 1443588933 2013204235 -825663039 -1236165644 1957809767 1346642555 1580442302 1538904111 1554396048 1109143274 1841534329 -1080105845 697451746 -294460305 776394254 2038453796
592786466 1682912302 1807980176 -845880806 1361449308 -382882234 -379366861 -1415437150 1203868192 1157593825 1679574993 906734685 1322066648 -650656694 2060944740 616714530 355123523 1284962932 1538989615 -1535575430 -395283795 -1926570210 306687506 111346272 899967329 -922701774 1232748064 -307265464 1133612380 -723184530 -649109906 -25182110 470768707 539209285 -813856467 -1153996001 -1613540203 921860359 -2113264901 1885937907 655450148 22238271 817736821 1686802012 -342625855 335044955 766572816 1590115363 -833893834 576591762 -294224087 1039769570 367171704
-1811933863 -1626984251 886761757 1199365144 -929910514 1665959060 -545580789 346800180 2115959383 1889450224 325599089 1000660107 1701759230 -194007844 -1213119749 -1023589809 -2063278373 1072483967 727289409 -855760114 1452110695 1925218599 628496255 1255985239 1217619087 1518755729 1541844875 -679439966 -1994972982
1474350083 1748333681 31563373 -1627122935 18890949 -436634958 1916728381 -158752112 -1125802844 1963182951 1752262469 -1100079857 2083593559 -134493816 1894187498 1618757915 -400265548 592459047 1598621756 2042569613 -1553684194 -1988314411 -283255410 -1339844731 -1493613764 1561236804 -1003802808 1647260338 1606150891 253699373 -951092997 -1229497903 -633833099 1795531635 140981685 121160051 -316967166 -1200664184 1380143766 1126641410 -1858018994 -970994672 -268716381 696894981 157034908 1871799235 1279390681 12084642 -313680406 1086824599 -251300475 2119359076 -574049947 -1138470115 1895546834 -1814894529 -2026776545 -2009999318 850695331 -895061808 -1781405186 1700491962 1191907746 1171208680 1827160311 1471602706 406985625 -1562765237 1694762620 1838189092 355183360 416776884 1335911474 446561334 -1717580330
898010087 1204846020 1686205108 1831709755 640928451 586938277 1759269150 581792078 1471224764 -165378195 -997686500 2036895259 1529670991 243754259 141927433 1803032882 1384058476 362413778 -1098348374 -1216730508 -1731594575 1820618579 -2079071103 -873875496 1676402139 -1152732661 128282723 277936748 1755666041 975845858 1919313480 1934532506 1468162017 1810353685 166159969 36063917 669918056 1428410716 1142757744 -451335534 413716684 1703499598
