-1154592623 -840196663 55289790 2010519939 306937939 654552236 -1328914292 321819475 1468953857 -280960461 -1975903643 -1548950535 -1812723654 1298917741 116899508 -786475729 -1209428128 -789594136 195295050 -793190364 -371035471 -407504593 -1287354989 2022442659 -1779652204 1703229075 851925258 796367476 -657078219 1097389870 1643911406 2064520962 -1587193261 -1063967708 -986704587 -362385091 -1539553448 866876716 -454831423 -498105919 -1874502743 -680113842 -992958767 994929975 -208366785 -43208722 -2081942086 911912699 -396887690 1187667464 -1285691179 1893509631 -128568795 -418915396 241774523 -1126833170 144965614 -1002162675 -1367891793 106843796 2147179478 502857957 324144219 1292649340 -38538729 -1604455076 -1016604481 -1518397990 -1224337356 1970384953 -2124236954 -823763285
-1074703176 679676634 678389530 1662692790 -1058990195 -195514535 1563710757 451522243 -1042024920 24320712 2027880064 1133076452 1304501819 517933031 -303331911 -182363144 -1722168968 -218685243 1989485980 417431004 -1707437665 342908022 1429851864 -566405307 -1054900041 300024836 -425231390 -1922580272 -965582437 -1315663198 1922064153 1802426199 1363088567 -1469979353 -896446678 -645268858 1720839443 69495994 1493702069 -399466323 -1410311791 -472229687 1689093168 -2002119721 1272733298 1618799678 1321300747
727163678 -1126469132 -1646981355 869948208 -1822222300 -1010006937 -1860036323 -419390138 902068606 1375706283 1982069724 1634018068 -919916262 1055136927 -435037166 2110605613 1650613653 2109360226 -1457060114 -113659753 919994697 1748361988 614032050 -1120432994 -460481143 -1503567232 -1275869801 -409437724 -2061582805 1055649514 159667949 -907529539 1212037446 -1493458716 -101884282 -1734822727 -1346427076 2084614998 -555145644 -1336759423 -1506093318 916298845 -617098671 -262064922 -343063938 193151363 -1212656994 -1190309321 -620378215 1667218225 773575663 1160682194 -2031867659 1148279649 1119179301 -864287747 -139060390 -1925780585 -1294126788 -1451175434 -55975124 -1898883567 -2105868186 2143749704 405718584
-943338632 -2046173345 1787057583 1232456810 174956165 -363315874 107336817 -719392574 -647553080 473432112 1527725455 706027895 -1162058810 1347990237 -1767002357 1039546429 -917217356 192223262 1562721505 -828452105 1473551893 65563698 1966239818 2088016820 -875095641 1551200242 831387455 -470246436 -1008180609 -1677029085 824002619 374279846 190869875 -416300021 1889746501 424502989 325766583 -981474746 -1374686931 1131838338 -1229395766 559456985 1774145045 307761315 799265938 2131328903 -924175309 -1321456083 -47138875 -2072306845 -1501161004 -1370227985 1019061387 -2016543066
749276800 -497896095 -1006060606 -329537494 1149070963 -2098359232 601543094 1803714969 -1181635896 -1059336194 -50667612 -828801082 -364130907 748332019 536608160 1373433973 53547589 -889645602 -505458998 -464182312 1926207279 -979137014 727982238 1653160792 575963051 -737260116 -1486214262 2093588630 -1713489807 170289039 853461184 -184784724 1818350499 914824946 518467917 1035347895 -1191858178 1030475952 1720130154 -133302119 1573052235 -1233859935 -47955182 1866710267 1996619802 -203967168 -130234668 1564203408 -1182826830 -671452275 -978368022 -649858399 527331651
1850823305 -137859900 -1492090019 1053423343 864117626 -35998226 -1339251547 -1655272152 -1691898904 182753964 -290099515 1379095777 1097949308 769993645 966489764 -253331752 -406842970 911734659 1943469271 -1886869275 638030653 1806671018 -562581162 1665087911 -1536538293 760805320 -1270841742 -1428639137 -1349718495 1355575862
846672667 -2145901136 -1484311361 1647969260 -599659242 1852797467 874398374 263851187 365518686 470441351 1211744493 650991502 2120235447 89517365 -1654198828 2021067918 -362477121 -288247341 -862745441 952092691 1888949842 -948106994 -1410479716 -912963456 -78443217 1323197547 -1391469980 -1140145363 -2042992933 -2026395305 1980685920 -887810911 2073208005 -1978139012 -2089237617 -857915392 -1445474902 397187669 -1882901627 712438210 -875574214 1698129668 -226898762 -1334838875 1109562364 -1909747869 -696112140 143192036 794112110 987580760 -2143253962 -449414743 -733732241 -1061981844 1491333786
-1508134943 933153694 -774024020 -1288244597 -711784054 -662438539 -1323501848 656955964 -1139184838 -578644652 -111800963 1821567553 485661235 282374929 1897822547 1454606587 1077044676 245900743 345830223 -980765516 1784483383 -485813525 1339566037
-9652756 1544780445 1339917966 -1970946497 156909765 -217436864 -1625372054 -884389572 -750107195 987170380 2043772392 -2115393996 -1453000973 125141090 839647124 835578879 -1939201148 253097632 -1123038511 1992960343 629192760 989931318 1139345624
-2066521597 -1315386567 -1115181568 1086053473 444741360 1562990519 536258367 1126603636 -276068030 837696522 1301928944 475248254 -640923428 703279473 1118046166 198051103 1297782498 475164636 713142624 -820155441 2088988575 -1722229754 1829158958 1830455826 -924938584 2010546889 -1275037741
-1720061630 153286061 -1415193892 -1018747253 -1638884608 109206721 1602009617 -1394821035 1716945072 1802588590 -1578503174 -284793858 496876919 241883144 -1157125980 661387022 -625510853 -140179737 -2084280923 -643085424 1203048256 402012086 821726812 111985926 -1034643435 316526154 123700349 2039359644 -2110942799 -1698107850 1629377740 1583760545 -1990102312 1197257052 1089072168 -1806230734 1587908291 -2011909177 -795928374 -510950345 -189644289 723388600 -892412978 -937919853 -42104427 -29102850 -439496973 -1249277801
121948810 -722623842 -681375818 634437352 926638402 -1565394908 744236927 -1106020130 -349099755 -1247667128 -809635897 -959629916 -273923761 1378706946 -915164635 -37237117 -1755545299 1605385602 1697423010 952983379 456162740 1813254003 -1397395535 725857636 1431607486 -1335578492 -928226980 1054165153 -1238667947 1163523363 -568268864 961422066 1668296003 -511934069 1389615291 2069191138 -341261335 -1082583551 -68944669 588381826 337039951 -1968841895 -1761723463 -984307828 -1833707396 233927615 2078791454 -1647511094 565583880 -2035559501 -693343739 -1922772296 1004616687 -720033963 153132649 1666251112 29241767 -1063303198 1476775553 1275165093 -1526423693 1502774654 -2077620942 -954593957 843019257
-710733371 -985843659 1850542866 879645497 -704994599 -33883768 -1761360927 933206391 420256923 -941737873 1497457702 56625737 314056243 -1096659402 -63120172 -946227324 -728307071 -263433477 794248160 -641585738 1643522056 -1485172590 -1105062053 708377521 -58282966 -504184919 -1424089662 -897012150 -1058388587 614724396 1712813972 1456817246 849787389 1542936042 1681438245 -1074831595 -94475509 1729371768 -952628302 -1120685462 1387910804 -2006360747 -878778188 -103646742 527197710 1544325455 -983721351 -929892933 -781041345 -414585308 -1159610641 -136104993 1665931318 2054873451 2063573442 -163272262 1792612479
-160704854 1227514321 2076082577 -1443167250 -477911811 -563756588 -1873834869 512316169 1207441547 -1232392994 -1897948385 2105542107 -1999058006 227018234 563339726 1581035335 -2085044593 -2110269719 1181286741 2045103260 -193409057 -698441951 1064584038 -1582606790 -538400123 38440729 -676368741 653080187 -853001019 1388295107
1998047951 -2084500335 -1326164390 -1360722482 929354536 -1676673765 -1551035299 -267192170 1454470041 403528107 -386665510 -211129153 729820217 755644850 525727727 -1903170961 -1001919667 1893175838 -381224563 1245230769 1855954341 1597802479 -2017212289 -965969376 686285126 484890633 1732696234 313401055 403357257 72968268 -1910243434 1157634507 1107528194 -989178399 -358349268 -649620748 610228323 505615574 -408874303 -1294655160 1443405730 -898992915 1794191187
867627546 1661575088 -235114479 -1246474080 -1199181202 -2141559863 716209696 -2083077942 -1765480973 1946050959 1910213276 -1230101869 -1975350961 -1285296924 -1743458852 1751191721 -1150350499 -1764313027 1140455162 -1609830637 199774804 -326656767 266973073 491085226 -677187801 433591575 -221079608 -1705845305 1277453101 82524602 -1152278897 -501899459 124361732 -1102619761 43113000 -893212535 1952369075 728795128 1699792105 1207488072 -243535090 -1458204758 1835205183 955919849 2037115998 1928225404 290582518 838213538
1644418178 980060086 1286329255 2144959181 1560682586 1343902928 -1937961319 -2010884357 1524153029 1375699514 -947144388 -709300670 -1697690759 -857914152 2029270893 -440249726 1367400244 -1309268483 -1159611822 -32925149 1775478548 1348596272 -1185349166 638088830 -1590372059 -317894606 -1150729913 -333165445 -1995078085 -2073213889 -549840014 -454052998 1073641730 1892754324 -2123830865 936017526 -1088785837 367115313 546751081 -1491684505 -1221110072 1703195872 908849871 -994372376 1328816530 1883728245 -1133715513 -1005444582
467978070 -347635165 317632711 -1987986044 833482301 -2013269486 1917683145 -2067490582 -455763652 458601944 786272173 -698123895 -1575316479 -1792882751 -1073829998 1916302758 -548552613 -1626306734 57736279 995785044 -302747652 -519173694 1928170485 1934151177 -1055910272 888569256 -1585295576 1552877421 -1625253971 -1567779339 2131950420 486173045 -553208324 -1797050333 -351699289 1802967984
495888814 38771322 272416224 -1034877403 205887683 -228769796 1213673932 96717955 -648487881 2042467089 1628548692 1733744595 -891406662 1210496887 1503096773 -1363034503 -1241781941 861850666 -1702979218 -596471325 1529807086 1693104394 1093082227 667459274
-718687558 -1860126752 1443130808 1023879291 1430952138 -1519884799 51955657 -1232558257 817271319 -679556368 -167722059 1003793199 -765555855 -1201768338 -1040507123 -893254533 -2129691521 812784374 1967876036 -442124787 -104098081 85451791 1629862384 1742789038 -1637563503 -851393054 -1787685422 2063849419 -344517996 1351570443 979407379 784393831 -1448607535 2118344115
-887946413 -1392920520 142382302 -44283432 -392307299 810528296 1043322625 -1918631244 -1298243002 -717994988 -808457513 233636071 1728766006 -825930141 -1453078668 -754650634 1610413940 -1398299242 902936729 1780168874 1282328465 -432003665 63435850 43750675 284692837 -1586315311 -1977584226 1455212752 1523531773 286163491 1764176085 -476136562 -1155691309 672643578 218559663 1971839950
-1634757577 -1525510917 1602877418 -232265938 1684725740 1894054509 -1814942887 1563493137 -2040539323 -122891340 728333361 1801855255 1078792869 -1096539188 1970132205 542315421 -260437489 -973645424 387253872 -1337102107 -401356601 879959186 458677833 2056332806 -1504790728 -1317397713 -1960059592 -308361949 -20930792 -1556011555 -1977462287 1299448543 2132037065 1281436614 1189338143 1338644239 1047165186 615771290 -530474069 -317918031 533842350 -1033276511 -1090678723 142183709 -1552273132 -1064194033 -1586762494 -1912565126 904260663 1479982747 -1754307408 -328307341 -1281566337 -1109804975 1967108550 -315598295 -1458764648 -1074980185 -1852186856 -1810243478 -343044967 -385540913 1114510474
539445353 1797752395 -250156005 211518227 -518468258 237624005 1933742885 1406939329 -1706968026 178646816 -914998302 1913637295 821786602 1123695562 1805165362 -512127792 -878466129 1565294675 -545739110 1062744630 -494976512 1641712707 -1324259696 -1033858545 1692578506 1229865255 -929246987 -1161345326 -2064200826 1149706733 194736098 -1291469132 1748981148 -73596047 -1139906394 -1436913567 -310690042 -503008681 -260139249 1170941672 936126772 1928897050 407572712 1701550326 630030895 1893005669 -564273725 1763295046 354520065 1832357793 -116529416 1829019223 -847448493 329887695 -320773139 -1435928736 1637871190 648197271 1498695319 -281111423 -273299226 1678758303 -1225102273 927081530 209890029 -1132552672 630036105 -44640224 72930309
-218926927 -192988467 1111846753 1293679736 1380459800 -949751528 -1363210516 -85299383 2143176447 56646277 -1625410382 554266988 -2081614703 -472627969 -1865773441 765660765 1798460710 -1288656956 -594688059 1111535325 341661637 -2078238304 1780946370 -1565123506 2032981483 764343901 810082786 -412555967 1266794122 2069653369 -1680066975 -405735603 -3855020 580961305 1492898100 42500642 1881150008 646839357 315818281 521041885 -2130227924 1505362741 -1549094580 331366044 -293125587 -1711772332 -1909373299 1707370325 1189489027 1380168930 179319711 434732515 853844041 -238986666 816604962 1377388129 1784167724 267080644 -308479997 473037755 -44814989 1201438612 1312142371 1511809921 449846846 -1000010124 -948341450 1359923966 -436341230 -1704519537 1906466797 -732282487 -1350360428 1212862974 -1221824169 1478534170 2144501396 -404942209 -1473184124
137368653 1004676196 -1542976917 1440973712 146292714 -741208371 990811661 1763371073 123205196 936562457 1186942681 21207158 -566479862 2073572761 557662034 1249162940 2082134201 -1390913146 1699112431 -596540682 -32017812 2139019317 -1635887551 -1671016778 -1507148418 -222801016 509560923 -477109555 -1306796914 -544021593 -1239270803 1887119909 -1702458166 -2029555728 936708274 -183224883 660200048 67838763 1390387084 395898453 871307666 -1182306558 10988524 418711131 412165913 755651247 1192521207 2102526565 -431475189 -911746826 2125107686 -1795200527 -465654512 -1868496554 -1827523795 2038724043 -1067984847 99846267 1297575391 1844301725 1591309027 -1590082570 -1319624112 -679528756 596987460 -1636498129 -908603653 -1910890879 1913690019 1372993433 48014502 -1087923963
-1403277784 -427345725 1273308241 572284774 -1328458752 -674727399 -2116473883 503927678 1747694702 1181731747 1932350424 -495693884 -587231717 -79337032 -1980112592 1299640567 -1492982402 260275563 1181668211 998005851 745032338 457343540 1367114621 992958465 2126267849 949215695 627497876 -1560599732 1459101759 -548410780 -791970631 1638060975 1610382130 -162888985 -1470864064 292239803 -1697027406 66339265 -858395485 42963544 208734100 1352911279 137373842 1316587602 459058348 1511887082 -935784627 -2051454441 -1899211974 -659655032 -1653216458
781894308 479185441 549450657 71363915 -1052211355 -325998155 408493806 -1054757583 -382016187 -1485645363 263422426 1317957399 -21284662 -165970977 -696332271 69277407 -83461138 1080182518 -659238393 -956393501 1367597585 -1772476782 1670833159 -1469970303 -634077392 1201693644 1880871563 -1077483047 -757125545 -1090405186 -1016158258 -905336875 1318595412 -582021599 1192509087 -1497262743 -194440275 1352692534 -1655263624 126347547 -1458060589 -1076887574 -1192041265 773029317 483900822 -219973324 -1040842837 373906329 1461592283 -357650495 -897761927 -857846426 1480148877 -2106695469 -840657377 1780876825 216554449 1203093862 -1994567343 1735432837 -616675459 -1643702380 -593023452 69161830 1960753098 -1777203654 1564209120 -1431954525 -1067767737 -1827115302 1491493913 -1119940909 761342224 -2052780606 272315904 -1435898879 -1261808576 667759726 -134536458
-508451165 -420919766 466314338 -1618157527 1119432624 -2025465093 -668310845 137640674 1978027189 -1173771073 362022408 895609443 86631251 -492129645 -1976944865 -1357585094 -1861398739 -636547468 -1351915829 -1278046399 1498674908 807186728 -2016793158 2121783839 1273805861
-778675754 1994222100 277724014 -825832684 987299034 -1005403404 1846021740 -1237878728 -909488087 -1867464333 1023968801 -1114514542 1084326362 -1560025948 1842712581 1659784416 1726725911 668150715 1927920259 -2143478462 127471527 798002202 1548586150 -1706875176 516085448 520897418 -1098210028
1041829186 1989446344 -12757958 1299798214 136349880 -654349244 535373256 1510194862 -901913536 800375588 -1593307808 -2039064588 -1993482698 1974118030 -1835849079 202476831 742735693 -374946521 -2017503255 222162128 383753958 -1136954154 -2003371597 -1904915670 1040554148 1478458060 -1732395171 1637086061 1204307775 -1323064 1178750102 -1411854364 995694745 188408983 1764556151 -1310348287 -910012658 -1294390566 -1145423368 -1770064699 -527055857 1081009675 -551416667 -1159947419 2133639153 101157057 1354100880 1481899562 896334594 -1386536397 -1841755511 -985859176 632560605 -368926726 -1780072052 275944402 1271678719 487057434 1306192506 1240579132
-3207358 -153879796 -501266078 -744916569 2019962707 1922496516 510137112 1474989377 -1910660578 1446974116 930920161 -446424272 1528996978 2000300388 1838980244 -8750397 1525851477 -163012642 1081745724 -815388445 -1507998320 1972257293 746327104 -1116667803 1580419952 754034358 1690219203 23995295 -1726279989 -2115320539 712600909 -1412535491 -1647632063 750301724 -1248640086 1837919829 -579258685 -2013153272 1501295378 625506232 677089881 -1738523018 1259123337 -727843702
-1970129724 1787189640 -817797100 262634896 -1339558885 -570897187 2131644632 -398721786 1860881564 1723454927 438004453 2016205185 -1509772839 -565196923 -747975828 -477680218 -261768570 2123798183 -383626860 1335781643 227764079 -1137948859 362891402
-213326419 -476326664 1082496731 3112913 1811595284 395049286 1526992645 -1661801765 833860591 581530698 1830597962 -2098997573 -1564500754 291158932 1751977671 -1964664227 679783519 533017421 384814533 -2024443789 1348231068 109729183 -1055232177 917079925 1029761476 -2044367789 348036612 60984809 1211827373 -1808219973 -1507955154 -481083676 1380408601 967009745 -1543518446 1668657872 -215347673 -500760416 662474121 1153333358 1582948363 418853602 -569220145 -1185301986 -1064026623 -687698966 -1320283494 -4263074 784734078 710878148 -526651538 -909378928 -804970328 138626201 -1333275601 -404724993 637019656 513066584 608992247 -2084668637 -1580963970 -308281197 70998314 -678991068 -1434374540 -265193818 -360499002 2122069916 -325971114 509321758 -244496641 126200993
1206157143 2139965706 1629582593 -1379045638 619495526 953884729 -1686969905 1115125793 941410873 1282992711 -1407572450 680581541 -1010704387 -1085648139 -1336079604 767030906 -720887617 1488382677 962093058 -812883574 1545878357 -231041180 -1683903687 -1714577944 671743102 -385585058 -332079489 78196299
-1273651634 805442618 -1013602375 780210 1582763620 1982568621 817871746 -781074543 607522698 -817577095 132738159 709455287 1422208184 -907647641 -185932997 197252945 140499079 -956969372 1225233986 -1317430384 1201978884 -767053876 507623544 1923385738 -159135033 -149397781 604054428 -612888477 -1386592701 1197947839 -1811795540 -1658057305 -1628927394 165363715 1691629979 -1076912646 -1835912893 129170024 -1351179455 50844659 -1072509833 -1818068443 -1826699630 2076735811 970881322 799403698 1277168146 -1955250659
1257766863 76739720 987495122 703765742 1187455435 1710171633 -1486952518 -675436232 674589186 -1651020873 -2068844710 1643636444 1021487014 1251370018 401374915 988190232 -1527200574 1270703374 -2080671688 548668178 -1632717956 977181150 -1459278829 928077543 -2085196902 1358335152 1140292584 -931404284 1565441094 -752316718 -712602646 2123927477 2147087893 -1447775117 876390029 -282262789 -1067011771 -888842339 -2127415699 770178209 136852550 861754978 -1657734547 -1767452015 -1632616837 1208975445 -1298933725 1157095523 -1445708991 -1145379012 291958899 -545347274 -985390801 -1557199101 2103564921 -1634221373 704217503 -850003726 1385179308 1156046254 -1979085715 2075272738 471505983
1521290238 -538956499 -1830442294 -1777713263 -503472764 -865800412 -1914684887 -2005556503 -1609062017 -1894058043 1982314148 1849744842 -129703802 554808557 -338368688 -1119478745 -1093975994 -1645989557 -1214831436 -486859495 792257739 582239830 259642798 -722716686 -37410306 -699238016 -460695913 2067406481 -1461460626 1877604523 299019941 -528420617 -558915502 1259039196 763344785 1239709210 -258184754 510165549 -1588618375 -1452896775 -1355531915 423467016 -372257530 829042928 598946319 1367712914 717217233 -1416196020 -26119013 -1914148764 207673090
56943511 152676224 1473181754 -1186008484 -1847241090 2086383746 1912471730 1955707668 -1367211631 -1421434091 1942906532 918074916 -849406502 -1491523160 -1540087575 -986472963 1568595309 -756114846 -573708573 1432470456 -1580607503 1468117843 1708526236 -968144790 1608358750 -1679661589 -851160785 413407163 -18711289 -1544002129 545942886 1600878521 -970701094 -49058263 1422590116 894714345 1948941543 1868919839 352667141 1364138399 -1747912930 -1068354040 -1129460797 273757071 631886684 -532488261 30334683 2030535331 821953448 1315157353 89230575 953114126 2035416249 -392365619 -826646418 -1924467552 1739081915 -713587807 -1615643919 -1132912292 -367787438 2075178579 -1385303576 1000174919 1690926046 1195954680 813797749 -1665234302 1039898368 957468289 161376663 -934415206 -1313304483 1265907243 -2137831029 2112774687 -186563678
-1780445842 -108936333 -696112185 -1983101717 -1816403417 1643285219 629515158 -1662496865 -1137581181 583555579 170601070 -1615397796 1027668128 -506875883 656912708 -133981318 -1147465073 -1678676429 -502320150 -1428291945 1869754677 -501726194 1441276563 -740622898 -963784079 -887137682
-1833198552 -232411261 812306108 -125053582 167608146 -2015335253 793760725 -915085038 567193232 572202768 -805073888 -831566767 738839793 -1903637277 -2049642270 -1008470849 -1904262460 -645444668 -28484912 347945637 1143147082 1115234660 980975589 596272198 1258165164 -1471526293 541981301 -499506841 524121135 792726427 -817648254 -1341998318 -760687451 278016308 -609117618 -1858667626 1986843430 -1555144550 -836437199 -1556933935 -1296217088 -1830002635 -1756776532 -1887634768 127843819 -586909288 602834365 -655876106 996490625 -217622044 -2145825676 1413763901 -1855280148 1089016942 2036767686 1612465722 493167840 1151806367 -112702048 1820858693 -1327376437 1588315163 1013228607
-1208500149 -24222171 244873662 -2042024748 -745999904 -590024382 -1875618576 167691340 27290338 -2023905765 439711599 596784765 -890920267 -1119524185 1236875509 1880549468 -973191366 1856744585 1341801449 642692052 306830728 -823687754 1896646461 -1352378610 1776957915 -891812006 1233514870 -1236855821 -2100886836 -1959538948 2140096780 -207469586 -2039893054 39471583 -4606477 450094070 74633896 275466923 -1230319495 15817931 1916816608 -1651518131 -679851694 35261311 -949473418 1672037658 2025422577 793464375 1093283480 -1672859334 -1999727592
-1305628603 -1473334461 -2100175950 976377866 -687255995 815789092 -1330270752 1046257466 -26475688 -2088164540 1131280977 168751584 1821341618 -1363002390 -816960554 -211443773 1881022629 2021080287 1328099636 418217878 1244604320 -136792495 1294516028 1830357373 782584919 -1666395655 571351065 -661776943 -1923271101 -1540998784 -471850008 1086997536 174778701 -1344766178 -248576371 -1946661257 -2089987643 -1225266044 1867538116 -139408158 -453370984 1150082044 1300392566 1527065907 -2070722366 -1256128563 -1106817971 1289478914 79379201
-1103229302 43062261 1087579339 -1929054801 1892187925 -264289215 1488655745 -1622278580 1177172181 1749534576 535434467 -579699998 1514040898 1391130980 338166214 -318738609 -56145609 -2059631717 -1401280507 -825176317 422769676
-1804680780 674379819 -2141216796 -1900011471 33740699 -530465519 -655811518 70595709 941700322 -2122555454 249549794 19350832 -596614648 -1046862864 1014121158 -788900974 -1475290343 -1200760038 2039429518 879931230 927724832 -1915547927 2065203724 -1164836409 390538969 -2140820003 96647447 1863025855 1641457835 -2032837080 -1657245281 -1406277002 700817364
-2098989822 -16402144 211372261 -1191051459 -1708903267 -278716677 -2059938447 -1113824127 -2031697756 -1097170288 473100545 -904350308 -789981130 -276344008 -1979637430 1328717163 -830019925 -1932730911 -59738719 -1847626979 -149487056 -1882641902 1448098222 319621329 872955798 -1351998676 -973693088 36454524
-363490831 2266144 -657093872 -1938614216 -942101942 -938920632 1377023450 -17841596 119288132 -429811754 1640213035 8841273 6717275 -281487524 1446904634 -1397218995 -1727732997 344170555 -1033265592 601708693 1544169283 285321488 1856276741 -524933738 413680395 -145043603 1038283314 569874971 -1631095768 1537526731 2017067143 917150024 -1545778450 217821375 788968406
422210038 147237228 -1086376849 -1838971359 -508690912 -857363656 -964741946 -2000014840 -1115016485 -123990334 88492371 2017793012 -897243485 -1059634157 -1628874055 1486551987 1241916363 179312147 1277597226 564115236 -1666768516 -1443352259 1784512520 235100686 -26291972 -527638122 1029901520 -617763027 1967635251 -1723647013 1191437363 825697934 1233990251 902899193 -1278922107 -313404132 -19981225 358216385 -1701401510 -1022731911 360306774 545031387 590260334
1696581112 -1020515077 -1359776827 -457273235 -554291264 1534900051 1491289107 -1526393404 1223663147 -1977787320 -1407292323 277538007 -1879451919 885360743 1422768095 -634092290 -1148842870 -678318182 -161935568 1104679549 702939635 -679633002 -897528924 723621915 1685137073 2030896535 1764646129 -1855263243 -1475285226 1913264975 787948820 758264207 -754717502 2135797531 1654042229 1459039019 664497004 654506871 374579273 -1225182114 -1515219486 -1072889420 328537399 -690719777 1304586062 -816161816 186923069 -90799455 -1584796486 -682640859 368069589 -540029404 438213333 1396735724 -152469677 -743945208 210942967 -59756829 -655804784 -2108468509 -830195102 -963729466 -1444632628 -1951945645
-1706274149 286323664 928920662 1517599510 -2067610327 242097235 415930840 476768616 1564575402 -106922850 1661408397 -1001085094 1070984127 441886834 -2067454975 1591184779 1423981987 -537668311 461548524 1591182169 1417126051 -1626001126 -1174142518 -1542357265 -629051955 604687682 -2098675797 894681473 -1116212249 -1346175713 1866100807 1950815190 690475938 -1825484577 -818845611 -34552058 -1351980273 1915260346 1247633692 256736645 -162069422 -1003403109 1361356873 216072287 1019984788 -698546427 -1654261501 655860932 -422948802 -424670668 1748390460 941229511 1647596899 -558225278 1349869130 444339810 1832220029 1234786572 1451769781 1463603133 -2124300965 -668543595 -1506551982 622591919 2088313434 -1229326679 1435293584 262142852 -1591691309 553266693 -2004535023 24984321 2046117843
553903228 -391241820 -1084079343 -486984065 -185817711 1252617263 132332572 611675647 1800125309 956969063 570778068 1932595475 -247883153 -2098975463 -1830703846 2004858361 1396748906 1496052829 -635456054 -525351499 710430556 88754718 152855273 180501047 19195504 -1402566440 -1664161253 -1721918787 6251680 1349258915 -994454953 -892741002 88756877 2106259057 -1411584547 -226951832 1278534034 137666963 2121826150 -1535465582 -260491754 1620628865 -943653219 -797509036 -1671134431 -978292262 279326670 766469135 -481506511 -953220439 197624540
88654 1266987753 -304419464 -2061986671 2130726236 -1179753653 610972815 1381160298 -1213416785 -30807755 1914820868 -1682104220 -1218031644 859879950 -2027545697 225969735 1310488814 -1891924296 -1602630588 1153335797 -2096864145 1932888926 844028007 -550545458 -1430619832 -1553033361 1909968063 -1706916010 1267536243 -1301868055 45792825 -1015958763 -1439199729 -620659238 -1776988625 -2136694082 1311905980 261702435 -599769639 -35568749 -1439979991 213303167 1786004739 1397803783 -796324374 839181251 -1185341440 -475930716 1042107278 -1280515738 -190641954 283765807 737950960 360754244 896667610 -475660023
-2002430818 -462813418 -1365383209 922869911 -1342538395 1286665609 -781038235 -1278438264 -7572809 -110279370 -1798756921 -2137806599 -1540184919 -616816480 882486977 -1678629389 -363558329 -1381256324 -1454656408 664834566 32190680 -582204760 -1519125496 -68727463 -764019867 -1331277989 -1238238904 -713881086 670914172 -1869399650 231813516 -209193577 -1297718223 -1839655429 1838346650 -2025494523 956752997 1589750387 -89441921 -847959137 -1701257910 -126892364 -976878925 1618915961 933349414 -399152245 169362555 549965047 1859733078 -614435433 -346924402 -1269713504 -883449195 -1659191489 -419450373 -604338633 1729405566 -1806307867 -1875255223 -759666164 -473732017 311058011 844335327 1252336015 627082479 -132914027 -226380634 -368727259 -342676943 -1469164896
14886206 1095994714 1446968018 -1910881653 2072460711 22786528 607625539 176592458 1484767772 -369036172 -139292549 277405570 1995580961 -1200587198 -1683045012 195836932 -717155823 -769054601 -1580308830 -822805446 227757942 942773251 1785264824 746457739 1458349723 -231638625 -1209658867 -1317346044 -1283554976 746681873 -206809160 36506932 2027906893 -877341010 -818135624 1088819798 -1841977624 -564844000 -1580418960 555588021 -531447734 -1027630743 -315376303 1177880908 -444439313 -141538008 -347375400 -1158104916 -2086068018 -787979495 849375163 898157602 1484521641 -375441438 625213278 1766989336 643549605 1337461003 1784803724 1885461179 2113115677 -1434373298 -1846601885 -857427490 1583606706 -728592112 -860741746 1162658589 -322920794 -2144027345 1766267833 -408442811 2033784426 663961086
1969242611 1571276661 -558375795 -1860767445 -566351238 2143221334 642624557 -369429672 -231804150 1708529676 -250706382 1493029110 461606669 1773953941 44432890 -339047880 2030997972 237660356 1107366190 -701373624 -1489624462 1253425239 -1431168953 897475708 -1428764184 -1798887096 495237972 1779149256 -553484414 -482039965 1339420409 -994134669 1098487679 463894296 -1342161478 -1784399347 -1485735945 -1958286702 -210968199 64294816 253179897 -466975737 -1663143619 2081441829
-629218991 -1752029388 -1501718726 -2073056682 -52147010 -1038023942 1543635216 -1615005830 -830535901 853167131 -608435030 -1764507714 -200630473 585447638 -656689853 279003379 1845160477 -837829340 -480348401 -541702 911962434 2131543544 578638630 551906219 316107113 1128555719 -2129127747 -62290440 1063356163 -226709687 -363417194 1582672721 -1785445437
1516079033 -559126454 -1520932494 312754171 -1685542300 -1061966469 -1914112513 988123220 124595263 180117927 1479060697 1698565631 2065630419 -1727106528 -1112610431 1934146885 -2094188739 687539561 540444506 -1216541043 749547550 -972245987 -2072841533 1169103837 -1328967979 -1299715058 -2030258329 -786974048 -1764241936 1122754992 -347594797 -1826265687
1145484216 -659703224 987972471 1251282154 1563796736 1907742418 -1110192966 -1641727132 -2087415635 -615165287 1425069846 1596838688 -1687290734 1171997814 1130039334 -2102709468 -1058050601 758406856 -1000409917 743028892 -1522801707 -81651064 -1139380091 -1774898671 -282026684 -112132197 1431359881 1787810266 1271827352 605724263 1893018740 1883329490 -130213721 -696971607 -910308168 178670154 662774414 1834682244 -1730384618 1739769409 -229813803 840230108 -1307904925 -2120560942 503262673 -126079516 -96159090 860249069 992908106 -1646759691 1486920160
-1972670116 -1081243487 386158726 -1407783271 153088162 -1279222264 -34736564 -801479171 -1354012528 -1164280727 1228442283 -698641989 -1825781984 170068475 512548613 -470452178 -1875292496 1511717373 830497070 -272001794 -1926836694 -571077620 1098353198 -545449327 1335801701 -1435931468 -1569065660 105141952 1436661706 -1356395704 -662543570 596848333 -1292257478 496498933 -994759257 -2067470699 -560832209 133506325 294383409 -316889343 2121178144 -1975579968 -2035457260 933459906 192123690 227156905 320127397 226467900 -290966036 1730098214 -1935926069 -2069060670 -99462478 1162593424 53575871 1975143684 -1236750636 -1397728307 -1137255150 -156468027 1835254112 798969642 1678309876 -998461488 -1972571146 251149165 816446898 -950439892
-166102230 -984594816 114238862 2013572562 1933717077 -614294408 -976684785 1985082574 1884595992 -2039021598 -2112896994 -234829622 -1634578458 1450809270 -757587273 1377063029 803692240 1769309278 -1387237164 -962949719 451799575 1976670911 808573732 -865912300 422916609 40848250 2002780922 -264943079 986919920 -197510546 165483911 471808504 1276369583 -1533326719 -1777867188 -2070116053 -210083825 841621920 -176374583 34408467 -998329422 1227122947 -498546310 -610214956 -4588762 1541557685 -1649707517 2108054652 684883765 284427603 -1264581463 1683304810 1588107898 1963744019 1931293444 1879330797 -1337230025 1855490312 -878717966 -2039562197 -900343194 -1205476957 141595855 -1601876925 -373304819 -1178989188 -2040241694 1535737270 875867350 1883955538 -1327882727 -1458533118 1875918046
598712825 39004047 -1374619699 -198099311 353580495 1780035535 1158225446 2047031270 1169554219 -874587232 1739228127 -1318629674 -1254688370 -926755596 -1481781708 75638758 837141090 -1985789773 -1840301385 1193768217 -1183391703 -1547055137 -1440201813 -141007431 590578937 -790282503 219067794 -2007839144 114371623 504424354 -1034483195 -480490223 -1934286014 512837766 -1251927101 -597365229 1211313731 -1745442955 -818706421 1120998495 1502984962 1690644946 425414957 -546133296 2142328810 -220971216 -913664418 1337319772
-1316185543 298480844 1367734936 -1094771264 71824338 1908499954 1685253505 826257465 1284629628 2077273900 1575542648 -678385125 1898782717 -773802355 -1411990898 2109741823 -540688578 -488812304 53568514 890265479 -2107390858 1482710349 1653954311 1216552661 -46187128 1830437197 -316626999 -1978520768 -406214486 -1519576289 -1162104142 -641123771 -1697218746 -978797428 1638333416 -1280399429 -939062492 -509426872 -2054618342 -1248282550 -365172280 289890955 -90239108 -34599139 -300883432 -1703628320 610285583 -2026419498 1250816066 859542845 -971887579 -180683326 1602399196 -1380019630 -440172508 -682855091 -290493364 -912775387 253198985 303891640 691130217 -1019775522 -544482000 -889796856
1362844127 -2120186158 -664073151 -1180922658 801192472 -1949382451 -379722284 -1034146204 -752997224 -1815847637 1977189973 -1290371587 -473022618 -366745380 1284204656 1610359832 1439627921 526145094 -2022149859 -1177246035 861368197 -1422076929 -1315667694 -1423601757 254896543 -553419815 1891445113 1681593718 -618884092
-1822525469 -696243692 -69359442 298528028 -1711010437 504239112 -1540817721 -1046534941 -628624002 -600181286 314113594 -516502708 -4985110 -2123831372 1809217157 138949694 -1270801035 -1915123896 -996038956 1162901036 -1234348608 1654399473 600346955 -1568515359 -786663220 870374680 -649591901
1810862765 -1906999079 -1835387144 -179726652 -1541230468 281200869 59709664 1347683471 2006819217 62087081 993497535 -1183989342 968038385 1223485359 -1190241191 1161126057 -1060316155 1176876868 -702659928 -1964980869 -453310579 1743268443 -242297873 976003999 -1673036845 1027518129 889055246
1376651043 -120459727 1956480024 360046916 -978522758 -86721639 1047720994 -1453654933 -2115450756 1857004892 1150103133 298755828 -996543829 -1441246518 -321531033 -1116140204 -722931242 -413200531 -2021564451 1160914953 1623364814 -595646282 -531078348 1927318492 -1887192993 707068377 140300232 -851543449
1671889396 569096245 868284118 876956350 -1591951242 179113446 -1487609103 -2016175351 -376302658 698889450 -1520277415 -1520235637 -217455102 -1242726130 717697553 -943497487 -2099317646 414314535 8141376 1063951314 1364122780 -843336273 -744214476 602805357 -1998709742 1540582290 -1962165590 98022805 -2079726007 -975766454 -1930094004 -468922136 598144195 -1723295191 1033695354 -1986341305 1016771952 -2113579019 -243388852 -1928220543 244218705 -512477511 708276183 1759164753 1024628063 993508570 173295535 -1216972662 1268871082 -1753650584 258031277
1901142724 344432310 -354841614 -2100491766 -1392241313 1811137323 -1645622997 -1624278827 751801396 -471347366 703801110 1056678971 1431929894 289897040 1550771780 -1859276700 1583125159 -1818055378 -1601562593 -959514868 -1835759526 105122550 -1077023698 -2101738122 -1320508934 1258267049 94965143 315360671
-250406768 66245861 -752417097 1104353644 1034547162 -121023989 -1100228404 892157093 -1985108633 -1934134615 -385257528 -1062228959 -1699556638 -887043955 -1792343651 -1971007196 5347605 449098875 1068323774 -1607695966 -1790382985 -519898831 -1072239664 215643361 565286666 -324535644 -1927931999 724885083 -360774813 -727241328 -675086248 1772573416 936977674 -124880081 1494433006 891051036 -1732505085 -1679450809 -238053411 1043488237 -872472148 -950487446 624163862 1730589337
-759321991 -1133724361 -1761861434 -88044835 502791017 -1264341251 252710890 2027784379 -189321655 -578633738 -173793556 25007195 -1907884925 439946107 -1206386421 2117061105 -1083124383 376084189 -51788545 148049467
-230543906 -967775651 1829110298 820874351 543167075 1957357887 -177595548 -1521821768 -1797819546 -1036644317 -1010895112 -1804403550 -786964687 -234759149 899168274 -346022059 482288840 13250310 -2134800161 -653584335 -635217754 300222598 394891347 1386387218 -701763412 -624909166 -278531782 -50678060 1628187478 -555080507 821012109 -882653927 132134447 -1284298825 2019053831 -1312865719 -1051605114 -1391529310 -965850634 529948122 276832098 -1499066040 -850489514 2087023312 78816178 1890160660 -297738981 780421255 -2128835639 -765643649 690718669 2118851504 23809800 1474451381 1590815834 -762268775 893438684
-1494644441 -1029830736 -1722461205 945377603 2000622695 -2139604663 1745692297 1617288113 -488234064 1697244574 1209002608 886649375 352532683 1807815703 1831353776 491251344 862537675 658982092 161250020 -650514991 927009376 5071687 59846310 260889053 -964578196 268280206 -1508315068 -858466686 1164434902 -851345569 798790067
-594496097 -2069200451 -1702765885 640437632 204263986 -1850712405 681984916 -487706156 673133311 -541089481 698769992 1554580413 689063754 -138409543 776077305 758621314 349572671 -345362852 -1682437907 -812725679 -1443388342 -1355276323 133483528 -2090845017 1488179621 -835381613 1444953473 -611650828 460025393 78408622 -1983827752 1327233406 -1143361910 -403152189 1082506759 -2105655163 498708053 -961181817 -1223670281 934656423 1955187675 -710433830 -550778315 -1151047803 -571430693 1189712391 79793125 -283229273 -835656549 1389457226 -1508563466 -1703207268 2102780736 -2004421998 -898918761 -1314660763 328545887 -136189049 1268050920 -1542799597 -2029684013 990064077 706185204 1322547631 -578502704 -461738870 1278685151 -965577383 280349496
-1795073445 541877939 -123941075 1030758481 1697345888 -1436941953 148464870 803685449 -1691944164 1769185414 235200710 105106268 -2053448153 1110116283 -2120658006 578032556 -491768582 963355808 473353602 1176802610 -1701550943 -1003228951 2103555362 -786186492 -75928913 246405982 -1775351462 -1731205926 -1535601037 -2062132475 -554000573 808976590 1112220008 707432575 -1332104741 1138773346 -1206953231 2053314994 -1536731436 -72877113 780688197 -1245676632
-1453487524 -391024217 -2021275978 -2130323983 -1486651532 878559707 -1600857888 -79620618 2023722076 -1674591020 425845372 1084793480 -2046141285 -591683407 1502089492 -1712799985 1322685819 1952615402 -12352368 447018207 1518979528 -744181818 1588785812 560364751 -1865783849 -846578160 -502948825 1091513868 -447621175 1956359689 -287278700 9176618 664958993 -873704288 881836180 -2053136773 -1575684558 -868627488 138946732 1145971364 1925795277 374726057 -82996780 -486957971 -683440166 490202530 1175122265 1960224983 826068021 -1502749074 1350674691 374270579 1286965084 -1233875427 473214074 -1972908815 1558030455 -1962834460 613816549 983133687
1321265424 1749295827 -2064990413 -225450942 330575672 1171029598 -2082130509 -891945937 712922546 1249617293 -230450573 1782471245 -1598213049 1852809466 -832253897 -2107767286 106359082 -1032046924 1489281691 840129233 1016959013 -1259822234 -1303776665 1578262483 563788052 -1746058824 207278888 -663201782 955732375 1918485492 849112571 1622789754 -905185790 -1372396563 1850588587 -1330732359 1123081624 1822469404 -360089602 1437850033 2049168889 7652619 -122898357 -1508690267 -959577640 -752724491 -773505200 -1487085455
695697326 -1077715902 -1570793707 94951224 1744990912 1322832676 -1590674061 -1288003243 -1995793961 1160729692 1668922199 -210471857 27817310 1341544834 -245728328 -330386809 -821228183 -1854833797 -576386243 -827101208 1790189013 -1758620218 1101896450 892024668 -230006611 -1978381547 1327917979 1720464258
861585183 204039256 1856417437 1605521102 1673632180 -89302326 790961615 -1666368998 1667868433 1669975686 -1148900474 2091712606 -522081931 370416936 -1754106571 1628350761 -1018744844 1150120602 -836571065 1838011343 -962754934 -615974506 -1897911728 -967588463 -1340402830 686166121 -1243096955 1869002235 -1822509640 -781023752 -863933842 227999117 1183054093 17113864 -288517159 -88208739 187052762 1419838393 883950097 234700923 986700950 1849066835 -1266503600
