401458274;-352601869;-485250236;2058287793;-1009852547;1623205164;269190250;1299534391;1909024143;-133999744;403267450;744516068;-1877864425;1035385594;-970212521;1697252864;-64269797;1201414549;-1440117582;220835292;1072815999;-1918848255;1866401656;269789752;-1810246246;739000231;211356556;-1621817883;1107122438;-2118719509;884877494;943551659;2069281975;-1479034960;-839946790;-77970324;-980580786;690157088;-1502972052;-1333937016;2027873199;1008151980
-2077716605;924804560;1959014482;-1361772820;567624421;1532826836;-985162723;1579630881;1169666401;1216754007;-571563022;1455319034;-1779430599;-894814453;-1230692216;1001425475;-1992099616;-374344573;-1353306696;-342248625;1046397920;515165262;878893046;-1799857108;1959766526;-1275694264;-476602850;-1665416169;-968638821;-1553350612;-2058237068;-1204102094;-572457380;-818519956;-921571866;-905856397;-1300858611;1249412676;348712083;-1563506720;-780421694;1160176652;520192656;234364408;308262207
-975167000;33867636;-1243924839;212562455;739214053;-2066950097;168829468;-1462376687;-1454349427;1148096609;1417297519;-736497455;1657224047;-258605293;-1940679690;-1258585106;1066067871;-1787308082;-1924062601;-1230033070;-2069654786;582446998;-238891777;1154507860;1356422846;-1619323626;-294936570;-1767134203;-660173020;-2123286500;-132786735;-278503991;228147344;297538631;-315081449;-892163286;-156440390;-1746873603;456713703;475534568;-1729877955;858937507;154351816;725982548;-588271527;1577005320;669375521;1734626269;1480016116;1045253921;-1311831077;1324733931;-2124021022;1298502651;1573144388;-978026261;1659617893;-585346836;1673296182;-131690070;-721891849;1726167308
-1729569562;882015558;-528189981;334769763;1136217378;985310335;70112099;1679182280;-2059177543;1434744783;946747160;-1457261551;742288182;-912940250;-1338583395;-941516122;1905051874;87726653;1175773521;-161386863;1459891101;1260479706;1206882635;2015089764;-1869889039;306080594;-589178998;1682206297;-291638940;-829225137;1418073969;-631036741;-1255489267;-205136685;-1451383439;936038533
-755417220;-412812025;1040018504;2074357102;-380884983;1107354089;816312145;-1988452127;-2143912420;1065345147;-1344391414;55590884;1555675713;-714153592;182559392;182180818;577446958;649512238;1866679526;233709903;65876300;1273248024;1239208056;-1647936614;532793206;1163542002;1764336163;1518491940;1186424831;-1406988263;-1791259260;1969464678
-1592105070;-417509394;-81490961;1050448564;-966311106;-634466927;-1403266884;402288517;468366154;-333087529;911641035;1038904264;2007783148;1444783121;-2013239822;1620570151;245662027;-1865462445;1035906284;738422811;1406089662
-2118306636;-222994766;175278905;228144184;-1520465899;751250323;674617091;371946345;1502403202;1287425087;1666129580;155245379;262595874;-105933415;-1813612226;253646296;1365836079;140929447;1696540594;783653781;-202501248;183467418;-449250139;1627001579;-151970461;-1129464821;-63698101;78743090;-1102739792;797837191;-2004102748;1107284937;-1916701414;1924391245;691950060;2134572161;-928660280;2072197205;-1767452841;-913886149;1110734371;-1278630764;-805625347;-913254193;-689986319;-2094427522;2092291603;1907651375;-913810270;185475788;1327925851;1430464204;-807019030;-1281965441;1258635741;2056532791;-106747505
-679699241;1366977547;1749673091;934107992;-219534095;1069468427;804186421;2118854542;-1496098636;1269792902;1392908835;1106879247;-1618968003;-739957245;336087475;-436442814;597124397;-514459879;1458522947;-1012175059;1613291491;2145989789;1614381438;-1102703301;1412799469;406525443;1483177457;-1858137793;-1896855109;358870269;-553941539;1137603768;1429955477;698048360
-1247325354;-1203000370;1589304168;-1174957716;1518521789;1077402169;1244703185;693708560;1024099464;1288776924;1495745224;-1941767526;-775374961;1822937059;1069205673;-1443075071;275027309;282677463;1330695467;1724865067;-1999274180;326537487;1657062594;1523653758;-1818213214;288484198;1566428228;457769398;1809685521;618496301;27829455;2080335864;-1745265847;-548609437;1637550569;-1361198553;-418499551;-1884519133;-132921881;-1241964937;-591791737;-90914723;-551737197;-878312897;1484959941;1346715080;-1265777655;-20074734;-928713979;-1747904745;-503475231;1688872207;1051222807;1557336682;-742133102;-1651542408;1050622832;1791275527;-2028666603
1556232309;-343274679;-275028792;1587830122;1886020346;-1318086440;1666547605;1974346703;-746684668;-1628013542;1045136979;-853817538;1518478038;-2086739480;-1457120917;-428626422;936426027;-609780092;604193726;-295448482;611252671;1421104331;-1805515834;-328108908;109152020;-373408602;-405093637;-1896358713;-115353486;-1462772538;1474125687;-622085722;1864798510;-1943270513;1393798108;-1478330741;186441263;969198420;-2121168523;-247876917;1433704109;1722373573;535429275;-970163121;1621435708;730131109;-1932330151;-110551197;-1810006775;-491825729;-1015577005;-1500274739;-1274437790;2062245914;607304675;-1773261023;11302267;1123983467;1282129284;1763849299
-2062459190;1726832499;70891662;1813131651;1014792105;-962958701;-645771965;-157236047;1620486657;1611241616;2093989764;-539809948;-1166992179;-777867705;1244015761;-1031853695;-980949061;-1081583515;1136151475;-1542855002;1802533665;-550457779;1772093768;278027702;1808581421;-800555201;-1624994017;783252628;1400390240;-610546250;1254290949;-1222859731;457695037;-1753211632;-1537057633;-119805764;-418621123;-639404684;-1855484038;2097517129;605198597;82657775;-839389600;1525719410;576475098;-1169396512;1458395885;-975676307;-1736533420;488660630;-972948383;-52484020;-1497654703;-1457470921;-489427786;1032794755;1841773612;293745891;-1395776779;469610151;670473007;-1051442408;-989516092
-1684227771;1274501207;1760270660;-467940831;1515093492;353338631;950730521;-1913895235;1844654217;-1908195686;992753609;1573468445;556130708;-597459474;-139846070;2100752072;2143254422;1737285621;-430977323;46914;-173518087;-1868059497;-803443200;998285201;1082899775;1822877654;928238859;-945233412;1542887294;1229246771;1583644537;1657671189;2047736843;-771918512;-1600047646;-744674054;-996030603;-991021610;1203008007;429483479;103431349;1078684568;-409802714;-399448402;1736390819;680232696;841097616;-1288628902;-922048342;-8826231;-1727122312;-379695920;2082420927;-1554695179;-2136824564;1265871528;238513294;-582498527;388481993;1326690523;-1284466698;-706375794;-1970856693;-428163122
-2019066878;-1760637469;-749687665;-44366998;272631911;-1621831124;1560737629;579517872;1826671090;1404608480;503670381;1952067502;957452679;-1458396249;-423687957;1333004984;-1779642277;-1895402831;-18487746;-1067199668;1990927066;-1469725244;1670634896;964535361;1503798731;-1201696360;-643597939;1638035775;-2139555406;-1760047006;-1646543766;-69108623;966203509;888787118;1161701416;449770361;-705142462;1994399089;-1628010727;326297508;-1277460817;-750103714;-2090846045;573773150;-160560350;1938454392;-661846461;1397567208;1458313074;-396844312;1626719444;-677470649;450820046;148183056;1421690385;-1999506817;-276727075;1928205535;1165123160;2094623745;-502403289;228587110;1472594608;1528912993;974953139;1708884395;-1300839667;-715371189;-729839376;1598514621;-570219310;-1921637705;477287128;1741638408;969449878;-1587893157;-1530477230;-1455160342;692932138
219908567;-327830907;-70357541;-1620637350;-1768147624;1852438486;554595827;781326705;-98475681;-2015526906;352404870;524043491;-2055097484;174161920;-1600285334;1510795694;-1319569727;-1034225597;-49879930;930462344;-1712018440;-617426696;-273456049;268897042;-2019609740;-2140986553;-1100633712;1598040909;-630131298;603931621;-1995823767;155551308;-1100927598;1192846065;436513433;-2075297749;1808153089;-2092837632;58360575;774901567;-250636200;1133074806;501864797;-1265292146;-2105414111;137425431;1780972383;-1644185727;-1503673174;-3727395;1927821276;447469784;-1116742941;203135243;-1869914790;-383684387;-75746932;510643329;-1456464681;1522220252;-546097777;-170146222;-143141690;594960338;1099345066;1245989267;401836119;1432699491;-1522907056;-155700362;-1470429445;-1638138351
-992445546;2022737959;-182728789;-1047614792;-1588632173;73121623;1839598850;1096368243;-1534019615;1106488405;-239650334;-515634631;-194638883;-450974790;1442076736;1202356776;-546862303;-316372043;1700134831;-167279955;347254296;-1790531318;1712211992;1289442599;-1254764588;-1204922274;-1529957462;-309229874;2046864158;386015153;1210991631;401909713;-378071858;819364906;222244575;1761368254;-985364643;-415797222;1265034585;-962311641;-2117839944;-858557126;1602380624;-29289855;-830764202;-333287625;1082915170;-2102264241;1803483020;427117168;-778631568;203243135
-2039155970;-1991682999;2111183123;-2140785893;-1728925708;893455272;786628611;297854946;-867406105;592540512;1754509921;-552556665;936100784;1919938261;-218772546;-474441636;-846290832;214822830;-889690676;1904499401;1626671572;456380104;2012590148;-119239329;1635732377;444317805;-530341111;-915997140;465334610;239818693;1440427661;-93315760;1705052009;991776140;-642281869;780174544;1251633251;-191595003;998613622;1017817513;-2043471257;791433773;-1282051704;-645264856;375456000;-454424524;1820212030;-1941017224;-1596037343;-285896920;545766250;-628946820;-847567511;-1590171149;2045871113;-144532513;-1838978904;1418218887;1631293791;386326376;53337250;-1362071977;1361149024
-933544174;572764424;1194061650;576498267;-2029150479;55325288;-2998097;1863697500;1079888887;688642718;140531791;1849386777;-518407582;511635363;1567834822;58552218;-1239490827;670096112;-48163061;2021420090;1529857859;827004537;503779929;151671998;-1571524051;-212765479;-624751015;657862568;1154034856
-1307855488;-925091635;1417148099;-1652314138;-2131945034;2046385445;171226344;1226851450;-1125805768;1671045090;-508251807;-1622328613;-117899842;338312387;-323079650;-1369469493;-644947489;1282120617;-610982220;1966448175;-648943436;-374314646;-1518980439;-1719424511;-611466308;-748852764;-1052665874;-1057210741;-655195393;-2072586411;9160108;1280383441;-1200436363;-481598742;-429813949;-1042534578;23367591;-294245739;-1955967090;377996259;-865980778;-1062619101;452099180;-511191796;-1746658084;1229151629;-1005752708;-2115616940;979991569;667386509;-1213898457
-2004335505;-2124630156;-734204190;1314647605;-1079778119;-1570463430;-761950796;-1680021820;-661423017;1487868630;-945631242;1735649289;1852773317;1303701456;1214934361;321767528;1733130030;957182995;1475172397;1396880459;1832032084;-1825923833;-164207904;1303854936;252220594;-594219041;-563136060;-1704930074;41670883;-2019407569;-123423468;685521836;171237956;-550051392;-1225799880;1337729211;-294607400;-1110846297;88640328;1646321070;1520610156;-1176276333;1671247822;776597023;1339705339;1507653223;-81856049;2076493916;-749299117;2098097928;240319500;-1176236710;424357367;504427127;-1751769467;2053456873;1334929479;-578261471;-1750719938;1876595497;1763779550;-129390475;-710193852;-2033110980;-1813176773;-874100809;1080675058;1527018300;-312075358
-588100496;-92747921;1353835844;-604972299;513650044;1314450105;-623802979;202461591;-1902665364;2306129;-1094424803;920069339;-84366221;-1604601161;-462669558;2130243674;-1364202205;-1110187803;1523564196;-1340299588;-394167758;-2132397372;261680265;2116152650;1617320064;-267792159;1418524763;-629269312;-471380648;-367588512;914570911;1947663207;735842549;-104694736;1649025767;-1488550813;210543944;-1133309825;-1992864205;595808329;214619384;-1343572624;-887951467;802058996;-1787421014;-847209461;1675879187;-1480531304;423399554;-1842919307
-970998761;1620006888;-1889017760;1594435181;1753217171;669649294;-1239454524;1884886188;1324836932;1391977906;2137129679;-1802114218;-1402861942;2115148960;1706231833;-1957854881;882899781;-716548230;-1207892453;-1288337593;1470225764;-186709701;1405534433;177727938;-144831812;-1626387463;-610630402;-1622132070;757279002;916541034;1452269761;196887508;2104042651;-523332184;174013605;260057361;-1719451846;-1400662216;-913701107;-1239368905;-911538775;477130568;-1091999952;-931339696;-1459274395;1970812728;343976785;-1822867023
2145435739;994829876;-624985506;1249081297;1199355645;1482059724;1109700525;1626108314;1646686632;-1477690056;-1973341656;1783642055;1820455075;-311147536;-222464841;-1558992210;-1755262533;615603259;1475784702;-1024472538;613104709;856315620;-1923098620;936092762;-1403188894;-732874196;-144062444;2002116062;-1764316028;697096706;-567818008;321267463;-1095393231;1489452913;-535571197;-1343212938;606100231;1981191001;-1549254819;-2032729866;-1834086145;1329430625;-2019909563;2038994568;1548928245;-1214562261;-404870013;465005754;-1136890265;418564042;1196546748;403191359;305543036;-1978415248;-1654588646;-1998600260;754128712;-1511558805;1646470443;-672777761;133254222;789462098;351445001;1725012150;1018985286;89855099;-1623283525;710652990;2003596831;-1773424465
-764680647;1335553862;929365537;1947615096;-2118721213;1240112424;1817565083;1835812413;816045351;-1898016266;439450617;-966447918;-194530194;711510951;-399083557;-1386260350;-1455700167;-930922430;1420686997;-448371171;648001360;-1097405859;1287302762;685011999;-1141747334;1806211552;-810689542;1989896977;1537161230;981175566;1961623800;2091903023;-1998314807;-984214074;-1512941025;-1136284086;-653670430;857001733;1319714918;1479000303;35242588;352134830;1908337009;-1024160311;-136574566;210255757;-645317813;1034471491;1098632760;-865374311;-1989892270;-1031152783;1474088983;-1598824839;460406898;774575664;-1415085639
74350741;911668619;-1415344944;-1020122979;2139713882;-1487392416;1566411793;-248589883;1662528516;-105615550;2089684556;404960338;1064887476;1193590689;-1635436863;439933657;1241117915;62277928;390041259;1263328758;-904685335;1505740390;-1157768159;755553427;244536650;855554480;-1971121634;358876266;-1780205934;-1862698172;-1363628578;-521627961;-1080139530;-118389327;1135285611;-1517234798;1899733758;646161526;-2016097418;97301644;-344588424;-1714820887;1556647018;-176149800;749757103;-1263695526;1052223678;-254861123;-1508313380;626331256;575877258;1184101802;1882704861;595423986;157008989;-357965190;932431396;1112742241;-1357045939;-2029732872;-1505556239;575257700;-598757810;975428004;1792757699;1690352908;-1096038201;-1509546825;730458891;-936152197;-518037918;-257846428
227239367;-11522525;-297757600;1567460478;539265315;656530107;1934372516;116636703;1081209152;1050177566;1446107505;-1273183410;-1758227984;-1192939949;-679456620;-1801735287;1930688268;-1007374966;1447487723;-790338631;2123306648;-1917669517;-1921570521;682202021;-697196252;245969357;1019259602;1280660139;340948084;-2082105796;-2141485165;-820732500;39720035;-177736865;666228401;455764040;-790213116;-1374821599;-952303915;1020101963;-1197053687;-685022641;-977018861;-1810357658;147753832;-1038510741;1049827883;1942407969;-1410387141
-1103039733;2079336208;1292364519;1727934900;-431840873;-1396840636;-192242816;386821987;704708781;12752644;1448550764;1922865260;-1403589021;269435837;600377157;-1483149305;-704652398;937898038;-1305769212;-421974952;1625378712;-434174201;-1266265765;-2120437754;562193496;-2045231029;-638096543;-1574811379;-340754811;-1356812652;-302673292;2010810579;696305184;1409902367;-669008294;1155467641;-2133712066;21461320;736983465;2080912500;-1687436530;-1792792257;535140457
2098227482;598319612;-432589577;-162771967;-107015987;-246132112;-940894421;1915647174;-941776075;459303420;-1096685123;1472960042;1410516232;-703715290;-382344732;944532642;341836012;1202647946;1406975295;-1692293713;2015220210;1308126222;2127641080;-1890820309;529486435;-1187386279;-1789301466;652134373;1650168511;1105473156;-999187597;-879905424;362208514
-625379330;795165496;1309042729;-1325633251;-1128534654;-213922091;-1662173196;-942454062;260560311;1186981283;358180076;-2124965601;974275320;-394070126;-1579915097;1299915690;-633257947;1112269625;-1228207543;-984305148;2131241674;1900130097;-516712626;261576478;-1007875200;-11533152;-1154280313;-1251049477;1306562707;-579059949;1576891234;-1585464921;197693157;-656726639;-382904466;695100007;146222353;-1442799380;1620324381;793557553;13049042;-763100326;709601994;254346846;1446479526;-2100775613;1541259517;-1801667427;1894288302;-1796973732;-957815058;942598443;-1727823400;1970850291;402267719;1941587008;-56078785;1508465036;632221998;-619009332;1781236177;-105353043;-825386622;-1972572574;-486073295;-799844618;203544675;1348939892;827988191;-1302354572;2060534264;553598145;686893718;-822155211;-171835029;-436758774;-409646859
1960532280;-1220333557;-721226655;1775320061;2006410151;532346281;196564009;136565722;-1580083306;44020327;1458475754;-1688090222;-835201668;1595273246;-771678924;308122533;-579272534;-412036627;402892397;1069240142;-1533384494;-1241769619;-1570236427;1753279188;63965133;1464126249;-1600401782;-1915870945;-632694888;-1646057907;193055214;-1579148659;-156384097;-457186404;-1267879226;-1771190522;-1882718146;1710878631;1781455557;1571243341;1099921284;1831932987;1174969097;-1863062631;137654841;1867334938;-1469598524;1311753571;-1983144414;1864467438;670734367;-421356927;-7861630;-1195077766;-1613974182;1912066932;-845490204;-2073505262;-261931977;18861821;-319315944;-803191987;-556012136;-864518923;-1867982214;-40881928;-1712004249;-760982946;1229963385;-127655091;-907119947;1045686964;2032105047;-879865756;195464229;-38278519;1499167789;962024168;1398750859
-1940018382;-1138354162;-694665265;974444664;749224763;386152643;-797073385;-335473220;785173637;-1938673116;669780773;1401726649;2033766834;-480104141;-1020445700;1587644352;1183168017;2087151046;580224714;-1308080147;-1124520926;-141356862;-900358911;924902520;1689784408;-581451383;-1822298170;-587365046;-1778013152;-1520535888;1300452495;-1936462125;-1509579486;-1933535755;934989830;-709640934;-1827201850;1557458800;-497243340;1052556309
1810710535;-1645922597;1962012986;-710547664;1430578982;-590618334;-1006949803;-2141931860;-1405566032;-71335561;837821852;-1080668416;65760304;-184484176;-1352292608;386614736;922236499;926921587;-643428667;-1904230694;-838155878;1890399448;-1916517036;-1874178758;-1890059957;-1036755124;-959377329;920724713;-1353662040;-954610248;359146726;-1345167226;1270203491;-653648159;474712936;164912984;11997264;1241296145;1780033565;-76578925;-1421770660;714578935;1552907602;-1340950310;658972093;-148086581;1670642356;-159851771;-605097622;-315479883;2055106017;-849578717;-1251215155;966115695;1515350076;248817858;1006776759;-343087064;684240384;798322029;1958474132;169157291;-73923945;-1041102730;1103166431;572819136;-1097996756;-987185932;-513537065;-1827335214;184359038;476772367
473531089;-2129595145;-1232765574;-610319982;873771097;-990774275;-1690281919;-971396746;1570440468;-2087117433;-423193660;-1226599053;-2072543141;-889939726;-1579024126;990782179;-859551453;-1747286508;-807957478;1504638300;-1086265066;527588241;745858575;1055364900;1057920512;-92273043;648578763;-736236315;-744673940;-1131387166;571034470;1570484380;-17185138;-2135931276;-196922201;-1363793961;811204195;-1101784255;-1363998262;-637630177;1657627159;212348061;-657267837;906937522;1118870438;-303698722;1505092419;-661805963;1343505604;-121332621;-34497863;859862824;-1962703871
540534683;-1448101157;-692791256;-107641580;-708032603;-733513056;477214184;1159615153;-1188304671;-1087155327;-458761290;-1328267344;619706921;46224564;1449230321;1574378731;1264975850;-938070260;1905245510;-866697715;-53333718;179333043;-1453006507;1843416424;1259086027;81756694;1739751828;358418694;1030108944;1043289376;1125743219;-1779352323;-405487776;639041449;-31966015;1170771719;-330199478;910045232;-1897525938;885911377;1908769737
768613072;-769080685;814837192;1813217360;-1816687094;-476440224;1583615719;1528147431;1788737578;413501631;161697151;698028958;1495253874;-32081927;613076707;1647934318;-846034405;-1909721164;-377322775;990683499;-1468565643;1271035456;-111942744;173830713;1850742610;-1804344016;822930818;1589918911;-1327089755;1142694956;-1798565020;1546570522;-1107443611;-1665612539;782283596;734435029;1332848055;-1250394870;-1990209781;-1288139690;1428904011;473946009;-1492841140;177934746;-25798651;1261305336;1697924820;-550353884;-869806880;-1593464731;552608778;-412769742;-1171502577;-1928622997;-924938566;13275954;-477356188;103603318;599522325;2003469172;2048449781;2002103466;-617950468;883066655
1627934959;1511813757;1197848681;965765119;-1211889584;98933917;-292895486;-2107341008;-1059419771;300435799;1264606928;-341223146;-247905074;-1277614619;1582007266;-1876452245;1151627009;-498645955;1408094621;558032200;623847910;-596590882;1451317051;622227583;1537039810;1507284171;-1610966154;-1711191737;-2028922831;-2051784233
-1994611426;1043235896;1989859107;-1114162891;1935776235;-1963012198;160274405;-1103968621;-1712221598;-829714070;1371659882;258518121;726082731;-156138015;-678802083;-360982962;-2092224698;423801713;-643788471;-1750540844;899964968;410864922;-1601489316;2000692989;911575594;-1621236229;-1402694035;484495342;1998679203;229165611;1444160319;-599365662;-294596269;1827639497;643535110
-1864227710;781531985;724411691;1757115312;259517288;-1071352271;2128391500;-1662427253;-1949451057;1282461339;-787815802;-122107119;806461430;-1372261988;1596407030;1611966719;469366200;1768769646;2112191355;372236064;818827245;-993032695;-1228381247;43393028;1729878800;-105580033;-389972357;-1627116561;-686539230;534166665;-1319513105;-1731285740;-216001331;-2003302436;1225485495;-1185012989
-863219007;-1716806971;-1229352610;609011592;-760479644;-1790816601;914417107;780266758;-1669088917;648740107;-564967099;2089747712;47694410;-1340090234;-2085826484;1193675090;-1141513515;647521168;-569753889;-1613378409;-981093610;-269443373;-271002800;1080728595;2018533728;-1117890652;1218661495;-73622573;1383482787;1879988945;1548525362;2131050770;-1525033470;1931186076;859574028;-771256609;1659687074;-391233785;1701158459;-1712523013;-159011131
-1856698160;1395855623;1194374422;1567972290;-1341079767;1898209758;2052142406;1550663843;-636644439;1637424447;-207825705;-813362290;1338183595;1633845167;281275702;1997625327;486253491;-1733423459;-357082865;1139908545;670770918;1004278982;1760379613;635795611;1346984379
1594607807;-606821136;-1013620749;-1884321184;-1938191982;160114066;1828873670;1478213846;-993956037;1869469560;1534911582;1085630748;2025343556;-575362624;-507823736;-633975535;1344803498;436449270;-1383889240;1572299134;-1683103244;-1408461674;-17036562;-1428036045;-1951073657;1752575951;-748000057;-1504713617;1296724024
1142531733;-2113163388;1160398371;1756738985;-2124051807;921979835;-2044717638;819957139;-563735984;-2117673100;-1897753824;-1399856656;-224138092;1609274001;640844471;394482097;1071841189;1093042197;2004546551;1854180178;1369887217;-1036804601;398054785;1441616227;1843400273;-1017200740;1733637747;1804911427;-1720608900;1805063572;2062731517;-1034752466;-1959862592;646959332;-928220620;-1321342342;-1008963090;-780809324;-782879962;-398128867;752284821;534535146;-1137305810;-1827482254;-1735133069;939636168;-808332408;-228135108;997419304;-1397916078;562615335;933560554;-1752203475;1240626643;417100229;375805468;2124705283;-1153016863;667184444;-1330653594
1659990462;-1602270188;-2075760557;1933483877;-284606720;-265065892;1589117099;-1271177854;1430289524;-441526851;709878264;-1205721409;252725568;-1981725237;1955647559;-578773853;1096617543;2106377630;-1221051093;820227385;536589264;-1302404447;-881217530;-209711101;1822559593;-1502776151;609349259;-122610130;-1541955575;1429164873;-591025794;1116764678;-500554124;-1178956700;-1177046594;1662794155;-12879901;-1198067710;-1572931195;478710021;259306723;1561134439;-274405907;-1816856844;-2046501251;-1547256479;1387836597;-1567825460;2089761686;1142453730;-991102395;-1466059008;1380987033;-1885461811;1820359663;-979043812;902131026;776056852;700705399;260261624;-1861184227;545059074;1134706900;-501169366;2065286463;-1946505003;-578172104;1604498108;-1612079725;-1126188913;1445993038;286860318;-804737176;-516039155;-1249155390
-80972119;297824344;-50321147;-1433058155;-1806155457;-1950182086;-1754666671;-362273372;-1357207374;-1158321132;-1416459285;2048829216;-453606890;214239726;-1826906713;962020490;-1181718492;319333072;-703503183;-691137597;-1574419546;1467708495;1888991625;1302250430;-1955039720;1665221994;-1063457713;656102006;512395916;-292384874;-1249953216;964931106;-1549037362;1239000342;-279603328;1475982760;682133191;-867473264;-1621831399;-1915728818;253588518;832268765;-1428796605;1980462263;-685237188;705985568;-820650011;-1563252980;1954114087;593238297;286302556;-420096392;-1110508750;1035478459;1799783802;1891162586;865102715;252963835;1992113360;-1205851210;-136165162;-344302102;1304607280;926233963;188403697;-410454523;1909599853;392665515;-1029515336;1035978956
-2020330970;-1433432325;-1865901168;-1045337793;1368503432;954724429;739775633;-2159368;-1079102810;-1936519123;-1360439224;1845577500;-1584928269;521841003;-591026176;1043807185;-1486940616;2143259588;-674310742;-513729254;-1297761404;-1793863473;354197746;451986520;-1385325728;1158216477;-2014686835;2037112851;-140261049;-241278054
-1615021574;873239124;-1002530503;2133939350;29022504;-555111363;27301584;-1113787095;-1658518360;2019549055;1844179776;-658196286;-740660677;2085658842;1663922136;-1616088570;-457642664;-475050496;-2061793030;1157758944;-496835981;2007040392;-1157567233;-1057831787;1116650114;3224104;899480919;1257830932;-911777092;-296447709;287882741;758740882;1168923811;-560538624
1535097942;481088068;2120717692;-1210348467;1785680849;-2027345219;1959057856;-1405366171;-849418511;-1990532352;-549273130;-1111436286;1136823990;-2011517227;1633749593;-1226589914;-1890567164;454632997;1158148460;321604589;1935820987;1855881844;-1960804371;1974986154;2043250180;-683003729;1238086121;940039760;2055298030;-493667545;1174352465;-1001967597;-1345466824;727109597;1065721326;2122527054;-1871414672;181561087;63668626;1648724134;1799283516;674975154;-1665038449;-1398292624;319134967;872257810;414156909;270734927;-429314177;1405666678;-1386515754;225869857;1263976780;-97483272;-945668395;1312220956;-775692347;-334723020;-808427457;-801365965;-1410467634;-416665522;-1645581200;-2023804738
-712011462;1324214075;-349910439;-440088850;1455367479;538798875;-365354741;-792985077;291506843;1458217133;-1806663766;1400164273;463915222;-297551518;-1236124034;1006851000;-2078875216;-1674485393;-890634203;1121703473;-822758699;-804430583;1291147445;-186825283;189492114;157893838;1476543271;-1764685028;-321447199;-1925180026;-411760398;-639892988;1529289122;830768906;624066550;331721523;-514370261;298409603;1863697051;1320676295;-502579710;1373646808;-985217478;1802169805;-263102744;538853985;-1795591237;332789271;-59056102;1740541152;-1854724482;-994622639;1943108306;-1076691792
2127710806;398106899;1000766526;-875205964;249881535;1149164966;-1449890632;-1371173703;1917402813;-36130721;1282508549;-834314578;-414995160;1071540900;753752052;-687097249;1079549143;1779355695;856869815;1790290086;989352497;-931102702;1870757010;1918016525;-661440508;816867835;1868609742;1218916791;386062485;-865348679;1890087924;-102720385;1063310327;-1172917506;-1922328777;963714657;1244030880;1448566630;-275618511;-537906152;1376017208;1279058104;975889618;861886217;-1785960780;-293249686;761300884;-2032240289;1203922339;-1560384150;764116723;-504782730;708635592;407983387;-2015660772;-51691140;904007400;-1557566307;-953639708
449214948;163788625;347163899;-1230188353;427957513;-1999179876;-633759135;-70039113;967774118;1387891434;-1201297896;1964579610;-1887668514;-843351563;1820234266;1194147214;-1769437760;-1988318906;-1352838771;2118554786;1876028052;677479931;456509492;-86865101;1824669047;986516171;581954857;1380356626;-145210326;1904220487;1885594824;2067293411;-527294682;1270784866;766068206;263928135;128234483;-253793997;-1309082013;540949565;1468983481;-1275900168;-1406891372;-838139451;1248625942;-1887596706
-448214331;-1814705102;-150581762;1160465925;1297335600;-1294588911;-1327149525;53058082;-1585075611;-103457240;205181418;1753373151;2122276820;-327912142;32040257;-1624821724;-824607257;-1843932093;1941936564;1628328181;-1877221090;-991528163
96710630;1950001532;1772524481;286891610;825893326;1591299105;-2108338871;308246586;-2111806022;-562390216;-320794636;42454876;-1446426332;1657726995;1716149890;143572544;-1930077339;1891607443;-1176438590;359784256;247456871;1961500877;1368920936;1369737683;-1931996514;-63873559;818264356;-1472978929;-1454730184;304674637;-1689343761;732246127;28250002;-1130780421
-1042649130;-657445138;344064567;-1309185314;434294740;1713124195;1308372845;1342192366;-392415961;-1869135084;865861200;194001488;200053379;-521673052;-1385791418;1757891629;-936678507;-1297520151;28765954;1040278581;1685193797;1471615967;-1652902030;-1453325904;153665595;1675520478;-2090283300;-687355950;-997427547;-1818889713;-1787382205;1093584722;-749814218;1211705628;-217067505;-1345499843;-601852559;-283009242;-1212552212;-393458937;1411779366;-1845465092;-1155781391;95005666;608783164;1968867976;722185733
1280619441;-247628916;882083966;-1765441279;1426101727;1869197198;-1742462710;-1130695217;366643200;-1131782127;1097850578;1587131949;-1686902028;518168581;2067378396;1293776299;-842233791;526007167;1824261552;1401239502;314215514;-917741908;1872042302;-1577364954;1281450275;-1255852029;-728777474;-1275921504;-992138060;1224411577;-1720844711;-450953960;1583413341;-1138598278;-1001566393;113923890;-2040413207;243553621;-661514952;1018491242;1128859943;-176604937;-1883061704;-266099096;1389196197;-581380581;2090392653;317997464;-877080386
-233793757;1618690554;1825471447;-1790174307;-911875094;-362954;-1812608283;377829202;-310895745;1910294003;1761623857;169188063;-1157912887;651476072;-1097105825;1804602329;-344766107;2076223538;1987794860;1091856602;383840901;537945192;1137203574;208267961;-1497876459;-2087313684;-1398555903;1826604283;362471454;-1116950525;1633263223;-1162684024;990518383;892557096;-504959184;-1519488095;-1820500871;193458460;-116891596;732511761;-1862674053;-73008319;-1822667011;-1428232030;72630494;-140380120;-1317433728;221917394;1039671521;-1474426520;-1317446034;-131448378;614923128;-389164367;2140345014;1020895103;-614784143;1374485024;-1169412273;172757323;-1281832999;1831655892;-710411213;-1823719555;-918957667;-1076676928;1710085550;128514144
-720564030;374193368;600658024;1279175674;-1206525963;1310649439;-490860118;617269792;923063106;283932041;1882861197;-137092157;169272381;1715480952;-1436341311;1136023194;-513420242;1046237872;-550652560;1615629142;23684716
-114699340;1648362244;-1365152783;740423866;-1271565752;585602740;933000235;2115920535;1554198401;-491975329;192427792;85721241;-443898242;1809280005;1731595380;-1406440546;479635614;-135814122;-1089534818;1857258560;1845041714;1151812626;-141003240;467553811;24340083;98504307;-1371335483;31570730;618512054;530946762;1993074233;-1475662880;-1736009507;563373351;-455628988;2140972756;-1184423664;1194586045;459699920;922160437;-71265619;-1546265914;676780524;-2139304129;696364156;303961764;-1240699608;-884153084;1376957479;1609208904;968873762;-944894097;-266748696;5969879;792907873;134129029;347088260;900796810;-1269017503;-1854049810;832405879;769237205;-879865874
-1531223696;1693590987;693592245;773201225;1625861887;-616954688;-182945257;-81030962;-466972788;1038778415;-1326480576;-113291118;839123595;647482590;928334456;-681036584;1408020205;-1991457729;-1419892296;1210937308;862098393;1891948825;1851971712;-2040902376;-1332113253;1212035687;-724670745;918036675;294057948;1436029056;-383922701;-335991910;641114643;990896247;553451818;1434941153;1547318075;-1875795516;1646497129;-879301460;-86341690;-206142941;207343859;453652570;-1614906159;-1638476868;1094525132;-1901200542;-13006952;390250883;835874632;-1589181871;-945303509;2017945057;-1947449378;824878611;728023905;-673437804
-1428490896;205803533;1018069202;1226104497;1621279449;-1924775057;-1627351884;1171490189;565629541;515799277;1116813010;-520317907;1479369749;363057410;1443514666;1856140526;1114480223;-480042122;-1654877115;807071885;-959669014;-541941553;-1187086948;2030087864;1864771477;-860530937;-1049280457;-1737249822;446387645;1183174014;-1478063210;243972182;897687999;-717624270;-1578455851;1517638798;-550424389;2061607468;1916118538;636387013;1795773083;690290493;1378867185;-476690997;2045673043;1396552938;-1141038645;1490105623;1677020777;-866962780;-251946110;-1909854686;1931624888;-1090531012;-1452192240;1679983346;811484272;-331824747;1672646178;-2094504460;-1489222304;-1657163110;-1316954888;-1791556849;2083281783;414212722;872182670;199382517;796737415;-1233940750;-1618945024;390336955;643112524;1372846419;-1285079766;-1495585365
1078817060;70204558;773253977;-465930175;-1270277503;1664719482;-1606178317;-1410410988;-1593744507;-1806832534;1814108893;1312604586;-1867817732;-2133386838;-1009865859;-1988910525;537946717;-1185382849;-617334702;-2100175776;-436306698;-2124949497;-86352565;171605381;-794538391;-417963489;-528025770;632512577;-1974317482;959824516;1327999798;819137643;1232090969;520859132;1574798745;-520759379;-939360457;1731290678;-677771159;914754118;-1390799277;1762293296;854538594;-1239741429;-650368410;1540378840;-1984330268;1576000942;494329966;-295258634;-882667511;1567711810;1991457255;-2129198776;-940492550;296303870;-215770824;-745617426;-687833986;-1437448384;-1582196368;-1738512376
-592452907;-96129743;-502632803;-1562114623;1796320375;-320194324;-1636501570;-1468972565;243356310;-2072437682;-1826460437;-874302104;-2085579685;-893788423;1749239220;-272313711;1763290345;1463874678;296922787;728258076;312782565;-759182486;886848089;269093737;189305912;1567792136;1474887926;-244678117;1195836947;-2080888377;-1550528066;-211941141;-435281613;-1988662188;-1544398088;-682065480;834386533;-1010674744;-1217434599;1171907297;1878124364;-2057036771;483964450;957413847;1013239650;1031594974;-751915451;-1253096723;-175765188;-1523353058;-1491896626;-1438520718;791808017;-777939030;-474746303;-1970189567;-628597380;246282113;-1769184066;1338604822;-1788882048
1082869677;-2088514588;1532207821;835191401;572208022;-571333786;511134017;1213075445;617022544;-1033188428;-493697871;2072064106;985242461;-1650195049;463549928;139548221;76342420;-63677345;-748146705;-1534183157;-1359871744;1139130611;-1969342578;-125028146;1844886536;-860437976;-1132775662;475512907;1363848911;-1203341738;938863185;-778577202;-1775716899;1025305128;1151174379;-669519591;783260926;537602228;1647256786;-1912872551;767501674;368783563;-973427957;1025566683;-1071855066;-1522963567;-266124107;-396294338;-1711937879;-1949927345;2030281290;-191501080;1762337729;2044289415;-1128363228;-1248625411;975916727;833064776
908164878;-2107507023;-1995896124;-1296070323;-1233183281;-207573929;-471537889;-994955051;2121412109;-1477500999;549118857;1934073055;428830942;-677750672;-2007197042;-556917085;-1249360615;-56142846;-1606823252;172915857;-1508017144;1514231435;415810597;1142826389;-2145499812;-1607362152;-523474921;-1001728868;2010474080;988317014;1741169865;-1709283243;-692703119
-1626248378;-1868434629;1128131245;-258515165;1994725936;-1695332397;68526827;946874447;-1527793203;2091943218;1472961002;670845545;18146662;1693542338;-600129844;-2100449668;-718047792;-1149345211;-148247100;-1574405566;308887882;1550959384;1410590222;-15728370;-2093841270;1584359868;614738719;-1917362452;586041617;2003030162;-1585167074;-4316666;-1307419450;1535340261;-1026026350;1178838600;804171459;-2041596114;-1300288165;1617037127;-259447447;-1107872366;-1323537178;1078709342;-1139260999;314217134;423903132;1465234202;-2026626074
-1656403558;-907527209;1950008613;-1222719460;-2096732505;-303375190;-1730315576;-1889590195;1773155682;854916738;1939543690;1760193088;1837605307;-105961335;-1521797076;-451066094;1522672292;-510591537;-938171328;154512940;393453319;1204744490;-1737378748;1549306311;-1170133511;-770387113;-477940750;-1255968847;-1769789904;165191524;824393685;538861136;1110716594;65218898;489617695;-1155676697;-1783475505;2036503285;328671929;-605724136;1815225169;1588898591;1127545756;-832526423;2098437873;374708989;1298262623
-1253355509;-1371437632;-2128228848;243572758;-1408647787;-639762817;1773733958;617800089;32920909;1818916955;-1907059594;-1124363502;-34454223;910496995;1981530245;-486567367;-1867843532;876836026;730880671;112300483;143338030;-1036685705;-2135201722;-1275591453;1427425043;-492711988;1967241901;474201876;1654458727;-64254743;725414982;-831894507;688360433
