147148608;-1638164538;880717950;-1939665472;-1718345653;-1178032925;-1051596180;910502736;-512195698;2100322095;-1245328750;33307209;-560362615;1721174305;1933138752;-959860570;-1346047149;691494387;1014286876;-988410434;1853982450;377779553;-1899398498;77393316;2037333228
201083841;-1044615472;1066849566;-759071247;-1717435145;-626864642;622072011;1875237510;-392094116;-1017160618;-861743113;-1963063835;856381486;277492684;-783753226;-836387940;-1967860355;1703431625;2094704447;361943956;1729474078;-1415061493;347331205;1274561433;1214131173;883631048;183006984;-23513831;-1082841326;2081811225;1890926119;57750315
-252401514;-196391366;799192275;518300747;-1004942019;427553950;-640841852;963077274;2134417559;663162128;1040375269;-2095484290;-434964707;-140541378;1478821591;-1674619151;-1235129641;-1126251621;970789047;-2137930669;-1955333563;1889092722;-1825514272;-84116063;-503107197;-2104272834;745039731;-1429734169;-980926041;347537464;-2053552295;-1023243021;-2064340371;-1964999120;270248585;580176459;1057511958;-899628896;1620857478;276348768;-1592825972;-1221460995;-239905493;868880386;-1279341879;1875641680;1059038634;1894311958;-1954957446
356755921;1112580487;-1983939105;896942339;1467965327;945706362;521934324;1616597244;1858655927;1179831493;-1779189547;620800005;1085014787;-677477472;-249287586;-315166616;2045192794;-1103252323;-872635119;1632063161;527004501;2094374613;95904316;-701287129;-2134026241;1285782371;-676435877;-1379035117;-1732181796;1264637462;1698102714;-396732442;-1368732628;793263457;1688587614;-1260784609;922256752;-1566540394;-591932379;821353386;-596897491;1541659475;649755692;1423634040;-2036297489;1056702780;646941296;-1616837557;-374389872;1449301226;-1940929865;-152073007;-1853119046;2072094498;-1306958416;510827764;-1977444695;-1011977399;1640361305;-1850933904;-2050980555;-1647566313;1142205344;-1697313115;-314644209;1397457803;-1819398323;-2072275538;1186565194;-518523874;-1287744738;1462355633;1284532509;-649010885
-383442824;1602428903;-390946579;386516140;576515392;1879001458;1502122202;-1788367984;1382972625;1284188539;1563275375;-661296400;-1075156018;2043315569;1405102684;-852567221;802589774;1546888061;-1157660349;944100148;-536001622;-664357438;-661367893;-286405070;936669592;1970943461;-998511814;77635047;-2062338952;280163535;-851375325;1809484147;1261379310;-330898767;-1672564260;1900969754;-1743867216;792056648;1279312404;217660451;1028142240;724812386;1222756068;929337091;-1134481892
1069827908;-1562765381;-831246443;1658835068;1146707136;1784097405;651667550;1941253005;709722474;1628027029;-289806394;-1625372663;-938489582;-1221041274;1515428712;1866567308;-1862862412;318119539;278093504;-1701310441;-1246021839;371458497;825896962;-1166623654;-1573767614;-1907739399;-326509018;1772533813;1537682089;1341854450;-2010921913;-50784132;-2096700248;-2063471570;-1748539859;-1651735302;-726937161;483462020;864404008;-1080326216
532209919;955739167;-783676289;1875716045;162297606;-1487878681;1598870682;-1625636458;-1762290244;-133109543;-1448221985;1588324372;-964872023;-591588194;-711121936;-467407094;1483946649;-18630836;845993662;-449687579;-144024636;-1883282762;-875726514;-293695182;598476335;-2122104065;710229439;1747366223;651785297;-488641936;1503349643;-827520923;-282714632;-823622005;1089425677;59626901;-3043475;-714223008;87697730;-1752962191;1447366358;1533368862;-2145609261;-989384787;-1969507365;-1119296532;372075858;-1559829995;-979249780;-1883041287;478703044;1099751105;-1077742974;582717905;284427103;-1290383480;-1708427453;-383357710;-1342473324;21070002;1742079723;-232829281;1035484239;691522800
-1626156301;1894016892;657839248;-393443388;-196791496;1886761677;-268209172;-658567864;-1775836295;1386706874;-833606365;1378985823;-472058539;-448315447;-1207961333;-1957006758;-546548715;445075727;-809520282;-1166638029;1129590273;-405864715;-654862765;-1247628043;1700077294;1564001087;178616582;-1274148518;1273491483;686449482;-2146449989;1746248629;-1329594050;158573972;-807576857;2092195602;-337465639;438590337;-768750672;-1162970981;-509720111;-1676491940;-938429537;1300491068;-817859520;1654097563;1366430100;1136288138;269809545;1519704166;-2055414279;330949088;-617388115;-2060289958;601116730;-1534748469;1278420956;-116351607;-166230156;-1169398361;1514316879;479202757;-802518420
1536677204;-521280226;368759490;385103967;1409114026;-1529491032;-1507535003;1087413334;631301646;-436877439;-1790752183;2139880315;813457429;-1471516399;1292369239;-1078339676;2013104700;-1752440941;-1614175579;115802257;-718552259;1201029076;-466560025;-1894031283;1857940131;-2078107845;-1738388188;1652664794;-577301344;-2099262199;-1213552980;730385932;1413097246;-1254325280;1686952520;-2069013835;1882305555;1563854729;-899551309;358033410;1047176473;1653396209;-658690999;152696868;1951763517;-268602764;1589543422;-1569854158;143371798;1527301725;-257394287;-1411450547
-934811219;900598784;-1728008956;-1993974228;-352567013;-1035985090;627443706;-928661896;1952085596;1936300579;-239915066;232317570;376660900;-2059123805;-270978790;-784634243;-71191701;-125836990;-1377161434;930613209;-678741900;-1667741497;-1393121986;-1849253857;414269962;-2064754385;-984965447;1248073984;-1334087540;1237520100;493619484;2111280554;1838992940;710092590;-878082952;-399831715;1231761395;-1773861143;-585411056;-1585319106;-1640160505;1770117240;384721214;-254670997;40036912;162403577;1642810006;456107342
-687543110;-626382517;-77585610;1508724434;-157465878;218458833;-1652943069;230415133;1230385299;-446378812;1854182625;-918993432;-2079046969;2023985416;1971566935;-31192679;1658316825;1776504880;-1015933152;1053752457;466141519;-1899033053;-410265510;1240674387;-1059534507;-2065140484;-431380034;-1322647218;-1856141197;1605589554;1891025649;964303447;942458562;-30281224;-122773479;1523216595;699232731;543577318;-1572585294;-1900380941
431242201;-195166303;294597178;-1533925022;893916694;-676439928;-1260880836;-1813086871;743890357;-857526692;-747945049;-1898922090;-1386459588;-26581195;92815239;-2052536224;229859722;-1195118235;315102917;1830161465;507459318;54953419;-1041656336;-2051893245;1855506615;1002290024;-2061042369;-1003691837;1654133637;1050492978;-662459690;-1375577453;-1839885184;1693338408;919840072;-1646785827;1462452561;1708759974;1448266333;2022541765;-418750834;1963039226;1857660436;-319150361;1424873570;503672118;1830434282;-620026558;2139554157;-910222777;2108628060;519389811;-792929303;1213988934;1298925739;-644154075;2138329357
-322545954;996953799;999946933;-2028270322;-1357304819;-1709454208;550265666;-1562739361;-1636265253;785408863;-124788801;1175191320;-956605372;-1321589801;400779332;1682322657;1589364888;1063506026;-6286689;-947942458;-1790231354;-1182653533;-1048374480;-1672645555;240486365;933036360;-1889769453;1404410057;-336298800;1140721360;-1260744060;-1481923344;234677369;-2079117550;554566271;-1377078613;1218055136;-651461313;155523239
-836930884;1583276818;-1383341464;1602900807;-1573102023;273798725;-567741345;-1451659783;1884115963;563628358;857933560;1060124747;-1766604446;-1165821142;2037463384;-1263574179;935875343;274551522;1462902398;-695400003;-126828377;-1110361685;-1620838236;1290916088;511840470;663333067;-262486294;-280096653;-1724606058;-2071732615;-1663629002;-986050181;1151418545;336227868;1080712789;-1668170599;1387511940;-749428808;-620404634;487409706;410383621;91738789;-1487117449;-1952596945;-1168870138;1895815041;-1165559184;1290624866;87882682;-497126041
1137795465;-1585748360;1219595872;-517123340;-1753524467;792873663;1449301785;30246911;1125013965;-2145884039;-1743170090;482766199;639951663;1144290435;1302797478;1192070286;-1861110920;728053613;1227813592;2064149985;2037865053;-1363452802;-1272815187;1711897124;2037855450;-955757318;-823011250;1026015486;1584526401;-1935440986;-1161110784;496093745;-1721695595;-1290943349;-1146261099;-606481155;728848408;-1624177414;2009434405;1958488518;1392350754;1432899536;-829670146;1724277236;9337651;225126907;1912617688;290507290;107349067;32258876;1703130700;682181209;-1467297927;947076910;-1948147833;1667318022;613323698;-269057402;400757050;-1616454774;-2136751644;305688731;-872863276;-341116534;1313055561;556922153;-1123105805;-2020272569;2129103104;1595586129;-1244085737;883373126;913105112;1496083171;1244848536
132465519;189714656;1082280154;1886033921;-334442629;-911341511;-1057602370;-406296746;-976066969;1159026141;-82646693;263606822;-2049794527;-469462286;-528971283;805928093;478116914;1561775201;-1684653043;282904386;-438022642;-743123304;1764022818;-216722855;649474733;-2039031414;120273175;928764808;1923557721
-1960606387;1719329212;1658501577;1886420217;-572196141;-682714291;762612079;-1341415763;-2039190316;-634271137;1441427982;1535991123;-1206824880;1645800331;-2042040946;2118664070;-1694745073;-1094141249;1966205715;-1127603007;-1915805743;1810770530;-1471454901;853019425;638483658;-325310277;-1739312633;-1187386001;891197772;1947588499;-1066716403;878181726;842948038;-233694696;243101739;-990200304;2111125740;1410309379;-326239601;965984990;-847220425;756989181;853203286;2022512216;908040592;-604442818;386396002;-1753641590;820452679;-90992521;95545968;1071680385;1299912521;-858374670;-10973336;-184289011;612624530;1408965878;-525273097;-559450937;1599160800;329364591;375756122;1204551509;288855208;-888980274;-699200387;-440162324;698294093
-1582416060;-533398250;-512030577;-273156936;-1385097433;501106101;-682475967;96985927;-835656444;2019870279;694881087;-720315314;-1285920208;-1686333846;-1857709923;-1549909767;-117645618;-1384527198;228642339;-1785522542;-804353692;-1457260966;2080916985;1501463078;2024455082;112282152;128010142;1879693927;1634879653;-195112363;601357854;-1772391468;-1607153675;-1301309029;-168993404;1385663254;1671051882;1924445232;1534684044;-459607635;-1997937700;1834776323;-587407459;1889624267;1434742331;1139236677;-1109897739;-935094656;1853139428;-1677365718;1571705381;-833117930;450592566;1862728944;1436118208
221308261;2075675936;754288719;-2099484821;-727911795;-1204856557;1762154887;572100349;-2142676726;1938270391;-942469443;-800391774;1270670854;-184537454;202048153;-389224327;-1839737518;-89427705;903767562;388088951;304156281;908231640;-452651655;-610679410;1350672146;1034917356;-336786112;416328715;-275970474;-731048111;-2066402979;-244284353;-179689999;-1474118781;-945791902;-210879391;-1990595556;-260449298;-850007632;836711602;-308933909;-1128857935;-1411109148;-1093325342;1964200163;1002341796;621582480
-812091697;839305628;2108186157;-1179872806;257128147;-226875923;-1578106544;-1054050004;-1734033215;510638127;526322716;-2095281416;-2122784853;-972433339;-395263241;-1607263054;1813931192;431328410;-1861632640;-198076974;1510943547;393641646;925735616;588833275;1526811137;-1621150768;-1981856609;-902799009;-49986070;1246596652;-84052328;568392545;1891391930;-1459627512;-1210811472;2036086651;-99948751;672590666;1379489700;-1306427295;1599628632;1809715005;1351733089;770831718;145711133;1157224084;426771640;-1880789473;-1440391902;1638595502;-962619055;928617541;52148689;375580955;1995279584;-1818347553;459790003;1211868254;1154697879;-674217568;-1182653438;-188931852;1572903387;1367795597;-1497308292;-1871298667;155674169;-1190328350;-509824135
740790939;1763364406;-1756743873;-924477091;-664253514;346162909;-1227525995;-2087408378;1552911814;2105656461;228630165;-324761594;-2015374979;-182698941;418493894;1788102397;999232568;1242823527;1599522153;596865186;275361651;-752624594;408608275;-719250749;-1199131777;-933798849;-561361541;1829362569;-1394951822;941570457;-396475499;-2105734400;-1311678371;-417826381;-308988705;-495576873;1273293252;-31834396;553553402;-750847389;-1867601590;-461303804;135629947;-1147341591;23215020;989099604;321933571;998852636;-1538213648;-145877606;-1748664692;40598756;858805725;-484990320;-1281623290;1373854817;1857562797;-1786291330;14525729;-259206354
-1237784795;1228870508;-1509407511;21472020;1364901343;1325117599;1161171955;1693681203;384205059;-1635333836;-482582156;-1707518356;-151198578;1355243067;2111457697;-454909563;65277695;-323104402;-503570367;-278907089
-1110458749;-1061654164;-1243376517;-2003342769;451384769;890620565;-169930099;-1201829037;928697302;1953861579;-640824178;-1610084591;845329127;1853907259;-2118160153;1749285314;-1843310361;-197864199;406024619;-1271720764;485279531;-796817153;-879605676;1322351152;-600760514;-1948266123;-1370832719;-1716144436;-656305935;1609860914;-981172449;60204580;-9464393;-326059390;2142778871;638610674;1372544303;1422151209;747716166;1574188486;-1233750272;-1789870424;-1786542141;1157927906;-189086228;-1242916418;1841042429;389722214;-960163809;1083992625;1472295123;-1076976212;-391397176;-2038031411;-897784279;-675304203;411021035;1130372013;901532376;-1086389692;-1923220108;1239005368;-1563970330;27959946;1362585742;-295794578;1604679927;1878214658;-2094099403;-867773468;1851403522;-1757722402;208941065;1865634061;-870735290;372390947
261401658;-1170666881;-1651799856;-1443152720;1650697699;50445397;1294746438;-350911758;-250165081;1921469205;1921973475;-284442454;1143929745;245032354;597846511;-1584752418;-1601932132;-601804627;-1504575045;1695281010;840028024;-2102456285;1177943303;1770262973;1184058510;-458943513;165303972;1969247321;-80970686;-1052214335;1843573338;1735473722;1252448887;-623638891;-800371189;-1083737855;1375739479;-2090204969;-681221865;-584290670;2133279315;880035390;-785412606;181656547;238258281;865479351;-1634645420;-2106722025;475070116;-1038123364;889872576;-2049034550;-783136791;-684776923;1993732488;-330547026;-644895505;-1801004002;395482399;-1274407594;230144399;452552666;1618445583;-1172093103;-1514804675;-487133593;-180818147;-1888044165;1662528981;-1773445374;-1472473430;-276989809;1990475675;1923439309
-470393857;-2141577859;2142480318;-1248992260;2077739015;1764826778;1620205275;818708641;-664428801;1051815431;-585086557;-379982066;1918574576;-228332081;-1438113073;8445528;-268601238;1982776892;-1328501190;371467979;-588963948;861218132;-2080252900;-1231061234;-1969664380;540340902;-1013159042;-400826491;1727670737;-1723499706;1518649321;1866217462;271282277;-1199154667;1951981153;-366126226;1450886039;-742514619;1530185105;208553573;-2133205896;1910276635;1667732807;-1286331616;1765163628;-758379529;-2146485982;2107617366;410867453;-1086610543;-390624632;766504470;934595307;-274179708;1752505822;-1338493721;293392519;-411807984;29568755;-685892816;-1361928384;-1705004005;-1158717252;59100378;1480531070;-729472647;-866827194;1364834611;184991150;-414526612;1733745383;-1274758379;766310301
-1306622025;-1780211897;-2123444471;527042605;-469097410;1416178978;1283284597;273323734;543566958;-1472719497;1811572028;116775062;1813722579;353135536;575026153;-935663267;106898952;-1358328523;1599048133;-441013020;1470028908;1285528336;311113648;335452913;1542210326;-208410157;172137524;2096466905;-494404859;1866861496;-2025501481
-1579346020;1681447178;536576176;-15210694;431529292;1668881092;-946073540;-1342428845;-1544702062;-571360393;-685629839;-851937200;825416228;-296246672;717995796;568732627;-1005371034;-1370120935;-1179898297;927935592;965969443;-1019020641;1114729829;-613928507;-1109444487;1983233493;-1708762862;-1145429677;104904211;-1662285481;79137933;-475770643;537112477;-753751566;-2070763961
418779508;-1473322173;-736312903;-1483265967;-1321057379;-68427107;1781938802;-424570245;-1835469575;1936292912;2144275567;-2088876868;-1789925963;-869525914;418407854;-2076115601;2088658183;-2028083312;-53134075;402036030;1299674646;-1917589054;-940244433;-1987842142;948752441;-955012870;-1518290137
-1610273180;826625927;621028024;1359967482;-1981570594;-1118858072;1105304661;125478166;147119159;-1965985422;1450774821;561710304;1928504441;-91766793;-113833374;1281893982;-1810044003;-1788139356;-674587421;-1266094399;422261824;-906690070;-1852442122;-2070955870;-309313130;-1193277919;1867954547;-314583410;-105561697;-1868299352;272642317;-578143804;-105847145;-1992692912;-1114411797;-1543028420;-36559950;1386733818;-496657034;1284502763;-1966243576;2125148798;251596404;-2145832635;1758935758;47208654;860486485;-1911060733;-1629249594;-1297651877;728356045;-1378168026;753558264;1942326710;-100086878;1337774907;480302242;-987066502;-697125690;-504481313;-286640532;-72657302;-1770939736;-547223675;880582367;-1418657067;-1773039674;-2129712266;-450093032;497950274;-1984522618;1723642137
1336005704;524857926;-183698060;-939901410;-686074436;-186157647;-1363091214;-1975991592;-1758606830;1935123028;796098918;1039864918;2145874684;208842096;-1566810033;-708420384;-1679497641;1594441233;448069981;-1980952887;-2000453049;-1658390433;1312027956;-1076981276;-1576763488;2104961587;1122454639;-1033907145;-1021032825;342830317;-531319066;1004515822;-1681921704;1457295492;1332073268;-2024445806;1239214538;985818078;1292595827;-5863046;-653939631;2119315041;-18164663;-51044479;-1825620541;-192778551;-1999364312;-1093796872;-662483138;-863128773;938580176;-843424034;-1351381944;-356344166;-107781352;-1740149170
-155291878;1735639278;432615736;968488914;-223290862;-1500764260;189137235;-776738760;-907980523;-665608116;-2074957742;168258560;1738212418;-456966706;-1988715435;-1309487711;1143354843;-435836265;53677986;1259347476;1892332308;-1182592244;591316884;-1478561097;-1623161299;-313855999;-1338773805;798072180;1504785858;-252611205;-636725563;-390905054;532489569;-1508988483;-1633952701;632189994;-1205998755;-219584382;-603987057;1687300973;649572321;565761670;-1560928378;283989861;427354439;-1265956533;1266423825;695685514;-1802958422;25683737;238822369;-977410058;1429991865;-1053588667;1013172570;1886903627;71908558;-1732019530;-1731544369;-1146813740;1881389630;969872548;1074848240;982733034;-918640654;-1764086877;483208832;-1384996456;819167798;-709418272;810425418;144109954;-527139632;-2051249239;1258824789;-1457304830;602208596;1687052082;-388133546
988974774;-519671659;942559077;-481356942;-761367007;214760218;1180040948;-1011417214;-623873786;-892653384;2083058428;2085105007;1556708471;-2031162149;274799224;710758934;1167975860;1796370280;-1610730218;1196100132;2070123526;-512343043;1822712620;2028494076;-1357210677;-681846403;-1036042008;-1906177570;790851282;-298611253;383713483;-1307376827;393690600;-138858028;-1389872808;-1075921777;51142578;1434864083;-502900216;405810659;1310314685;1062309328;349961088;-326454706;-662036269;1887923817;-177504507;29893679;1813995920;912237012;1466282287;-926763;-1479611852;2001730851;-801938468;1180202086;-487258951;-1006821942;-479579289;-1503102206;2087573544;1154328414;1554770714;-1896322009;-1398660057;-565372513;1572027616;-424762538;996909527
1145552959;-857464586;-2070012452;-942173756;-1191285628;-1890366855;1832886204;-1384854124;1145766463;-1775236931;1363882605;1227355055;-1229318159;-1170675532;1535058472;881312665;2054340100;791093830;259048323;1711323736;-1298534918;-757225099;1328355262;1062109747;-2145306391;-1793741374;-1571888548;-441050436
-1102500913;-1578630155;1869348113;-1311175872;-175999675;-467325366;-1501446050;1289884208;-37629193;-1586477671;-848624987;806423246;-1692883641;877069107;467769793;1411093125;-408181048;-96424629;15552679;-39123638;2143565092;-1994983409;-2007780113;1313576649;1546830912;2066965500;1123596434;530008801;1640161181;-1115443858;2063674357;590578002;-1381802495;-1989336714;1242846246;-932247371;1873521494;1793059823;-634773148;-759567189;-829338415;-1995918637;-198719004;1779397465;1571750742;556798666;1264897234
976302106;-734211836;1045340565;-25181865;-57581687;960943687;453089111;-1114470404;1971658346;-1745467573;789686468;-122948182;958561601;-850702779;-601470959;185269388;2050942452;304114113;-1279760577;348027460;-1053612111
-613269344;390344735;-696656626;991288273;363111322;-1356690807;1766559857;-931843045;641583530;-1408046141;-827440463;-655120709;-1729497173;1618570706;-727435267;1188013587;1489399640;457330618;1501572860;1489543186;160658703;1544323564;-819763658;210706889;-1646629417;604767740;1598821298;-1898241986;2034850212;1971721622;1063334623;-1973585280;1255484889;-76266318;1100139703;-1400960773;860410893;-1040510202;-1795940831;187747853;1258213649;1647550652;1353138326;1328946136;-119547854;2140109413;495466759;327861081;497077946;-1642549204;-2143317762;-1978359623;-320928835;1312795726;-1182605821;2029066467;-2107531247;1074494665;1573641024;799300694;817074845;-879197101;-13305497;1635353403;263814358;-618871155;95717587;1874843322;438002567;1382564728;-102899219;-1132274808;-678287408;877336103;-1763561519;304083396;346360944;-156087626
250977795;-295449786;-35152006;1848705911;865456041;-1234305260;-714103431;181308464;-1633306502;559998342;-456854500;1169282217;1898645872;1271971187;1994810403;245795794;565160142;1753433441;-1868986920;769303147;-643680908;569712206;1369556615;1391424862;401271669;-1450436947;1010825517;956873321;-753811994;611623342;1934964334;2110460671;-573851143;826867394;-1245755444;-1678349968;1603471177;-159066786;-197914090;-1771668409;1498290550;-525317890;-381373667;-133809166;-784341260;-1940272788;545801901;1994972840;-624674528;1806050113;-1787197765;2122698375;184052116;1840420012;865188570;1162008060;1822564539;796715633;1792977651;-1639305626;-525669977;918677813;368609589;408966397;1453371169;394430200;-1558706358;-146290192;119043585;-1595623199;-782497078;1568611789
-1104357055;273790196;1644687654;1213171787;1490610641;1372107163;-2018784656;75535897;2042050110;-1071054499;-216144338;1599540095;744889063;-1658932453;296183118;2113221186;1262679013;-1866252124;83721682;-222055826;-1515554741;-541883725;-524840526;-746968731;-1211300434;-2114162661;2094354432;-1557029318;-25321497;-1934091200;-1524415411;-1053202625;1787472151;534227145;-1320257461;131880156;1922799083;1479417491;-346158157;1791833506;545202720;513499624;-1806440856;-1060173921;1535756617;-9062928;790882524;413035251;-983791664;608404327;54738610;2070358435;761800762;-1396812144;1745336229;1483335852
-969717656;1797868199;-484223397;1612727479;1088702239;892741453;-527996453;891735880;-179244605;1089206633;-34043889;-1935374080;-159057090;74400504;785097122;-284422481;1844791426;662958142;1621597787;-1976468455;-1605091838;1316522543;1562356149;-784728327;1146679395;10988305;-53660498;599987784;1006382195;1233754462;254263519;-207093314;1365871193;-1903547154;128305356;305145241;-1307443186;1081434709;-1382852227;1222207132;389064459;-1081130870;-1648348851;1134412378;1659480388;328332488;1559263233;-1161582668;-1355380396;924272824;1427661851;490525599;-1890436615;1184945871;1058824560;579843626;2022357185;683974901;-464220936;1350804415;-1014685691;1698295143;-1750361627;-712485208;-2040765418;635211229;1662940150;290817237;701640630;1970992366;1558393612;-1178104357;1129092042;245743027;1825780733;-154499776;299007564;-1493333589;-1742902617
1491348614;-203007778;-1677508280;-1802947549;137104508;1784004676;-1179412211;329780778;-1378369111;1457758822;1786560488;-421235227;-1842331410;-1550102971;-1379438682;-1975693005;956512199;-528144261;2128226880;3106995;-2149697;-1195425120;277186416;-466262066;2051487525;1518175470;-707836025;33118457;-837172224;-760197592;1505443709;-1268047301;-1515033025;1872407990;44986953;1361298925;-1039365068;-963666924;953805683;1555393472;-257907645;2057295213;-136302874;537163268;1042125526;-1032308093;-1547611638;-439998681;-71722093;1967840209;1699156498;-570057861;1340529105;127603442;1273723794;-1671947461;133809223;-345551293;-1077282989;-663353137;-1643661306;-1313770809;1188286570;-2005012657;-2144420183;-1341065141
1551594821;-1411972150;-905436214;-1212971126;-601606218;1670491575;-175635438;-1892806821;-161951389;-532673179;-1432021850;837641466;1176015436;1231640996;1379445478;-1859213868;-25515147;1549035924;71930221;1556269144;-1356344597;148775511;802715066;1791664842;-2130992119;-178484217;-1336734703
1193623543;-1956003350;465243555;581985640;-1332546957;-1787743772;-709069588;334377018;-269689133;-208871636;1908448348;-1138464082;-2111899318;-588800958;-826137799;457695325;78827626;213151776;-444613437;32486383;-1036129559;505060015;-1427485288;953137837;875675047;-327619460;2139945818;289701203;-223969809;-1269144149;527700622;-1554124246;-1534438404;-928952277;-1090394426;789791830;-2127384129;1175275818;913248514;370883692;-538586657;1217654219;-1314541484;-2020991417;1993253633;-1186259178;318607554;655298587;422421321;69144880;-10920849
-1866633185;-2122475061;-1350354180;1355232118;812256821;1958965727;396985131;-829387177;-756666935;1942970010;-1866308923;1525848781;2124017447;1508537748;-358113090;331526328;102427505;2138304582;120184214;-1358326009;-652900958;1941062332;-663947775;-265757809;1099679696;2115135881;-1110086711;-279096291;1825460401;-2093374724;-857147149;-1027597106;-1831332513;-807598192;84062496;-668424291;167639903
-807578314;1248309564;342855391;-1642101637;2080161087;192687912;957765951;-505712052;-1423344496;-1914664201;1177918418;1850622431;2092966957;-367018252;-100371740;-639173849;-1412970644;1757882349;1217963263;652231491;-237394217;79896650;1595449962;281722795;-333568682;1686222945;-1366329102;-964822874
35135497;1294319596;2131783423;142892419;-1453550227;-147931015;-716252937;-1389050237;263187745;-1968611829;3521149;-1725833401;1632569210;1674085160;124767388;441487954;347457305;-267446674;-603002828;1317347996;-618505015;-876102698;-1629722644;812521588;-421462901;-77535684;1643722086;412522658;435507181;1136262430;-631966283;-234583605;-1288160862;1106680483;-234419957;1372138521;1112915535;-382130721;638276022;-65992934;-1518328158;989220181;1804596813;-2102767128;-2090160471;-374921795;-769617114;1321679242;-1703979423;-1514671866;-1144090870;-197940838;-1343707252;-437399139;-901937364;1703705383;1375831238;1599991279;846595670;-243257892;-1211476518;699713581;684718948;-1493201055;679748945;-751514034;1432986358;1271330049;-1727560884;-926980519
-871437428;-701087341;1370225380;671089125;1841135998;717511917;-1721447465;-1620636635;-77623456;378906545;-2114353291;1031547091;230924910;1538460060;794029981;483607722;-58299015;1639147749;-759492788;2040948897;1484448782;430018703;1846920293;-1784645028;349594584;321497085;1176871348;363794406;1068208194;493752267;117402928;695290525;-708524960;1938601946;915848832;1522855277;1939422991;1138442924;981893568;-1370348992;1663462746;443648499;-1197972860;-2029411659;1864955679;-251701148;-2127994084;1032861711;2110222833;140733647;262808601;2093860463;-377823680;960961140;1415421968;-1786423482;-316714313;-1453122930;1130454941;792647428;-237405723;809984820;741763498;203586069;-1188837857;-1446439071;1118991345;988871949;-182419549;-891886511;-357230658;-1119669215
681926670;729091833;-1141989927;-302172747;925515081;1509277027;924052739;899084056;1542875245;1014336031;1043840490;195715961;1793876465;380226932;638905031;-1486550137;743533037;-1331341615;-1730464904;755618289;-326283024;1016254225;1770269807;-658896560;-1495924208;1111259903;-1626101524;-1472373693;-1975444927;1861165595;-2009590674;-711582757
1558060446;-703434906;-115240902;-966183499;1661653947;-1254825170;1675243382;929253286;370287399;-916315847;457957058;1046620526;-412712229;1921450378;656974287;1658197761;-609887720;722146409;-2039587729;904888422;2116441259;1747721044;-34305413;-698536499;1741010802;-1478255308;-29158921;-1094709018;96139550;873794000;2030146419;2088392560;-220060871;1001791622;-1453269837;-1463512305;-1762214038;-813003209;1960206738;-1320351134;-877570824;-601426301;748412707;-2058188972;-1275020660;-1518412746;-1964798696;-1989331278;1977630778;-2071716607;-623672985;-1941082882;534246850;-1667894164;1180772906;853632130;809799954;132692491;1666187718;533743783;978893070
-953884337;977937030;1268889748;-1839305121;-888040149;1145535;-1997152838;-520661560;-1024288780;-409156470;189991257;1827043313;-407693405;-25500149;681063119;1742024562;-1542870806;923234793;-512957441;1804903526;79842528;607151648;1096151452;-684893857;-638538525;735609878;-1205406809;1747325850;-693129031;-847342100;955531829;-850095501;1338102520;1552102679;-1566475659
1622661032;820766254;1298452465;-332229241;1635371302;-1608802812;-1084772844;-1917774933;-43491510;635831289;1957785068;-1939725337;-1744096052;-1226570355;1322329135;747484609;1268936419;-1002074315;-603468925;-1084760107;-365380818;-1597669774;23351033;1774449161;1547487191;-1558044386;601307354;-862324988;1048025589;365811208;1193019814;-2120328993;514287154;313565891;-2093843623;223517981;1885130669;1041027771;-49138448;745630680;-1254969055;-1440353400;1357361707;1757894205;710333510;1466614406;735142803;1965887546;198982519;-405282907;218122942;-1149300363;2058740116;1901222268;-1433430320;-994455169;-960293847;1863739044;-375716539;572592969;692374479;-951590845;1666452206;1640756182;1604691666
-28178119;2018947122;2029283860;-1933069676;-1537600587;806770338;336276528;109976351;-979433004;1530517276;794529505;772148669;1665337585;755443449;402303653;-1505090858;1072659092;-1508217880;1913491613;577384223;-1763097867;58221094;1533118135;-1888143642;475714494;-1348177429;1208574478;1860092591;-723114219;318646311;311141264;-955488000;-1825773863;-2068773267;1405303520;-548298375;807224362;1924980271;474944382;-1033030361;850805551;-45339860;-1467297755;-805511144;-304185582;-890167003;1389189236
-1156273585;-809934634;1951407312;408104256;124866350;1536395300;-840158072;1943057997;1239782541;-1266609774;-1794590151;1252622389;-1776612637;700593913;552077939;2079011192;-2095790719;1171311480;389531804;83367761;938624025;416956584;-1499345388;-716746745;406384772;-2085074156;156919705;-2142452094;873542847;-1486169624;42632429;766300960;204500278;-837986841;104513205;-439839287;-1527170235;594303906;374232740;-2081596096;1425013755;-1275042586;1449891288;826453948;943286048
-828297853;691521718;162896505;816586489;-1888584242;-1830117372;581571913;-983175115;1406068473;-1341141465;538011675;-886463619;625379526;1384374752;-1060135745;-871833496;1559303191;455342856;-696870255;-1745640253;2038010582;806665889;-80344320;1692084424;-1628681708;-344197081;1330020942;1218597519;-1866327436;522353708;-287838060;1356688579;-1835597110;1656299555;-1954046199;1313477785;-1091327746;47504251;-1981661822;721654526;397151542;1801676271;-390413252;-1845029617;1188285236;-1030035684;-983093799;-1075939378;-865432069;511478611;-2122297944;1853856529;568957369;-1473572432;-455981527;215576509;1275432928;-892098709
1684485428;-494546539;2029560941;-1406181369;-1212835317;-398121906;-1210909402;-448704391;2068624384;-393904971;645430685;-828979571;2049770283;-587525165;-1698553400;284353328;1597830258;-275699094;1104092957;-296721705;-790128831;1848450721;-625577112;1228793283;319060603;1406842854;-1732113185
942400683;-602485489;1286332275;-391339833;2115623806;1218160834;-2096727192;-831753663;1677045365;-1704669161;109050151;1548316689;880474326;-1579806853;1883721298;1588870704;744247011;-1035210281;1154048025;74213181;-1777923506;-1055259152;947676875;151042687;1517480427;1230870032;616920752;787023402;-903907161;-1420708378;-1989328363;-2029342239;487354296;557566634;550922407;1351482748;731482133;1272312196;-1921456124;-570300406;-1341296856;110028846;-750026353;-1339489511;1883951810;1867340759;-1862456957;732542516;-1405765553;1876869706;-2140286134;159430317;918197066;253239631;-50909425;-88295525;-2004103438;-1087281071;1309355153;1257674278;-1413365954;474628160;1991726906;2053735937;299117837;-1819183688;-604414096;1958937144;-1457262175;393634147;1438803242;-587561429;-4303538;-639765862;642504645;-855813415;90908014;1758150738;-365297897
1521595799;109429813;926253508;266468294;-862961649;-1706712049;1063681232;-2006327054;409229696;-1273975445;869335157;573693;-1069913113;1274603389;524027447;-439284562;816147666;-1130897598;-1136053196;-1099105471;-845200694;-122678810;485818816;-1488251542;1862635021;-963634843;1830555953;-1628836710
1734967155;1444664054;-237927808;1900474595;663181984;-1938700818;-1068686126;141440326;-194045513;1788733687;1868611916;-1782624069;-239591065;-1815989820;-1897859592;1782616140;-1290985435;-440263437;1992647088;404075311
1396878174;2016475361;-337372617;-953581419;-216244048;-467377519;1040579214;-1297536364;-506063045;-2037735006;967935905;1010679747;-1009206007;948997719;1091848283;-1786770286;1769557552;1295770647;-2001597548;225800656;2046271594;1329522545;-1789251637;1113269325;627430372;-1957566368;-1644350957;150160063;-933921450;1999381711;1222096971;586343913;-1805329069;784977758;554142354;-1233219847;-1214793502;138755686;2045915129;-543909839;-150165684;-295336134;942416505;1880853450;693692727;-1687877200;1326108198;-297499372;-1360913165;-2070499361;1308282788;1766850529;-1003592685;-457644503;1817650650;-993674716;-124203457;-1305374853;1695894245;2014743508;-329179832;-799114797;-1603966896;1856592150;-924109187;-1814423806;-1885005183;281182874;1316214076;-380863053;1660319605;-1966639036
-2124613973;-155956049;206983695;1238407016;1121491537;-854079379;-37514450;-1967421282;-1570323855;1559429661;2131655539;993495257;359420988;-458811889;-109147404;-1727538115;-1605687661;800311402;455285739;1070139058;-12908412;1890181988;1402484446;-393775293;1624124436;136889517;1510081791;-1966795608;1644886334;253939243;-2023586603;-1837990111;-2111730372;-164909587;-326933222;-782623868;-1486657020;-263278248;703080935;1942502297;1686641173;219846566;-1059389426;-1591937115;1286720626;1853069201;149480134;1990823236;-363778834
1128789901;-1358669957;2033712298;-1263829584;-1477622710;-686050291;-1155649828;-1642530882;1556423601;1308715533;-2016047663;-900405948;1356078058;703423924;-1012650956;-1880563239;423361397;1167056244;1593714320;-1542244593;2004574279;1236808781;-547653357;-2070873880;-855896775
-1452348012;1317598601;-1033457246;322454718;365913558;302607405;125372226;1882669452;41223693;-499794085;-1534760351;125064516;-1719663710;-1436510629;-1617866697;1549425748;-254337997;-1289608730;377110414;2138051566;-1031276323;927037468;-1411436635;1260804383;464781757;440613818;-1475972777;442680609;-1820826190;-522255733;1205241468;1109867244;2095602280;1237331743;-730166385;1957444114;-216213358;437137850;-1666115695;-481490228;1959614582;-662477681;1062123052;50468687;-1441181010;-1164380370;-1016373222;1712784996;-1956476628;348233017;1078236615;579824439;1603558526;1209267294;-1152122827;-1064952210;1530179922;-1201613440;-256590817;201364605;1147087421;-1933507273;-554716319;1399899448;-1701594697;1298724730;-1108760426;1555396777;-665989014;1128831643;-147597054;-2028860125;2011802539;1810390386;1588222130;1452542614;967936072;-313269027;1264159969
-2042315389;-34200473;-329881442;-868933387;-1155070882;-497955258;-775204950;761647432;1197895449;-507752821;-902446170;-328885047;271242489;1123075476;-185647251;479462697;-118901174;-1800161852;-136452930;-986325014;1025891493;-988325770;886038558;-2092059015;-1437451402;242994734;1708041980;1678873474;-1679567688;996515345;1290105877;1952436608;-904485374;-1795671914;-441932262;-308691310;-1314528825;1384739198;1803674767;124004757;1207433433;513680641
-449106834;1212364847;1039105097;1990277675;130533287;590872295;-887388893;-653803504;565912381;940167309;-191164173;1344316781;1205635255;-1149188195;365039337;-1708582382;-1724618118;-1806619578;774821234;-1986128066;-1341125541;-2087767184;-1470099728;-1817452477;1144955254;2029070848;-2022687316;-25007766;1268904765;-990736294;544279307;-229717741;-717625901;-1961956825
1492653856;-1519161958;-59554216;-1412418368;-1312792940;-436680182;1542570857;817913276;-1664055946;-1060496956;-151874582;492219340;-507490565;-1958568986;1087522618;-2098810457;1905908707;-618646880;1054169749;-49311589;1659522339;-219677945;-556444079;342656633;191327427;-312734167;-1706296476;585885392;818708745;-832323743;-1633336023;-989858978;1074703831;-1811354645;1393116003;-1642051645;-1590982575;-784191558;2002456705;-1689662344;-1931820862;-1620372600;-1069914077;110519550;1519781568;2009630767;78225885;988073306;-1896313971;227099447;332534842;-652453184;648660671;-1617506129;-1468193790;1092588429;-1222811357;-1719308736;-1132952641;708563578;783051231;960365438;-1937741954;1762879758;-819316266;1558104961;-978145070
-1554405041;2131002292;-1271245027;517594830;1053653976;947336172;-2146267118;357117609;1258890856;-1437408324;-189432715;-1729415375;-630893629;-596258553;1669487909;1270464134;-208811230;377682901;-1830579108;-1511022448;1839504658;1331764074;-1912801484;-1641145297;1332787868;487280788;2117022572;479018935;565992101;-972412603;2034584940;1189226651;1483329944;-1136604832;-1729267066;1107102311;1426833217;1998802135;-2106664066;-1454624525;-348670212;1193850613;1151458123;-1955565099;2023278094;-694418696;-1505151457;-1306345193;-214336430;-233494046;1950739621;-711860951;231955223;1310470544;1711318921;-1034271208;644599368;218470667;-620277956;-1935019008;-312142898;423147037;528866296;2118418623;78361905;570808359;1781375490;1194572011;-1777371259;1698382897;1166974510;356239365;-2023692925;-83534269;890930856;65631214;1624954869;899126258
-108782695;-1326342057;-941564867;-23742938;-1818989311;504871355;-681058151;-941659513;-1957951907;-173923347;983049033;651633975;-1238796653;-856372010;-544557325;-822467776;-319336215;1237429285;1961515888;1845573850;435963906;-710183637;-935586845;-1173442580;303924231;2068251398;265456140;50137811;-1156339677;1820648193;1145295582;-1466912927;501627701;1597940026;1520330830;-1561674201;401106881;-1975927931;1192455277;-876897801;1353533222;1168924304;748259768;563602340;1343826966;879644999;-1838349137;733670923
415412858;1233572515;-1884426666;-1998780077;-1488098116;1399704020;-201626497;1342843169;-2037283700;1717714619;1468708883;-499192546;1334027450;-99245405;-55089864;1712800019;-1769042685;1361377149;368383473;-546580209;1780303614;-5886731;940577695;-596629861;379143484;-1685734720;-1474331446;1671294258;-1912024919;-1049424841;1631980321;-1671353873;1566337080;1844416809;-458574401;1282294408
-285374484;-857558097;-1546145926;-97582305;-718744395;-1181048142;1100453253;-103203161;1265990185;-2132486593;-594214309;215422393;-228292813;-177270070;-1988902765;1367615150;-1409708520;-868075191;1459156707;701481718;-222824249;-707614989;-1866594674;3268228;758173301;1833979210;-1248961253;-504032920;-1741767063;-1835940261;1533291847;-1192456260;-1810398188;-152704700;1371751227;1052195780;1811347556;2144051959;1131440129;-501270959;-1357290407;-1941432516;-2055796684;-969436827;1717561559;244272636;1112936951;-1462761188;1439895486;1010036923;-1874313688;-453974327;-156968393;-413737882;-2144651052;1552904799;1460985937;999787342;-1026794260
-641837621;-1777165452;194574137;538810429;1040255027;13366534;-182762355;869076869;481536559;-1011460823;1821155130;-1190628033;1482620954;-933084935;-782725176;1050343950;-64568878;-981818163;989050081;-1899724592;-780253745;1557504959;639940240;1304028091;269764984;1581538155;34388138;-1207834686;105015985;313827317;1210056843;371425853;1476535992;-354159535;-2145992186;1262507208;1882354225;-887930178;-2065086570;-394230934;1226194558;-702604910;-1050023464;98781433;-1499103148;1985507389;-851277251;207220157;-187724917;498481287;-1388149510;-1018624940;-26814412;28852252;121982532;-1629089580;-1134852880;-438819255;1506356921;732298806;1097542271;-772969976;-321858783;-682424847;-910044009;-1800022983;-467557547;2024205797;-781110282;-301743566;-174320514;749781114;-1251975750;-1272441735;-1735759229;739992329;1235725296
-1886020420;2078060154;1399952234;-476483983;-304655893;455798317;1555202772;194983833;-746903701;-166663907;-1567154423;2024145738;919648169;1054267715;1034514594;-2147038131;-153938989;1392047416;966973136;153322102;-213801776;1355444253;1542050667;-1866406101;-139352209;2070811582;1612186698;-41734618;1505671138;1505482997;-1697260076;-1181915527;1643389037;-1539497396;840891095;1992290258;175103833;-52462362;2010846616;672301056;-1730439121;-1701311586;-840630742;1196063925;-630791134;2049966192;-1034280445
-1020152372;-703281129;-1918732085;2057669199;1313653789;395103224;-1572214153;828090737;1398878351;-1101271490;-1094614378;-341568799;-1435509602;-554621883;-1414527765;623672066;673981047;1961415483;467580731;-1250186764;1971119343;1715852036;-1505201049;-1041198312;1844062902;1568488286;-1935778628;-534978349;-361973556;-1550885050;-2114537591;425064593;-1149738957;-1842701671;1401936369;-2071741684;493941477;-1501899267;-1445320957;-572226355;1631917064;1779623169;-543589113;-906874126;-2031528097;1854612098;-1994415078;822882354;-2078186492;1011019601;-341405187;-1991848418;1051463251;-77007086;-1645570263;-1560252759;1757584681;-1840750746;1955711270;400638442;1898622542;588727628;-403751396;1257413663;1209888303;275066052;1384508841;-1211684875;2134775504;-1341241676;-644330763;1585281285;537192960;1937944847;-263263228;1861927586;-928834867;-947972812
-145508655;917985850;658917523;-1336596347;-1808412264;1483864879;-1639853162;1574144454;-964455301;1933762992;552174269;205333968;863663683;-1977962159;288384523;-612084060;1289849601;1072426729;-575151456;1634040668;-1993594799;1152387461;-873481561;2119248951;-798225949;1728020127;-1638649998;-1447224331;916634167;-1718907504;1198105058;-846120347;-1363524697;1035677250;975656204;363588667;2137615786
