704536087;-325155945;1369437882;1278779701;-1266303685;-2104009357;310465558;566661819;-969744916;545586811;-1785851499;-1883767839;-553385689;571130463;941108425;334226691;-1345496241;-786679776;53253614;-1203796760;264460681;-308928810;-679549085;1135449382;-1865193402;31713965;1158979669;451152068;950669088;654972464;727504573;1496058145;1658746346;1898824649;666670219;31087893
-1741261944;879186979;1966906965;-485940504;-2035363549;-622964728;-463871716;-140666604;-2016027075;736664022;-1960594938;-1077421565;-1792934677;-1518261131;1528729150;-594979182;1200332403;492268939;928463323;1959182480;-1173513642;793891378;1340905607;-154361715;86339984;172595947;-708055967;1915155704;922616349;1831983825;-1867014364;912993896;-577540417;1531657745;-1467025016;-1112203975;2009546494;1378435993;-1588630296;1015850075;-867697808;1734663695;1974358820;-1242348186;429902394;-1591496700;1622427848;-1229596176;-168701994;-1957013655;565282157;1052194;791042069;-1625064383;-646654369;1685352585;-104723609;-1595107689;1915035519;-215667927;-1381714854;-254500941;1589085803;-1518945833
-1515707768;1375382491;72823240;1747037909;-1582735505;-372140210;1934224996;1047471423;134903578;-1480640283;-793725088;1024726998;770363586;-2037537395;389592075;1006755655;1627926435;199913828;1657978855;600362164
2122566741;-1039928198;1344753919;1463681387;1942504708;1003781222;-1764895672;1604840792;-567978511;1752171447;-838205005;139888175;868163799;2011978108;1895074670;1239009972;-530711467;-320858472;250129138;-1670457696;-1846233136;549215705;-1296244344;-640650536;-940787306;-1418065591;1068023054;-1769736990;-2137826489;1616632004;-834951942;-355458668;-1344919440;-208898614;-2021330017;204670734
-780640106;130932655;470221289;-426609473;-701425041;1766455808;777413040;18884611;-1708646083;841696146;2011193486;2044255238;-144338850;1020469201;1934189129;-459667347;1481079482;-1935038698;2124131950;-1289044501;-1139518956;-491184781;1121786318;-1792867170;662433699;-758935121;718361384;1736457400;1153962465;1617225871;994559783;93087074;842425250;-1674323881;-238071922;649620956;570646631;-419915633;93921713;-865602328;1347332595;87575050;1425518630;-1985013144;-1804164321;-473933020;930968509;-68597946;789734378;919432266;1418383276;404361107
488470718;-279345906;-596143374;1608593259;-822786149;-142120562;-2121269449;-1307330011;-1961006825;-1358342817;1500649802;1940923760;1499153416;663387247;794488913;165252103;-1892747351;2026612443;-1645666546;-82925433;15144349;1389952164;-2030551164;-189830591;1789360179;1495554211;-1790085920;-611941551;1662040298;-1577232710;-1888997481;-1475001361;1477053240;1472172364;-1034383413;-328116476;-167280762;295879150;229575155;912864256;2000876159;1084209502;615461305;916281834;-1023529846;1821926067;-1758867674;696887224;-783747692;-702528042;-1275026948;-2091162144;1311645970;-182043344;-1969719454;942003502;332846662;-1013493084;1302623686;550524632;1717803200;-2011301953
1060536783;1244583207;396365102;-805771088;-492586665;1042609721;659647856;432315124;-1638328103;-1004911089;609742539;-2063350473;1868941560;-1597562971;609816708;-1214054046;1929843169;-1869138791;1662568265;-333980358;-599343385;1308683059;-1747706638;107123209;-203184306;1843796133;1618581352;1753289342;1912172646;-2033214573;1821154021;527078097;1520032987;-722887980;-996132003;1501097770;920337739;-1631687558;153694523;1972868163;1610929689;-771069681;1127081296;-1511666101;-2084876672;-186437854;-1906915320;-2097896947;1268546794;-1307501823;-1655674914;-727280559;2044404866;270661319;-1298924783;-1254489214;-60786680;631776920;-406695785;1617754000;-1442679325;-1165372117;-2146935726;-164393961;515600764;1652024456;-171715967;342382784;-1648337463;-539187438;-1676573064;-277840921;-132600537;-183589688;559317139;-448582786;1026808428;-1550585657;1265631080
-836374724;1795609362;-1471817669;-399184183;1022729115;-1695233386;423488182;1144316884;-184831292;-1189270681;2093390809;-1070942843;-654499528;1476713807;-501642193;1497939929;-56250343;1160314506;-1212744382;390610683;580594103;2054319818;137206352;-1984201750;1271247723;-936868224;-775317443;-2126274729;283340963;1270971997;-1073651508;-1869197613;-1303723202;-791459050;1747270921;1901951017
-2075135641;-1187335415;884862728;611751658;-1956342181;-1740404010;-990396187;-1507442612;922931145;-507793757;1734173471;-609526502;-1752172255;-300393913;-1039327389;-223525889;162435176;-1530507800;699032145;-1883516339;567402368;1993078774;1326108767;1005988110;-796101203;-753939877;-1784331011;1488430936;697185620;-913166608;-1748033542;-1855343131;1531902468;1408094002;2008450342;242104291;-642835782;-1083694283;1238266423;-956320505;-1029223328;-620266536;21745392;-1474195225;498444439;566426681;262200191;-578034807;-850535242;557069931;1054253350;874759990;695125265;-814129306;-92649186;894054292;333445245;-1972220353;634289591;2086182387;2109605907;-1234060648;374290883;-1253816602;1663334196
1100524085;1372945686;288403406;-2015404385;2074609156;191526226;2089383644;836558836;1081573460;-954615831;-1488280269;1008232897;-798705448;175756091;-1125308294;1791597824;-471642511;1436099469;230658169;1380876853;1324578843;-200686563;1644407959;66859678;569296905;143850870;-351666787;934568104;431717645;777700613;518782912;-328830043;-1751579075;1282351595;101880029;1759128252;-692151085;2126547731;1892022022;-376636640;-969992107;-283405689;1926843196;-1354064507;1303601397;1656844799;-1403302786;-809730354;-132176839;858016955;-598548734;1421019146;152678366;-1958397294;237878209;1269232033;333387514;-1803587511;938218553;1142953418;-921959072;-831710936;779890286;-191728065;365487431;55031242;-1956299471;-652646092
502207541;454097060;1501831556;1678662648;-438356694;301447932;-1952053715;-698162849;823046845;15410568;-552563458;-1306099577;691305511;-101215757;-1081897842;-1315690768;-1702036775;-1072376891;-1900267152;-1286176366;52688085;677580335;-1139129692;-162180541;-198590407;-63397369;1813365072;1849177947;-802186212;-334333936;972550063;1952172442;-1567604067;1019751295;2129910600;-1654639544;-1559820232;1316608186
-1270436963;1976114267;2009437282;-2055131976;730162531;-1315324103;-1137783149;-795107479;13629401;327909597;-226351510;738192434;-2083765542;-928129663;329544135;309445599;2026522430;-1442329825;-1142686381;-1150331907;555192448
-993048380;259295188;552408225;-486187979;604291935;1803347092;-2122273205;1473890331;-1868346178;-766872371;179410232;1886243267;2101050835;-412387548;1700362452;-394332327;-1549926868;1767883843;1271013665;-727753597;585329016;551165969;190429658;1420546229;986614089;573106723;-1346491429;975232707;980543259;1049944433;-304469825;790499767;-1089602924;87813964;-1001075510;1200667364;-475170803;1356410255;1597963017;-604207813;1180271440;692755476;502781879;-571905572;-1793602909;2008562026;1173619938;375642608
1783067332;2041152846;-1737150027;836556471;1400971059;580675993;558352601;1620730621;-1321240041;-1364808801;-1224002548;-19330523;-363015981;2102909983;-69039152;-1393550136;1085462463;955221662;-730870637;-58161841;-1450845598;-784371829;-13851650;-883577672;1752578784;-2081353565;1811038095;1408329626;-876219215;259782551;-1089015707;-2112147610;-1687742829;47246059;-1163806630;1960520687;975398849;-577242848;-410971050;571330859;545041509;-1843538411;-105670686;1004868922;-286769846;-990958935;304492027;-2043116888;2147477205;-1796818267;1224020776;-145904913;-26393803;-1554152231;1073339598;1381416255;1559495641;-1116061308;-513662525;1769817472;-1403855326;-812653832;-1246783456;774592407;-1577447590;2018573438;1362869338;-123360536;1594993635;-1919405194;2019972499;-1876071909;-935776845;2112102082;-1808307411;319339299;-687016449;-1566099355
-969063556;-2045397450;645055846;-744348531;1874341043;-913247184;286119930;1736457235;1330867499;1656823207;-1191718943;2073066336;1004558621;-479797531;1206385936;-1249377655;1163640800;-2098417473;349325455;460725662;1961892202;1105777089;1544751012;-1152417031;-1968273386;-2111234390;-1008575183;968794838;-1473269081;-1530954214;844221786;351329320;-1428571508;1404883849;-1189288086;-616453462;278450789;-172774021;-591386121;-1977474509;-492029755;-184868111;-1109949117;11291470;-1811834055;1195217954;-805822492;3618057;-1883953783;845562475;-699448921;-986066931;1894564157;364639107;-24475470;1360520943;1537821026;-534375438;-1272197912;458606532
1786580163;1538086288;-211520774;-731871456;-1382170504;-1543420616;1560372069;15198155;2063819581;-1069457449;-314424424;-983736235;724181601;1091735345;118891638;-623114084;-2110763263;-1349400193;-2138371832;-1810855462;-1336737787;-1596572082;-4203633;417230889;-599892144;57601447;1549279197;340430920;-1879501262;-1778381457;-1178077472;-696285793;-508195551;428269841;-450607233;-963801984;1867182761;554755929;1603018920;1104624815;-1732035168;-1239579997;1375578281;909174820;-1551196515;581926708;-239456833;1741726223;396367017;1921391591
965292571;837687607;-364152565;-282371059;1152022518;1575851857;939561355;-291495893;713425681;1814340116;1238180431;-1401364208;-465640796;2117443166;-103013406;911552797;-898108940;726324165;1834203733;-81541029;2112103640;737515722;-1677607070;619032015;1743820920;1515687501;-733721901;560603665;1610116184;635412036;-1253581532;-1874452705;166635412;-666127961;1865093223;1831043438;795520621;2134593966
-1699664318;-674755581;-1179736002;338785040;-583087298;2010289252;2123404192;1459451406;-1583097026;-1316740411;-1742618253;841649843;1991988324;-924223474;-1559886620;-1373739235;314180465;-258474597;-300655589;-394769513;-617131947;-1502187456;1696422136
-1004193784;-1791576178;1944248574;1883965161;-1603432550;1610575188;1924626575;-1316374973;-1414011767;-1196959384;317361497;301845305;-1187213742;2110875047;2039116816;-911223909;1958659402;-111817159;1247546717;-1215227653;-99560787;-785280487;242435605;1535700699;-2111656457;-1182373932;-791222610;-1954136312;1674353522;1573501584;-481466898;-1712129984;1603051536;1978626895;-719867164;-107134182;1770446458;1117885045;1211771420;-1106992857;-2121911960;765025671;2135108109
-692349134;-2127092427;-394134826;1414454417;2043691687;-792598631;999816489;1600123319;1422353693;25711297;-830909305;-207753307;1919550921;-256840854;-426671955;1690191533;-808945072;2048875534;-49046963;-1751379410;-687713123;1991323681;700786433;-1309569150;608098805;-210468970;1494071420;66559769;-1848813752;-56668505;939838210;-1424378906;-1878661432;1983292886;786077465;-957426439;637041343;2109777454;-1634743680;-376531604;1518420381;340598222;1572559968;-1402788221;1060550480
274526401;1627908110;152500184;-458987132;330137407;-1261036782;52373274;1485866826;-406376195;-1279812952;1045496307;-1172825471;286829016;-302923996;-1906840432;-1275255022;-1708707617;186175352;322966012;1443610194;-1637454845;-595680038;-1933088519;-1537243842;-2145148150;24470693;1408872980;-1752900856;-1192378935;-2115406724;-918174989;1722246098;616722834;-429650763;-1991527695;-1344799816;2145145322;1773800691;-427246356;-1164945900;-997934977;-289343724;587131485;-1237660420;-1794656168;-1784794034;809753512;1307125007;-988311474;-1360852844;1732460980;198003057;-120565574;-1863722946;-1732846402;-290241517;-1251760017;-1810914328;85922922;-504629705;-478147350;1856954009;-2077983461
-721047096;-261160409;1224466051;-589484172;1104085879;-137460262;-118780035;-1575764539;964270384;-1828512944;-72729831;1026262225;-982003164;-660187745;675046136;-1791079706;1719833077;-748478784;-445173030;842999291;-301608857;809148202;144996725;-1781930508;-1768296361;1866300349;-936584568;-116891869;155652587;2097188321;-387281362;709056786;-9513974;-1780319761;1679311223;835528063;-301188850;-2052470833;1995762740;609231783;364946104
-982601711;1751888839;522197348;-2037146080;-1280043799;-886153505;857625213;583153029;-1465108907;581187256;396438066;-1631859287;-1303660922;1268560424;122979433;-1442449235;1036356180;-398751339;-1121531660;828165981;-839650666;203184055;-292262142;1998031251;-213436748;-1593245023;1465666519;-1282164519;927790201;-1329647359;-1667393345;-683210414
1430343590;-134486977;665955545;1461639138;234089282;-1938529650;-949365654;1895117070;-728735119;-246197949;1511709632;-1983914150;100807673;1265590863;1440287552;302824888;148139347;-725851604;-841673707;597359291;1361640810;94735702;-1786205541;-1707168478;-1047793759;1974683898;690479872;-2070897227;2089866011;-1324928275;1454978088;401627732;-1790389707;-1720402721;-588233519;1026287180;8666711;-743717169;671475448;2088868844;247108588;1313729729;-1282808454;-303688872;715143854;689863599;-120485891;1455497884;-1155430874;1627931068;-294653680;-1779283197;-1125205389;1504947631;341031568;1260267433;-667084471;169537950
2085335375;-1893909700;-1909383959;315156718;636578670;1342650686;-1215536790;-658158319;-1157640562;859925094;-380438550;-863585098;-713587753;1758378483;-877832234;-1025398051;-1175501336;-1679959665;-671631823;1358374764;-229213465;277009367;1142423500;-24436906;-1820402728;85508890;-1208171851;1639709434;-1094140622;-230576032;2140977900;-819249464;1928514735;-279519570;-1927940516;-126021078;-1379444637;-1787033976;-989412343;-250687328;2037281552;-844347977;1512694405;-333248211;-1798469192;-1639987380;-1075666520;-1832677391;-1680720270;651519972;1023208319;-528447977;-1542480767;-428090836;-474978172;121469936;955382178;1269436327;-1724566769;1236013408;574560420;-1873876561
203798648;-589471426;1916565176;1996575470;1921810020;-1305067236;1639137244;-1533801757;-906690937;-1019934150;-115971437;-1192499383;609870820;-1708858763;-1306938687;656248160;96181439;801478751;-767131403;-207230656;-1022024573;488141138;-221929233;2029485068;1454966758;-1578941241;-1708172189;-2116953753;1899497291;2029615336;1660681724;-57735130;-1809515674;1010807907;-1437925213;-451298745;320856101;-2074584704;-782799104;922390562;432810446;2016681589;-1940637888;-1525032226;-655046556;950228728;1674802968;213291557;-194871985;1622786838;-1903688694;-1544916709;1276077883;-1365248189
2099146379;-2136152001;512405937;-571397740;1330775139;-1155577278;876720356;-1743508976;1783298658;-1964718694;-1809522810;2012200373;753575951;1184091637;741861751;121872829;1178657260;-2047424132;631868968;2020527623;-20707860;-1123445195;1489847337;1965101851;-241640671;75465128;-1915551233
625752249;-306276667;217202747;-1649990949;-1291081685;933717508;-830830393;-450511997;-225872212;357477326;2139957123;954773171;-225711640;-633308901;-530001905;-1158008009;1508805614;-1891974565;644435178;1125476827;1305985643;-1731757927;-1016427589;1985353009;-950786790;83661022;-1889559825;1086687633;-1347664006;-1188389421;-186422141;1366825312;-287249982
-1483574750;2069791125;1308935442;2138566205;542729842;-584902023;384460522;794976630;-1042884694;430100653;-686829601;-1898636303;313673575;-1525798287;-1273443957;-903930912;-156961856;-1463886557;-1614534715;1348662831;-1776444009;1972549380;794257681;-1048420377;-1456873422;577036610;1514105434;1005480407;-505090551;1179303474;1415324126;1238192752;374654689;-1127618596;-1252485783;-1198452239;-1231275239;-779021636;919568325;-1708653373;-738635709;-644491065;1242585456;765679653;342678261;756396203;1398782095;-54190837;258040289;957912411;1724464162;-962452157;-1233871325;1274552778;1363703417;-475918630
794174710;-1687057689;1592402365;594757113;790229543;270103220;-1561992286;460885087;-121900680;1695096151;74090024;826297124;-1399114602;-1664753692;-803171524;1812509749;1955664839;-97720381;-2102297665;1304622114;598939438;1078371490;736947301;-1905447114;2071179340;93478316;1911819488;-1117340729;643205066;425289210;1773604156;1276980688;-1066048651;245146697;1475585420;1145440188;509536393;-1708760594;531196870;-1161681788;-1415004623
-2099043349;1552232187;941806670;-774432271;-1493012885;1034730088;-449719689;-615215104;1756199110;832032853;1756558144;-1587032724;-1152084874;1317603238;1479266239;1390222985;2134890507;359299308;976019275;-633486276;896741016;-672390149;1291169671;398419370;-1262913203;162175673;618010782;-867407566;1426958181;-443218632;-625479217;67397788;-391976894;1151783687;-1611593173;-120376174;-1438950443;1333439941;1479895453;-1397744818;160359747;1317110006;-1048699349;1979606676;-696646715;-838751463;-1539761798;849560803;-993602097;1890561017;945480343;250909159;182495860;-1762466749;372449268;-1209585103;132433160;-1224852904;-1468973648;1394275881;1602828038;1007532132;-1479101414;-825411518;-293800908;-1365805137;-186076553
-562920188;89091378;1892364803;-1148451114;406387517;1690495853;-796150475;1567659972;1650265306;1783229815;-574474425;205834976;-838436558;-463896746;13832181;-913161310;946084952;-1625041008;612683652;-560324347;-818195260;-1775766014;474568453;1810983547;-917135566;1662770159;1456058586;625137696
1975103835;825781625;1198025266;1846179712;1604938650;501647472;1665303489;-2095277891;21350691;-1378674264;-338068318;-129931713;1888794281;-1716627731;-1649287511;-2137368260;683176300;390900141;1326105110;1740538829;513800907;353295615;-1203700401;314677386;1158852894;-1718573081;1879645135;-1179563919;1872503234;1128208344;199053406;1576016651;1318742132;1032626041;-518269310;-1096604463;-268259358;-2137993813;-903514315;534396875;496281471;-1606553397;194192599;1768991353;-2089876842;574040628;-1416306075;-635555593;2122601634;1492497927;1610312171;403653723;445701852
2039563831;1021092961;1210524436;-645613667;-1400941617;-316571830;-428716092;1205902554;1086577956;377039872;1856690529;2000777407;-2105358842;1872487037;36361460;1664837246;1533573722;-807135634;1154803689;2014979045;-339700725;1274828819;-715529945;-965024029;243035198;1192222568;-1189720224;1931804491;-1368060983;1087776137;-1560106839;-2092326697;670510820;-1418448814;1640355660;274747758;123686945;-155945915;-777830435;375748521;-411636071;-624922448;-1728408437;932498835;262374247;-1047172593;2057374135;-1039025232;2114640474;-1642076498;-1111441462;176939072;-69746203;276812178;-1201375677;1527662276;-1660598694;313616281;-308093938;-1693707327;12971095;-1644866848;-71429860;-844781373;-553673088;2048170084;784411951;692946084;-240369042;1245920235
10773518;1366960358;-1439777244;267484760;-606575043;-1694053043;-420226803;-370274028;-464831991;146905179;1435049620;966867081;1308596003;1949014543;551705985;46528978;1804502942;1929670370;1877667986;1198770453;107562417;-2126265281;615734247;975332636;-432754245;314716209;84991136;-2015930332;-480795514;644567134;-1884041532;-664129035;-1297767985;1677616179;-240906908;-334901454;-828133627;1006753376;-1117736705;1425949170;-2038607279;-220108409;282251304;-2008535154;-1751384618;-344589265;-2011617690;-931678276;-1657574599;363927550;-1691564709;-2128463652;-1522947229;-1156202457
-671119982;-194384251;1330328352;-1515937522;673996692;1331513436;-1230138472;-1086650025;-2053551164;1572140214;445361320;-371623049;1468666752;302374964;-771734200;1884084079;846956345;-1779599024;-1035421948;1124708721;-787851710;2041843105;2036448238;-1561773367;-372305942;-1033816227;-187783210;-1789831942;-2100256308;-1670701280;-1006731080;-2144849113;-1150294172;-1401842197;-184178059;655764917;415506150;788679534;-493217338;-2036421587;-2021042358;-730618743;-1498725779;-826062490;792669099;-893913584;885929132;-2072865310;489119697;-52222002;910794235;-1187636104;-793169396;-1019673652;-434855692;1504283955;-149457341;523941331;-925452143;-142658950;-1520120245;26099502;321264282;-1183574928;867341181;-738008397;1915047256;1960341149;1627145602;-1264464636;1064821902
-1653960080;401243410;-1399744087;1878187064;-2009707494;1280225506;1373778742;-866674205;-1154163037;-402797;-1349259373;352194373;-1667425196;539779487;1723426537;1661269036;-382963025;1597191265;1310922841;1611338977;448912580;1468558806;-2065426827;-292751478;1795499714;-1741548633;2031126257;28111823;2080790224;608186470;-1430787687;2121441472;1126846237;-711209448;482892421;-1711751946;-1703477963;644650227;-1230552180;-976292617;1520609942;-1401744792;-719376138;1078406111;1785676419;-619582365;1728691572;263989819;789815575;-1147108144;-585643692;-128329928;-83738724;1279644001
-1446158340;-847392227;876768142;-1278577049;1741025619;325167673;-713220899;-1979772273;596961166;1502409529;1452632931;718823722;-658073433;-1866654875;-1292637559;130473047;-528802647;-1030422894;-678931437;-166421686;1507375182;-581720577;1063365982;-539473857;526896617;-1869172382;-749929240;1598882219;-1815971706;1991359805;929780757;-1926587724;-905956017;-454731147;1769484592;1952247523;-1041744080;2119527204;377847215;-667927272;326860990;-481822547;1602399418;-520897091;319897684;-1120741615;-1523008018;-445454274;760212095;-1179670144;784148573;-1464263752;-1694654821;1473453107;486142425;-1164271888;507142589;1709008760;-1291225486;565783430
-1375244274;-636967876;1852405865;375571210;697374898;1206562645;-498960499;1032673647;-2039834375;1879409189;2138454747;1906221272;1461448032;-2118226457;-794839959;2125637893;-1289046879;439541608;-1129331221;-149644287;-1049620921;-651092977;643257192;-1238995762;-757772668
-1041019600;-876458944;-1543005374;-1891676364;64677132;1531185193;-1390426505;-548785123;1245668023;-72959818;1211955645;-933874491;617630605;1711628312;-253360351;-904225400;-2142383742;1939038310;116290362;1566903985;1616821589;1846275009
-1448090815;94259204;-1008348488;-2037963824;703709167;-467036286;780883182;-1181042084;354979440;-1623469401;179034106;1053243558;-1367185160;-2082275225;-206067570;221676257;-1641334273;1455892038;-235656742;1558543997;-1225911224;178280971;-1466362062;1296194819;-230324450;1703918259;-984761363;467943460;1416000224;911901864;1986479504;1813023502;-125492800;1858450738;1068995628;-2043448063;-481515321;-381423315;684600580;1253486882;-763570917;1695458044;-645713038;1593458575;86190468;668894141;-725709814;-1159677006;-1675120596;-150535234;199986687;-1566458918;1865327782;-1376041426;-1851005243;-2002119161;39598641;-2055560169;912430072;-1485103611;781713980;1074653835;1868175228;150417595;1270986541;1969080349;-1881716252;1754996932;-1960743075;1635655059;882667287;-32942018;1014594663;651240921
-297483294;29391522;-1008686793;-576166490;1632033621;1357796587;-105205818;782745772;410868413;-391167833;-1774033121;1121835738;-965639786;679212551;-1883426986;810134797;1235479237;784771214;-688979162;-886643062;-1715121684;-1663007792;-359092371;-1888632471;-1876567552;1345564795;-312635942;-1890502352;1874438425;-274061925;490583780;-1072199746;-139793015;182045209;489479933;-570225558;-94461905;-1424840060;85807879;1925185899;-1689085940;-1795930349;-698759161;-1574067335;-40844522;1341865450;-394268137;1973399476
415815068;-2112285023;-937468987;-931326198;-1359336463;-437449271;1963011138;1574365086;8195304;788490027;1603751254;1345286426;-693324290;-672291386;-1658957407;1563097195;761334192;1784727351;-478381219;69541034;-708905153;-1347188183;776598465;-190561102;-1908335950;-1475205109;-1038445399;-618802702;727439649;1349481988;-1436014474;290073731;-1466925777;-722034397;-83475405;-475726724;-1527310376;-1537213989;1626808312;-1431886715;-1870714516;335708846;1779110291;-653438550;-1801234726;-68995545;-987067036;1649882225;2085400369;815675404;549769607;-623331539;-1083816604;-971676204
1584907668;-1754652083;76741206;46573171;1774614927;524079860;1506162883;625969115;1003667793;-96659696;-353676586;-1301180196;989975211;-1732152371;-724631991;1427543571;-169934947;-1282036017;1550937482;-1092841492;1193984047;279344502;252944302;-1870275188
-1591102365;-38454362;-311406094;-1204606431;-512335045;1035496111;1921871704;-64023652;1822869674;-1178311153;1813542110;-28681897;-1907590486;710323197;-1980947862;-432569185;1663934213;-127008;-1288939831;1632681469;-1284034536;-784721476;352971802;-932152370;88623577;-559126295;-529435029;-645003757;-1573469414;-789508603;82167972;1417536390;497915662;2135822379;1591305123;-677149715
1421447524;1929130920;-933053519;-446464877;2092516957;-1059241997;-386603855;104489869;177550682;-1408946005;-1825654701;1007850711;-1501368214;-845623550;-754895140;1184628993;1158528732;1877009301;-850317311;1134340946;139684337;-486074600;-714719042;1588540686;-1611357998;221100338;904616549;-1102554886;1997744068;-100494939;1065887481;-526771425;1588020889;-1924456527;2008800956;1729343694;2031692393;-890573894;1813472006;-844536604;1101147778;1003147048
469761103;432357532;-871213426;-2115040849;1716215504;-1066609584;1922212365;517228317;443058178;472914379;89417722;252010902;129434778;1814588350;-1171194434;-2011231736;-1112113169;198912152;-25654530;-1352087123;-89053763;-1102353673;-64632069;-791793244;688118821;-578136741;1614938170;2005069756;1394711031;-1101798116;-1155400089
75455796;766607518;978284149;-971221281;-2073393715;-1199917886;58700042;1225031691;-6055759;-1390422625;1110180634;2010787333;447983366;-1229883791;208980177;-1265260970;429069749;-137171759;-902552906;858814066;496754988;-1938468058;1354903821;-118358703;-919897762;-451166629;-1590711940;-1459455427;-50175474;222337745;1004643056;-987777811;-22953139;1535075479;-2050769983;862687955;-1931839935;1956982488;1727266323;-2130825806;-1598449113;-704794988;1528702591;829046642;-2126842470;509197459;-957206285;1056700215;-1746294763;329745045;-696496170;-613971025;270266293;1807992782;467841391;907943595;-1308686525;-575729520;-277891193;299156977;-629907342;466126154;1729463628;-550318769;-1458454940
-150861961;-732330509;44692594;1760462139;749263537;-1857472774;1625050412;-1366529580;-602229710;-1521745082;1652874654;-115724853;-891801429;583587988;-37205803;-1095750643;-842519194;443399116;655996833;158270870;1071124394;-1514010981;-784201573;-1419597020;508468835;1093036606;-1252295575;1210043948
-816723039;925196864;991096081;69090978;1236749480;-1639479126;2100784787;105315436;-80537909;1750431369;2103476357;-1743572421;572570344;-1780633509;2057612739;2085463682;97991252;-154038850;-1541906591;983628397;1186204978;-732536010;-887964377;1803776838;1755298312;534316078;1224450365;1540060698;327930510;88662332;1045992226;2141034907;487811529;1626359465;565837282;2081387080;1331976025;-323780817;-1047980664;115899594;-852960242;-992420092;650780624;513591969;2106489792;907541271;-403827679;-1338813185;-1073733537;768512153;1560921785;1334057460;-1040786872;1981669566;695735081;1045981130;-1012543014;2057012420;-984630780;1387920050;-948224439;1131216436;577562067;-228339553;230258097
1884916555;185718641;638085742;1873930315;257890497;-879044266;-1374606934;450253670;1488922845;-1433253011;993668918;-704737509;1471687822;-1561992533;-1212898659;373354284;1876312125;1204097794;1165480310;-403119488;945791044;-1788945217;-1245086982;1277565221;1034907809;98864179;-691617579;529106583;-2025272346;671502229;1531629888;924435522;-1885909644;-1744255194;1640865359;-1090742203;401705704;216069014;-1650051449
-205180716;162932390;-1195273549;-708410960;-2145667407;2013256206;-1818759945;-420164799;740417044;-512782176;-751307483;1415503555;-615812832;-2127223380;-2099218865;-2018749415;1431303227;-466735450;353780124;367227310;-1294713084;628577030;-2136116641;-1980423934;979382404;-85934481;-1642438811;712320868;1602155171;422908179;-372257394;1435936512;819691740;-44797355;-558549090;1501637660;286418484;-1021597265;-1055309995;1167248030;-468916632;1881760213;-869164100;-949481519;659097189;1695676954;-1283778367;1959447656;-1447745540;-1783330285;-1822327802;-432735550;-1359139627;-1352008839;448815861;1017464175;1435653284;-1947115949;-1773441513;1565979122
-1198859436;-654488154;-1631112248;73733663;-1813714815;-695041184;1619930025;469820093;-1718246378;1343090077;590485261;39703391;152336810;-1416466525;41907185;1908102330;-1094290031;163466041;-866575142;-1004821750;32631425;-932577415;1805623578;-1480493311;1351896439;-562708246;-1560322735;-458813956;207580123
-2107041738;979435895;-120496158;-1988122185;66135959;1041408451;-72554701;1170059103;2114806173;138463222;-1387397171;-1555341383;1240096340;2108379937;1202777895;-420122813;286575979;-1943747384;398464920;-348288354;-1506024393;132296846;249511928;2117414751;1436428285;372831024;-1460588152;-1544765913;-83748752;-1688410956;1736364046;-1627842064;1764785784;-1058211359;1668616260;-2048694102;1375626037;-439580431;1315008626;-1921267451;-1303317694;-1800755835;-261433511;1983975824;459657789;679888856;733936979;1939664131;508469895;-1393478857
-1076566056;-1204370104;502681520;-1726603646;75907871;1106679477;949971721;-2046659533;109813906;-202921323;-1939761933;-852191243;713612263;740412672;-562656641;467780099;-1907710619;-108999831;1436345553;-708236729;-1880313414;-447788577;1713372946
-1215130869;7547023;1587791787;-1876884682;1890357067;196885901;-2059407185;-330120840;-981268529;1706976979;1564029848;619888164;676873762;-1213450103;1465818165;1142081024;437895701;641190790;1962675939;-1520896872;1553413403;-674009066;1454538235;1728360102;382144211;-1224455939;-1868987766;1230921402;2047155940;-2112548164;-1558885305;-1538009066;-1196324848;160930578;-1895359295;-1161985062;1986220163;1225239749
1810283616;-649911444;550138785;-1343306899;-927597847;1884821455;-2098094911;1461205084;-126370952;-1260810088;-52840692;632714922;-602326274;-768177678;-1825597438;353899259;466514870;-88872999;-866072392;1456333638;-2064581678;310942189;-1288224991;471595210;2057022039;846702729;1084286862;590071107;-2057230780;173375252;1822933623;1142873945;-205929478;-1259927658;-1683514757;1982143065;-811117353;509504398;-233138523;397403430;-455881437;-828207614;-1893323536;-2012732303;123331631;634098390;-928630516;-1557464025;2092241595;-451934367;1259092834;1982151723;944280472;235110461;-1069218730;-2123602875;1371753102;-1631535010;725045195;1127183193;-1616857729;-1197032091;227677419;747173339;23415755;569447734;1271500327;-450951294;-1774784522;1978255559;1938701693;542456891;-1286056056;1962627131;-335974152;-1056988064;-451375820;-892904402;-799077507
-97128132;-304621486;-278096445;-665553310;264657939;-406518982;205118371;628089438;-1330886845;1728360309;-26240623;-151253717;1773871249;1380188639;1575812713;918365702;556477278;-1586609869;-1113782929;1673399825;522163279;-946304285;347663505;411945794;-66610384;-734822101;1438993134;-252922209;-1295124715;1314997859;-1687450725;727832999;1582815426;-329295468;220844195;-842780909;-704172212;-1076287410;888111696;-867517762;1913262847;1743874488;56430248;611429600;-394560894;-803367192;113351994;-416152446;-34103751;147854453;962181914;1676436781;-511136278;-1046290103;1644053289;-1908468763;-1829323614;-713171269;-274528615;269111125;-573569319;2102461916;-537331281;1835366219;-517146924;-22274544;209709259;360363878;243632970;-1107113759;-745539163;140912908;656671818;1241839375;-1398571816;-359620446
1533090539;-995241052;1892522487;-1704770588;-1815696412;953445871;956758016;1344818382;-2058039454;665527437;-2001171510;529515623;-771081518;1533375424;1747490475;-1934375543;-293035263;1182947842;-160842821;-1504387845;-976270163;-124723455;570823810;-1992584682;2041942617;1577551594;-1543873294;60249515;791114592;-586598934;-643601769;-1272775900;-88899507;1167476721;95380236;850730985;-350570391;777052344;1799841200;-1721424636;25701524;-1813530619;1757256858;2094243591;-618693800;-928324051;727115977;-2119213012;1928231483
998677920;595493054;-683696044;-1632192498;459669392;1866795448;-418380256;-1451838617;-1751614954;-770103893;893718165;-553054300;-2006400792;844037092;1684737400;-950508441;1425690730;1206163917;-1601732885;475257404;137232743;544771731;303998025;967403737;-1785748483;1654398217;389388854;-185649753;-1483876905;-704895029;-367576079;-316287359;110921633;-269861978;-483170325;-1093305158;502654392;1216437303;1221949853;-1918612379;229939233;1916303057;1307053206;-1922800689;104697277;1584308132;1976130771;-142846128;-1247885639;1402699034;-1617635246;2121606467;1877725771;798000516;-461654551;1956963922;1995961242;-673320202;-1274043053;-1667383818;-1755766275;238588270;-67113845;-562245827;-409053080
268076636;-861062706;911665186;2050332572;-1486350791;695165738;-214973765;1595944870;-355285687;750063668;-1438191811;692563307;-818586426;-1813572878;2116329121;-1523058344;326185351;53579925;533500804;1660004830;553563354;-1371528266;1011994906;-303384235;-304759145;-584884510;260162915;130692636;935847025;-1246923944;316367515;929845508;173568655;-1037303792;-1705387018;-1095864850;1287838042;1212239103;-1797129844;-1084679502;-6708072;1979676313;-1080281198;-327675838;360009657
158672074;-405888497;1103858545;-1766002950;-106908612;1293500330;1501350022;59005007;-258705882;1152576686;-1422976022;134249523;-1984435152;1061147358;392876044;-1616536807;743009507;-1838394743;1256077162;-2101353398;-1628878244;367146294;-982281110;1753195309;-903598020;2106320508;-667080086;1380220104;-1905201950;223860528;1474874389;1713406342;-391833124;-785617210;-626165000;1054086970;-2010687590;-740348176;1018883156
1532825700;-670569077;777783093;1725627825;-1942161779;-273463109;1752870851;-540220728;2144252392;2055584084;272921559;1336475459;-353144709;-1357715589;-426447663;-486653190;744115826;-364698228;1153690280;-955020152;1111411030
465747010;-1647645433;-1044467074;2044246789;1028991237;1200546845;-1065855803;-963116105;250081197;-2113349572;788054396;-1780613006;1531960927;1888505636;1854765218;-1960076100;-1713776642;70691500;646701138;-1301425430;-1899668802;-850694718;1733574524;1265640134;1489525750;-1284420176;-612552745;1722633836;-1714123463;-1810066528;753908502;947159412;-1941741914;-841510302;1535874905;-568900011;839864959;1093809259;-1066518810
-417958408;-1962023392;57581336;1032736235;315298641;-280534955;-1156892009;201258984;1853157670;450107151;-1725556023;-1737010986;-730418427;427905169;1807703175;-1715918562;674246465;1642014870;1336189971;-1738622047
29492186;-418913206;1609971417;1341277611;-748079137;1449059605;132789310;-1726920626;1325525741;168836389;-797982230;834074269;1646882905;-1635142946;135848575;578104306;-1753045750;-1381549933;-1623939256;-1795360862;1738936376;789641204;-720090978;-492578922;1928121463;-1465245500;182378636;-647395302;-1928168204;-1215205682;-1508660298;-1108706060;1621807869;-858809575;-1804274570;-2099750984;892037062;299838554;1645481031;-1907167398;1192423017;-1141089623;2061039462;-133055227;-1564278226;149092984;-1721323850;1240908330;-1875766004;1334551232;669457379;-1532937253;468664943;181961340;1918383050;2082977624;-246805956;1312135514;-1616522472;-2088346646;-1777584111;1681344432;-42843856;2026339823;-1168868655;1484614060;-332825262;1438240566;184840287;1070625231
-2107064180;589113768;1188116124;1930275459;1824581782;1955687143;-269785204;-1165261033;-720141343;1808084004;-1345987260;463858370;-20356553;-1905910275;-211076855;-595988509;684119348;-826198360;-266827917;793259721;1862759448;-327840969;-1052321184;567050906
849672478;-648016341;-414009226;-766494068;-1496882190;-1545720290;1195674843;-933377845;1112378227;530066468;-1362126006;1026190523;-661865012;-722083901;1560814634;1254372096;305981976;-1192198072;936889581;365912864;1952896808;-1704718781;1263910513;-309770223;-1036483965;-1500946379;-1491614296;-1177129460;2081549229;1521993352;65165946;-1080661593;-1703096404;134773438;1108848873;1149533218;2112231623;-2140844563;-1264306058;411937024;-65534320;-282113430;1059663299;670699737;1457541669;-1992213308
-1320114834;473813682;601708532;-1877172373;-1732670723;-1675270599;-816551726;351225083;974437079;-358210923;-332903223;-1021309508;-2143306961;-1154411845;1867685838;1654888280;1952350259;-1287060413;-143403635;1600755124;-928462240;-735893210;809382373;-602876847;-2004969966;67736009;-1095543658;1972333045;1486581850;-1914911942;1996639289;-927464822;-412498669;522317240;121594991;1974428485;66353719;-1478523016;537797469;1760791818;-1962513298;-882749530;-1192678825;-1077403378;183279848;-635372119;-1875186213;-1259213891;-800505749;-1550507861;-483034944;-857359906;2125639599;-1488719016;1837543086;-2077434891;2008766697;513419237;-1595293232;1107557352;129235621;568979539;929943496;1516185829;-1841066024;1779091188;-2074813981;-1211613822;386737461;1242479406;1710066829;-180681691
-646363522;1509788167;-2072724059;-2116208481;-1818235457;-847696810;476245553;983953975;480064172;1520497278;1605866608;-495646090;1539479971;-982774544;593964778;-240300435;-1493252181;1487584576;1245131686;-526585054;-1904673608;-171803366;63561235;548345764;-1275892179;277946486;-1124174037;-1351953313;-2103818847;-1071421686;-213156907;780364721;436029413;-2034323200;-953530998;-1537052740;508454982;-276509975;-519956165;-1781665411;-1327510514;1223951600;1786429554;-925233891;-1434451375;-1191900846;1375539383;74868615;1710978021;2085299725;967443764;-1411550918;1475760049;525532631;-1401467237;1664385631;985823018;-599337903;-173376185;-2012666850;1560882971;2063526268;517613985;1447631660;1364760740;848795755;-1456554299
-1088342396;1036922170;-166540444;297709095;-609221990;1518380606;-1944257301;-2112012787;1333122984;181130365;1694247140;-1932842722;968176474;-1777954976;-892335971;-1096523692;515609735;-527437913;1960807174;959252978;-748947019;-699284068;659022047;1580336344;-1347140638;1681374859;357410578;1688063257;1134526849;-1678840463;1286329181;1356764618;2094228930;1380494066;131221299;1404283933;969371670;1054277776;-1749013276;-1593477203
-1173875942;-1304132869;-154358758;243536082;-1050066847;154237414;-1354596392;318880384;-284040143;-1196062756;-757269436;1790153109;-859768705;282547963;-80233736;1542984768;204997854;-1639976528;1497015391;-2048766139;403771703;-481242790;198542219;1951942473;2046070713
1925219141;1926771276;1206874638;362567524;-417404827;-90618507;704175566;-41251199;1944231268;-1463477483;1169830968;1284323610;-828087505;1238562021;547578143;1512644004;143506237;2011061906;713073953;-398411614;-1557209373;-1889078149;1952861983;1560308482;-403941402;1618956985;471472360;-1242256698;1733627474;1313697887;577313591;-2134894106;1231740809;1411312386;-430666529;-589191308;-705359202;980944507;-152125116;-1906761983
-1079221013;-1385883123;1828375103;-422809152;1929165567;1330307095;-701953817;1185397958;-551222156;-771475540;817169116;1755864323;-2047148835;-1435524108;1796593808;233648791;1114955940;48221611;-1523059290;-1914157177;1433188942;-732004076;-686003751;-1673232176;-1678458878;-2108877012;1184525339;1699531967;-397048501;-133841373;1863543809;-1117298049;-384367332;-630958841;-1341368995;-1102256397;1879164948;173330114;-1583027668;-1899197754;-971658493;-1796190138;1779455666;-445942337;1296566701;-795771386;1539335139;1547637593;1169379789;266054823;-1557730299;-96004974;-1375845796;993519863;-486050414;-1786430717;-161391854;839256861;2039289954;1583235376;1863663661;-303085294;1425477897;296776737;-698542480;-1750401969;-286218626;-524168655;1275861870
1338983932;233882405;-661258744;-926629096;423360812;-667959937;145603379;316918781;679189123;1996844308;1148125950;789899013;-1512346647;1380986588;776628691;-1181913463;1996354459;363132425;-1431508484;-860055846;1327383377;-603001254;702511465;1589398202;-1323430494;662073264;1646507951;663673614;1972710823;743118561;350156884;-1369737776;23037151;-948561973;2129997129;2022086730;-1450159278;660020396;914978231;161673344;-2038403592;1239369393;-9284354;-234200595;-1826687142;1191388108;1477170681;179708274;-1375568263;1492495818;2045910663;-622322549;1362274287;1881908900;1507014471;514269123;1786824020;826795540;-282129502;1328705641;449314530;-1543082901;348710413;-1347891836
-716878175;-2063733617;-1284895741;-1489571286;-928526419;1986552193;142197304;625423304;1900100375;-714101612;1235007111;-1525894047;-109423414;-220106728;1901200730;-1201695561;1916629550;783298171;-479972777;1360078149;1839370358;-591903729;98408661;-1057488986;51772470;-1741407985
291099191;126443063;-308957213;1796068234;1337180667;-1125629554;-1308068957;2021428845;-762542401;235300586;1345940185;-624194610;1443472766;1489991982;-1957465462;2096640507;-944542458;1692727103;-943692425;-220982807;829003994;441476894;1566364576;-1785027992;390381146;-675469768;615591433;1397422744;-650188767;2064542460;-1330943297;-1212268645;-230685778;-1352971346;343958813;1623898507;-657390267
-770933173;-1085357138;-1937578473;-684734772;2088714759;1828588520;-1673207648;-1900559394;-1516891225;-578890384;1874300752;1300305042;-43636898;537670342;2118177133;1420477569;-705279042;1353542372;-1400989129;1985623635;-252885123;1013054899;1911885388;1601535825;379703163;1302657984;2142671694;779053111;790976771;-1113479889;462075330;-611178674;-1347204016
469961018;678635450;763517779;-490506962;-1489279306;-871665136;-762445645;-1213049329;1777675592;882215467;-1781896427;-357480550;-1248630538;1762317887;1184192669;-2019508748;-1149762589;-1893211346;1197123251;702992079;1101030832;830478874;-712271351;-1491307741;-1587403489;949926715;-780918051;-1495224290;2081337337;1539060209;2137629051;-1979655336;1280249138;-1502865892;-645730555;-1704694198;880221514;840527531;-440291722;18750720;606207221;-781448845;-1936643612
-1872794115;-1307902911;-1895874555;-2105212480;-1949013401;-1008884942;794306035;565776020;2108638676;1965928513;-1709833933;-646141716;426901802;1310859296;480353779;1399580671;-2070170509;-2060179380;997311891;-1148450288;-463195388;1992061531;99285350;-1660284445;1531661793;1019754648;-465988168;1128351595;-294692768;-1890904111
1608290247;-474688757;-1061442962;1161284542;-56569745;369320138;-1787412283;-1385733242;-576859734;175794753;-299742547;1996046272;40260675;1925321591;-1408481711;-1088820851;1908887163;1405314999;-751876027;1895138399;-1501461439;2002575291;96891102;-1820312900;-66589024
-370154819;-1580059838;1131980408;-1238614640;-1871704403;-2116070934;170739312;595029672;1430087855;-351057520;530249770;-1339908586;208263761;2145305010;252289209;-733547905;1367377478;2060096631;-1104355249;-1476596723;29602099;-713922317;1528879418;1403802190;-467672122;-31969879;-1778912751;231906396;828807693;194393937;-1692006614;939865918;-1783360507;1871579098;-404177074;-1184412018;-1240917136;940442033;1469314992;1847655259;-1403333910;1422428995;1537506074
99082814;479946433;1340766312;-783785451;-322726923;-1764867550;457206842;62766837;1803335728;744211309;-1822789148;-1168908096;1640980663;1091081528;1652895657;675288562;1487784529;1849702251;-404041175;1125283604;199100245;1525127241;-647509225;-1282354846;758071168;1607580081;1751140142;-1585244243;-1574790903;-1065163104;-1667068059;2103147906;-1508827405;1874017529;1081198944;748855436
1456050056;-1969763542;-1179491274;833849007;1670636612;370406945;1389388692;-25675522;940774100;1172852017;-1704780413;-795135472;25380692;-35308988;134954766;1312197527;2116250968;1650964217;52211731;14700616;-1596340432;-804991853;-125221339;696352499;519320941;1549311795;-1559674444;1865525976;-618204508;1373534282;443283819;-1766077134;-371931279;1293583432;-1195550759;-844751848;1909979838;-256559207;261295955;115341957;313754181;-877424943;-1080121321;1037456821;-1584908462;-1208574427;651152564;-1881144398;-509471795;182461469;1210349737;821622573;-2010268809;-979299449;-1308955316;-1730388847;216454515;294799534;1184076013;2113598549;-141297144;-1102651957;-726721477;2110537361;-64145243;-569716036;907524581;-1295103020;165050917;-1451754509;-441844604;158418740;-1280883885;1593207984;-2007183689;1399393701
782028914;-82460273;-441424242;1848777842;1899521962;-66495186;-835800679;228551631;1636539314;1077761962;1269439946;-36722565;2085445117;-1631791562;1790819794;-1780053649;761448078;1097669763;1311509925;-502843924;-630217299;1903382115;1566293322;1612782015;-210633512;1895966639;307614961;-1543554618;-186150152;-529478037;1987675722;-816198478;591140820;-957734105;730545940;1885477901;-533624118;-2112474201;-1693855501;-1170411138;1742461115;-2112506938;420332166;392172620;1323558215;-633233257;1336155576;-2113168608;-2041220294;-1046515252;-1797828778;-1822419442;-444686267;840727899;632155106;-769731370;798943216;-508989090;-57643610;-147731098;1418650063;-294057926;-956022773
-664195341;1177770755;-1631867862;752003944;567298723;824276511;-1310754141;-272455218;536097356;-2073357272;527457966;1041760941;-1271523147;-71654633;1944813167;-2036142749;1853331574;-1455818850;2034150541;-120572973;168171946;2099008212;1489905412;-302126416;988438243;-1307533801;1477898042;-1607669253;2070900062;-1405026003;227938128;976406985;-684505993;724776620;-1387372357;92825417;256317534;-701545828;-1345607662;-787663355;-1190394869;1292398426;1696274984;-757603992;852780655;1316926654;471768669;833684096;-182362389;-533926528;388063793;157085187;416750853;73039575;367628825;1537597079;154793817;-1504881054;1693207446;-1217921203;-1624146483;1478713931;235281538;-218817938;560855816
2053874604;-1338118022;1574967587;806574886;-458545497;1267432301;-1145463391;777953249;-841928481;-1586322876;1831432348;-192622443;-11563028;-632217409;-327916735;744945402;-848871126;961193831;-2077267586;-826321557;1892361353;648640466;-1921565959;-1805900088;-1556445024;838205732;1280085827;1064040605;-1087380472;994918617;1358653773;154338179;-1749987353;-38409278;686237210;-468507194;135632842;-1045388467;142361270;608592968;-446041416;-2143306999;1050938726;222696868;-514737789;1734824552;1864742432;-1529406571;33205857;-1175533883;941847101;-1722429799;1498786234;-382156376;1855563628;1969389521;2020393027;-1986566327;565268970;1639560491;-408078774;601254226;605428207;1427211202;1938609235;-1307770391;-1198273429;1804053636
-697951507;-481940751;-1178444012;-9780323;548218238;-1243527437;-174078222;-772549237;1465017795;323476528;-848378151;-626875716;176273126;-267886999;1903003240;-939671274;1477643107;162573914;1072739844;1766400100;-708039294;-1452037656;1835052284;-1617938511;-119569375;-157611114;73909741;-57330727;-301211721;99831101;2055183719;-529794212;-646081643;-1945730564;-138340656;731978613;-1865326739;1809210220;548752264;-1858473365;-2002916072;1242877464;-601634739;1792846630;1508959891;-1998714580;129809633;-1354506748;-1351030710;1089320299;189006313;1762323181;-706358375;-831213722;-1798563560;924672164;-1684191857;-1470910230;-1075934324;-102431392;-1451674124;2077400505;1600211575;-1376299878;1428357773;-466393219;-589367806;2143061544;-302159203;-1208304391
-1734905205;1135885999;1823996033;-1494068358;-692655996;967886995;-793181780;1015174667;841893868;-2128728155;-1750198713;-74940406;-1115916859;1813601620;1863102092;-1126148472;42302859;1549542882;1883238547;780532264;-1737198640;-1100236440;1957193479;-611538498;-1472172537;1011786013;-1588334819;-567784654;904438687;-934359850;1097994690;-1085530454;1227426899;93353168
-1159790616;-357953600;563008429;1395428114;1688721903;-1614603721;1662778556;461708949;1998270701;-133092652;160518781;-1934284927;-2074286508;-1969246513;-709729949;484451640;-782787767;-1384956399;94118619;-176224689;-184724158;1462439178;976678029;-1937104764;-254064407;543631297;-1220440095;1832268783;-2040205497
-1955566140;1772219766;469289246;-1468831295;1149469355;-1565221755;-941394795;-1283308468;-1921321;-1706684417;617347354;-2080405501;-1954562341;-1733112209;-1539412605;-1566349097;1219623003;1098849666;-944219018;765638412;62336789;635342009;1089243915;-785265909;-1564301787;1327298394;-1658190417;-232138122;-1623047804;692138407;405575499;-922350979;-1618555951;1729156434;777719460;1223611247;914642003;-1625300689;-673581564;-1696626284;120318270;-1525800917
1230708537;154153525;1572834172;690009374;-488475637;-98914544;-797172711;-50688200;1504691624;-1481662754;79085420;661859618;325064051;-2080713939;1275224902;-1711506421;-596863065;675279752;-1799926509;-144494146;-2031910994;648869185;1798975566;1211077635;854638003;-480916625;955889718;-1606364603;1069318517;2146210618;-531728190;1754387828;-449931682;320454741;112491217;94415404;142798036;277614028;-1567303771;1054861591;529327310;-1710213377;-632744046;-1607745138;-565432919;1484569837;107562994;1907526278;21974843;-448906315;84999259;1599798697;713895976;-283831206;-1110003949;1823506627;1730162036
838087876;-268426913;1474467673;-79243247;550909803;2094474929;-157964453;-487522046;-1036784490;2109627830;-1170652264;1941397717;1798273742;-1122270310;818684772;-1655848898;-418201007;-405507495;-1743705835;-622071634;-1790739196;-1343884377;997197082;-1394134060;-398136921;1272602132;1607759442;-1073997978;206337610;-1339400085;-523191397
1515331071;-1152082085;-1182987608;679225100;-706974256;991889753;14098455;-54915068;-2091686669;-348191548;839007426;747747445;-1717263301;1909709897;1308173396;2132346725;-810114862;-1359934072;-1287065313;2053390262;-1546662363;405560823;-1165700819;-1558349397;66188063;436066822;-661651308;710652075;830021272;-989977980;1809618190;-1061787323;-883888369;921807937;1955786440;1239364468;1074405783;-313141773;1652482682;-1059418845;1598397455;1527707741;1272770743;-964302606;-1484167530;-215690067;1190338182;447798586;1172785213;1097663781;453395248;-269762738
1708741630;-185213093;1938697988;-1853281558;1109007496;2111164759;-1701030285;-1434733400;832772757;1870559927;-514203139;-1634543842;740510744;830548771;180745359;-175879063;-1872312056;-512236436;1865128999;134512148;-2086423158;2038746081
1408845957;765571662;809950432;-332130681;1850802617;658337592;600748207;1961150655;-1330202829;348144707;1853321100;1027799461;-1216882895;-1432488798;-969588990;726090501;947829025;-1347878873;774619517;1635502608;-1568097965;99624680;1416919841;914072999;854973422;1367212831;1277571030;453764312;-470078680;-1805787822;455839399;-1512048216;1272988849;-2015945037;1300807244;-1259107310;-2088514961;-1107098167;-2120966395
