697881042,1201279906,-1845529220,14206610,-71367603,-1494449355,-390619343,119090802,-459693370,1645782532,-1641911938,-258371136,1810448611,114034228,540047285,338067150,-935488513,-1374566943,-359650469,603425603,-1734388488,-1308869022,263031838,-637907206,-1609176250,-1414344751,-1833682171,1461168425,-2022427312,2031002825,333505769,-911887419,884539898,-1973850511,324200483,360384805,386207618,7167161,1415979398,1480474597,-739138676
1873286287,2027340044,1546653818,-1526417339,-1829051685,395467889,1930148865,-1092086452,-1314142504,1877294938,-605193479,-437728060,-798358081,853553509,1939363443,-1053136555,-1234793279,1557347243,-1782247920,-798419120,-1665946240,928063009,71494544,-1227181397,-1434473024,1831483202,-1743144023,1749299530,1329339998,-2042904086,-258867175,-1902842496,913255808,-1487237755,80064254,-907176748,1930127373
1940722533,-1202667769,486383199,1279726718,29401888,-786992811,1785192503,1745161767,1266802139,1611928059,-100940815,-713798308,248154481,1643286521,-1403687688,-1735827178,-622665861,-955464935,-497285765,-1967315728,-1638629334,265701423,96706400,593805578,-1569112490,779312545,-501763975,1689207857,-1658709802,-1069382615,-143352331,-287294404,-1180437231,-1336350759,-1215689960,-1292832584,-916656427,359519583,-1595482322,-197647417,966676839,313638794,-1221904708,-934118076,1460964826,-539911924,-1479822343,-75234261,-1098399068,422545025,1976885884,-1066579400,1701095534,-1838797648,852795957,1383411149
448536335,-1292186207,1290950168,884711018,-1182715252,1575063353,-332542604,1568821232,-1482180470,-8316373,1527406096,-470068351,-1064835543,-2066105780,515019982,-1415080706,-572789814,-921014452,1265208941,-1217505868,-421035823,1639548714,-2135362839,1362955762,-1599739988,-984093718,1777910561,-1848945701,554020372,1100945541,1087626426,1337318270,1240051091,852814113,1278629955,1421927459,-971304891,-2082489726,-1388239463,1682155239,-1831838238
-1078949235,1405328011,1479136507,762322232,-1982240829,2145362056,1648596099,59190215,-63215652,-518492314,1736595857,-1708564683,1071938775,520408653,-406334109,1228766447,-540782668,1112896988,-1886920795,1018488824,-371947942,670411320,-376960781,-898655455,333775802,114483816,-827895396,-316075400,-1154906573,933695712,1956907177,1690687485,530073656,-809082533,129111837,2107680667,1258260271,1856667629,789855101,-2031002026,-1850600292,386055512,1326381458,727132352,-704031362,-525228899,1655980652,-2127387471,-1560456199,1721095638,-1032644438,169077302,-1560688844,-1031456189,2034676985,1951117257,-383699580,-1061231199,236252890,-1225916990,1386058953,1401501890,159640999,-1299700467,-173011688,-1393092262,1854629335,1991437597,187154842,1227379478,-981080448,1908747552,117556147,2080798194,-221578467
477271141,868271563,-1826413167,-526178727,1119606775,-631304397,-34409365,1949297894,-248045615,-303270524,-687163029,206251841,1277750954,-1254584777,-1931697083,-132163830,-545432860,-1472307850,-2085403228,-2022551273,1791095606,-869922834,-1885421967,-1748404890,-1329149557,-1932571158,-848355500,1854206543,-544552919,102769565,-1149846406,193955577,-2001357547,1194588862,2100787609,941848846,2049214390,-969043622,-1781902800,2147266994,657650872,-155821595,-1140809197,-1134873168,-122203085,160682129,489878054,246967542,1632912907,837571042
4517187,1075165337,217728642,1640325683,-898909154,310719882,-872040367,-86576191,-1628226551,62626055,-1767267136,-1845010446,-1692190474,-1246456042,-43278241,-313442997,467322874,126530367,-990797901,2118473026,-1879577024,1284017778,1787492685,716078776,102646591,-1083789528,1887368471,1480203462,1510539823,953886663,1155824880,526599611,-1754775880,-1290617014,-974404997,-2126850459,1544564972,855736353,1807478324,612824464,1681706103,-1225600683,-1215026237,-1923560501,421205781,-1784709649,50374548,249525105
-1131262310,1307136423,1043031271,-734835655,-838198905,1883863460,1309008674,-376050666,-1206752112,-1447258062,473181291,-503362211,-562416225,251517320,2142663526,-1227473248,-639496879,-1052951229,-2112953265,-2069481606,-2054027307,906387322,194853511,-2078107199,643903514,2107784975,1625270863,696275452,-856223447,1520342343,-734911790,-68908269,1196552654,-457534819,-1045353368,-2023855803,1996662398,891426002,1232463640,-1462960035,1295588724,1725803080,196406623,1802631464,30083356,-839977328,849485615,-2029741535,-116372299,1056328769,1670879546,-98556050,-1140388047,1102549003,1411275887,723766799,283875423,262256907,207317444,-934703532,-1232184245
-1353951690,1646057872,880072932,-1919081987,-1905616115,2026952459,863513055,-290449216,2046633572,-1467907012,-1604421925,352022468,-1915490328,2036999223,-1843748922,984086258,329356768,2060366436,1378863998,2078103774,-1528609172,285035633,-1653818181,-1359341616
1269286793,135074091,1386596383,1283996788,824501445,-1869820194,857480133,464919653,-533997342,-1436752924,115643184,-667098081,1670650676,460160052,-233576618,-1472479027,-305221669,-949136946,191987979,-815888304,-1150459597,803953444,-1448308330,1123952703,408919184,-344294474,1030856833,2049605935,-371988949,1707940603,-1192582480,845165107,-634906538,-910637689,994111156,1288771750,1950474743,1383087209,-1202085280,2035189799,1934374963,1564776149,1199197597,-145719580
1193564674,1611462266,-1417324005,-1193873567,1662626645,-1617442169,1158270686,1757918917,-2022244161,1617826146,1495345942,2132550095,-797707422,-488295278,-1555946807,735782979,787617914,-1674448749,-372462177,1717208736,859571322,1136591665,436320417,941328017,-1408312203,-485496039,-1206013884,63396521,1012996543,-1034449748,-1090312538,1357447504
-434909162,-34399721,-1133649161,239248503,-1652781921,782540762,148217746,338737694,-1616554688,-1427769557,713867079,1267428493,2065103481,1661814916,-864732573,-500725824,-761342623,-1910532837,-1856303987,1293959437,-2023804930,1442355887,675432253,-1382462838,-1794285866,1428598660
1476671659,-285253690,903469740,-1453231471,1151606319,343151121,-1049252729,1925340869,643072573,-1516348485,-1689674868,676203077,-850979638,-491991016,518777160,1917298209,-1732393667,1603054495,401560486,1673082929,855449428,599800067,1970017905,-522856378,-267578808,42857348,-1403453161,-1859777375,-1734572497,-431031679,674866351,985201064,-2135006303,-1762088366,779279933,-267626282,-1132662370,-916033964,-1243135692,252209907,1823124910,-274325436,1855006267,2072795525,992346698,-740652848,333996596
-1858633862,-731064981,-180491911,-1912786602,587758015,176101216,-1323834520,1865501682,-2102774990,2015305770,-2009271775,-1461701786,1510208236,-472232191,-2100972914,-1765425024,528527016,1749558200,1098365091,-1694302779,-340055385,824879814,-1608676378,-1943845976,15840211,-232712543,-423401423,-304454663,1979242535,1977227858,-671562057,-1414162277,-805912243,762894661,1572008772,-631232134,-1901652600,-273121183,1567437256,-122159685,1350664916,2072501336,-1964558315,83725364,756766794,-1013481153
-282206435,-960572983,1290426208,-1467009755,-414408952,-692520494,-618553009,-1577335706,1481595150,881411508,1866125114,604655030,498758730,-1926475800,33993605,821329816,1846774411,-814918466,-133763946,1591647823,-967567292,1119900984,-1177053204,573356889,-977094713,-102693835,538485366,1131766075,-1119331406,-409935407,220940834,1678555012,-860210007,-57595637,122528947,2052023051,-890737083,-124030039,1676099543,59025018,499928907,-1226426280,1719086712,816023312,-969848544,-672102634,-70969518,1975450017,-1729785220,-2145212460,-1443096379,-845587486,1177020766,461864790,829396460,1679801827,-236816321,2092752478,-852016915,-1483620389,-1148036470,1853300488,936441490
1589539914,-1110002569,-1815331048,-953182819,-1277718235,-1768648527,879528007,-320048660,679935624,-1695251257,1802267842,168986760,-1794108125,-1363476679,-119694176,-1197890151,633103768,-665465705,1439054650,-2089426620,1519484014,-1405239701,-1160395194,-1482032338,-1878363829,1452366934,-1214719452,-853185986,-1199655582
1026844535,-2029181786,981652777,978786325,-819581448,393896994,-1809374897,-601543307,-703491962,-1851069822,-389844243,-1250342902,-511895936,726829670,-297894149,231251416,-1630130601,-2106197944,1790078213,-593528559,-480901794,1026762688,859284765,-269213441,-457471772,-1537492734,733612307,1061481766
1695169194,1699482851,-1612585303,-1588850246,950223803,397304430,1239718892,-503624519,-901797403,-1158009747,1079970426,1539277436,1284331526,315026594,-730545367,-1668150245,403212530,470065487,-1600148356,1431063391,-1622709641,-984234517,-1584134328,1310260376,-1708233573,1581001491,-2092066407,1271419309,-1987854041,656857534,-49667115,1944201843,1992085352,1117681077,-1131183070,1865612866,-263675852,162583361,444476421,-247117114,-716798421,-90983387,-1272525749,1610783762,751339070,-612245554,1334074155,1725202938,1756710005,1817512648,-1231955796,760153761,2069199084,43139444,-966429372,1744009808,-1126878946,-2067412488,-415170879,1395894409,-205430427,1986441590,-784222356,-87373221,-586249535,-1538688897,-1827406997,-1425880584,1170045144,-1238592822
-1814975612,1711234109,-1688162784,427162478,405024559,1946862836,-767953766,1900321049,-345505659,-672710347,-1156137457,-1606536207,2109277956,-1852988304,60515527,-393911026,-1589990418,202848913,881471859,1289423617,845097313,328625028,932811361,-27491597,-1637075292,64459515,1645875691,-880160755,-1196579389,-1527705490,140558384,159143194,-1933851043,-478817437,-1677589498,-2086861717,-62611013,-2054297617,-684456146,968043003,-2044435419,-798177412,-378588727,-166513710,-1265989776,1792373195,534145291,-1874387795,1437504219,-1780968900,911738158,1778408670,-680492004,-2064042675,-1475104088,-423787151,1064187316,1722339936,-1247759713,948693392,936924811,-975983168,-510447972,1877998120,1256638136,-784148763,-1101622401
-2072679009,-970373385,-1352783950,-107946280,2018499904,-58334320,-1039380319,1204859352,-582789426,-1369675322,-1010549911,377587243,510919807,-1838971544,-241115953,-684755229,518749346,1474730118,-158892941,1151066607,-333192715,1350432566,-990167228,1797493627,-726387400,1965595541,1182426422,315736983,-1384666115,327063052,-511365582,-1426929130,2060656834,-312230444,-1258710450,1187228856,39383105,1444308411,-898729666,-1257641077,1547491333
-856982263,53555085,-1458656704,-1998936741,1560495103,1984085910,-531895589,-906759431,1915719145,-85663884,-591025713,1550808007,1520373890,1875803479,-1915146573,777529525,-1985503450,-839003793,-1924183659,330466334,688298441,-976825389,1654611212,1199942734,625268522,-910644060,-493849203,936895044,-2127397305,-291011982,1594098173,-2126245704,583172883,1696221917,-1822752376
-69944731,1647477119,1335868080,820061804,-1762084556,-14817015,346771368,929332826,1243804417,880851627,-283130909,104966120,-219100268,-1790384199,-1954265369,1187731557,1890553834,-1606332021,1952110694,1756034605,-1960474003,1673927588,-1193043570,-276057742,-1990482331,560561173,-2118951009,2002249023,211375790,-1570066909,-863478850,1274873018,1756083115,-405345497,874572809,-1775593303,1990984826,-599355979,679864810,583340342,34154344,396804864,-1048901200,1728933878,1675267495,-1314754947,-1529012389,-1811214809,-1917141442,-2092751931,-1361093450,-791346375,-959278016,781015743,-812262229,1361899407,1117629504,1231634942,692916178,1018507142,-998001405,1113314151,-82649526
-320235657,128585494,1942983372,-2086980746,-15160860,1320845441,-1449532675,-1205081435,-896966047,539455966,-1345148670,486464423,2030189704,926314946,172630617,486204590,-590166419,-409989366,2105133031,16564026,847120587,-732107010,-923069620,-886932254,1319550592,1855693234,320128382,1472957524,-951906501,802478255
1227197081,-1522220685,9036755,1946932963,-2132908899,-1656875110,2031327349,-1241974457,1847102702,828034194,1583744716,1625087682,877021636,-1467489441,881828240,-1101040822,-430088384,-1659093474,890289121,1929645022,-2128307720,1677668406,-1047363224,-1305385510,2071002547,-2090238004,1246940348,-1729509492,876649584,1630571132,-183730170,-309586426,150821293,-1286438587,1668957159,-818940875,-1039000091,-1116344380,839635096,767311666,1570848345,578683556,-163306157,-2047312936,668146963,-579321516,448352753,2010057109,-501201625,-1740656901
-1711329659,1466599228,192710312,-1359159546,-86290244,-974333366,-899217714,-708814686,715190499,-1438514012,-131661842,1881878386,1857894917,-1673637575,-65987947,812051929,-550880597,-2024221418,-1466038135,-346077197,222173989,-920319698,772216127,1378079994,1594287402,-517620643,272025999,-564036886,1222815907,-632381014,-1754032470,1368682600,-642954813,1880751820,1863695435,87947487,-774265766,-345227537,1828249132,1098333932,2086580331,-1764266569,-1838351173,-2131955461,1321493499,-2106794364,-210647795,2078639154,-1659433429,-1385462792,1044540434,-1313980019,1817462665,-469910603,2061994250,-18251447,860230562,153195115,1541907256,1375385734,-1946810405
629565140,1400061223,-265581696,1992162417,59618629,-1725111300,1728415005,569973738,1302004879,-705831645,-370079476,87327857,446611977,792949419,1900272975,1366667992,-186471340,502762873,1440409247,-282351534,197613704,-983620497,-1568025915,1529997366,-424126801,-1325532726,1059755047,702483971,282700150,954092235,-1796177243,-916963420,501777697,566318489,-2121517659,-1607270412,-1577809473,1094179173,-1846908052,-1375525501,-1909068641,1023407311,-1893101137,1762326938,-526891774,-889715065,1040630633,52413308,-1462177775,-372476873,-1279504401,1479885806,1083392016,1283488672,274276161,522642682,-763106604,-229608957,-1757837406,561881583,1139829618,-1821502015,-1480628119,492694443
-141755,-1141858791,-440857317,-632191519,-1010420191,1568678831,2089931779,594050307,-1267684489,-1791527621,1776058874,-681627956,-2075286886,704317362,-478262856,-145054739,-293370124,-1661081087,1752226964,-13055787,-1649740247,224781157,-296563641,479208994,-111640196,2145559289,1710605557,1527655508,-1539923599,-1278225264,621273966,1136789187,-1722237004,279129797,822455216,-481482286,-1634043079,-119222705,-1099537488,-724430747,-1452504413,889287321,-1085483431,269278352,-39657239,1160474513,-1604140332,126406544,1089337399,1735944384,1755675658,-1952396034,-1545378031,2075601306,552500326,-953655999,689447870,-1168494826,-1712655905,377348932,772872675,1418245761,1780581941,-123864728,-1091242387,-2110691953,-111810694,-1495586372,657739188,-1927880781,75355347,710702443
-293610320,-1636584577,-239575179,1444151167,1304007790,-103878632,-869699934,-833560952,-516647919,1879748633,-701211982,-612579998,2146521159,900175776,-865642280,-1172457391,1181944033,-226646156,-1755497623,1799704350,-1765486171,1161787208,-542746416,1865040633,126211169,-780120000,1810132421,-2077067621,2007965763,1554181045,-964301122,835902635,1964415592,942594613,-1369408347,756867170,-942152782,-1821976883,-1657704246,-1205390223,-1375385635,-1696953719
1744448545,-560985644,-1621982149,-1627302511,210109116,427336001,-300062597,-486108179,1034663211,55360866,-273572369,-804565341,-1513664032,-2080235229,1728510412,-1661922794,-4922635,1788521576,-264228708,-1381289210,-1036560747,-789633367,-931918015,1960160582,523962778,-1698455868,1726136377,1582217649,-1193027465,2049012749,-236740317,-1811984546,-1024402856,2116050090,1402760321,-670170094,587082375,1242103070,-598033474,1669005302,399467537,1850795298,1987388787,484112521,1968419753
1915321317,735209175,851354571,-254479224,-1555959854,-95326997,-534837468,894603356,-1230824596,-542892415,999269680,-1296114932,1468086693,-1301143296,296979749,-2118247287,-2095379027,1090770598,-2081803505,-1904565456,-1698873672,-1848473340,-960120004,820950368,-1229378556,-456374611,521148377,199460941,237403418,-1089771478,-380511012,1911050259,385282643,307032112,-1986531803,-668877554,878197149,2121284372,1566796767,201554536,1188547455,553496958,-226393812,671777266,1719211098,-1134988708,-2126579455,-307734217,724463088,-1054726118,-1052394163,-721646642,-1607881430,-276071153,-726621088,-17107216,-897497067,-1886985414,113520778,1232255561,1207130157,1283760941,830547459,659743250,929037534,1875011144,-1590682870,-3727777,1579737671,-776228822,2102617679,-1248322635,1547432000
-44101739,1793085663,141256094,-333877904,-1016289645,-2065738239,-1877613643,1102730721,-1977932773,-1648158483,1145384478,1379331291,858339710,1205830325,-1282235719,1612448964,609923629,-331193728,-1483952651,1009427259,-1776301149,1595584929,910737230,-1009011383,-41965694,206013669,2038530583,1290687190,1865759740,2127839020,-866558343,416433501,-1090492812,-194193094,466978491,1504167395,438502500,858673870
-2136431068,-115591551,-773545740,-1357644837,-1168221937,-248368612,34123159,674615992,-1689547147,1014842570,-186237862,437828024,-152611332,-1255346617,-2089105241,-1415913109,-969736871,-1729481577,-2145668857,545879381,1913855422,835229293,1258505140,-1016336656,187141264,-1654046768,-53903252,8590583,744825692,1594516732,-456744057,1294084833,-496004341,1618405254,-1297428917,602739883,-689916331,241740226,2071421055,367948506,-1081206925,-1993198488,-943990979,-836437312,901029144,-2002087307,-188660468,-1990750467,1526567585,-861894834,-1184057555,1391713352,1104117642,1606976299,1934761013,-1179419025,-829390300
-1242136613,1342173596,-1884872316,508493538,920236051,1556992985,-446575938,246894130,-1177772197,-1775486251,1086090579,1812340729,-1013245869,-1890770456,1937697511,2029941008,442799763,-325569452,749096503,-1243635531,342448312,833189837,615906633,302155954,1422786496
-38970652,1701671869,1529434007,2043014589,-181302462,1095144994,-1948982031,-1224064528,-1270722557,979561631,2100491354,-461422222,1909206885,749315470,514352779,2128868513,1675188914,1726117961,170649086,180454056,-247068679,-1492676919,641708483,-1297846853,49558272,-1516640880,-449492588,-34156639,851835256,486622665,1962362663,-1264362894,-681245070,-1628488276,965146819,-1209982558,827375890,-1488012505,-383741674,1879338813,1595159169
-1663958972,-634312333,-2027956440,876367010,-2139239869,1938787415,-1798123750,-1703544263,1929670245,1919695843,1862410705,-1942633060,-1612434378,1824059967,402917660,-445640306,-1068994169,-1225568702,1295021912,-813633637,1870568906,852198968,220679389,-536405376,-1755789664,-1170406682,-1405095749,-309742903,23738800,-563665206,-2071117658,1470800316,998537146,-510343770,-971240402,-2141075851,900187371
-742289614,1289441618,-553915790,-2064582558,70426518,1767240080,-207946413,-764128985,-1787592141,1375975734,-1623114118,2108829561,1564187407,-2051351759,1586653202,-1451209003,-219714355,-462313536,47578135,-1839366575,440834919,-715953390,538011689,-885827105,1899685401,217190956,-998239581,-1650207790,1475890336,1978841616,-1076452116,870797985,-1140468828,64064795,700458764,122185451,-1943954319,-365194578,1188610178,1133927867,-836615187,-1975298800,2069049940,-1514654964,1931132102,1000309139,397631078,-702699377,1755650282,695265012,2010738703,1734640811,193721916,-1442875897,-63014423,-1033617980,-11435388,-1917572973,-1040409368
-1299297626,-980422022,-448131923,-1831343674,554780950,-1027727075,1555006748,1200765512,88991627,31640830,-1095236309,1710370627,-365172750,732709286,1096868605,892101,-392664923,188252104,124685614,1236749231,1035368412,-1337049691,-46428816,1365510844,-100603293,1769671090,-1847812010,291589057,1496738189,-1088523399,198047343,2088882485,-1182536600,1183080124,-284495209,-1733742604,-667873231,1907287263,1454569864,1894197567,-304806902,2140301447,-1955387721,-1537203961,1614937065,1468841853,-619316643,391132266,549478099,-2079680808,1914131667,340440189,17966154,702313819,-148090078,1169164620,-1807084284,-437321701,-7085862,-428850914,-922098979,-265263771,1258165026,1842401277,-1133163507,-358149666,-1943690992,-1605352588,794279325,-312732694,1763183931,808119962,484256022,-587345583,954094733
-1156185732,21361440,-855558563,-591051323,1686737786,1534569421,-1719572036,-252632254,-1097257762,184138653,-1366469618,-1808761565,-978729146,1617024842,-373091108,287776547,355543579,1014846687,1382480617,720330717,-769738817,1262306023,-639388030,2119632527,-1863886335,1076514246,1768611098,702433568,-1728101927,-983099546,-1008627179,446309987,755199569,-2054298347,-374445852,1181458589,1551904448,-165623892,1203426385,1930533956,694228030,168927732,-1924417765,1974691593,-85326253,475640134,-495326779,-471979240,-371167503,2012118129,-867382870,1305465502,277262756,1323060447,285615445,1586372491,-730111481,-2077452806,-1202710001,-1057948776,-340726407,-708776245,-185420104,-978107253,1875487761,179405284,-1715439654,1577949370,-1485861682,1246238592,1053159675
-1291988717,-2053169688,-1883621582,725535686,608602961,1820218391,1450369276,-1239290298,-811281147,595917472,-1124618417,-568787448,573042661,1749790415,1476342767,1656682674,-1129134507,-299478001,-1117845247,-1366045492,1907261215,365997963,2140106205,-1738762224,1906710627,701930006,957046056,1095960035,235683276,-1691161521,223572000,84775459,265014788,1403947264,1793794873,778220579,-195640471,-1204082234,2131578857,-2010827277,787379200,-350498313,1515057088,2042117092,-1206166358,-295236673,975994042,-2107785142,570026900,-2121444468,1476100824,-351631485,677707252,-1437575765,1723283180,162975800,1331561713,1631445555,145630900,-1831648286,-744618526,-1920222431,-931375573,436071312,-1472599621,2053087428,-401973734,-225760026,-604516413,-94289829,-649633804,1194529640,-526755958,740944124,-1200758045,779315704,1497503258,218114742
725313693,1247062636,-309607430,-986712963,1736309381,2019304733,1074823478,644179278,-996941748,457750369,-813370686,908916329,-601410946,-1549148873,348396799,712768385,1073088602,1997764318,1365739197,-189309251,-1219344679,1127646599,952715741,-1581773178,857791470,-881033397,92539447,-884476766,-2072319474,242183775,-826214723
590850034,-299348091,318912736,2055691991,416151706,2090886085,-1340443086,571154538,1298726805,-245798564,-1209513908,2005598764,1627075967,-1667502091,-1183396111,-1771434868,214941899,-724943850,-1936539533,-396414968
2134470108,1962253397,-712430330,-457168693,250207979,1881072689,1027122404,972792300,1804790687,-1072857380,-1289639859,720566416,1778752391,-1282823737,1978095310,-748463990,1194122514,1557273767,-670473304,-1992251046,-668383094,1334133592,-1134259225,-484363091,-143548862,-1194741250,-2131457613,316584234,-1346341877,-1354287251,2123788517,-1560890005,86689260,-1783352886,946954461,1968232265,977427985,-523171470,-1700624494,800127836,1977763843,-1427769830,-1156025878,-511665983,-1653423335,-915049930,-2106981045,2013394205,-1571461074,-937951073,1512767089,-1515414302,-285116781,1402742895,1946749313,-677209135,-865895353,2093992751,-1105606818,354564543,-1315779227,1762015540,108221499,-1731182693,1512210141,-910120891,-542235790,1190332590,293263462,-216731519,1384662163,108454949,-419204685
1808754110,1763216076,-155881756,148197814,-231200971,-241521380,-818900929,-496283105,-1960930260,-508043913,1759840543,-388882408,-392899357,-1932371279,1955549740,-303348853,870477302,1014464210,-782079285,1525577551,1189585139,1222956569,1074806232,-479837746,-1040334291,-300342716,1588010386,-1664420889,203855823,-304361970,1295420118,-543935980,-1914038733,1288279289,731691920,158821327,1298337140,-2078448819,-1056861074,-1827936975,-1594844095,-1210535328,-728036907,1131624156,789281780,-1050745578,144841752,489646107,1914403298,-842307413,-752950553,-969013433,-1743080972,-1786602065,-1616552955,757195884,-862364042,-1141256878,1350824253,1794855467,-779202258,598912737,-2004883050,-362213151,-1651676752,657146256,525023685,-1712699384,1975426288,-330629511,1436706786,-115592739,1820680728,-387799324,834172511
745642140,744764105,2088897077,-943543833,-1357890678,-515071086,869285983,-1546362205,-1312590298,-2146320604,-1354832245,927210023,-47256138,1778513696,-436139249,1201155542,-1891740519,-1532690331,617748505,-1752427795,1771674270,-1978671399,1962995242,-1149316630,-1078243694,-796432023,183349701,-440183765,-434961126,-403142067,1386889315,-655005740,803657923
-671579991,859872758,-1455138985,-1700945969,48300508,-1531681043,-1367183246,1919313728,-691036524,512954632,14367060,1715917046,-422898001,1212124527,1757256183,-1916485534,288871560,1380458305,-672909469,-1489600740,1340428649,-951428868,-2143277247,44798691
256838690,2124118190,662597602,197086601,-1291645160,-1581253038,601393972,207361949,-484704944,-298990160,1644597674,677911046,-1685695062,-1002719298,-1726822709,-792069818,-873686249,-668737864,1089982492,-388647994,100490111,1647652144,-1356959584,872288523,936394980,1316102762,972880034,-1076801496,1009291463,-1887117338,316108209,-1704081037,2102771146,-1234795459,-955535637,-1355647109,1616441238,1201725232,-280684162,-415589575,-1493129986,99537661,-1633193621,-1737298044,-820390812,829486837,-826731891,-2012602422,-1394069925,-962742,-1160729126,-488278531,-32676210,-552980947,-817162521,1541272522,-2111723809,1102156312,840033713,1528384272,-1245867821,1089181032,-1287393127,-954898033,-1378324180,2021376814
1446284256,-1167881769,-1651088059,373912117,-1576858716,-2110417400,68165543,1906965339,-212902656,-1243091805,-543462148,-1738702002,851439432,1702421725,-1618423693,-192190600,-870718215,2073911587,1970786517,537017599,237426413,199599162,1739854039,-1624857454,-2057890103,-1938303834,1339758767,1830098533,-1893653319,-211496368,-1155750679,-1052382599,1995852895,415384162,-1003450758,372449568,-1901093624,-335612555,-46489579,-227299392,315994400,-1701508114,981855421,-1296542250
-91259739,998669211,1062354494,-931693467,-1970347578,-1758896879,1672212657,-1310177125,1834201084,275283214,1570854798,-483132421,-1634583605,1100531363,640409052,1218782745,-1942539971,-448893738,681830798,1202876065,2022269376,-2086900554,1512650249,1634711435,-385872818,-504259409,1809306340,78818957,-1452080178,-1129915105,-1333277970,6980049,-172206150,1842822696,238139252,1651616744,1933140737,-1898697017,1139983299,-1742992643
584386853,72279275,2066921293,-1038743096,-1138585555,-134723130,1798458582,-228818436,2030318174,206522168,1857526862,1820595321,-474077727,1514030263,-1756235946,2107459483,1045213662,441019661,-240022545,-419231286,-1334167286,702687068
30506020,582146436,-2004181918,1366611753,1059865433,1389475297,1498795006,1624249403,-1474395433,1062288261,-1827342605,58292584,1608312358,1376320052,-682925846,-1337971687,-455844716,-2093424408,1645063869,2138206990,1450601236,-649399324,-1417517838,2045652113,-111265694,1588711432,-351450491,1912992750,-1887979669,-1495560345
-812733919,-2138795028,-627711210,1032059473,1299207633,-957299367,-1397131706,1673175851,1028689533,-945624065,-2034241899,1654914028,-593762572,-1215112084,1128865184,-1926681070,-1332278518,-1447887602,1338587100,-712765594,-998800248,1767856665,-2015157082,-2129317246,1074748260,-1689283666,1502559128,-1133773934,-829029071,1597442617,576717597,489995614,382490584,-1726943974,1899742279,2021466759,1868592008,-926150777,905643999,872376080,-1890461717,-1276860496,-2033626947,-718723552
1287150627,-1289312422,-2137341947,2126111953,155403121,-482489693,489200764,-695380378,-189089262,-1725162993,506973487,-883049482,258290309,2115341555,-1629236098,-1354476958,1146905531,-139441388,2046006401,-1381195399,1071217077,-375866755,-1233147315,-1629982730,-2004800405,-1451747693,-963856009,1696236204,1428152559,-887823258,1207987157,-207512833,-56346414,-754591671,-780129909,-1102026602,-2111261754,-1187708764,-1338716859,-2135530930,2026063748,686443016,-1184966463,-2096579983,1155273200,-1477332861,-1755648624,-1237720537,-113604230,-488459723,1835961884,-817803220
-1093413085,-1129223444,-1936949566,2014513806,169763402,250069030,1387091177,-1955928377,-1820098569,-966359211,-1914081586,1032169986,-2109373099,1147306348,-1198458496,914454037,1205671239,1570200843,1899697641,62169850,-971293065,1346665728,-881789189,496784118,-133765457,1649484559,-2010108119,131966205,-774563993,1128399606,1832902936,138226004,977338270,-809074261,-1176778858,1770421368,511819501,-196860697,670255306,2056793150,795430360,-47515929,-496367443,107367227,-484894873,2135286385,-307581256,302536293,-932309003,1139165972,934531807,1477267706,152016199,-319134284,-1697495619,1989884576,1915274207,-1206774459,-1044699121,-1232256051,1669787026,1296977878,-269777562,-149527448,1314581848,-1938599983,224028184,-911984464,-1049226142,-15329920,65375351,1863862364,2110246002,-278790957,-21999291,-533980156,1684179814,393964384,-1557179546
-995890156,-1437541718,269676247,1540405772,1048903773,-604257627,-1427263777,155005429,-2805636,-1847121799,1502818179,1565415281,477313951,168416646,855581246,-320077046,1992109496,-522290520,1952147953,1673189823,-2018943340,933512123,1152877080,-606341590,310890027,-334061727,-1401772738,-1617199131,-1064537542,-260882686,-276994382,1365693738,-382187249,982618900,-89214085,1355360953,-1480571485,1396656028,-944542072,-1514682882,1475242221,-263617293,-270590933,-1536871054,-806708108,-606930739,1066881224
488514086,-1491932297,293263049,778100268,977120616,-1248205473,-721371180,-248114000,-2135721618,1157408985,660264256,1213808231,1902375115,1804502047,-1037427772,-235585617,-1654867381,467681178,-1588896143,1439290249,-811122944,172567647,-1158875934,1181984706,1265958298,-1575741701,-1971439439,735549271
-784194957,1125932588,605857557,55115787,1618071429,2015863879,-1590253440,-1503451960,1620620340,1441206229,1287497461,1236289696,1176676227,2144347634,-1729330414,418562050,-386833024,1768643012,241393749,-550199502,1860431747,-1994055326,-1326397181,1960499804,1128082615,1424418323,2087627850,-146681108,-1934258471,1045578683,468621993,-385554916,-25444544,1126976401
840421582,-1843095524,1965932053,329809730,1106377883,1640689154,-1505202111,1110430722,-243725781,-291246681,717311998,-1077879443,1599679686,425005547,344046553,-1988544731,-447796437,-1432029671,301605366,1659437999,-1999562336,-990869395,303766084,-1264726882,1522540874,-178102058,1166634993,515424496,429844670,-410894340,243584544,725611959,-311594537,1116666499,-465566759,-1531933445,621052105,-965389167,1189417793,1028777694,-1210589066,-363163251,1047429130,-1188544255,-978839552,-1596343254,-752709332,-1587058650,86074783,1518267043,-1038845484
-1007742285,1174143815,-572875363,-699456059,-744000228,1262929208,48784381,1116467123,543568329,2072516975,-353546495,324374676,758092943,398520322,310528316,731439155,-661581509,-745984599,461987580,-1127002478,1990214122,1284599166,-600615233,-698546858,-306514281,-1965516029,-1847468827,-1528218783,1585457652,-1122850711,1599354534,-448422208,1319300990,-926030577,1912057925,-1165231928,-21647669,-222775224,1913928325
-971161562,557958241,-2145326244,725684015,457227869,-1763133983,773019110,-1312986255,2047091160,-1976155374,154660252,1714396710,619247853,-1950998592,1196484805,-310123021,-686698125,246802752,-1818470868,-513368866,-870701164,-1002942797,1429821970,-2028837835,-8524313,1757149580,-747649434,-59069778,2104033982
-2065923533,-904531761,-210229573,1412939162,2142794841,-572690545,377112745,80006504,1117185407,-179436227,-1277543800,-579018092,-246182585,-1299149663,2135303145,1040911004,683130564,-1297218976,-1867823748,632481192,-404658136,1242963108,-1728978457,-168738614,-403842623,1208301820,-1370595368,404066437,1813350438,-1564425088,549058909,1536823187,-310035027,-194018760,-1921610638,1394116066,-1978372321,-1664789571,-1163501349
1119856558,1964009505,188348212,415227384,-1983299545,-1263536884,1426273606,391730267,2144458083,-1176838618,-539065445,1908396803,1583165955,1478422204,2060955732,-1369823756,-1269850277,1768393117,473541433,-818577980,1094373806,568652613,-120230127,-498581411,-703536228,-249849283,-2034389965,1594532354,-800647977,217383361,1836714076,655444623,-1629929443,-2061356382,42862531,-145323260,-1841677214,2008667758,-94571670,-1482496189,-1068720821,-1577426739,1546997943,-179439592,2000848611,-1548031187,1373879875,1117579642,-50689912,1469818529,-254391824,-1399580400,-950357210,934348806,-908684224,-496658186,76177063,-462220697,-1510845212,201235136,-218213718,745300898,-259058541,-724433218,-397261198,-323295413,-1860227043,-316750975,-433722336,1999524815,1606121663,1523872158
-387000868,-2142894664,471965617,-793448975,-1235710464,753928988,-2065515868,1146250992,1012843664,1279642087,-2049360335,-758943562,529790923,1702948181,-1794709083,-330363528,-1021171650,-2129467025,570490085,-1636972098,-254736535,2019438313,-1949580874,38159958,-1930564446,1873692715,537847096,-334238325,-1346128839,1307325357,964126131,-14202986,-393286436,797806471,-1792796523,-1858952619,-1782778051,319973960,692456635,-1282604998,-636814351,1850658053,1777224943,624984709,-1610359909,1778012853,9881265,744014517,-1817543351,768696508,-1886627526,1664667451,-552591587,-935799611,2017218749,1594343281,-1871934161,-1173472300,-1832398353,-507637047,-918003022,1197205146
-1404219575,2091366740,826896139,2100671884,1325306678,-2010780949,303465261,-1950050555,-826536433,802769229,-227079885,-1810880238,415536317,1893724286,-444272438,-888698780,-91765497,-1729816816,653084081,-321174394,1281125451,469795015,-750561393,-39989987,-894818966,-1538787461,1706953472,2551664,-2059771388,-645599678,-1907316752,1970481194,385110757,-771837235,542226732,1526713694
-1855205102,301453622,1462850764,-170443241,1730383147,555567192,1340160610,-418150524,2060621693,1597589499,218450693,-68366570,-444309731,-426920136,272258960,-1306960364,1980016238,1651432623,-31943652,1116463083,-1179435506,226675095,-405264510,-1692068510,1075710450,-802954729,1194372893,-571406575,-564939569,1341331155,1808186068,568355603,690206139,-312761400,-1926855337,851849722,-1985573868,-711759780,1316711591,241987331,1874023840,-994038608,-1507332388,169021322,-661249291,-1248106439,861548322,-908192321,-408113637,1064525198,-1024112892,1507871386,-792373393,-1845387390,1273489388,-775251188,460754121,-176401547,-175304470,2014811254,23264993,633914599,-1053041484
-1446950674,1326128717,1861725165,-731218081,-2134643057,2033736487,-327012438,1395888993,1005114351,-1123236014,-1843062735,1699358986,50697251,807051162,698444803,1932572788,324557269,1690937235,101632796,-1422281440,1278942759,257542312,-1621810568
-695111215,-1752691084,1167037401,-1929013316,1323775116,1754698832,-1336961593,-745799993,-122102094,-731039700,-945582120,1453961200,-574340827,-1819138398,-382437583,-560172856,-792010896,-535391160,-1090375860,-739233216,-165853139,-24823739,662614778,-1046929573,936972197,-1297785818,-1673246293,-686595291,1312379069,-1480682254,1705200877,-924526109
-1707705989,-234339790,2062295435,26959191,69396983,285428949,1722531190,-408850672,-184501042,382090335,393691475,-350686114,1869079732,243186437,-95176866,-939235026,1402168314,-465149835,784053714,2064201883,1143251233,-1699042095,-1014311012,504617363,-1460735824,1089155067,-1889825712,-1643212358,-1559140281,57434387,-1998752928,428278413,1802653427,-1287525827,-1990609270,-1757616950,-1039089982,-818189145,-855763054,-833186289,785795994,478871754,1490986289,-2036441919,1423688518,1242363631,-383169715,1609926191,1286691537,-617833484,-637160855,-1286028554,1114365207,-1815476657,105849438,2141414822,-1505907048,37826387,805133387,-1762302043,1669053071,1072880818,-1175674935,1366972499,1734057282,129244738,1225019235,361601647,2008653724,1284596739,-21043132
-133539848,1184788576,269304114,1155379927,-662371265,-1218663755,1555711163,1360359291,-154078924,-136997359,-1408001363,-1568626490,-1320058098,1075802172,1458500810,1719272935,735163206,-824296197,1684730556,-1613349625,-1358358606,-139214446,-1589259962,-1809488791,-511588653,1035285641,-1600956228,-128601652,688369002,321234355,859750069,-1380430829
2116051563,22834942,1565463335,-1081475705,449763873,135983057,-61570532,1061090187,-478558444,-1067363003,-1604513902,1286192622,-176316576,1075640328,92516445,-1500647389,-1540976069,1512530764,-1408671640,-834592871,2146997627,1640541695,-2031495722,1394442763,1043089243,107590462,1214628457,-1605395178,1500620925,-1387471349,2124760871,-183051509
-1453622212,-543457734,-122021626,1304038649,-813642570,1920876311,99516991,2006674246,-1209320229,884179170,377506975,1313426563,-987788992,-1974993135,1022503574,-574837669,5289379,1159267407,-4094421,996762165,1781207067,2081783714,776657236,-1740425986,1735373713
-81086585,-686168277,77675886,-1155288836,816667792,-1646559490,1926867605,-1310795625,715642021,461131527,351047572,-728020105,858984887,439911149,-428335083,-608900544,-831356406,-690277266,-642074214,1737240586,571800583,636701859,-735451799,-1652342972,-1059581104,-543246968,1076037060,-1346086698,-700241131,1310236603,987570781,-1110040186,-1403987547,1790959748,1816561672,761551260,1360163144,1293331477,-1175441486,-672535865,1455604299,260911122,-1579933551,-1923911615,846883419,452776530,-320650852,864001330,503923990,-875423769,387599933,-1728764591,-308424225,-2025883557,-1163599291,746326993,1797038833,-340549316,680579360
1016539574,-495850021,1124285513,-1022127339,1920103513,282335056,1979981055,1873327372,-1178357607,-626499392,470562105,-2088476334,292653024,-1265646622,-1379099690,-481322368,1376168083,-1854676546,1080449048,312561472,-99413845,1768209335,767279187,1604936942,2025778564,514488524,1726779361,1387219067,-1492441867,-807945446,749267032,-261215851,-1553409120,661473700,2065084926,1113015300,-1005417334,-1419242922,-758640772,358931287,-1742305811
-1795630894,1840172223,-819208371,-1000037826,-2110500469,1687935802,-2019017528,1010498935,518229553,127474163,-1191316558,1270081703,-1806156542,-135063320,-1070635935,-280765636,-839989789,-2013087795,865967428,1172380904,-65145452,-2003188944,77962042,1312006496,-1309038556,-105267235,811645728,453008480,-1877924185,224495747,939667628,1864847859,-387371993,-119234154,-963340679,-918821136,987547096,-1425447049,444066657,-516737593,1882161806,-1051100462,1580306706,1612475261,-204561037,-941486264,1260724187,1452503284,652627956,-1839726515,-2098846777,1524524144,743102203,510513234,-1639966996,-1213552810,1376106339,459798053,890449156,677807157,1381555624,-1126294376,486130748,75542794,-612223778,-1671546783,-409759924,-1347997249,599044324,-107964352,-1315910457
341526489,-523611290,-1704386637,-410446589,-804417843,-2031240683,-1756439204,-1576317123,-119214661,1162783875,-1414994843,-1448561800,1415356087,-78971900,594170143,103207373,-707400605,-2086323609,155231005,-1082450787,209544103,1404214175,1627793415,-538125098,-1276842848,408079781,1735376814,-911497613,863108824,850586269,1204440417,498733385,519988408,-1286936265,17656446,163887615,-302169542,-560517288,164507211,1165610845,-1252175134,1258695416,804658950,1182117834,-2038656274,1286346061,315596858,-266511601,1779484620,399328297,-583372205,-83379103,-1272210485,-646861408,-672131212,2049118365,-1917304555,-214269459
-1026298668,591122397,-1478688875,-2072892009,-719345398,2139149268,1446241740,-225521574,2043425595,-160842528,67840280,-449742832,846958238,1605183247,1977601588,415508370,-613842132,-1510330935,-1878520010,-1311854939,1406550371,1009925701,-833212685,258376591,-2121204153,1934171454,1938464418,2009735660,-1446917207,-147647515,-1072670273,257098433,88223915,-1554745319,1103666225,-117014063,231229058,-1771764780,-1017555282,-1145093073,-1423942275,-705908760,-893123234,-999427052,-789746105,-1046018580,457231550,-427203086,1982389096,443882864,-1749811001,749959881,203310865,-162154377,-539854258,-702983240,-1289191144,-698469594,1684758189,-2039829802
1546009272,-1382793821,263021890,264380862,751009716,-2116114056,-1007701384,-136983048,932304738,1183624548,1781288166,404232591,1507295354,-1339308495,450473918,408851359,-1390641377,-145473249,-690596339,-2039813563,1611088907,-1463474937,1542543116,100201057,-402648310,-1594684990,-563088458,675211164,2013256876,1134723531,199616922,803416236,-1106870475,-561186270,1254072050,1020982230,-268459304,-593939341,406486003,-1596332108,-1717787356,-601964681,-713489050,422726712,-1977792578,1614680474,958762103,1250060272,-899148208,432875998,-17856564,-1920244341,-194070591,837999358,-1369642535,391286171,1542037158,-2054609706,1613367410,24500380,-1455829769,-285130751,168290721,782834996
185221060,-449705543,2061590204,1620627883,-320508374,710012586,-620232706,-1307363388,-127809937,1572347031,-848830912,1077727964,858403233,1465335717,-828204927,1945584425,1537763716,-1150836970,-14907646,557302459,-1686592074,-1201263211,380774151,-1698160654,-863471853,646171346,-2005795106,-1762104527,-1262652070,-120681903,-364757472,-707703856,-358178032,-894954625,1963564598,-572379049,8760228,28929798,-1519958242,2126892520,942366675,-557460127,-1820476305,2066391803,603264077,600003250,-1374611814,517239121,-571554152,-189180973
585556770,-1342690252,-397250390,-1276407571,454610840,1426657280,235931585,-1582495445,1819464320,915644892,132349717,-1191223624,691219262,-406217586,1289371181,-1384549875,-123988222,2104714729,-1345931922,-1794854564,-1139729864,2052492587,1487013549,-1806248051,-264573628,-1071952985,1460085510,832182147,-802094993,293006243,-1193184789,1163278243,757254940,509294979,-545892993,-1848548971,1575639614,474571558,2006065188,-1891128756,-225127923,-2048333425,-1525264558,-742091196,1065670391,-1679193912,1471160234,140123658,-711061036,-1606338046,1801178698,-1088096511,-2010627234,-498748415,-859169950,-565828510,1493932768,-1875702346,-855449081,536220804,535774252
-1443309241,1331023453,-874618671,-1800029015,-261107076,552006472,-123281267,-458209268,802687205,-2065983224,745073920,-118680452,-942254478,352010252,1443159202,-1798461373,-1168481826,1206544884,763420919,326953207,295770627,-1535732653,1935598592,1130667482,-795667863,-1855939658,-26326796,2039362691,-1563192033,490457829,1210876976,-868701251,-1043431986,1184373352,562216555,-198719314,1113600522,-1156422580,1272837933,-2050033093,1284786923,-1941073882,1887591041,951881387,-2119384100,411302744,-523125271,-489676918,91013810,-107961966,1766357138,-535734321,-1950397184,-1656501861,2104691400,1974106176,1417903785,-1664140719,5392555,-1730396651,-640870987,-1420674066,-1043661790,-2013851685,-360618136,894298508,-2112278000,499094683,421925520,-2142333206,1729013446,1700993339,2117600030,1000296048
142764067,1404476152,1017686896,1576267890,-266340573,2113410061,1408013486,1544421580,917016467,-1717997655,1185192738,2144811612,320591035,548243210,-1927216901,-626090196,365710453,-9170638,1264757991,-302261332,746901009,-333794818,1615498641,-344637975,-665093256,-1030265225,1952264555,-1720620033,-1722242925,1456267879,-1144940883,385453516,1167742189,-920734929,68056988,1969741286,553851798,-1515963433,-2048289009,430560718,-1844593334,-2121867674,1890636078,-2063832731,508340435,-2046237068,-342035331,-1486092898,1873749419,1517816061,1078634264,1288259188,-384039708,791121271,2123750464,-631334882,1334574156,-1464110043,1568185877,801257345,852234188,97463725,-1603915867,-2099034650,-1598903024,-694700056,1487391525,-433593363,-1122476692,-674614279,-154107779,1784514496
621627808,229767177,-1935932790,300043791,-993203248,-1366024803,-1655772886,-1021758530,481120894,1913518026,-1063234525,-1471105313,-732742213,570306399,-54842665,-1418348000,151311876,-469365966,-552964619,839653997,151502297,282190879,-1442958034,-1880200043,2127964299,799429969,-1070181330,-1583779539,2072906330,-145118016,1534974666,-228564300,-90524226,-1571463174,1023534197,-652901897,-1479902715,984844581,1273064184,-2004581194,436672285,-230117309,1591414881,-690828664,-1593763149,-794139465
1102281723,-796165508,1934060297,1550510080,-1550059521,1382416337,-1045527835,415176396,-100191357,1007310977,242026857,1806136402,1016917856,1257824482,1673460640,1830602515,1929111670,1816099625,-1226957496,22438348,825517588,-725219333,1968588763,341663792,1274202781,-2070850493,-1583274547,1296726742,-1288697241,1088852037,1336663569,-1057446284,-549966618,491168755,1527608289,-1578765747,1714764809,1658451071,1071439550,-2002822680,443500003,-1369805007
-55869950,1364743310,789769594,-1228025627,-592217916,-1551531956,459818568,-917043139,350765368,-198934546,1372692635,1742171785,1603686905,-577807496,761977687,1983508910,750815018,-1500109563,1554325084,-1634696908,230057896,-1422861336,-465114925,-1301700604,1613319555,432659988,-634507062,205966963,1686577577,510888893,257714179,243339390,1419288292,90308926,821918217,234427479,-1932767226,-1607726275,-1986521213,1086635296,-76104351,-874202868,-1079582004,-203155979,283344252,2068918610,-893431358,-484183760,-1868948220,647277802,90462429,603240423,1391792641,585546762,1022374787,2069900729,492318281,-1215940185,-69083749,145829066,-902347464,-77754088,-359656864,101490187,-1879770976,-1225573895,844919,-1637142082,162324734,-359952814,-1507703998
-428112657,-821076233,-922680970,416111337,-1240869918,1939663409,-1027526422,-523221607,55121933,-1612769123,-177477710,-1961529356,-609774684,-1365171116,-785137044,-2019942584,-2133508792,1389563467,-1459439655,-1248995188,-2001514563,-40532483,-1697050193,-490681692,1098948832,472524614,-1931305300,454564066,721417175,-82890094,-1058770450,1100859856,-2022393206,-2040782026,1190577025,1239047724,-198837679,-1058617315,-73152967,377639987,400443373,-368131417,633177794,-765322462,1910181564,1334284237,-221632523,-1642644743,1275893544,-2091417720,1325863020,-1060260735,-1683259296,-1866187149,217636184,-2010849904,-96493238,726390190,965160593,-1949352565,-763394888,726877446,1644208110,-1061867987,-819006247,-618521774,-1705737258,1436173446,-1315550735,508866847,815084311,-1530804667
-1000019569,950994422,185511737,467720560,-427582083,-714257786,1642072852,-2143433583,-134540059,1269287997,1706207090,-1545156023,-1057672573,1191755971,-56794599,-1635518584,1275475385,511979021,357406594,1201587144,2038904501,-2036916822,2105374104,437206661,1859764435,-1175047844,1580611262,2095370220,358625087,1270377706,281839895,1649756370,-611536930,964970804
-1233617433,-1809641362,1846699144,2042093025,826663467,-1293436437,1169843251,497130533,-592653153,-189235660,888396633,358492038,133666112,1370627054,-453096695,844079757,-1338763984,-1529897816,-1031762037,-825618343,1230837302,-610340544,1981894396,1656971678,-1330557592,-2072481660,1159675164,-787952144,1028488486,-664986597,822691942,1201274177,-335955382,-1317417050,1998849121,2026816936,-2056695651,1854651937,-83172042,569672035,238025356,1615126927,972103809,56377631,1957060635,-1097514794,-1244706965,-576496010,639832344,581447655,-955781640,-1131138376,1233940116,1572007457,1893659549,-644549139,-728025201,514082551,113525013,-92861926,-2106807054,-140830513,254545780,903427779,142508225,-503060947,431754364,141793457,1646134416,-1415850736,53866542,1053575669
-1315323748,117266340,1094714924,1124610496,-802930440,-1113589475,758796035,-368671832,1833291129,-828078759,-97725187,-2054705593,1711168767,1263913511,-611440525,-1154762873,1680091295,-712709573,-1893468452,-1108055076,-1430555518,1771486789,1079859278,722270068,-1098415348,-1143098562,-758779579,1171611308,-401271232,126007812,1994583202,-699889210,1973494626,911547433,1649873397,2064308185,-733700899,-972928505,-566526978,853175560,720926311,1840510487,-512838800,-956715018,-1785510046,-2010902142,1618227705,-591418759,-1810616443,-1088717320,-308637314,-16694899,-1046158917,-1891006271,1119808427,1405188234,-1728644790,1940882193,-1368904278,-825871463,2134834488,-272823393,-128097231,429010276,-1236158999,737074552,1116095426,-1541663732,1200535820,1670068239,1377136942,447086943,-1366470728,1211380889,-286241190,60277322,-1573971247,-1564894057,205541189
386800048,-1927735884,-514450615,1142204844,-1653475582,1899280080,768016032,-822570451,-648888336,-1615504804,-1959694295,1857473535,-1297258112,-2079374872,-492982420,2127913271,1372637242,-1158357255,389791451,1748212738,1016061454,955045151,2089827930,673556695,1353753205,746424647,1060497921,-1754552341,-1547917099,-609103283,225558816,-1140596246,-489993943,-1126195499,-734783101,-190901277,-332189983,-539843493,-1644092682,2105083523,1938518534,604662663,-1612734709,-876157819,1547869857,64769477,1561645338,1510999145,-1969992099,272578581
-2082662045,-1945356181,-821016801,1121941324,-176881770,575658917,318541961,-1931243857,1813878657,1255548661,976072077,-1939878830,801793209,1455866872,-56894779,-1595517579,-410393640,1840310237,-1648246455,592277109,2040384437,-161231213,-862241541,1489593494,1312402900,-919518173,832156704,2132070403
1350885465,1640879155,-1068731886,-2092815913,1312872618,-2110797835,-877382709,1941493189,2012974161,-2098447672,804194474,-1925301324,-2142818630,1110293821,730577316,-1416308958,299840548,-1388355861,-2040210329,1992388916,1093493889,-950103678,-1183679770,-1719661589,-1286424416,1415555359,-2020593900,1530907797,1040082317,1403620833,-2002602257,-1915840123,-1021330889,-482184517,-1514912577,-868983035,489010003,66102667,1078923167,1271476107,-834049664,-602944405,-1647187908,-1450134741,-309412436,-538172345,418567644,-1885824435,1090054069,-377842512,-1134559326,532613023
