14668,17400,19786,16945,6704,10846,6640,19633,12501,19741,3577,15579,1331,6122,8427,414,12772,6354,12145,16934,3128,15612,2404,2190,1761,17306,14282,2817,18932,11067,4070,15181,16561,14133,15515,NA,4450,8943,15123,15161,10166,NA,17363,9392,8328,11101,16995,3956,1129,5795,15977,4674,3871,16745,19248,9374,9953,15834,9505,2293,13732,3507,19100,18556,8802,8779,3054,182,53,7188
19212,18085,17848,15695,17514,7274,13918,17563,15447,1969,8505,447,3155,7911,12119,3298,1116,7012,583,14830,7196,17640,19351,2314,15852,5886,12198,8955,1634,5681,NA,14418,2353,1201,11754,9338
7514,14700,6196,8320,306,916,8160,9328,10080,15298,6464,10691,2761,19720,16526,11624,18769,8277,7910,NA,15405,19868,14941,1268,NA,1168,1452,19962,9628,8087,6576,2833,9281,8334,14241,19862,9317,9849,5352,5268,NA,12426,12435,9144,10347,959,14176,NA,15727,NA,579,7399,11726,19637,15575,3212,2985,4950,NA,4377,NA,16055,18625,10288,7396,8127,13664,15535
19994,12335,864,7435,209,6527,19368,2831,11261,15642,14176,7248,9966,10321,19445,18594,17716,456,8337,3244,4128,8002,1854,16656,17313,3997,15515,7718,NA,11933,11732,NA,14857,15261,17209,854,NA,12014,1555,NA,18090,6131,18493,15087,408,10031,15102,8317,1432
8163,2823,14217,6566,6372,11680,17153,19094,3531,14819,7852,10797,18778,NA,373,18864,1843,17566,11428,6696,4384,10440,13956,15018,NA,3563,9914,2639,2215,NA,5927,14285,8752,15758,14375,17849,9219,NA,16079,10683,NA,11772,18910,1697,9654,4488,13724,6640,13457,13877
16361,7616,10684,19918,17517,1314,723,7358,11588,13109,18309,NA,8447,18897,NA,7165,5211,6111,12645,5717,501,5439,NA,17073,15410,15785,NA,8651,2332,1284,NA,7948,NA,5763,NA,14799,3748,13179,NA,1645,NA,17018,13354,17511,10699,10341,6417,9444,15347,5497,17159,376,6740,6665,17987,13648,5820,10400,3856,15245,4460,6718,12391,19632,11951,15519,15278,18292,15823,12914,5850,3435,16172,16240,4499,1523,10745,2292,7695
17647,15550,5747,1754,1639,13915,9735,3186,12193,19123,107,13747,14325,3073,606,12491,18138,4871,4070,3499,5790,520,1038,9175,4220,16583,17475,11804,3715,69,NA,1816,11174,NA,1298,9197,4352,3190,1560,14837,NA,16694,9530,2101,16731,15326,3008,1071,2001,NA,490,4797,11473,10961,15505,19337,3535,11631,10612,15091,2410,9969,6022,7605,12799,15472,5135
6917,4241,4530,10583,7183,14525,8436,10430,14502,15749,1069,14544,12860,17825,13047,7430,11890,9333,16081,4542,17978,2732,10403,6890,973,16093,9937,NA,12827,11442,14337,NA,1176,194,11534,6718,15716,6517
17251,15934,7524,3073,3797,5945,7874,15259,1573,11012,5423,11774,17642,NA,6227,19731,2882,1283,3173,10024,11339,9443,11394,6875,10226,13305,7503,10914,7390,7048,1265,10162,NA,19046,NA,2019,6117,NA,6819,14243,16904,2187,19342,18564,6069,16969,3393,14909,4279,8329,17871,15687,5,4145,5820
8391,14615,862,11608,12572,8090,12879,17163,17656,15367,6868,9102,19681,2460,4381,12453,13010,9576,16068,15046,15181,15216,3155,372
16342,18721,7638,19874,605,4172,11625,1870,4704,12954,5137,4456,13734,9574,19083,99,118,8223,10625,8401,14735,5937,11646,332,16166,NA,4634,14556,12182,9671,16265,4366,17385,259,NA,9322,6064,11143,15254,5750,8024,17199,9659,7946,10503,NA,6383,15615,NA,17348,1196,17937,5578,15818,2776,7181,6661,74,2123,NA,11348,1913,10824,347,5923,15338,13105
9786,11065,18507,7709,17068,14713,14308,2323,8331,8311,12361,13384,9937,9788,8942,9609,4692,5716,17072,2270,14748,19529,6253,5111,17917,12619,2664,5357,13675
9566,1837,19758,10081,16349,1977,3275,10920,4380,1613,15576,10117,3685,4627,13691,4730,15906,87,14754,2835
16580,18004,8401,2019,6804,6716,15926,4898,10065,13336,17781,NA,14870,5071,NA,4140,16062,9238,6226,NA,14002,7237,8266,18533,4341
5908,8485,1085,4731,17502,14357,7723,10529,12487,151,7408,6780,NA,9772,NA,7756,13924,2211,18282,10330,19353,14922,3409,8855
10241,2363,3959,14630,538,3534,13459,16168,5198,5331,14154,11666,16609,10308,4168,17850,380,3018,15386,8088,1776,4746,8873,16090,5599,19503,9003,NA,15656,18667,2339,1001,17821,10572,15667,10206,10655,13791,19398,6317,3453,2519,18532,12290,14175,18686,10271,5351
18879,10267,12547,19650,1537,16149,386,18655,2978,12954,1723,19505,18428,8922,14253,NA,15503,16041,NA,15860,14342,17816,71,6923,3379,9306,16815,6264,19908,16816,3595,18519,2410,14236,13198,12860,14551,12438,13359,11903,6460,4601,9953,13113,1210,18453,9304,7729,13652
16694,18132,2058,13588,17352,9028,4901,14466,1568,10137,4765,526,15132,12951,11333,15526,NA,11054,7018,NA,16949,13725,7830,9825,12011,16020,NA,807,636,19648,7453,17495,3465,18193,8329,10016,9489,1072,15882,636,NA,2085,18804,12997,2331,5817,17192,4386,3556,2234,14342
18115,18314,1062,19181,763,3477,3187,13359,6701,11190,4061,14117,NA,11371,3373,7126,NA,12948,7281,15427,667,2618,12267,NA,15724,8648,NA,11793,11802,15043,NA,8962,7409,2691,NA,12529,16824,15095,NA,4020,10242,8264,NA,7485,3043,16293,5710,NA,12018,3708,3518,3589,457,18261,11478,17377,16432,16420,11308,2367,NA,10416,12892,19910,6952,594,18690,13759,10204,11396,11933,8227
3392,6610,19638,15666,19370,12247,522,120,7172,353,4345,1141,19507,18656,14847,621,NA,435,8540,12927,1366,11729,8801,11306,NA,1911,4579,13208,15153,8559,6132,17351,6207,9451,14233,10074,3729,11627
4835,15085,7519,7891,12020,11380,4382,14629,8851,11933,19000,2897,12283,14623,NA,874,16319,4467,4488,14449,9960,809,15540,14242,NA,11642,13229,4397,12311,NA,10978,NA,13368,7297,NA,3632,1840,6276,8995,19246,9672,1886,3092,NA,2543,13366,360,15327,NA,16834,6406,417,7163,3544,5300,15164,14329,12873,6940,13837,17001
4489,1761,16253,18910,1453,5650,6041,8259,9493,1520,1334,3256,12332,4805,19484,2832,17199,7645,3697,14891,7601,16825,6146,18736,12546,NA,9620,12019,19729,19812,19691,16140,9435,4255,13339,14076,5577,17047,6355,15501,13445,11491,16174
4196,6167,10127,12797,3965,5525,3356,1495,11239,8181,14254,10866,19946,9957,16563,12344,8578,19721,18693,4436,9360,15555,16713,3525,NA,12769,3169,NA,2944,11117,8811,8770,8643,17372,NA,4172,6384,5987,11265,11609,19509,16896,16607,17216,8620,19060,417,19516,17640,9234,6658,3255,9627,1042,5151,11079,15138,6058,2563,3209,9892,17106
15441,3262,18306,12415,3025,10271,17906,1400,16188,7823,14800,4126,NA,12243,17204,6560,14666,15676,5487,2314,16355
11625,9776,14674,3321,11776,13601,11585,17473,16043,3634,12223,3919,18109,NA,16211,2374,NA,5297,1874,10892,17109,NA,8666,NA,19802,14853,8009,1314,3965,1292,15585,11248,8395,9216,10954,4718,10715,5326,6957,13761,240,9397,9652,1451,NA,4353,14809,4509,4172,3076,19244,19542,NA,16090,16298,NA,12555,9119,612,16937,NA,6947,13922,19234,9926,18240,6281,6606,9131
15610,9517,1579,19088,9651,12874,18122,15804,8496,11487,18792,NA,3706,NA,6934,NA,12091,NA,1014,1414,12734,14552,5653,9082,3170,7831,12210,NA,8433,4864,3909,16470,9572,2807,2227,16903,13647,9483,2742,6128,16436,19617,9699,3462,3301,6090,18379,NA,11292,39,NA,5217,11760,7172,15741,3831,6617,NA,7133,11953,9800,8519,NA,16265,6205,15011,10265,13557,17842,978,15942,6149,8409,568,13136,17321,12055,6406
9628,11304,9008,16128,5944,3861,14520,7469,13869,6564,11944,17706,17325,8983,18172,NA,12701,667,401,2708,3011,18044,NA,6870,NA,8094,17003,7271,16928,12160
14766,1203,3770,17455,15769,16661,1590,11325,1006,4753,4304,NA,11787,2399,18762,16592,8794,3364,6646,5650,18547,9561,15753,13615,12800,19332,15295,13373,8045,13197,8909
4057,3383,19313,13259,13346,16762,13130,9487,2924,7193,7226,12948,6346,9027,11283,6996,2162,8087,15125,NA,17520,13249,13732,9665,14514,17763,18898,6008,16702,10923,5741,7039,7852,NA,1154,317,12321,3199,4125
18673,48,13128,7135,15896,212,7859,16899,12979,15631,2386,2337,13044,8330,1427,10841,5665,NA,11088,14680,15292,11820,12102,4987,7134,17563
6438,11083,11432,7678,4980,12721,14927,15967,9073,4427,3007,18315,16164,18520,13982,13815,362,NA,5001,2644,1478,3275,16522,NA,1840,16849,15977,11517,18296,18183,5565,10549,5031,2332,19605,9498,283,NA,751,13002,11537,11506,NA,9752,2280,12353,16686,2832,11205,11729,6638,9925,14411,13301,13753,8973,7164,17665,1967,7631,5710,7573,4575,14866,18752,8888,3554,3663,4036,17077,7965,16954,16669,17553,6054,7716,2746,12081
9491,10694,12548,7400,6367,11749,2383,2170,12624,8520,19392,1490,16265,19580,10914,11666,12933,10693,16176,7393,17044,6126,20000,18376
17788,7283,12396,14511,10808,12413,3912,3559,10029,18901,494,19136,19986,12312,17356,16738,8660,13224,10355,7079,17287,NA,8891,18634,12687,4047,19528,19322,12205,7244,NA,6755,5539,15257,4949,15272,9843,12792,15647
1804,14721,11409,19011,5409,6797,14109,9900,13790,934,16887,15647,NA,11925,14809,4881,13717,10793,NA,10065,16304,18391,NA,5962,NA,13065,10852,10953,15484,12059,453,17057,10875,10805,19770,12681,14378,7154,18145,12000,11932,7559,NA,15138,641,14732,7545,1494,4714,15682,19246,5560,15751,10065,1752,3694,3853,7854,13098,6277,1107,9012,10912,1685,18487
19705,38,14577,7825,3084,8128,9449,5398,18548,641,389,11976,9865,13330,10179,15954,3926,5249,12872,6998,7608,10621
3534,19272,8213,12221,13761,14222,3800,4651,8540,19978,7448,286,8741,17304,NA,16275,11227,3543,7829,17594,3275,17590,10571,990,15687,4285,NA,17330,7959,16051,NA,9741,9223,12120,19116,1539,16956,9051,18581,14,17910,16221,19143,6293,18911,8900,4042,10506,3049,11201,18736,16823,4896,12473,19212,1790,NA,5872,11514,11772,11679,18756,14568
18280,19652,9259,5875,19134,9033,9757,11551,15618,4274,15854,14309,1945,17001,5578,8516,16596,12700,7780,11537,6861,17935,17671,13162,10626,4472,18333,5662,18479,14269,13563,NA,7817,4848,1310,5934,10910,15487,1850,6179,2527,17453,11482,5950,18586,NA,10712,12051,2459,11007,1569,NA,9821,4807,9649,19473,NA,4989,NA,13831,NA,5062,6819,18213,2077,5395,6861
13306,11337,15911,13524,12900,14904,671,10467,1125,10315,12198,NA,3508,6094,17417,511,18784,NA,3226,370,16929,14111,18944,13905,1366,6081,11434,8536,2331,9993,7288,10366
1775,1225,5514,13303,14068,3132,14112,19780,3037,16487,17010,10045,1323,5013,1314,11569,16182,9683,14176,14047,856,4141,8746,8197,5438,7939,33,8290,10634,10657,2384,8835,NA,19602,7038,10582,19324,NA,15896,11468,6482,15203,11216,10647,9714,9833,3590,3498,4546,8299,NA,11311,2862,1072,367,15344,1337,15504,19415,9259,16152,17645,16548,13801,12106,16346,14377,7873,13814,19033,5105
2785,16877,2570,1755,1809,4858,11775,2299,9862,3563,17643,15120,19002,16876,151,10630,NA,16006,16583,6102,3555,10762,4670,17163,16278,8789,15970,12267,2697,9609,NA,16706,12733,5190,16102,11309,8127,1448,11999,4860,5270,12579,NA,12306,2747,11299,11018,7142,14846,13013,18903
7868,12322,608,13058,625,7103,3842,18557,2688,5322,17281,2547,12918,18639,3142,5199,14324,10738,NA,10831,9770,9894,13520,3586,13761,17862,7486,6016,1174,3117,242,11029,15715,18687,11977,437,14638,1307,14209,1283,17457,6090,777,3950,18683,14788,13295
9819,13304,8152,13177,4574,9762,11073,706,897,10965,8671,15923,9074,4716,11122,4270,14441,3131,1706,17205,18936,5384,10296,6146,10423,7747,13296,6574,10782,12886,12713,6557,19144,18075,12785,15518,5984,915,NA,5076,NA,9897,15625,8551,8472,19406,15153,NA,6445,10612,12767,5744,17130,14034,NA,6825,19232,16088,2636,5370,NA,11850,13979,12654,3365,17812,5265,13754,11551,13712,19071,8259,3813,18502
14326,10414,15283,7341,15051,16381,6385,3925,700,19989,12302,NA,17322,13675,13507,18305,16101,18289,NA,11299,8524,13670,17348,15530,11980,2336,1902,14294,11164,7811,3472,5981,6149,NA,15173,8459,7571,13895,15084,NA,12013,9184,2353,10737,5123,18192,12754,NA,38,17300,3104,17455,15401,6538,127,13349
13101,778,5585,12502,16596,9531,1953,12624,8579,5606,8978,16853,6489,12077,4748,958,17475,18205,9304,982,8312,10370,12397,15841,13545,6341,6428,1519
11839,16125,3121,6898,15496,682,126,6212,6033,8269,15318,3388,11729,10854,17661,13351,NA,1426,NA,4276,18169,367,NA,2594,7303,15937,5998,1772,9093,1753,18412,5534,4717,NA,17816,16316,7520,5960,13804,7633,16893,1278,19006,8377,NA,13702,916,5751,11503,1765,6125,8018,3921,13056,6347,17385,19612,4189,11293,NA,12608,19575,5692,13563,10934,7237,12837,5614,11900,1370,9728,17105,3999,13579
17505,19586,13239,18170,9412,8576,9007,1756,7648,18417,32,17552,12800,3009,17787,4355,9272,19370,7795,3622,4887,16114,13753,14052,679,10565,14937,18848,NA,14621,15613,19976,19105,12786,6582,8872,19166,16286,5238,4614,NA,4863,19951,19250,18775,19379,11907,15992,10531,2526,10610,7340,11342,15061,2212,4835,16135,8599,1886,17634,8473,506,10453,16930,11536,3754
14149,7455,18179,5429,1957,12946,13700,9952,5582,9968,11247,NA,11385,NA,6402,11276,6803,NA,6564,10650,14887,NA,14959,5447,3749,2999,3899,3859,13951,19526
3929,4926,7128,19779,14613,18872,2079,5586,11966,9167,7283,19016,572,3663,11885,4018,15082,11641,NA,7489,8098,843,14244,NA,6642,9081,5045,18458,5289,12240,10190,4907,14238,7012,17066,-1,16750,8294,12896,15671,11227,1690,19810,NA,7112,16408,2592,663,836,10174,NA,4845,17947,9825,1994,NA,18245,19067,3294,15897,17486,13667,938,13820,6822,1956,17137,9853,4959,17703,14374,19361,2387,3679,8423,1173
12809,9633,3573,11680,4646,1755,6391,5719,5704,16588,15285,19317,12434,NA,15215,7200,5857,2421,4127,4948,15963,11991,1449,3782,5479,4825,12345,10810,18633,16840,7803,5456,14110,8144,1712,2922,14363,19061,7810,15831,15086,8723,6932,916,7218,13110,6151,4477,15304,9348,11722
18762,7264,2187,17968,19128,7661,9552,8811,17372,8115,16932,16869,18087,9931,10140,9934,NA,6140,9617,18920,2191,NA,1821,15089,3726,2805,19338,7118,18254,180,6243,1383,NA,13347,12959,17323,10690,NA,11513,4951,11012,18056,7062,NA,2560,NA,14991,16373,19497,10646,15719,NA,17859,2501,12578,8658,3667,11424,4509
13324,16549,9990,15944,5357,1448,13280,7673,5235,7267,1143,6084,18123,NA,965,15065,7576,5196,14111,11691,13564,NA,2833,15547,4435,13123,1164,NA,14803,9608,10760,16280,10314,8476,129,15213,13995,8010,2828,12421,16505,12472,14889
15645,14733,17498,8158,3509,4042,10323,2818,13745,12031,6356,14136,5027,2029,5277,5061,12729,10967,6867,13372,5642,12581,16400,14394,5816,14963,5139,7739,5429,10331,11230,14561,5655,NA,15358,5958,8430,NA,6441,3819,4355,14643,9068,5327,2847,8016,5760,2014,9620,15237,NA,10822,NA,394,10702,12631,15802,15831,13793,18793,14088
17938,16263,5583,3494,5465,12058,490,3678,7212,16670,12073,19898,2036,5863,32,18472,NA,19588,5126,4557,12717,14102
8364,10333,17083,3653,11975,8199,7570,18557,16463,6387,3756,NA,13340,358,5359,17046,NA,6342,5699,NA,3233,8564,5643,16672,11379,19933,NA,12230,1594,1221,14400,12510,18781,3872,12648,18006,7131,18156,19414,12865,7002,1783,NA,3099,16721,NA,10166,6463,15485,16849,12007,10424,288,14089,3208,16686,19891,14835,9829,5842
6747,3639,8982,4534,3069,13044,16447,2995,18061,14598,538,10372,NA,5386,16492,14762,11749,3979,1745,15880,6150,15503,7682,19874,510,1213,9780,10653,1657
