2659,13311,4658,5810,18443,15670,18326,1426,16113,14224,6406,NA,8484,7601,NA,1510,2027,17399,13200,NA,13027,13242,17977,8520,13773,17196,8480,NA,11488,1164,18944,6983,2663,9979,12462,18670,2977,12482,18262,17242
19941,17354,6471,1686,2600,16771,2923,2880,5574,6188,984,6020,12532,10419,NA,11023,14006,16513,3238,13395,14102,2079,1592,4558,8781,16958,8043,NA,537,11075,7006,5881,15676,6532,12250,5780,5704,12553
13653,10476,8451,3446,1044,10658,5470,4084,7975,11144,15859,9791,5717,9737,1175,8760,4412,587,13905,4129,6156,4082,4484,14085,1059,7653,8568,12840,4996,604,4745,19763,2241,6062,17723,13534,5977,9951,13133,141,10333,8815,17885,16520,NA,5772,8125,13374,7946,11676,16217,2533,16732,5745,18889,12660,15232,13079
168,16355,18243,19039,10601,16281,1646,10836,1208,11630,12872,2394,6313,5929,13036,2478,12127,697,16895,4204,8715,5625,15378,10904
190,11151,7378,7543,1233,2790,13886,9226,10033,10867,8235,3155,4351,8043,9117,NA,14591,NA,7613,17816,9893,9369,4924
8857,16993,12240,1108,5314,4440,13525,17123,4087,1834,369,6251,6516,18658,11574,11751,19099,14994,9170,7477,18687,9986,19680,5714,930,15407,12272,4953,7443,7196,NA,3630,15446,11277,15592,11185,NA,18677,18212,NA,14915,9493,7779,15069,8701,3043,1025,13098,13089,17691,4925
13488,5930,19058,514,11894,11513,10510,6481,7589,4883,12679,3186,4566,827,9633,13621,1969,8954,16604,15617,12195
3852,12482,19489,19850,12666,13459,15297,15414,9010,12104,16647,1796,NA,9039,15131,11476,16990,9952,12733,19392,19567,10387,19993,12671,15423,11712,3412,9759,16842,765,11287,9803
1382,6156,10413,17464,12280,17959,178,11439,2494,5703,4071,16836,NA,6853,3685,11757,4270,13232,1184,13501,10826,12052,10222,3545,2113,7237,1680,6474,16943,10435,3350,16294,3737,281,7309,8025,13973,11277,202,13683,NA,385,1216,17284,13961,374,8017,13499,NA,11519,5839,13015,13330,8811,3215,19428,7130,2173,2258,4671,18485,NA,19492,NA,18646,11530,1310,15652,17521,8079,7468,15270,17190,2996,7129
18732,19994,14418,7374,18238,18023,12116,18696,385,19105,12655,19743,NA,9822,9910,16022,8002,8419,13444,19823,10907,5853,6938,6189,13477,8517,18002,6648,6278,5374,NA,2935,3183,15672,7362,15958,3226,16747
264,15526,10534,8659,12612,10802,14178,17225,16319,13718,12763,14112,9718,392,NA,8932,17989,12424,14534,NA,11069,14706,6961,13192,18797,NA,5556,9945,16657,2138,9298,18658,14400,19551,9202,7555,9176,19319,4198,NA,1186,5153,2033,8767,5323,10912,16058,7892,1637,4141,5442,13095,10410,280,3407,15408,4872,NA,7144,11790,9306,5009,18248,6581,10726,8693,17398,7707,19102
1980,9388,14986,7786,14618,3044,4468,3264,4584,17239,12600,NA,19313,18817,12547,15377,13108,341,14045,14371,5988,4166,17985,2586,13349,5477,NA,14468,2885,17186,8114,3828,19589,1494,13177
13871,567,7555,7138,2408,14912,2255,11137,10146,15857,17911,902,14456,4270,NA,14777,NA,18044,17396,4179,8938,19029,13761,17643,11035,15992,1904,9311,6246,11410,1255,4735,16504,6458,15549,NA,2053,16669,13651,NA,3319,4874,5815,9093,6983,16171,NA,14282,2358,17239,NA,1854,10599,3734,11187,4559,9587,5452,10759,11495,3811,9590,17655,5263
9970,5923,104,10538,15496,16300,814,12741,12106,17200,979,12526,8720,5287,NA,1766,918,6547,18968,9602,13631,4526,12220,7300,6936,4671,4898,4237,11308,587,18671,18239,5804,944,19166,7544,9588,16889,3481,16354,17597,19217,NA,2095,3017,10300,NA,5464,4957,11003,17476,669,17139,10526,5647,11538,18109,1367,16648,NA,19361,22,16369,9770,9977,2472
516,4639,2700,16219,15205,5946,8796,11494,7885,13557,6848,2898,1068,10672,NA,7398,14089,5327,589,8636,10428,3592,11732,400,6121,743,17707,10773,NA,14295,15971,5079,NA,374,11178,9833,10793,12429
11691,970,2461,14567,369,19591,19721,16214,9396,1350,4381,9844,12663,NA,17666,7650,3030,5675,13897,15728
18300,17879,10508,2226,7641,14979,17171,5722,14722,14910,8436,10215,17271,2570,9692,17422,520,5188,17933,NA,15710,400,19074,17502,1080,3579,4498,6308,14797,16255,12297,NA,4000,79,NA,1509,17360,NA,8762,1081,NA,8187,NA,13445,3644,4485,14408,5697,12454,9606,18119,12147,7405,18186,10415,NA,13339,10506,6750,NA,19474,2439,18727,7958,NA,6495,13482,1849,NA,10770,19617,9309,5873,4696,11424,1573,4384
11861,1664,15418,1048,18880,4295,16894,15513,19097,13557,13144,15053,16606,4722,3567,17312,8242,2230,14540,13101,16795,2432,14014
5032,12915,6773,2591,12569,4818,2737,4691,11292,182,10295,3881,8284,5129,NA,19090,12329,4541,2921,18013,9526,5152,7657,18076,5974,19985
324,12377,1994,17203,7925,16798,5029,16626,12777,9202,18381,19938,3772,6182,749,6043,1511,11128,5856,994,19246,14803,13465,15824,17479,19071,616,3072,15699,1453,11682,11393,7302,16353,14544
4209,9179,17533,5187,7433,19065,10588,10593,11823,18983,4934,14995,8201,3212,3660,5399,15935,15163,5206,4006,11940,5376
15111,6916,6008,12623,7356,3867,16915,6487,5903,13977,19384,2074,17716,10137,18091,800,4917,NA,6145,15471,19772,15217,18412,19004,NA,3528,17246,8716,18502,11269,7176,19603,6146,19204,NA,564,15092,11375,13989,18902,14167,NA,9495,6878,10365,11568,6642,13304,2101,NA,11063,4934,7520,17415,10316
14980,7707,12075,12686,4026,18092,17809,1319,4244,17482,1633,4254,4162,NA,8060,1898,12425,8680,6250,17262,14897,4307,8332,NA,17082,2460,12357,10166,12380,18034,8174,1513,17656,8174,18769,9950,17461,8449
7468,2626,10547,3326,16839,7869,11714,771,11822,12988,18347,18874,6796,16246,1831,19173,19516,2201,6194,9435,NA,3743,17044,7330,5815,1779,10572,NA,13420,433,5879,12364,9099,6059,8255,15139,5716,18991,NA,249,17633,18904,9455,17768,17949
5646,4829,10076,10254,12053,8955,13998,4516,3431,19891,1030,12558,14749,NA,840,4959,3767,12773,6429,5155,2538,13659,19348
18649,3985,2427,12163,99,8993,9455,2598,4553,18861,735,339,5958,9431,NA,10459,6267,13211,5657,4561,14658,19579,2336,NA,6284,7128,18547,11477,18248,10658,4298
2715,6236,4132,1208,10699,19303,11189,1874,13082,11826,11293,NA,7771,19267,13819,3658,16324,17475,1091,2132,NA,10496,14548,11349,10595,2364,NA,14429,3442,7001,2316,16912,10176,13699,11352,17559,18056,NA,6659,8658,16079,NA,7379,14625,14880,10411,NA,4503,12745,6836,12552,13371,7489,NA,15630,3692,10711,17641,16063,5138,9064,5667,7958,18974,1312,12001,10404,10999,13036,1563,NA,14820,12999,12829,149,7784,7419,8778
18382,9432,16807,19603,9842,1779,8911,13320,1846,11863,18394,8768,419,12969,7675,8273,11926,14153,13601,17683,17735,5049,10064,19160,17185,19926,12708,NA,7485,NA,11734,12371,17812,17854,13045,NA,14555,10259,2166,NA,1981,NA,18871,12120,8685,10038,17823,15786,19895,NA,1154,19758,12263,17847,19471,8847,9774,10949,4348,4307,12720,19573,4106,11772,14180,742
18940,1681,11217,11695,7237,14121,15976,3192,13822,11401,7808,17321,9011,15094,4467,4603,5562,202,17172,11817,17179,17559,9575,4593,9500,2573,12579,10576,15614,7884,11034,10556,3069,18252,15803
7646,1591,18488,7831,10666,7384,2469,15944,9335,7204,11100,12149,6575,8762,17669,17225,NA,10303,8871,1097,13181,617,2578,17906,6662,18638,9666,16650,14753,3742,10554,8671,18355,15623,14432,19478,8997,NA,5553,3577,17059,11624,19590,62,14528,15831,13968,12985,13437,627,3454,10729,9902,12911,9133,246,9757,7830,19009,19409,16262,5577,9375,5332,956,4332,18951,56,16376,10625,14604,NA,3622,9795,15126,14263,3684
18089,1833,14614,15295,12936,3688,4134,12000,19980,2260,2701,10738,5893,4725,5073,19695,14268,NA,18908,3158,15180,14338,3239,12748,2608,18110,18150,2756,16512,3384,2690,3163,3021,2622,18060,15070,10031,4930,911,2181,12151,10029,19959,1521,NA,3140,17184,187,18430,791,13948
13839,18182,1234,1955,1376,8922,160,1228,16870,2474,4914,10603,14391,16226,2753,3558,14856,15379,8564,259,15611,4011,12352,13067,5039,14999,6583,422,1402,961
17836,9733,18523,1651,11386,13126,18338,9237,10363,14639,12738,19414,15240,9838,11586,15051,7980,5888,7886,NA,11718,2238,NA,12472,7595,11077,9934,14365,988,NA,17510,14821,4615,3401,NA,3834,8366,8092,12505,1162,13477,16637,13754,6294,10076,8031,17748,3623,2456
11147,4355,16993,2919,9010,8555,18550,13836,3555,9514,13387,16306,16543,NA,19877,3131,NA,10471,2026,16088,6598,6164,2231,8888,7940,14179,8401,6453,16170
13575,12529,11716,11872,11475,12766,5740,7668,8201,15114,643,9946,9167,NA,6348,5424,1126,6198,16601,13758,3021,11232,5760,6945,2998,6916,NA,993,18784,18075,11328,6447,4081,10876,2055,1858,13938,17650,8983,NA,14249,13695,439,18250,13249,14759,12064,6258,NA,14755,6829,11903,1667,NA,12337,14072,8371,15216,409,16058,4959,16029,4786,1161,13329,NA,17428,10037,10109,3989,6862,16595
14805,16198,7464,836,4714,19431,11445,2215,15661,19932,6891,17256,16936,9623,13465,3611,2678,17473,8402,19731,11749,18620,1368,3922,19080,650,5427
13640,15511,18817,3035,7336,9359,9730,15547,3377,1039,7511,NA,18079,19913,11,14360,3803,NA,2606,17870,NA,14208,11296,7103,16364,1229,13420
9273,12896,6192,17940,6392,9724,19163,3499,7692,3313,3024,NA,6516,4184,11079,684,13371,7535,3045,10176,793,17531,NA,6527,NA,8103,NA,9284,11192,5609,437,17815
3496,14454,4248,11138,11878,3263,9451,18243,17524,18717,10656,8270,15979,9930,4843,8105,9075,12144,NA,18726,9124,2409,2868,10510,17538,889,7912,18584,1123,11338,11485,NA,598,8673,14580,7702,14399,12615,19783,2320,2952,8488,18154,17618,19026,18328,12370,6304,6366,NA,6972,19820,13629,6694,15835,12631,12557,19531,14824,17516,18309,9502,149,15723,235,2889,9906,2111,16462,9909,15875,32,12971,19466
18054,17611,5018,3605,19578,19080,10868,16469,4127,13524,9470,5554,5232,6368,3906,12332,6673,17234,3310,591,13859,9243,6532,18809,9126,NA,12602,3042,2683,9978,2128,15913,NA,1563,13865,18413,13971,5450,541,3293,19904,19832,8852,3582,11909,8121,NA,19747,NA,3965,5906,17493,788,1221,15163,5347,15076,19361,6523,4019,3918,14938,16450,11791,1257
5930,17357,3166,16931,18681,5277,8567,15980,4471,12738,3172,2869,15984,NA,12119,14378,17297,11,17828,3403,11112,17793,NA,14844,17978,NA,12683,10566,4679,19027,NA,6422,17740,18054,NA,421,5689,8570,5239,NA,11605,283,17153,7066,6801,14173,3712,6473,8131,193,574,7679,10471,9716,2010,748,17854,3931,3639,17225,19573,NA,7431,6669,363,10075,1262
9309,8382,778,15325,13701,14678,6459,18846,8832,2575,4653,9768,7519,9594,4076,9093,3332,13727,17767,3399,11280,766,4791,15395,4753,3158,7329,2206,6792,8454,19354,16209,11723,4368,6327,7444,10645,NA,18620,7885,15913,17393,14601,8780,466,11536,8864,573,7015,553,17360,5172,959,10057,2601,3229,16825,8269
2068,18809,10055,1400,10243,17642,6566,17733,10510,9988,8817,10981,12105,11252,16607,8162,14024,2939,10770,5829,16184,3196,4434,NA,1165,9496,8864,17276,17835,4111,1125,12525,18522,13981,1819,19611,15781,694,11415,3587,19707,243,19398,13926,6736,8675
1144,16792,963,9446,15850,12099,12159,13215,12151,10977,1394,17578,7913,806,2392,16096,10231,8337,6297,17675,5970,3989,4440,13837,3522,5960,14881,15023,16313,3236,7981,10912,15219,10867,7624,10420,17346,4224
15109,9732,16501,19439,2165,13318,11147,13637,7106,321,12341,1050,16230,11920,13288,9669,6575,1959,11232,18265,7585,430,12372,5038,11434,9565,12254,11059,11942,6842,NA,6145,16344,6208,19019,200,15449,NA,12006,NA,3755,10922,1833,13026,9988
7593,6121,13769,6687,7190,2253,13976,16145,4326,11483,6434,10812,19027,NA,11127,18421,16695,11425,10096,14712,190,6918,1655,14184,11079,18645,4008,6346,7656
9718,13835,7096,16310,12882,3289,19088,16887,1955,9395,511,7751,NA,4576,3951,13860,2736,6698,NA,4499,10166,6710,2355,12914,6721,19276,7071,14394,3683,2489,13597,NA,7819,16225,9358,17560,12501,16635,6697,NA,15377,10096,NA,14089,5878,19269,12588,831,8265,19377,NA,2626,5823,16286,3135,18994,7507,NA,9547,4456,11891,7765,484,16823,13775,17974,5724,15748,7839
1939,18844,2576,16822,1020,9522,4164,7362,6134,14854,11050,10192,6900,NA,10186,10018,12129,5584,1771,15610,19145,16309,6570,15329,12028,4516,9503,1909,NA,4028,3529,6753,5508,18005,15663,7672,5791
9358,7259,9513,3157,17194,11869,5977,13317,3580,8820,17149,4185,10390,18320,2466,4683,15149,17810,15645,19776,12167,5181,8926,6011,10544
8906,17381,16834,7399,8268,8134,12108,19679,1489,9756,18908,19809,12268,10988,7802,NA,10381,5097,2787,NA,8824,11798,17071,1302,19446,5923,2329,5979,19738,14775,10679
12814,3303,7451,12397,5614,6966,3217,9996,14392,8262,15702,NA,14597,17535,16461,14383,10734,NA,10523,19365,3564,16844,1757,14241,18630,7487,NA,8043,4407,4695,14603,18358,18185,16346,13911,19207,2702,10142,7666,3205,11625,9917,6888,7674,15009,6527,7157,13133,5805,11478,14792,17288,4236,NA,10330,7439,12672,15626,17897,3889,12673,14791,4867,19987,16293,1545,12010,13884,4596,14642
10511,3552,14372,4018,1524,19812,16922,3657,13407,11047,6293,17013,17466,17644,15762,14799,5566,1791,7877,11264,7911,17673,11117,8332,4050,10765,6218,2235
213,2865,686,1541,11469,9039,6762,9096,11423,2767,15336,491,NA,16425,13690,6186,4394,6809,8560,8919,NA,18764,17223,16803,310,6424,3553,6753,4592,18014,11241,NA,8150,14074,13951,2352,16105,NA,2406,19059,15529,16482,4812,NA,10911,9864,13395,14618,19350,10701,2340,11550,15109,8353,19918,6023
11690,15518,10673,17084,2793,10495,19740,17481,1012,3926,13751,15184,8820,18263,NA,16917,13582,3699,NA,768,8169,10822,13198,16550,7014,14724,16007,15955,11060,NA,16809,19272,12258,NA,9537,8141,15332,1779,16149,1420,2781,7565,15171,13099,2522,5186,NA,9616,11698,6552,1786,13594,9009,9437,18064,5603,9524,19969,13148,8157,5170,6039
1558,12075,2803,6715,2508,19796,2113,2369,6996,18873,6427,2048,19848,438,12776,NA,6259,16055,15434,4802,13918,9427,13624,19605,2841,5815,NA,16579,12413,14245,8691,14731,NA,19048,9111,3043,18115,18443,2320,19882,5823,6963,19029,5548,NA,11927,3165,3983,11989,2449,210,914,4087,18087,NA,6654,NA,3144,17850,5907,8374,7170
2630,1535,16124,14825,2016,1195,7485,8493,19468,5832,8518,14215,1171,19646,6225,8135,9284,4116,17544,19649,1630,NA,10245,11955,719,119,12431,10258,4804,16155,4896,NA,3122,6018,1451,NA,11641,13010,10651,18723,17250,14856,12091,11851,4900,7613,18480,223,13085,16068,3769,18695,7934,2194,15690
3640,17615,15641,4382,19845,10433,10252,17484,4230,19235,8744,8667,1383,8021,NA,7266,NA,14091,NA,15849,19544,14358,9672,4005,9323,4522,4941,937,NA,11330,13300,15732,9901,12794
2600,1105,18444,9249,8392,5986,18532,16324,9522,13171,1305,13087,4577,5728,10313,NA,4833,19195,13392,13653,18373,2036,650,7156,NA,17827,15963,3610,5857,16561,8732,2784,15742,1724,14514,NA,13093,15684,3618,17042,18619,12326,NA,17612,7365,14955,8466,2514,15928,9512,8080,14684,11184,3024,12875,18837,15945,17588,3212,11422,17747,NA,12930,5333,14826,14607,2325,14157,7468,6537,19638,12448,12920,9380,10860,15429,4938,6856,18986
19710,7396,463,19549,13293,17792,16977,6150,3624,15006,10687,18817,17674,11707,16443,10735,11295,18126,15245,16868,2576,9012,15452,18489
7564,8439,4134,9616,1167,3387,14793,13724,1025,19971,11421,12340,NA,330,2198,5457,17624,7137,10675,5675,15821,19159,NA,16183,8612,17707,7346,4999,1901,NA,14320,6108,NA,18239,4836,19070,1521,14974,17752,9396,3891,15937,2339,10659
12645,546,8745,14718,14618,3983,1987,7099,10646,17152,11880,NA,14588,464,12209,135,17407,9408,15946,7140,10877,12398,2580,17019,16988,12950,18032,10846,18528,6735,8944,3996,16032,3210,3597,NA,8472,14873,18432,3536,8465,1075,NA,9792,13008,16327,5990,5728,2532,9870,11556,2165,14023,5679,14542,14788,5382,5073,12361,18848,2675,11745,16858,6817
2563,2633,7917,13669,9406,9626,19392,3449,14955,18607,4013,3402,15077,802,639,10677,2158,17970,16927,19292,12015,12901,13538,3585,12041,13247,15600,6875,11988,17969,16072,18851,6799,15740,996,17151,6813,16095,11313,19131,857,NA,18342,2955,1544,2265,NA,12968,14834,19969,14493,4973,8023,5041,2061,17587,19166,16909,7407,18882,NA,5156,6740,4134,2666,12889,4177,1553,4820
10501,11963,7546,7441,17931,11189,16889,14908,18660,10206,15101,NA,11725,15436,NA,262,1989,4751,4853,17061,5077,923,NA,11189,2945,18354,11325,4589,13755,12791,11067,7705,12256,NA,15347,NA,19266,2118,8412,18878,6472,6729,8204,6001,3162,18064,19702,8500,19072
10833,12362,16906,17951,12442,4776,12350,17600,5193,10937,16794,19298,18009,6223,5005,12132,18693,18344,12474,17423,4983,6553,5482,11790,NA,106,14631,8202,15818,13943,14877,16360,3669,12987,18384,17381,9073,19053,5880,12447,15932,5194,NA,14187,15519,10253,7642,12412,1911,NA,19853,11241,16432,3152,4618,1635,13662,12529,5046,NA,17597,5500,15672,2702,7857,2492,12266,4586
7102,19093,17568,257,3933,2580,10599,15507,14571,11634,18488,8759,5707,3118,NA,18973,12737,18219,4879,8145,12740,19426,5687
9474,8648,3601,12036,2269,5713,19973,1635,6795,4990,4578,157,1554,5585,1800,18595,7827,10411,5399,10549,1686,11121,13771,531,14290,5000,19909,11523,4943,8641,16562,10202,NA,8847,16939,9480,11933,9483,7054,14690,2448,12381,7554,19520,19390,12351,5878,13191,18127,8634,5089,15301,7221,19670,5434,14888,2210,10675,11216,8273
4280,8169,18396,19353,16062,10094,19559,9444,10157,13942,9660,2676,NA,13523,19841,11628,8361,9063,NA,13987,NA,18465,10095,10429,NA,7765,18665,17587,18576,13334,4533,8504,NA,1805,8757,1260,NA,11732,12770,7855,7518,3986,7880,2553,122,19701
4349,18499,14749,5836,15868,2582,17136,13601,6639,7484,14598,1651,7494,12850,7568,14817,10856,9908,15176,10393,18593,3415,7757,16139,7347,1725,17487,14843,4192,8760,7812,3708
14555,11361,1189,14811,14759,19714,18904,11370,5757,9044,10320,1744,2109,12612,16915,9194,9665,15082,15430,11509,7760,6152,2297,NA,12568,15400,2254,1473,8222,19207,10958,11263,4446,NA,3987,NA,15610,4501,13713,16890,3777,133,19881,2082,5681,4800,12590,10700,18389,19446,13372,12000
19529,7141,3285,6091,19999,7792,8004,16880,4528,19021,228,12379,11558,NA,3561,3076,7770,15936,16773,15922,12407,2274,NA,1625,5952,15630,18614,6999,14531,17786,10048,5281,6718,NA,1514,18450,4349,12905,6016,9870,16504,15462,6828,14244,3784,15141
13044,8969,16534,3033,9990,10253,8891,447,9915,145,17865,11766,6255,381,10026,5188,4358,971,19636,19985,15528,1375,1796,2389,7033,13763,10534,5733,13503,19629,9464,18891,11300,15896,17989,16003,12660,17570,18110,6248,16339,14197,13220,9425,14307,17484,10008,14142,14721,397,4835,NA,2239,421,17503,10445,3022
10262,7249,14827,15981,9473,12137,2324,1150,14267,1177,8076,10780,246,10369,9574,15885,19262,NA,4392,8357,10487,13028,12813,12281,1290,NA,13996,2041,15512,NA,3046,4105,2448,1585,9230,8341,3897,11730,15205,18392,15627,18419,19984,7259,9047,16718,NA,6644,3736,11135,12103,14418,13331,NA,13932,6263,7315,12274,3832,4901,5613,18179
13341,10358,6276,9709,16318,1411,13285,395,6939,2015,19238,848,16856,NA,5192,16799,9030,4821,2369,NA,12191,8112,NA,10787,18412,18872,9964,NA,10522,11985,6961,14143,13260,11304,15424,12478,17610,NA,8352,11421,8513,19267,15941,NA,8926,17432,17561,13979,10964,18290,18968,9883,3421,4814,5183
1133,9006,7411,4414,10198,8556,3720,18441,1225,9003,8675,8154,918,7076,1531,13989,11477,5061,NA,109,2194,2155,18060,18448,13062,6119,15385,13730,3377,12447,NA,323,11434,255,NA,13411,1610,18577,7956,18266,6429,6997,385,5712,3348,11347,10287,4155,18698,19069,17,8535,3220,7566,3081,2657,16728,19166
866,15175,7987,5908,12118,8701,13714,19014,8130,17762,17202,10535,12876,NA,2080,14202,11287,14862,8477,3709,1845,7866,NA,15022,16375,16346,18147,5987,13542,8733,10585,1751,991,4159,4783,14014,5629,14803,11865,14969,1356,7214,11309,13,16503,11806,7608,8792,NA,7803,5289,16624,10794,18267,7609,11385,10575
686,16018,3891,16372,16677,10137,1273,7682,10524,1858,6178,10337,14422,16709,4111,11775,15247,17531,NA,13157,2844,18726,NA,7308,6728,18874,NA,3771,9212,8188,8048,12813,18774,9054,5534,1670,15053,1416,10817,17743,18164,5604,5544,4836,12973,1327,18240,9504,3285,6830,11126,8316,3420,265,815,10097,12820,7472,8930,NA,16992,7733,3898,18532,16433,6218,17686,9210,7558,14128,6526
2048,1198,9884,12245,11014,8040,10146,2802,4810,18726,11062,11623,5502,9222,12448,10736,15299,14313,5463,17842,55,18991,16539,7600,2023,12951,4901,5182,2177,8145,14387,354,12493,8048,10751,3991,5253,NA,12753,12329,7818,16901,13577,17322,18572,14140,6129
18154,5853,12926,17131,2474,11257,4446,16746,16171,7708,8353,18179,NA,11849,5517,6160,3203,14001,12198,9893,14802,5872,12251
15703,15219,3123,11622,13369,7187,4695,13600,16398,623,18472,12459,19902,6765,184,1641,369,12572,NA,3847,14127,10805,18694,9284,15044,1825,6217,16419,794,1512,6897,2397,18882,14671,700,15632,14101,4951,11346,9236,18246
15506,10727,6267,11302,17960,18836,18636,5449,4343,11181,9521,15314,17720,NA,9609,2891,815,3483,3060,16881,NA,12825,5476,926,15069,9434,6149,13454,2032,10240,14084,16415,18280,14516,6351,6321
14659,864,12976,9798,11110,12277,16388,7246,13942,11004,17972,11525,9819,14061,10642,7765,NA,18251,13474,10506,10602,431,11526,16761,9298,15186,NA,7880,2981,201,18393,NA,7744,18977,16815,13838,13989,18020,NA,2359,15315,19248,10428,17978,5474,5815,6263,1081,7206,19031,1348,15100,6484,67
4073,17551,9553,19489,11362,1723,766,5677,11740,3582,18210,12359,11123,15318,8320,3711,3546,4126,674,10266,18627,5645,15049,7257,2820,16341,NA,14439,19400,NA,10973,8797,NA,12109,3090,15028,17302,NA,9182,1905,NA,17836,4123,13225,NA,5222,210,NA,13906,11440,13690,17882,184,19593,2893,18936,14286,18320,5353,12617,17998,1896,3882,17091,12115,17868,9211,7333,12572,19973,19003
1397,8489,12964,9589,548,530,2240,2710,10939,5171,258,15755,14627,13415,1802,8190,6487,1047,6705,7495,3000,1885
3543,9632,12261,17026,16575,2286,16755,17794,693,18014,11680,349,6744,8616,3688,12137,1761,10975,19017,8333,1204,NA,2451,10435,NA,15352,NA,3093,1760,6274,6103,16713,13029,4031,12966,5693,11565,NA,11796,18057,10944,30,8588,8262,3664,NA,3632,NA,9491,16773,4883,11956,3784,12448,16674,1030,4895,11840,5,1139,17103,4184,10547,16175,9205,271,1584,9418,6144,3908,525,15438,3141
3490,7431,14866,2086,6483,2948,11148,4278,4383,7954,18990,19833,13157,13122,1306,3028,13250,3363,19433,15890,1725,12691,5894,5545,15422,9189,10278,7812,7241,NA,19017,13124,6119,1860,10636,8600,NA,17915,10018,6780,6024,5224,2573,11935,4484,NA,7218,5563,18593,18850,18005,16510,2525,13677,18006
14278,5792,933,9721,15861,8751,12890,14904,17227,5957,1294,18076,15909,3442,14303,14331,7049,1859,8149,18855,2814,2658,17709,11244,3697,8187,16744,NA,16990,12116,18691,1680,16521,17831,8264,2601,9460,10863,2360,8432,2250,1099,7635,7090,15218,3231,102,16865,15920,6076,18664,15409,8810,9040,12741,9425,17708,17264,10206,NA,12304,7365,14006,8884,12149,10509,8650,12518,14322,NA,17287,4940,4553,15141,6688
18169,2161,9776,8282,4227,5813,3734,18491,11463,3566,14727,17233,14867,4034,17400,10083,15460,9194,10244,10904
14719,8924,1514,17983,7667,12158,7636,13131,7966,2923,5174,8883,9884,18499,9818,NA,5839,7813,19556,6147,NA,3693,4910,1376,7809,16597,1344,7341,3252,19614,NA,16749,1109,3165,9161,9705,NA,4181,11777,4144,7835,3443,899,7110,3156,18767,2727,13096,6376,NA,14076,19225,17917,17826,571,15377,7272,4556,11684,6825,11434,7230,9289,16322,813,NA,16370,1342,11679,13112,1146,8529,11464,7448
7346,7803,3720,14433,8068,7033,6294,6489,1127,2868,2880,16091,7202,5615,15358,8308,3029,17688,NA,145,3047,NA,473,11219,19930,8300,7975,14416,14086,11982,8193,1308,NA,4505,15331,19566,10123,2537,18692,4736,5330,1969,318,13752
10376,3695,18073,13747,2603,5163,7055,1838,2100,8862,8305,10145,6081,2464,7461,19469,16509,589,6854,8088,605,NA,10921,1033,10955,4186,6225,16792,12098,NA,17396,13651,7785,14979,NA,14442,8080,2330,NA,3780,8480,14588,7476,6816,14388,15552,11548,649,19625,4636,9440,1011,4704,10970,1316,17513,NA,7300,12403,12648,12938,3709,2991,663,17703,2061,8074,11932,3124,17147,12608
18783,11947,1681,13959,13580,8834,7461,7412,8071,11202,4809,13338,NA,7371,9202,9745,19811,15922,16107,867,741,7840,930,12268,18085,5468,217,7344,12471,13484,NA,9965,13639,18497,15943,9831,6080,3343,8629,9529,10175,16884,15427,8913
10405,4500,5416,16439,14567,13151,3975,15013,17195,14459,558,NA,13304,4511,15019,4510,2300,6212,16029,19674,4258,1987,628,8233,7742,9046,301,2297,5285,7493,2455,106,11913,4863,9170,16392,12921,16983,5223
10552,2744,15755,8426,15499,1693,5391,14254,18259,18820,16594,11902,18239,NA,18345,18501,NA,14565,8709,19613,11703,13906,3355,111,14178,15682,12884,16571,3698,2816,4434,6792,4401,10043,19405,3752,9034,5017,9036,NA,8499,9404,19846,3924,10717,3281,10651,3913,NA,5390,11774,NA,9968,4235,3445,10952,13054,19021,14679,384,13740,8662,19622,14903,12523,19720,1026,4650
