7975,14196,16342,7837,18067,1223,4343,11555,13651,12784,2071,4147,8023,6597,15915,16965,2006,NA,19986,12131,11359,5290,10109,5402,NA,10933,15427,8546,14128,11314,13769,2899,12693,10383,16985,5368,2263,NA,9935,17201,1605,19429,NA,1826,7776,10335,14643,NA,5068,9342,15561,NA,13368,14999,15935,9716,8434,11680,477,NA,9588,17099,5240,18703,12247,1913,1922,11617,17886,4693,17564,8791,17033,2426
3156,9996,18001,7914,16078,8945,19132,3200,8250,14647,11298,16181,8265,18346,4315,7471,5286,6689,9284,12172,15718,11775,1840,8574,NA,4066,16801,7801,19316,15462,4878,2160,18170
1300,4276,5675,17615,11079,16435,11457,72,204,11252,10302,6187,2245,9631,NA,2546,243,338,1462,17482,16016,19893,744,10183,NA,6140,19989,3446,NA,14372,17454,408,5702,17107,8755
16441,14474,10812,145,10128,4419,5458,2610,19857,11425,5935,11678,2138,NA,17680,10781,8411,7307,19695,5517,NA,9642,10482,16427,14702,9164,3913,12450,6673,1611,2942
10422,15109,6672,11585,2580,16348,19929,13743,13587,8137,4687,5500,13985,12106,NA,15755,4090,16829,8640,19229,7748,NA,4290,14642,10769,12145,4354,15424,NA,6322,8049,18475,15789,7549,17162,19500,14508,8310,1111,11669,11955,11352,13237,1421,7754,16255,19372,1869,192,17303,12080,15766,18629,14211,10267,9209,6536,2327,6271,1281,10463,15852,17890,18330,11124,7423,7163,13578,4681,11349,12719,13416,5586,2049,17891
2054,15350,12240,1824,11867,12940,7666,831,2367,317,19415,1669,30,16465,11896,16072,18043,19051,5575,13393,13594,15573,15174,18469,743,15554,5183,11549,17197,824,1729,6107,3728,17982,17519,8948,1937,13672,3942,17126,18637,13704,2453,1954,8765,7624,NA,3687,11495,NA,16250,NA,6583,13400,10814,15011,5412,14531,12444,87,4643,12271,19687,15851,16818
7185,9422,15533,1412,234,6619,10539,12900,19367,9242,11807,13760,13347,10337,3801,11857,5424,NA,5302,1475,3778,8635,19530,860,10296,9239,NA,19543,779,16149,7942,19897,3270,17501,6330,8543,2878,1149,11081,16422,11193,6680,10175,17919,NA,11811,18544,4998,NA,13161,4623,17981,13128,4018,9454,5675,8977,3985,3946,7270,16573,1488
3036,18000,6813,1083,1004,14728,19744,15108,14209,19633,462,7189,6351,18885,12511,14259,3257,3089,17567,14584,4411,7241,8659,2345,1671,18180,8460,8172,4973,8906,NA,15658,12824,9620,14103,4303,4043,13620,NA,14095,17541,12669,11893,807,12085,14577,3573,9020,18413,3027,2350,NA,3214,1747,5083,8754,15096,18330,NA,19033,14186,4609,18933,8753,5644,13370,8667,2174,8243,13591,18693,14389
686,15045,14591,15669,6597,16900,9951,17998,5476,17164,17534,15479,15757,14898,1146,17451,113,5588,3823,12151,15985,13029,19356,18250,17328,7381,6926,9050,8478,16101,2462,9620,17039,15210,7959,16151,3995,15363,13981,19321,11799,8254,1114,2953,11736,5834,480
14625,15783,11729,14532,10237,7619,7349,501,1934,13868,11060,14924,15972,4968,NA,19292,19536,8440,12202,14123,4263,13690,11156,16276,16039,10065,5413,19362,4294,19682,14218,8106,8792,9546,11678,8249,6130,NA,1530,13446,10946,3566,11305,14596,10812,6212,2456,17887,NA,10416,NA,15762,15263,18227,5720,16186,25,7231,9343,3150,801,3894,15555,8905,17130,8065,NA,14957,14476,12136,8967,4885,10002,7336,8621,8344,4418,18585,12080
19884,19752,16786,289,1911,7460,2811,1512,19948,4284,14924,518,3577,18031,10488,4541,19325,6062,5522,15448,9486,13461,17856,11629,17130,11050,18182,12664,5100,2867,9389,14572,5758
1268,9617,3689,13427,1308,17646,8310,11398,16537,5099,13519,16105,11408,19567,18972,2763,18227,6451,NA,10132,13774,4922,12978,11668,14673,841,17032,16520,11464,15985,4165,12792,14291,5698,2129,17659
751,4879,16781,9135,8792,17402,6894,6497,11469,17026,11768,9795,9813,17851,5566,13418,NA,16658,9414,5958,19312,737,999,9285,3885,16621,7559,13869,1245,15762,15883,10789,NA,962,NA,7731,16840,819,15897,3526,7367
10323,2698,15407,4608,9014,19547,8112,19746,9348,8434,9401,13071,18862,10325,6225,9714,6583,7231,18072,7822,9971,4102,17892,5538,14634,NA,2634,16819,9259,10287,NA,16030,NA,3713,12818,NA,2075,4893,1370,11207,5718,17471,2020,14510,10224,16359,5119,11088,12093,19785,18375,NA,12078,10746,11094,8662,11499,8269,379,3596,1852,18864,13955,4466,13320,16280,11561,7,17664
19741,14850,19171,18586,16425,13704,3206,981,8677,5311,6458,10105,NA,2034,5953,NA,6999,19905,11133,10561,10271,8630,8294
10887,7918,18715,10610,1419,17320,16569,6481,6093,15468,14569,17638,12158,19625,16128,17867,7418,8165,9993,16690,17335,1880,6413,17815,11696,19217,1773
6313,17127,10782,2760,5120,12473,19859,12348,4662,10276,13181,3818,NA,8527,10988,750,18235,5200,7977,19744,7825,4180,1279,5669,5527,6334,2353,9533,5721,NA,13835,15003,1795,16897,5792,13632,17610,19312,5814,7219,18267,NA,10993,9819,NA,18379,16062,281,16043,8290,15707,17955,8902,11024,2393,13262,10115,17598,16109,12326
6328,4045,16778,19338,12925,19533,7997,17197,11878,7020,19253,3668,4870,19495,3775,16213,1300,11106,10414,8648,16420,14495,2549,NA,15442,5956,13893,18767,13406,8676,18961,1662,17111,10160,19261,NA,10660,12672,12156,13169,7119,NA,8940,6067,11515,7617,15391,11625,2935,14378,17079,2709,1889,1211,4751,92,5704,1079,2037,5584
4874,7545,16055,16068,18141,17002,3925,14934,4232,14530,2273,19612,263,12711,4320,6660,8046,6931,14296,13521,5889,NA,3242,8089,7641,19673,5905,4073,1114,11417,7151,4505,14112,NA,8339,11673,18394,16958,2026,14585,13773,19562,11737,1378,5283,NA,13708,7051,11642,8999,11291,18948,3192,2668,10327,13200,16610
14835,6393,5545,13273,13685,15779,19320,5274,18034,7137,19106,8198,5275,7130,8757,1290,11074,306,13465,NA,1066,18944,NA,16013,13950,NA,11241,281,9676,15741,2266,NA,2485,17519,12716,11315,2267,NA,7503,13297,6774,6727,2062,10986,3317,2068,NA,13518,13882,NA,12368,12869,18037,NA,18896,5770,1307,NA,19629,5592,4450,8919,15349,19490,9426,3178,32,4166,17594,2190
19933,17468,11111,2032,14447,18030,15436,11049,14404,14715,16099,8655,19696,5516,5469,16209,12381,15554,12364,17484,93,408,680
2115,13527,10531,11095,17303,2782,10364,15174,10194,12805,5100,1642,NA,5517,6133,2875,14027,18441,NA,10220,1087,19493,10151,3422,6810,5934,9852
14326,8903,1527,15332,14012,10525,15438,3122,4591,17174,11803,15371,19869,12319,4248,16434,NA,19261,13164,3337,19495,2965,7083,7449,NA,11332,8299,NA,16211,6048,5620,18054,19069,17874,NA,12587,NA,18760,17922,2805,NA,3456,8948,631,2617,4386,17395,8579,963,15090,NA,13762,15963,19716,14860,1217
4634,12552,10487,6992,15050,18548,2094,15528,7957,12804,2564,NA,10758,5836,3550,17950,13308,8476,16604,6812,4311,16299,763,16309,6089
9767,4719,11981,10918,2169,7379,19197,12874,9687,2681,15813,711,19980,13697,7573,12956,7485,18484,14371,18900,18526,6029,18716,16203,17839,671,7958,7153,12656,3174,13743,7684,12929,6428,8208,1954,8037,18389,5309,10093,5595,9856,18675,2902,3697,18471,4599,11280,9396,2269
10275,979,6593,13645,3435,15207,10107,16011,2528,3650,18955,15743,18230,16732,13688,19910,13268,254,12420,6968,738,14653,12882,17366,18968,17724,5173,NA,1004,5216,14601,11336,11880,10527,18162,8356,1467,NA,9916,5850,13214,4196,14551,7879,19766,3131,4166,6718,8963,8746,9613,14563,6878,12076,NA,1037,10074,2824,15370,19517,13704,13908,418,2441,3968,NA,16998,11569,8224,10188,16752
13321,15789,783,5751,2757,3443,15718,15262,5194,2279,11368,NA,14163,NA,14661,11836,18136,13846,19520,1960,18390,13840,14701,18862,14681,141,9184,10898,10368,3251,12112,7145,17716,17,1245,3496,19274,4616,9575,3724,5524,6954,2166
2517,13666,12259,632,12155,5115,14873,3127,295,14121,13901,14887,9367,1082,16801,15535,NA,7134,5168,4190,NA,17628,5221,3012,5362,7014,12579
7698,5086,10012,7519,5872,1327,9614,19059,9141,4228,9852,1979,NA,1189,522,12835,6749,4384,14574,8261
15343,10967,11341,15294,13472,9231,3649,4872,8582,17616,15866,10065,16995,12057,10353,8841,14771,8316,18210,4082,18546,7277,16165,12223,2170,3309,NA,6891,1643,7100,3125,2486,10832,9677,4337,443,9060
10167,18986,253,2933,12294,5591,7160,10966,4397,19696,14615,2369,17727,12899,19561,19641,857,2172,13077,19822,NA,3037,1796,4477,18131,6295,NA,187,3647,11249,9671,NA,7329,10227,18212,569,19620,956
12731,151,9014,17360,12432,18748,776,12609,6366,13192,15219,14514,19701,14310,8382,15340,4110,12852,9852,2004,11925,7604,1792,15448,12365,NA,11853,12031,1529,2581,15529,8696,5434,7469,9198,13698,1174,18129,11714,12798,3893,14478
1686,1062,2336,16970,4437,19176,3631,19381,7489,6333,537,12861,18812,10234,14414,6519,7988,10650,15241,18918,4178,2592,14455,8523,4290,10529,11699,19593,3264,5400
7333,9532,5122,1725,5674,15995,4043,1699,10761,13669,8616,5825,1116,11756,9009,18078,NA,10231,12001,NA,6084,889,17067,16212,7426,16524
17629,14998,13785,1801,10650,11569,14032,3902,2,5161,12244,6114,4322,6215,12367,11033,12321,3898,3186,15663
696,6544,8559,6458,13567,15837,9484,9916,2909,3547,18005,2555,6137,8574,11968,7242,345,13073,18756,906,18987,18706,228,3071,NA,5671,14993,5293,5441,14177,1405
13657,3391,1950,17719,15926,10264,15590,12695,42,5890,10747,NA,16168,11292,5683,3427,9197,755,12550,14898,15830,3029,8026,18422,18810,6269,4787,8559,17947,11814,3616,4930,13934,NA,10994,6514,712,11094,9227,6689,3891,10450,NA,15113,16623,18231,15385,4117,13038,12673
4975,2946,17273,11097,3214,18418,9771,2194,7734,6962,5740,NA,18915,7046,17322,16448,13437,10190,4400,2674,13645,14734,14236,1871,14996,15704,2003,8910,3145,6872,14295,9360,18375,5924,6745,17081
8892,5127,14501,12045,14274,17210,8598,8636,18145,5444,16181,3755,6905,14549,4385,6369,2707,8213,1149,1241,7513,2926,6723,1011,12637,13153,9497,17239,4310,217,13454,16711,7330,NA,13472,5222,9955,12797,17623,15081,16709,10578,2863,2478,19625,1690,2735,1040,10094,19076,16921,13094,11017,7371,6193,8504
18590,6967,7925,9996,1454,1151,2490,12712,11366,18438,921,4387,12864,19296,6904,NA,9898,9358,9752,5062,2400,12291,8274,4282,8508,12129,19269,15959,16037,15851,14269,4226,1651,4072,19942
18128,17630,4874,10933,6224,12438,18085,8385,10232,8601,9827,11136,NA,10579,6150,19610,12859,969,6362,NA,5534,7421,13514,18094,13837,10485,3781,13077,5297,12912
7794,3617,9321,15310,7295,9566,1411,7203,18556,9510,18763,11306,14380,3822,NA,11904,1868,10375,NA,16606,10344,11991,12605,25,9383,218,NA,6706,NA,13721,10199,15657,2120,14613,12617,4122,NA,17704,458,16872,8862,6537,18759,11572,14598,NA,10170,4046,5585,2698,14682,19127,12265,18462,4167,3620,18907,3659,16014,NA,15897,17981,17251,15635,4603,NA,14271,13187,6011,13051,9319
5667,9835,13625,194,862,2720,1790,6035,12753,12252,18377,6754,NA,18720,917,16491,13591,15833,2956,18543,17948
15274,15626,7569,19446,759,18552,6804,11002,2487,5440,10020,12702,10267,11988,18484,15541,3960,NA,15882,13885,2567,8588,12609,11573,11191,4805,1013,1090,18788,12720,7651,12573
14574,14370,13227,19594,14373,6045,13469,11611,10491,14941,7826,9004,11366,NA,875,19359,15042,794,12653,10039,9301
18095,9527,5790,9437,4876,19845,18191,12210,12879,374,19582,1267,19934,NA,19159,9212,1821,16073,19523,2193,NA,8142,11299,13853,13627,11733,1294,14183,3955,12236,14136,9205,6187,1854,9132,19834,7008,12958,5852,16493,10117
10851,5517,8516,14867,5752,13872,14799,9508,3617,4038,6206,4109,6185,NA,19006,517,416,14241,18767,12247,15954,6207,18698,19800,4545,8665
16919,11878,15212,7225,19626,9190,10280,10638,18696,6008,19413,5824,14750,7786,4951,4354,10726,2781,18001,2880,18496,18218,11734,15846,12898,8377,19081,825,8163,23,158,10794,17915,8548,19803
4182,16908,6317,17085,15910,4231,13640,650,1605,17285,16878,17243,16526,8968,NA,16149,18907,6554,14125,14953,15164,NA,11001,3650,NA,12501,16266,13594,17696,2226,9006,3632,15226,1378,9486,NA,16645,NA,8185,2022,15315,9618,12113,13874
19153,8389,19605,10640,1108,6449,1837,18504,3273,7347,8256,10911,2039,12007,2534,17729,18620,NA,6164,16084,1301,16887,1932,19941,9750,55,NA,18497,NA,10464,16119,14935,3674,16585,3779,5681,7163,NA,16232,9260,11502,12043,12609,5621,8398,18003,2506,5702,8866,11727,7849,1936,1872,13746,12784,11929,392,1649,10995,8862,5131,14563,8111,16942,1036,421,1226,5286,16195,819
10618,18282,5482,617,3142,454,11227,3329,16271,16763,7712,18923,1417,NA,11361,18210,NA,13572,18715,2067,14748,7541,18543,9479,5359,15799,10117,9024
17686,408,17607,17705,12940,9961,11813,15128,13606,11286,18746,896,11488,NA,13168,1586,19488,7168,9465,9030,5624,19341
14027,3150,16039,7835,6023,12423,13614,18538,19505,8991,13913,3901,1393,14087,NA,3065,NA,8861,7503,1514,NA,10152,5397,15001,9535,18544,9615,15907,NA,7802,9836,1773,1517,13662,15852,12825,19256,NA,10801,14004,8459,19976,8612,7580,11739,11985,11745,492,10410,NA,9482,5075,545,5813,3754,16341,17727,14307,6389,11925,18484,6914,17921,3061,3498,5974,1252,3496,450,3872,10601,16532,4100,2728,11428,16254,3437
18136,7548,8972,4956,1260,11803,13747,17758,8612,4241,6883,7201,3189,16016,14915,5032,NA,10472,6131,NA,7358,17640,7754,18737,7255,14764,5058,1410,17219,NA,17826,6661,2434,19142,5413,8272,13656,10660,13439,5092,17244,19507,11557
2143,12232,15144,1812,9550,10657,5016,1003,2602,5624,4300,NA,5545,18375,16367,2900,3875,2372,5383,9330,7044,3593,17820,2202,6120,3423,NA,5773,4152,2329,14935,12030,19514,18393,NA,2964,10567,3434,NA,14392,NA,18099,10879,6478,13494,6130,16191,6898,4204,5506,3653,3619,2131,5678,11465,2845,2072,7532,370,13051,18944,3396,4072,16820,3921,16888,16764
4460,17269,15825,15201,17316,19181,10197,7846,2534,16568,1615,11015,6882,3322,4012,2171,5320,4293,NA,2592,5292,8077,14851,15599
15425,16729,16761,19076,6147,1462,8209,12612,14611,8276,11508,NA,6078,13721,11050,NA,2769,12941,NA,15959,11756,19878,12159,NA,17778,821,15917,4752,2195,2103,17047,18021,3544,1561,14857,12866,3818,19406,8200,12639,444,8147,7155,5105,17637,10567,17962,3751,15258,16033,5787,5532,NA,1689,3749,935,17801,9408,15740,130,11270,16942,7107,3366,16173,19342,3256,4629,2355,NA,11694,17835,19683,15761,3650,338,15445
7338,654,16351,8174,8756,15617,13363,11058,13499,2918,7590,19488,NA,14563,7125,9606,19795,12083,10161,2070,19495,12444,8667,192,12937,2635,6894,NA,19568,18601,13789,8324,5201,13200,NA,14955,NA,19084,8355,NA,960,12434,14095,8272,NA,16225,14792,9793,16875,18742,16732,16645,7245,16321,19646,16554,10722,2552,16904,3521,1326,12961,15119,16666,346,16713,3734,102,13413,NA,1485,466,10829,3415,13670
17919,6468,10981,16348,9374,13616,10214,3313,3676,18416,8846,4074,19882,14202,19432,17162,4626,5212,1959,11454,10968,NA,4825,458,12167,3270,16411,19738,1560,8869,19585,1541,7415,19289
1924,11279,4444,9258,8342,6377,19011,12515,12016,3783,5228,NA,4427,780,15902,688,17131,9635,13187,11340,893,19212,4651,8506,6930,39,17775,7958,5389,NA,11919,10630,3841,12475,13501,NA,19595,4687,9213,780,14249,6349,1500,19723,7092,NA,10074,779,4497,9840,19628,7072,17199,NA,1847,6960,6401,15085,10167,16714,2567,2320,NA,12552,7168,7425,NA,13279,15734,2671,10881,1634,2246,17809
13580,1615,1506,9859,3812,4756,1185,8770,5151,12832,16171,15157,13563,11449,NA,10294,4009,17725,19839,15825,NA,15955,1306,18495,5337,655,15691,19442,NA,8817,11374,12525,19294,13193,NA,12984,10654,16549,17511,1272,16868,10811,15627,NA,16164,1061,17592,3877,6116,12615,19240,12956,3330,2957,16175,8601,19519
19720,8990,15484,18834,9776,3985,1351,9229,5701,294,12700,3096,15912,5573,4265,14875,13190,5964,13481,8427,15394,NA,10999,NA,8482,1340,9616,18651,1007,11456,5431,1133,1160,18328,15496,15717,19365,4611,18911,16616,3374,18496,13769,17198,14567,NA,904,10474,12671,18958,19612,5833,14791,268,163,8084,4025,14644,5871,2227,4784,15011,527,16910
