16686,14788,15935,9971,10839,17479,1035,15717,5843,1855,9146,17885,10106,NA,17837,8200,10700,9071,17049,12576,17759,11108,12620,485,17114,18464,12997,4441,6359,17064
14229,13045,17464,12132,15542,14024,15076,3567,15189,484,12220,18742,15829,12769,2540,5671,17359,12840,12391,13575,29,881,4754,4283,15482,11870,19996,3097,NA,8668,9592,4273,13910,8967,10195,3868
13879,12993,11723,7478,8483,887,16044,17211,17175,9973,18911,12803,13149,5587,4099,2786,19273,9303,NA,11937,4678,4766,7985,5679,NA,12995,2980,19282,8949,6660,17697,1060,18900
16680,5518,15725,13906,355,7651,16028,17606,18999,18116,3856,NA,3785,NA,13628,11498,558,12109,9349,9047,8752,3597,2674,17091,14772,8887,17237,6984,15575,14908,17360,18883,NA,4785,18621,624,2524,4003,4882,1225,1350,16784,17763,7803,NA,12878,2756,NA,6418,11617,6812,7797,9066,10172,18640,NA,9217,NA,72,1645,18910,3547,334,15931,5851,16041,3557
18195,5408,10266,4209,7171,2418,19348,15541,7967,7546,11416,19204,3346,9103,7456,17153,16941,95,193,7758,16283,14723,NA,12130,12324,10928,NA,9701,7704,1337,16319,4300,NA,14081,15111,2507,NA,13120,12156,1897,4119,19136,18838,15485,5768,7013,15820,16373,6347,15179,12531,16786,1966,13343,1762,15627,5421,3658,9184,8270,8195,9956,17411,NA,5531,15695,6718,7342,13649,155,16252,3462,6871,NA,1783,15893,19843,9880,986
2051,16886,5480,11666,6603,13434,10379,6965,13047,15885,16357,NA,3318,14092,5234,7158,7748,3534,4547,7894,173,3019,14609,10678,15799,1894,650,NA,6819,12092,8138,8928,11107,3308,6019,13626,8939,7416,2669,NA,115,11689,14272,5816,NA,13736,18581,16856,11323,13270,6113,8388
3746,2122,663,10480,1600,3899,17055,5599,12392,631,15039,NA,16380,1138,NA,2588,17452,14346,17497,11982,11039
12511,2263,19226,16776,16118,10094,4149,3431,19429,14961,12491,10268,6822,15037,10758,13580,1365,11985,14509,6708,6597,17242,3790,13992,454,11800,9133,NA,11329,10494,7966,7190,11138,8511,3725,6816,16294,9259,8349,11930,11911,9021,14436,9228,14915,NA,16238,10272,12681,7855,7817,15706,18409,8943,10784,6230,14371,16285,16863,15176,18899,1707,16747,6921,1391,11939,15113,11259,9882,14889,12815,4347,18718,14735
19013,18375,6675,2155,9887,389,6887,17709,14847,1265,18270,19995,NA,7863,NA,3804,4166,8637,NA,11403,14433,NA,8339,4148,6434,NA,15712,18932,903,19084,872,8230,2737,9308,NA,16091,758,NA,9068,15395,NA,18182,1742,14145,3254,4891,1430,3396,16164,365,4516,6616
9848,9976,17264,15719,18401,15453,4903,14979,959,4413,14260,14732,NA,18899,35,6871,16383,14185,10988,16407,6340,3716,19002,16017,NA,797,6135,14398,3122,8261,NA,14161,639,17916,10294,9606,8480,6854,12391,7170,15846,6958,19122,8117,18163,6860,11297,NA,7648,18845,5047,3398,NA,10493,12804,2023,14083,9160,7266,111,8034,18104,8919,267,14967,19766,2079,NA,8741,15236,3893,1640,6637,7722,19713,12412
16906,2602,14690,10664,8125,3716,8976,4529,12445,17581,14107,NA,948,NA,18759,1738,10966,8746,13159,15879,1320,NA,6721,11823,5480,18273,2459,9929,18217,1563,8802,9302,11920
13593,15221,635,9059,6859,17765,18771,16667,19478,8566,19554,4515,14511,6025,8872,14725,95,9820,NA,11672,13376,14561,4994,6937,9303,7981,15109,18708,14605,4370,156
6247,18729,7812,17016,14483,4960,8918,11594,6746,4458,8113,16704,16701,10514,NA,7879,18014,11090,17007,NA,11862,16926,12440,15604,15205,14957,7579,16992,11,3018,12602,18074,2497
16099,16222,17737,6715,5468,9730,9016,1349,10900,7996,13644,11931,13516,7509,10930,14928,11698,4333,13365,15007,NA,16676,3405,16323,3633,7107,8471,9264,NA,11851,NA,7538,2135,24,2818,19237,19749,7800,7280,8756,16105,NA,6304,3970,12597,14207,1168,7327,19425,14865,19965,9216,8821,8447,10252,NA,14217,8747,17122,7635,5455
17503,11191,322,5559,630,7407,7074,12110,17271,6594,13220,2427,14459,12419,7410,66,8379,17060,NA,1954,16682,12687,885,17181,16860,11388,5038,19418,8196,7051,2684,6478,8846,17113,11468,15034,16727,8898,15459,13822,18927,12445,11643,3533,8830,11317
14869,4013,5703,5302,16657,2980,8857,12456,15583,1012,2911,10400,12583,14921,19612,6519,5086,7276,5010,2778,13737,615,5647,19012,NA,6536,17052,13311,15522,15971,NA,6459,19277,9464,17617,4645,10744,16704,10534,19619,6961,6562,10733,4102,8825,18464
16498,310,17786,3154,6581,9667,13083,9498,18525,17239,14002,2900,6838,13078,5662,11480,1890,10810,2915,17547,11299,16698,11988,15022,1774,6110,2369,9081,5572,NA,4271,2123,2809,7735,14743,6459
8765,2337,3338,17392,3294,16558,4288,18521,15764,14114,8517,18171,8828,8474,10595,NA,14614,10118,7688,11636,13901,19899,18541,1298,3911,9165,16317,4463,NA,19231,13830,NA,1304,10474,8875,12787,17792,NA,545,2480,5451,5464,171,17165,17795,14078,8147,13608,18758
19498,9416,7132,17412,12746,172,11546,5760,174,18295,11225,17271,8938,10575,14008,NA,7454,NA,6478,NA,19458,14653,4071,10688,NA,19759,5779,5437,18949,11308,18702,NA,10868,14247,10390,14050,1609,1235,5255,4371,17423
15695,15075,18447,6053,12624,9451,2987,4232,3383,138,6806,10544,8677,8010,14439,14893,13472,15824,14389,4724,7784,1575,NA,7818,2359,19556,11295,129,243,473,16419
4194,16128,10432,5994,12088,8259,15411,8886,9350,8963,8903,654,16514,3456,18690,6786,15964,9515,14398,NA,4326,14117,NA,3193,2443,11392,12136,11438,9460,4542,17689,7837,10955,7479,NA,14285,13293,17624,2877,14630,16430,14016,8926,3085,17838,4733,10013,NA,12058,1320,14149,15725,16584,10684,782,566
2178,16161,6600,6332,19005,8161,15907,8858,11980,10072,15163,NA,16233,11280,NA,12088,14804,3792,1892,8235,16137,1839,14931,19867,4133,16616,16738,14369,15178,784,17657,NA,6750,12685,467,7855,12059,16253,11262,6758,NA,16822,18755,4196,NA,3381,18120,16176,12347,18319,6976,NA,10837,NA,3653,16854,12051,6195,13132,17975,11384
16716,7731,2199,14684,2822,116,6281,9321,5262,13098,16658,1726,16638,9479,16671,9991,788,5979,NA,12797,17757,10822,19186,8725,12166,16186,6321,4101,8805,11353,8807,10453,16604,2881,NA,8125,9308,13491,12877,16332,16531,2295,4160,8860,12657,5660,14953,13325,4638
5728,12283,3817,2314,18718,16076,11635,11059,4122,4872,16312,19538,19582,9128,589,15716,5754,18052,14937,7995,7880,9122,338,12768,8746,NA,19503,NA,18390,7462,7225,8716,358,10800,7457,10572,18910,8445,696,5801,192,17965,6955,14340,14304,19187,438,14187,NA,1594,523,5083,9322,18921,10803,3581,1695,6711,16987,7919,12314,3583,18914
3108,7712,15427,2763,3606,12683,3986,13930,18424,12306,3213,18929,11159,5946,10011,15599,19703,7751,NA,9626,11389,4585,576,11555,8772,12714,5731,11124,12365,NA,16076,5544,6360,4379,12926,2845,NA,7434,1609,5992,13078,1626,NA,19151,NA,6410,NA,4846,10990,1359,8421,10668,15595,6884,7944,12613,7781,9871,331,12277,10262,8679,NA,19424,12416,17579,2311,11869
13725,6462,16887,6972,5785,15491,13892,185,19984,1810,11514,2750,2545,9408,6405,7957,2041,365,13598,12669,16616,19102,18991,13437,14614,18495,NA,288,19461,NA,19794,13095,1975,17215,18901,9097,12877,6282,10519,3872,18654,496,11719,1871,NA,13481,3461,2841,4134,18495,NA,16036,NA,14069,9658,16588,5846,19967,1676,10577,4684,19050,6949,19634,3483,5839,18556,10714,4918,14242,19846,966,8576,12771,10165,10159,19145,3697
9848,13195,16044,5294,19560,1990,3272,1965,5915,4910,6357,8834,7933,16363,19042,9881,NA,2979,12622,10405,12,11162,19786,NA,12233,12991,4810,NA,4127,185,14999,12203,NA,9016,NA,1320,12362,NA,5156,3290,3478,12815,12916,6542,19717,12227,8404,NA,10199,2656,14940,15974,6004
1524,10058,5328,17057,8077,18355,3428,17105,3146,13550,3944,498,1518,8310,4789,3608,9085,3708,17884,11905
10449,9899,16464,16184,14945,16573,7398,15845,11152,2645,13238,NA,8758,14657,5078,17621,16403,19998,5780,13471,18969,19684,7639,11197,16700,240,13744,6531,8338,4246,NA,16426,3753,18641,3256,16953,19887,16204,7956,8255,13035,8470,2615,3362,9316
10753,7173,12295,2409,854,12847,13072,18833,19000,14959,17737,17060,16398,11185,8985,17798,NA,12115,14279,1331,6956,16195,15766,NA,1202,14300,NA,9755,3212,13053,NA,3627,18315,NA,11987,3441,10595,11620,NA,10736,5963,1074,12880,19011,622,14667,16729,9807,3601,12015,5865,16115,9120,15036,9527,6031,9723,NA,16396,3479,16315,15192,7983,NA,16001,2352,1056,5333,NA,12107,19342,8589,1381,287,6369,16157,2984,19367
2600,12281,4885,13565,8547,2285,17476,13453,9922,3916,16494,17909,16987,17702,15010,14994,15626,2755,16502,17566,19786,9899,4223,14788,9234,6127,4421,10499,9593
6737,18268,12839,9508,11623,9656,6024,6727,18961,14669,7578,17118,15411,8424,9652,1179,18735,14890,2615,575,6922,5763,4364,NA,6771,6098,8773,13197,13346,12151,9196,12321,1397,11429,1923,1254,10938,9082,11513,14832,10669,4132,5769,NA,4462,13827,18276,10622,5060,10947,18679,4671,2577,5686,4082,14750,17372,4395
12211,1680,114,12864,14480,18228,4088,19868,6508,7266,15884,11065,4477,1073,12551,19316,16840,294,15219,5772,7789,4627,13877,18247,6105,9355,14433,14429,8244
7004,17128,3242,11634,11944,2966,7578,2337,17340,17188,6141,12503,19433,7247,2914,13637,9640,14898,2753,5239,9689,6256,11875,5,19697
13093,1678,2271,10462,3503,19950,19979,16770,7465,14355,18350,1984,11580,14589,8079,14259,1459,15351,12463,13710,NA,15401,6905,10160,2496,19339,14966,16464,11742,13679,6525,5658,10880,3388,14020,3765
5947,5392,19564,16771,16752,7894,626,2665,18750,10095,14631,8389,7242,4929,13769,8218,2325,1410,7108,3941,11121,17809,9971,7710,7884,17352,6603,NA,12618,12574,18125,3556,11212,8244,9529,158,2582
2593,7728,4038,18960,13008,19557,7779,7499,4553,9375,4544,19565,18,16349,15295,84,7710,12009,12645,13135,8703,9379,14992,16847,4849,8435,15417,6806,5037,3423,9851,696,3169,17483,12178,12628,17188
8067,9099,19671,7723,18909,2944,3190,8012,4063,3242,19551,19063,19285,15692,2706,10591,909,3872,NA,5870,NA,19749,7236,14379,1984,15156,NA,5267,4273,8470,11649,18286,19914,2325,2083,12258,1155,1226,12316,18930,16050,143,2461,18838,2297,16656,19696,19367,19321,860,4076,2625,13198,1177
19908,3706,3218,1955,19412,17482,18889,4766,734,16831,14932,13372,18061,14806,NA,19532,4913,7628,NA,16994,15065,3398,14794,16367,2472,1201,17761
16193,13292,4575,9323,5163,9239,16017,4410,6214,16424,6331,10736,8780,11623,1845,12232,276,NA,13130,331,4246,6541,15641,1799,NA,5355,NA,3494,9794,8336,NA,8244,5851,7657,4415,5074,NA,19667,10035,6515,14016,10283,3321,9408,1395,18315,NA,19641,12558,12967,16529,10143,1612,13484,NA,7992,10181,17459,2140,9241,11998,7144,13020,16785,8222,19483,10428,6111,16569,19435,19173,11861,14132,19155,9829,5199,18458,6602
8953,11754,4902,4856,1961,12764,711,19386,1978,4105,17653,8366,7549,18773,13639,7167,19670,7479,15717,2255,12412,11157,10519,19946,2771,NA,15964,1207,7530,5212,10169,5840,6793,15946,12949,5884,5278,9075,8649,5880,10437,8460,14501,11844,1573,176,8505,7640,14868,7097,4506,13159,18633,17954,9821,17508,15134,NA,17022,7972,6507,2059,NA,17171,6836,14325,11477,14288,6454,12790,19156,3553,15493,2883,16432
13074,18950,17831,2908,2539,11668,2358,1072,6849,13254,9066,8180,18307,1773,2190,8745,9442,13612,10885,15628,8575,6016,17912,8437,1575,15352,4490,4504,14966,3354,9177,18690,14831,1804,7379,13951,3731,17255,11262,5515,14953
18136,10759,2289,10594,12849,12431,15598,16802,15592,7044,18020,13065,9925,NA,961,NA,16856,1241,18304,17886,18268,5635,13293,4350
7374,14228,210,6094,14193,2699,18225,6001,7348,12639,700,721,13617,3461,15154,7092,6661,3574,17074,16088,2138,14142,19647,NA,7318,16961,15081,11229,8169,8611,3383,13951,781,18851,NA,6689,1714,7560,NA,9489,6079,8940,2583,13841,3255,7366,18949,19726,18829,12089,13955,2370,5929,5823,8779,13131,15537,4346,15817,NA,421,2036,921,9836,10419,4279,4709,6869,6967,NA,16140,16214,7354,11715,19925,6439
2955,1829,5048,5716,3681,17890,12682,781,15764,11648,2996,NA,6874,NA,11789,3371,18654,17699,8439,5115,3329,14803,6461,5238,5685,13353,8657,NA,7478,2753,17304,5180,1773,7874,9233,6792,5691,6679,3398,17683,1584,10359,7509,1033,9641,11707,NA,10990,3278,18649,2815,10940,4043,16613,19496,9536,2955,606,16064,12049,5239,54,1267,4309,14716,18401,14244,10292,3802,19192
17650,12445,13124,12933,11906,16960,16519,9059,4034,10563,2613,NA,5053,16525,4683,5690,NA,5525,187,6444,4019,19142,6796,6843
7077,15835,772,17098,16029,68,5377,16761,16653,7073,9549,15624,16696,NA,19800,6666,17880,10074,11224,14820,12214,7046,NA,15323,17576,13703,12407,6386,8783,6410,16056,9278,15489,19929,17790,8890,12951,9974,15637,5956,13896,8728,12707,NA,3681,10051,14056,18011,2712,769,1931,18024,7155,NA,11148,850,7779,12576,9561,17169,17125,10336,2257,9599,7397,9384
3349,8013,19352,12924,3443,8601,8332,4020,17275,3892,2786,4379,NA,15916,10870,9118,16770,5906,NA,87,16699,10866,2638,10538,3723,3061,9915,4143,NA,4393,5775,3563,9960,11939,1981,18331,6361,11400,15765,13431,5904,1133,884,5572,6854,5023,1293
15560,18304,56,197,7571,19490,2002,8751,10167,2942,4169,5956,11832,12283,10661,7720,9178,14340,NA,2750,6289,8163,7504,1624,1180,13745,5929,17841,14234,18965,17523,5512,NA,4754,NA,1075,8050,854,8452,5937,7724,11610,19972,11167,3007,12686,2516,16766,15335,5348
9704,18145,4737,892,19072,3946,4803,8674,4677,10978,15300,446,17813,15382,16359,16670,NA,3397,NA,1117,4337,16332,13499,NA,12090,6134,1451,10197,1025,13144,NA,2141,11346,18399,11919,5034,6622,17389,17211,8352
10225,13075,17723,15297,3271,8330,1314,11921,10286,2034,12425,427,738,18115,6203,NA,12173,914,16117,2803,710,19066,NA,5703,19582,4855,4716,19133,825,3458,10980,5839,8211,9319,14958,18620,14232,18178,3571,3669,10670,7572,221,10688,17724
7230,8518,8807,15610,12125,11974,271,3409,4530,18389,8005,11828,6023,2227,6690,10854,17827,9766,19719,3401,7658,13139,8997,15562,13798,NA,13370,9618,10645,7709,14489,12897,17750,14518,NA,16009,791,17357,8371,6393,6935,7426,5023,19732,18263,64,1662,17193,6690,16185,13066,8264,12230,2061,4868,1471,18122,NA,10977,1479,14600,15889,14131,NA,4217,15363,1332,5090,18977,6181,18908,16331,2010,15704,16542,10894,4185,4590
8482,13209,16911,2757,18385,11450,4174,19264,1228,1017,16984,7081,5250,NA,17890,15121,3815,2679,19430,1212,8962,NA,11869,6110,5611,13613,12303,NA,18348,2717,17967,9437,4629,10425,15635,6065,18821,124,19478,5676,15276,12146,9430
19035,19821,1928,17040,18140,19855,12610,647,4705,17134,8534,NA,8142,NA,7430,5288,15482,7877,1758,14533,4066,14272,NA,10151,17526,12557,9503,10582,4991,11640,13763,17590,1091,NA,12918,6202,9447,1858,14521,15648,906,8232,15313,19745,6298,18332,707,2320,12242,5388,9987,1358,267,16280,7627,8956,19469,3542,15591,7634,16697,19382,18,3884,2268
16259,16422,10664,8260,11860,1324,1578,3741,5736,7766,17431,NA,10420,3737,NA,5808,NA,7532,11290,14546,115,11023,NA,909,14177,18441,7655,3763,2496,7573,4598,12851,2118,15925,13157,16670,13935,1974,18872,NA,4999,12073,6849,5423,18580,15174,11228,13639,3070,7906
3166,6511,10128,331,13644,6572,5844,13077,11714,4487,16662,16143,10725,NA,12447,19526,9430,8542,12353,NA,5577,16422,10364,1727,17773,1908,17903,8236,3014,14006,8367,13654,8662,16354,16901,8555,17726,16134,7082,602,7767,17414,15918,15121,13897,11386,5553,NA,14283,17925,10664,11209,3222
6941,17842,7956,19790,8102,19112,10467,10524,12124,16284,15536,5659,14500,16092,18508,12722,7955,13318,16123,7975,NA,15265,14863,2412,6041,14624,18172,713,12668,5754,824,1432,3471,14503,1439,5316,10081,18493,13720,16318,17621,18790,10782
13030,13315,1273,9888,19249,17122,11507,14821,10799,5104,7451,3381,12047,18011,15341,16363,14471,NA,13729,527,18995,14754,15750,17057,13602,6023,NA,12252,NA,2719,NA,12186,16117,11363,14060,10357,14781,12122,15627,NA,19898,7634,9506,11929,12335
9452,16553,18785,13236,12755,12772,13273,17276,12691,18440,2521,6369,9687,7535,1414,12665,9927,NA,19639,19446,7256,3217,11838,1107,NA,2037,10232,13782,2032,1674,798,7637,8325,12042,11923,NA,754,3430,6671,4213,16755,8176,NA,14954,16942,3826,2377,9334,8351,16437,17680
