7925,17269,454,8273,4162,3425,5531,16307,17477,6783,8808,11493,19850,14887,11106,4059,NA,9338,1805,846,11626,14632,12046,5388,3121,12714,10671,4727,9035
9303,15872,15015,13386,6888,16344,18202,18000,8761,10341,7931,13996,2827,19488,17739,4309,16840,10062,14789,14656,17597,9169,10759,12460,6755,9971,15300,7600,2063,5208,876,3200,6355,8575,19474,8656,9904,17842,3212,4911,5366,11280,15975,11345,4230,1163,13916,19776,18723,5212,13891,9852,8802,11087,13554,12353,17272,11660,9050,6087,12088,14293
865,15747,3288,10886,17487,507,19937,7170,14823,2174,8297,4954,12905,13170,19977,16241,6984,12676,NA,3746,14278,625,14265,1633
17046,10247,5526,12201,18957,16292,18426,6875,18742,4167,12553,19598,11605,13216,17082,13048,7716,6662,6581,1335,7723,15419,13101,2705,17302,13028
11235,2118,9355,7727,11579,15712,11409,3543,11599,6892,14230,14510,19808,3313,11805,6450,18203,5503,11457,15471,13797,13041,1535,NA,19399,12651,18645,9083,3368,2443,15918,15798,7047
17748,7595,10236,19070,12888,2791,10940,5713,9217,374,3174,174,19075,2060,19477,3174,1633,6352,8239,304,5180,8660,4153,4050,NA,7350,2625,4404,6739,17669,6907,2816,1115,18886,4964,423,17703,19957,3953,13678,16968,5200,15520,16552,9476,9939,1382,3020,2591,3292,NA,15955,11859,341,2801,1793,560,2028,15008,15573,19103
15217,11472,13788,7796,3974,18322,14082,6718,4713,14910,3659,8761,595,18329,14234,14400,6468,8264,3777,2318,14665,12090,18719,15769,10355,NA,15161,1907,3171,10277,9109,18441,885,NA,5027,7701,10296,6808,2515,6816,13562,17767,NA,18100,11519,464,18037,NA,5538,18185,19559,7677,5105,3791,785,3931,3722,11838,5186,18401,19779,9983,9387,2879,12053
81,12921,12560,15163,17854,17862,3636,5721,2795,8772,18842,10857,10856,17595,NA,8830,7042,6756,8135,3989,19931,11318,10230,7874,957,14788,4099,15111,NA,14096,1251,217,14361,15400,2859,16795,9723,6293,11306,12900,11952,8597,9994,13943,5069,15015,NA,11445,19369,16697,6116,NA,3361,265,16109,8939,482,5659
12644,5496,3628,6743,16856,4594,15310,2443,7063,449,19852,5682,6156,7598,13062,6668,7733,479,5009,15522,7404,16619,18323,11906,6568,1735,7864,11402,16404,18713,14654,9847,2942,9945,16600,8533,18286,11503,16839,NA,10625,13828,335,6914,717,15318,10137,14790,10575,3351
19577,8147,10548,12243,6687,64,17702,1264,19466,13647,9502,12951,NA,3339,3840,4747,8601,19778,12428,8462,12244,18608,16758,1320,5408,15857,NA,10676,8652,3978,11782,6842,1739,18681,12604,246,NA,16587,10099,2891,16752,NA,127,11105,17993,NA,4016,10120,1678,2778,5436,2699,14439,14148
15057,5750,2123,13602,13749,2043,4773,10749,19319,546,16539,19063,18705,17240,1181,2535,3559,6110,40,5764,6568,11976,15749,288,NA,9675,16277,10457,17889,13212,7261,12578,NA,1540,8281,2042,12725,1348,18762,NA,11297,2575,4154,8598,13812,911,7837
2768,7531,7969,2811,4018,18565,18479,19754,14552,4736,5321,15784,19851,4009,11630,7055,837,NA,10868,NA,1790,10715,12222,12952,7510,14008,16410,17903,12784,12361,2833,18293,246,5302,18154,605,16608,16419,17823,7934,14163,5395,5609,18445,7398,19402
18630,355,9642,13693,7594,18157,266,13104,6640,18252,5705,3596,17645,16484,2185,14443,12216,NA,10449,6734,4888,14804,15909,14064,6421,4837,11041,4808,19533,NA,17388,NA,3430,17052,15738,11333,18665,15384,NA,5383,16452,7405,3628,10173,16959,10949,15434,4907,12804,4661,3780
811,3297,2399,8882,19835,5372,17260,11634,9555,16820,17007,6635,357,10704,6826,4133,11337,1451,10,9623,19692,10109,17765,16056,7639,19671,7672,NA,17969,16579,463,12572,17333,4832,8081,3381,15301,5476,12633,18626,14926,12932,1273,17348,15597,3452,NA,15309,6065,5946,17355,1515,14085,9389,3117,16863,7214,17448,7226,15513,13500,12217,6715,17580,3478,NA,9575,19436,6852,18618,11242
14839,843,552,10376,1094,9478,14728,8364,1279,8488,14801,17931,14114,16897,1330,606,14097,10963,17906,42,4322,11709,11569,12440,5950,4654,10875,15018,1501,13260,16517,5072,7984,3420,3075
15654,15579,19329,17477,395,7939,53,17573,2643,4504,4197,435,11683,1763,8967,19677,7879,9839,8760,NA,10368,12216,320,18819,NA,2855,10651,11961,17907,17150,10442,1773,2854,13390,4135,13394,3034,7663,8246,2027,11028,6378,13806,19621,NA,14565,4607,9813,14885,6136,4770,16536,10992,19818,9090,NA,11529,2203,2481,19021,19800,14665,3905
3372,1365,16223,16938,16999,18406,17176,4190,1747,6493,2886,1393,NA,7396,16765,19581,12151,3705,2161,13509,13860,13954,6539,NA,12566,5978,1536,11171,NA,10650,6889,3534,8398,NA,10583,13753,18066,8273,17177,5669,15466,3081,4060,9741,5371,15983,3876,NA,16721,379,12898,6430,12589,3577,1413,9520,8863,14417
8565,4624,8030,9142,17489,9100,4990,16536,5777,11837,11208,7004,19996,10780,3826,15196,7335,13019,3620,19655,2745,1712,NA,1577,13965,17294,16238,8325,12761,2533,19612,NA,12912,6046,4471,4378,18002,19974,9596,423,7103,8359,10266,9021,5238,14648,10876,19570,9083,7116,7757,13605,13394,4418,879,17562,579,17039,9148,5944,18629,12362,5535,7840,4075,14400,12481,12149,9947,9114,NA,7558,9164,15791,13753,4587
19080,4077,19153,3425,1373,5159,10791,16481,7934,5068,11964,11988,13463,16447,12661,8091,5595,NA,10479,10553,NA,8777,15536,17378,12637,285,1151,NA,5799,2220,5350,15974,17171,14766,10134,9901,14023,12286,NA,7790,2429,9072,8633,NA,9272,2348,17040,17743,17310,NA,1870,17049,3039,18171,6811,17522,9597
19625,17329,15731,1146,2630,10640,10911,4645,5436,13516,13137,2059,18460,13161,8791,12007,17537,9232,8057,4991,NA,6639,7008,12274,NA,2869,1979,15794,1696,8119,17312,7393,NA,13089,NA,7623,1839,7569,2117,15464,15176,10849
7423,1180,17363,9446,14096,16987,602,2671,7291,10463,7018,14417,13483,19344,4244,NA,19246,16796,2449,11636,NA,8331,14603,5216,6156,7045,18546,19024,14990,15526,11543,14221,NA,16872,18008,8070,5843,13108,17909,15801,15367
9353,12465,5705,3170,15170,15023,14863,1779,1108,19779,15967,19762,16815,9948,6387,2129,15527,6732,16337,1806,14283,11676,6040,19008,4186,15921
7389,4237,4127,13805,19483,14571,7812,12970,4491,18358,15192,2933,16384,12001,NA,10453,14230,18253,7683,11156,9070,5610,18,1176,10419,3128,6696,11729,4178,13140,11344,16281,NA,17979,4777,2649,3594,5839,4877,882,17354,11201
135,2478,6331,3589,5319,19431,3026,17498,12858,18088,7870,13017,11173,11629,8847,4493,NA,2377,3012,NA,9353,8431,NA,16636,NA,16552,1396,392,18586,10368,10491,11057,17414,4091,1314,10593,18808,13192,16494,1054,3088,5014,11176,5109,13722,9996,6754,3084
14481,10106,9981,11983,7176,14620,9553,14433,15206,1061,3273,14225,9013,NA,6943,19210,17924,13463,12259,6269,469,5572,17768,8614,2248,7872,10554,NA,11701,4424,11783,18643,4720,18042,1681,NA,6890,17644,974,5682,18350,19119,NA,15768,18434,NA,19043,2061,7436,11105,12811,5021,6040,12909,10192,10066,545,14016,1772,8136,6461,19248,NA,6293,NA,15056,18331,5551,18268,18546,5776,1222,18753,NA,16183,366,7411,8103,13374
16094,12984,10422,11474,1777,1623,5693,13490,2978,15637,12823,12158,NA,2884,8807,8826,8521,9699,7842,150,6112,11284,19353
16572,3274,12672,12021,12132,1482,5656,12841,12653,13819,12307,14528,78,11957,17421,10174,NA,17716,14749,15977,15544,2347,6748,1456,1634,10748,2490,3098,130,126,13977,5304,14841,NA,6272,2002,9346,16424,1887,15654,NA,8186,13107,NA,4328,12526,8187,19111,13480,5067,5015,7679,9353,3112,16771,13048,15631,6429,3697,17510,19448,8723,11553,14077,4102
3861,1455,7505,3007,2165,10642,11680,2139,18872,535,18261,19844,11781,11990,NA,2092,12484,8107,6860,NA,8682,12180,17395,13350,13155,4240,7744,435,19872,1615,4995,14833,383,4285,2103,8731,8736,17164,10304,NA,17916,4355,7738,9144,14892,3885,14135,2244,12106,NA,9578,NA,16440,15688,18178,11944,18640,6038,12792,13344,1441,6728,7475,8456,15774,4494,20,9125,9129,18954,7,17166
12003,8883,13786,7895,213,6604,6212,14902,19372,18299,11967,NA,4787,4096,572,NA,1212,349,4418,NA,18471,12291,10115,11952,4359,5035,6283,3514
19529,2300,4635,13319,4956,1286,5897,6556,16704,2543,15110,NA,8488,19937,13364,2645,2518,12651,15062,10402,NA,17354,9402,16621,14092,8126,NA,2744,9925,16144,12700,NA,14002,9341,6422,2488,12371,14476,4589
8050,16431,3241,15106,6170,2543,11372,1047,9337,10723,10769,5502,19504,17832,NA,1181,13607,19687,19156,12748,18690,12243,5517,11323,8125,8624,13865,3347,15759,19558,3434,17731,3926,1799,NA,13735,9372,885,12458,8251,NA,2253,NA,1771,19100,7417,NA,6804,8477,12701,4703,5094,15415,10046
2,3869,17435,10837,8263,17110,4569,8170,2518,15313,7033,4606,3989,10881,3812,6338,17313,16321,16870,17577,15625,13217,10406,16502,19755,19780,11761,1383,12934
14956,1693,3369,9263,4042,18128,3004,2328,10978,10334,60,14874,11379,2363,NA,15907,999,3970,6057,8047,12115,1378,10955,NA,799,11343,1586,843,1907,7521,14885,NA,7925,9803,15744,13622,18870,NA,11967,6092,16786,460,7378,2933,6764
4020,16903,9027,8227,11635,497,6737,3290,2970,7574,6004,4422,14461,11596,6002,16169,4562,9817,3467,8493,NA,866,8528,19653,8566,19944,15392,10671,16403,18519,15155,17866,NA,5903,4741,3563,5227,17796,15446,14747
13249,15960,7492,12042,10634,6637,5118,2525,11219,12882,12685,3160,13223,4769,7352,5867,5408,18568,19824,6120,5732,14863,7031,15297,NA,18816,11527,5029,15412,598,8097,NA,16878,2140,NA,14828,12731,15842,15026,5591,13252,NA,1858,8229,14598,641,15959,82,12760,12042,NA,6112,3110,17480,18637,10598,3854,11333,16146,NA,19384,18668,19243,19690,5172,2441,NA,7834,12199,16527,17068,17550,10387,2607,5463
5118,2328,5594,1332,11615,6876,7879,8120,16551,4203,13219,NA,15054,2340,NA,15525,14354,5124,NA,2573,9646,4119,NA,7163,14706,NA,6313,16554,5069,18573,17123,2911,5840,2810,887,7092,NA,975,12963,5264,12389,6244,14096,11082,7880,14942,10335,7805,10716,16423,9002,6997,11825,19987,14610,10212,11121,12671,12334,1383
4776,1613,4627,7574,7008,1334,8802,12551,829,16272,4180,2923,13257,2276,7946,NA,17223,3694,6576,NA,13299,11350,9388,8481,NA,12006,10066,13086,18182,18342,8929,8088,4683,5598,19531,14223,13122,6288,16775,9122,2756,3018,8280,NA,9028,NA,11654,10913,NA,19840,7467,19516,5976,8309,810,17557,10431,466,6806,17021,19059,17783,NA,2893,18711,815,12551,6335,7347,10377,7332
1571,18774,8909,17344,17235,12496,1486,18902,3076,531,14295,9416,15659,3257,15104,14140,18559,13733,6041,5973,11468,18085,329,16552,14109,13708,1347,9519,10234,4113,4024,18740,13860,5079,13423,8508,18597,4147,13275
3092,12921,13619,2005,3181,19367,7805,10403,12482,9071,4048,2773,18210,14108,18483,14062,3859,11929,NA,16449,4524,1923,4792,8657,15432,5661,15288,1568,14891,16842,20
13534,2847,9795,7728,6477,11226,16708,17845,1021,8107,11280,5990,NA,12037,9022,12767,17203,10921,10161,11263,14597,4719,3538,16252,4981,9782,10663,12010,1501,714,12296,7052,19010,12140,3764,16639,9441,15132,16936,5481,12731,10905,2449,5820,18202,8016,11118,4737,2461,2161,3631,NA,3449,4365,5885,12783,9513,12135
4189,696,16892,12405,7385,4275,3641,4417,7831,2748,12752,3289,7792,11942,15891,17592,14335,4209,1548,1105,11100,5831,18648,NA,10182,6672,17642,2138,9123,17285,NA,8787,13773,18312,16858,12451,1746,4348,17380,NA,6592,6017,18432,3171,16171,NA,7068,NA,4059,11185,6422,19767,19193,NA,3968,NA,11402,15593,9642,NA,19416,15514,2894,15766,352,8424,17004,17748,7140,2715
7066,15613,6869,15240,2125,12732,8460,2310,2855,7726,5837,13740,16151,17844,15900,NA,3365,4588,12965,14377,11722,14340,18923,2145,12658,16380,NA,19344,NA,17224,7896,12343,NA,17544,7406,13688,5302,2318,2385,15139,16222,8859
6838,4566,14261,8460,19600,7739,11760,11631,19599,2422,6231,12775,17538,NA,5092,5405,13633,5105,18754,200,12531,10677,14215,16534,14680,2775,15034,10568,10035,1459,6413,11811,12101,8519,13341,13182,7697,18879,2743,16026,5972,3573,6562,7344,11776,NA,8233,4989,763,19943,17163,18556,5564,2959
2299,2191,5889,11224,9850,11555,3157,13991,4812,7811,12519,11212,16945,17667,14043,19665,4224,12347,6285,6428,1406,12005,NA,16081,9116,3808,181,2312,11297,6599,5184,9199,13643,16634,8114,7621,NA,9046,5093,11179,11102,6145,NA,2264,6578,14544,16267,NA,13878,4023,11032,14585,16347,19671,8546,12439,13669,18326,11908,1113,7575,74,11927
8925,2928,16440,6189,19505,8062,2696,6135,14471,4706,18454,16856,18682,16062,13576,10967,310,9220,6133,18,2655,4907,16075,12105,14461,15942,18851,260,NA,9050,4875,7797,8987,6229,NA,17760,8823,4475,8377,19262,NA,17702,NA,11412,NA,992,2576,9751,9132,13173,2685,5730,NA,6126,4677,NA,4948,9668,17083,13372,1777,3462,NA,8293,19676,9465,9488,2629
11259,13270,18054,16910,1793,13011,17708,12014,10009,1354,4611,NA,9624,17265,1490,7177,15547,5743,2015,11946,10502,NA,11073,10236,18996,2283,19983,13015,3763,1278,12367,14564,3682,6046,15449,738,5567,11321,NA,5625,5517,14865,13752,11198,17613,15040,227,4778,12436,19694,4211,17923,2234,13444,16902,9108,19430,3542,13377,1813,12200,13618,16524,4600,964,16944
6735,19963,5382,4420,5574,4377,10304,4042,9281,5181,11853,7800,16374,2066,1719,7511,18495,NA,13837,12089,4375,18762,15274,5100,5451,8744,4290,10766,366,4859,16064,731,7031,10191,14876,17827,11887,14118,5359,19108,7638,8278,9965,12797,8009,NA,6367,2923,1525,4548,8970,5092,11097,9849,5051,3688,17148,NA,6098,504,18958,15302,5220,19145,NA,16155,NA,16372,2914,13873,15532,15062,5783,19684,9391
6268,6866,16147,8567,3982,3698,8734,4538,13920,15322,3076,12257,8595,14868,8627,11573,14976,774,12427,4095,8737,2299,10060,15717,14467,1167,4013,12570,6364,11214,6013,7678,NA,5088,4506,13536,17650,18294,17155,19587,6772,14428,4338,17478,6358,12523,11446,8396,322,9023
8631,1428,19481,11708,17735,18051,14396,14453,13389,19065,4466,9966,NA,8854,10825,17882,9198,9099,11468,1932,19570,15381,11318,NA,1195,18965,8980,6567,9800,2953,9856,15171,1510,9152,16133,6371,5973,7300,15174,4907,6219,NA,14373,10755,4998,6851,NA,14655,12214,8290,2901,14912,4367,6778,5581,3707,5036,10115,13301
19039,11915,852,3739,8332,14864,6569,14860,10401,16845,17707,9567,11109,12794,4051,10197,14105,19110,NA,2543,13816,14750,5368,1526,6229,4686,10928,3129,NA,8196,NA,9233,16038,10021,2881,13690,8217,17600,13694,14122,8719,1996,1180,6151,9605,736,5475
16309,10749,11820,6501,9565,7252,16621,16508,1855,1587,16928,5894,6638,7730,10298,14567,17694,18069,19368,18664
2802,19351,14572,3299,7652,1030,19157,5048,15824,7429,17609,10209,9013,8432,1521,12580,13087,18871,10316,548,15614,4941,14546,4217,2137,2156,102,3632,10021,10730,19204,2800
13977,12059,9679,16859,10390,5320,7340,2461,1360,13771,1462,16611,15465,14273,4671,5636,8019,11442,10467,9929,1351,5426,NA,12411,6822,9766,14451,3910,6452,16041,3811,8520,1644,6861,16154,10221,16760,7649,7112,9251,NA,3674,2123,10953,1435,NA,8556,7756,12916,1914,5483,12031,8176,1792,15760,4656,19255,14590,640,9799,3948,8702,18542,12517,7635,9299,18171,555,4682,1285
12403,17853,6567,14092,14496,7369,14511,14204,8343,6337,15551,17485,8164,11350,10049,8197,2481,17764,10316,10709,1122,8831,8935,NA,18397,16454,15733,5255,11675,1506
17121,2577,11645,2949,16078,3521,3857,12242,16150,7282,12575,NA,791,7699,10955,12596,12094,985,10229,14609,7515,8531,NA,497,11780,13019,17980,12932,5609,12476,5393,15652,5771,19154,16576,19218,16897,1150,NA,715,11576,3478,19531,17672,7519,13705,NA,324,19295,19037,11562,9015,19536,4147,7261
9104,18165,16177,15977,19971,13635,1461,2284,268,17132,2128,11657,9518,1983,7015,8752,12357,12765,8263,14770,13268,6495,NA,14881,18421,3231,820,14456,7990,13112,16323,12332,1171,18461,NA,19638,6147,14484,12203,3404,4389,19174,6863,2441,11967,8180,11434,17827,NA,9765,11899,13579,8330,10142,6281,19692,15655,10819
19462,1841,12678,18089,10737,1399,17050,14633,6965,8835,6073,16623,822,2375,18633,16402,3825,18185,12210,16229,10969,446,502,19939,4466,4931
17872,14723,11529,829,14865,7489,4920,5885,3339,4801,16995,17108,11435,6053,10746,5864,NA,11276,3616,3842,NA,1052,661,10932,13074,12768,16229,16522,NA,450,10615,12166,18247,11037,1506,5254,5476,19931,204,9156,10091,19417,8352,7326
3129,2710,9786,4673,12424,564,2369,19134,16877,2075,877,18836,3377,5801,6004,7790,14114,10115,12340,3014,157,1293,17209,7175,10577,17513,13648,12618,12756,13349,19535,19233,18414,12507,NA,19401,13291,11029,3080,8677,6385,9115,9629,11916,15760,6010,18544,8434,8443,5158,10212,4308,12070,18437,8087,13627,12073,3995
12866,5413,9421,13515,12210,16400,7788,13068,2704,5658,17832,9217,10598,3128,14039,17802,15362,19167,6615,NA,10737,12695,4173,19823,18471,5640,9279,12329,2039,NA,13981,9210,359,19210,6857,NA,582,4939,12814,17997,8807,12102,NA,8280,9908,5119,13946,NA,15134,13536,12130,6520,7765,9148
10255,2450,12483,17411,4544,7901,7063,11309,14771,16435,14462,5080,19343,16839,422,12398,NA,15520,5464,17368,16093,3593,17152,2900
7211,13558,10631,154,9454,10764,1234,15857,5487,10553,15555,NA,3774,16561,15349,8320,NA,11803,NA,16709,19514,13243,12666,1090,3500,462,18188,9552,16395,16598
11345,6230,4117,17434,4932,6784,1810,5094,8534,7639,2978,156,10128,13374,19650,7106,19043,13978,18609,18182,NA,9004,9819,9130,9251,NA,18380,5688,12368,11638,13330,17266,15292,331,16891,15011,2804,13720,15898,NA,15806,6573,3118,NA,1022,18412,NA,5858,9438,7249,3921,14066,5439,9240,9067,8353,2335,2579,19310,18018,16495
6023,14865,16250,6705,14905,18775,9030,12930,13600,8763,19705,10418,19762,1027,2512,NA,9057,394,16236,5717,NA,594,6871,NA,18227,2488,15298,2426,11556,15413,3874,16078,12458,8472,5293,15325,10460,9522,14100,440,8301,6625
18402,9605,2931,10517,7310,19834,11919,1669,5853,17465,9062,4890,5736,10805,16487,752,7103,7392,17645,5450,19829,13834,107,4605,17539,1475,16596,NA,18691,3829,3498,10768,NA,4535,18736,NA,10070,9192,13985,4768,18780,18392,16699,9909,4197,17274,411,11747,3393,NA,17462,14009,4836,13705,12814,2812,6521,3065,9689,13317,NA,11405,4315,NA,10816,19537,16762,15661,11298,14998,14430,4989,18133,7645
18639,12938,3229,8073,5014,15246,16504,17973,4457,3382,11517,NA,12078,15742,4475,579,19312,8937,NA,5447,9129,15300,15605,7113,16699,7523,NA,957,15750,13060,167,17594,3744,17227,7054,14518,535,5068,13100,8816,4692,4260,9604,16491,2000,6179,12699,9036,6394,10461,10689,18298,5721,1492,NA,18561,6552,8020,1703,5125,16244,13079,11450
19031,2709,6021,5583,1498,12829,5388,15977,12272,15365,15177,17631,10101,13233,15890,15932,15815,13767,170,11657,428,5385,17156,749,5692,11142,11297,1699,5840,4010,4440,11453,5855,3326,7101,12165,242,8782,17205,11248,18288,12453,10651,16320,10437,11777,11367,3829,2507,5697,5715,NA,15035,3631,NA,4572,19447,4890,3775,1667,9025,4166,10690,NA,5119,17336,210,5255,12436,16843,11025,15688,11597,7295,4429,18643
17193,3881,19505,4744,10598,14484,8812,14668,4878,7,5865,4976,4656,9955,4828,NA,10284,15217,NA,7838,6610,5668,2405,11885,10113,1211,14081,10942,2397,7904,7386,3999,7189,960,2148,13926,19046
1840,10178,2216,3122,5114,2727,18029,12740,2862,6928,302,9043,10724,12375,2991,971,7946,2253,19888,11895,NA,86,8294,12691,5128,5058,16456,6921,9960,18881,1347,10021,10869,16030,9839
17994,14087,4790,17669,15047,12449,9995,11676,16256,11398,9587,16779,138,5145,15445,12146,NA,17147,15357,3136,14325,13780,71,11629,11902,7284,16825,9355,15515,NA,13628,9516,1661,1572,3631,655,6200,11888,9773,NA,19145,15334,13888,14792,5329,14812,6738,13412,9353,4378,2932,8233,7112,1310
7273,10238,3975,9258,10374,11807,3707,7863,5546,2496,9440,NA,1486,815,18940,NA,18824,9363,19768,17068,1055,5239,11481,19267,17086,2256,NA,13471,11402,10881,13953,NA,17444,8892,740,18132,8719,8436,10895,10215,18905,9175,2394,2800,9416,11113,10584,17872,17564,2884,NA,18600,961,17714,13591,2237,12314,9708,8731,17400,9397,2379,NA,3717,18052,2177,8143,3231,1101,14165,95
13081,17027,2337,9056,15342,13431,3911,7454,747,5301,9838,NA,5622,9323,10774,15101,10768,8355,12313,8315,9339,6908,NA,1453,15748,NA,10902,12958,8197,786,5617,2847,7512,5240,15013
7725,17427,1156,9482,1420,7209,8340,13917,6974,7908,5014,37,6396,8451,9779,4249,5273,12317,19764,340
205,15253,2922,1596,7801,2525,2318,10345,7972,6751,13615,10585,17636,11873,NA,7959,4871,8164,2363,17553,NA,5203,17197,11054,7792,6414,14869,2787,18612,512,19604,1008,17662,870,17598
18705,16135,19792,9779,6354,4126,13595,7447,3786,3705,16247,11609,1768,5680,NA,18682,8217,5819,9427,13314,11162,12754,12561,759,15130,19783,NA,17203,2395,NA,13575,4894,15824,17115,19204,16061,14992,8152,5404,18380,7997,18907,18096,9529
939,8125,2190,12202,12293,3828,4178,201,18923,15433,6024,4723,2103,810,18148,2434,372,120,7578,15827,NA,8465,2652,16918,4476,NA,9605,4481,5303,2230,4978,10589,10145,4778,16265,NA,19589,18338,11861,564,19366,17012,9642,14400,8278,9996,6211
17556,17028,2695,10412,11066,17633,18262,15333,13361,1626,8965,16493,19165,16114,4005,4384,NA,6626,14737,4618,19721,3013,14551,15426,5826,15905,79,15094,6923,2505,950,NA,19747,5141,11237,3207,11297,9612,1971,1382,18144,14600,14264,17799,NA,19842,10121,17493,16672,16439,4661,18601,NA,5773,10941,13433,421,3221,15002,15917,764,NA,9960,11999,601,7694,4078,9533,2460
2528,3175,15269,4960,2728,12827,10880,11481,10057,10015,11764,9280,211,16005,19834,8635,11099,19379,12745,19933,17109,1923,7375,7376,19805,17264,18844,16481,8394,17928,10265,2775,1979,15658,7160,NA,12918,12948,7599,12776,19847,19039,4928,200,19330,15733,411,19642,3159,15264,17311
15659,11186,17853,10209,5189,3262,119,7384,338,15383,15762,3128,13079,NA,14876,6991,3020,17,3927,18441,1161,5577,8563,17069,7089,17191,NA,9428,6751,12691,13961,8064,873,NA,7731,14230,2237,312,2207,10702,6864,17393,NA,12990,7444,14626,11226,NA,1583,15970,3847,17212,2429,16279,19445,NA,1020,3421,19186,4823,719,11783,NA,2456,17240,1575,14591,13930,15310,10496
11982,1114,15033,6010,19396,13096,1921,19664,1240,15545,6032,17708,10642,746,NA,15028,1587,12753,2415,15812,4333,19593,12918,NA,5681,11836,NA,10905,11724,8615,5367,1755,15373
6403,7725,17947,5802,11586,17663,18221,19906,10623,8161,14402,NA,1441,16121,6721,13863,15228,17344,12989,6043,17790,2975,10280,9395,7777,2688
15164,2006,7480,11357,3409,452,7982,11843,19094,6249,5774,546,5792,3617,1872,4188,10413,7375,17066,NA,15391,19109,15292,8287,7517,4601,NA,17683,10347,59,9827,NA,13243,11159,18122,9411,3038,14522,747,17343,474,17512,9388,17659,8318,12927,NA,7705,7770,3902,11937,11469,254,16871,NA,4948,14103,19771,1596,4701,568,6373,18556,1686
1833,3905,10073,18043,8514,14452,11909,16568,4883,11487,5950,6354,3461,7329,NA,18867,6668,5799,14035,NA,5279,11948,11888,5482,13260,18593,NA,12414,6508,16411,6596,3419,4868,16372,4256,16709,15602,1646,10746,10712,14058,1050,18267,9285,9877,10099,1980,7520,4650,1200,3430,19062
9085,1625,16641,3930,9832,15991,8598,19915,9578,8539,17434,1920,10284,8782,12917,3433,3478,10153,10053,11003,19854,948
7261,2834,19809,17276,11098,17090,4710,5562,16489,10179,1842,8565,5958,465,9048,3526,11311,19833,3981,18364,10922,16974,8227,17484,1911,NA,3687,9791,17911,3507,1659,17691,13246,17546,4730,12729,19997,8629,19747,16956,19679,8274,5865,15968,1095,17654,NA,19189,4202,3557,9235,6178,12773,NA,811,15887,4650,13083,12474,4432,5636,977,14191,8574,8546,8984,NA,263,6302,5227,NA,7201,4659,19519,19194,17686
10783,14574,17817,4305,12821,9995,15093,14914,19481,1822,4910,16845,10566,13138,4569,12824,15298,10750,5698,14284,NA,10207,733,17276,15750,14022,11043,3087,15353,NA,16270,10264,NA,8346,19327,NA,8422,19877,5482,430,6406,13126,NA,19135,12639,4169,19625,NA,11852,17602,10608,15042,11842,5567,14618,12065,NA,15904,3067,7694,6472,7108,17693,9984,9229,11115,1447,435,13351
12227,11775,5592,4572,12372,17326,19305,8192,1892,4124,9572,8451,12957,16751,11642,13006,10981,NA,3958,707,791,13762,3230,8228,8186,7010,NA,2877,18066,10638,10238,12626,7800,NA,7348,8950,7483,12074,NA,16401,15007,NA,3905,1998,17148,494,7776,2890,16207,9971,6780,12515,16414
9012,17237,5548,18045,17839,18426,13927,16754,3686,699,6217,13241,17934,13843,3091,4458,17413,9000,14900,2102,19085,16695,4624,11590,5721,1727,14852,17374,15169,3552,18222,13603,18221,3409,9694,15016,3248,NA,3552,18217,7323,4536,8170,NA,727,2543,11306,7844,9815,1637,7103,4718,19356,10689,16107,19507,2585,10584,2926,11109,18393,17111,17890,14463,16327,6851,17912,16366,5993
116,3420,16705,19134,6937,3002,4607,2310,9564,19974,2677,14141,8648,19533,12958,16588,8359,10094,5591,5011,19604,7642,18399,4865,13837,16274,3027,19384,4837,1492,11858,1073,9476,19626,NA,16708,550,1909,NA,17642,12727,16284,NA,12700,7860,8083,2798,18304,2187,2024,13691,6827,15694,10121,4557,1260,2530,8368,10272,14201,4350,12926,4831,11187,13954,19375,19722,14778,8304,12205,11140,18868,12269,13431,12933,15210,10946
15429,6331,8881,7863,5202,12948,8655,17731,1620,17467,9373,19963,15605,16112,16143,14644,7007,18613,7905,8137,84,12819,10250,5136,8064,8281,17782,7564,17718,7231,10451,11165,16703,5208,7852,12927,1239,13065,16516,9397,9355,3992,NA,5834,NA,16847,11103,1244,3211,600,5102,1657,6470,14567,4239,14884,8382,9162,1364,18820,10176,2806
13079,10839,1714,605,16303,14619,1509,7093,8009,17565,6522,12303,14866,15944,3549,4609,16189,5147,6938,3860,1342,NA,2842,3968,13569,18425,14275,17167,6120,1633,6197,19507,NA,2460,626,NA,16015,2087,3162,13012,5653,12069,12949,NA,5781,NA,17899,13433,731,13901,19369,8351,1652,14376,2563,1742,12344,6054,13678,2591,2812,6350,14932,19009,8573,17122,6361,4464,18062,11525,8537,13671,14920,15647
356,5898,2712,5886,16847,2260,17874,7510,8111,4877,12763,NA,15182,17422,4264,1299,3093,NA,8161,NA,16847,819,5561,16592,5463,1692,2166,12058,6036,18993,15729,19614,16755,NA,17052,12385,13555,1795,17110,NA,9215,8039,17096,NA,3975,16678,3776,16828,10223,NA,1313,17899,12984,1595,NA,16798,2524,13447,16308,5455
9686,2751,2942,115,10010,13347,1668,18670,17508,11200,7579,12748,19337,18007,19593,10237,1843,17779,9405,NA,1595,19073,12877,17195,9112,18066,4623,8869,2599,9238,13334,2033
