11887,10540,17649,9677,5570,7633,7115,10317,8673,224,3,5371,13507,13299,1253,3246,173,6355,11868,1836
17917,9232,668,9729,3904,4912,2229,18921,9656,14999,5274,8873,4990,10657,6391,64,5687,14922,1347,13355,12325,5594,7425,18559,9145,1170,13788
10353,4603,3113,19156,17262,10266,7407,19361,19620,12726,15475,19021,18780,18436,1615,15546,6479,4360,14250,4867,9506,NA,19989,7642,3413,11364,3492,12860,17874,19543,2125,11740,7554,268,18646,19113,16666,19635,3998
18212,12651,18942,11656,5723,3271,10391,15875,5734,13205,3402,19002,12291,1679,17340,17829,13043,2215,10087,13272,6628,2040,10906,15495,14288,8237,12719,5330,9435,NA,15238,582,19429,1306,15694,12473,NA,15106,16702,6501,10269,7661,6675,3155,1962,1104,7931,3269,NA,8054,10497,6863,1254,13198,12527,19121,7454,11314,10611,686,11149,17735,4627,1609,9192
3433,2425,3729,11698,8024,8929,7339,19262,2013,2333,6284,NA,32,75,15274,18350,12011,16639,7426,10004,8254,7569,7451,19955,14666,19358,5710,11152,4522,NA,10829,NA,16777,NA,852,10293,7261,11311,3531,NA,10997,10514,9790,19875,15795,11083,5360,9220,7799,7741,11092,1726,4736,5610,9861,10731,18107,7795,8400,6930,2321,5421,6203,6253,4717,18122,93,3681,3821,18021,18073,9520,NA,13180,1061,19484,16995,17153
5162,19549,11801,11205,15824,7444,13608,1236,11537,16040,17292,4160,10712,8814,10040,8694,7077,12084,19723,7556,74,395,2518,7341,4338,13763,17614,15517,16200,12238,15311,6127,8989,15990,7593,8861,16840,8461
16086,4106,13375,19035,9887,1164,2630,6202,17875,4278,13482,14349,15659,5500,NA,7344,NA,15831,5243,NA,3698,2797,1886,13843,11004,3902,4890,18969,NA,806,13388,10779,19802,11734,11772,9064,17400,6969,8510,1585,5065,15032,15921,4429,2022,19049,14040
8417,8899,9681,8256,14363,15827,10011,16393,9751,346,5832,6710,4738,6396,11957,6495,19945,8599,12496,10220,6427,11838,4716,NA,7681,13754,19197,16617,14209,NA,11020,11772,18228,9532,17501,13135,16538
8145,14377,361,18455,5758,13035,6414,10851,2951,16965,12901,NA,8638,17831,15068,15945,3500,1099,7495,1533,7988,NA,4874,1395,17786,6521,6660,7486,7424,7999,18964,3466
19341,14986,6447,17743,9645,1857,8670,19333,8520,4291,19817,10386,9182,19106,1634,10989,4768,7791,4456,4778,17487,6595,NA,1997,522,12328,14073,16238,8132,12911,10048,5546,4083,NA,7931,610,7488,3301,16683,4302,10067,8452,7604,10139,16625,7041,9457,11184
4071,714,7495,4609,6848,19741,2722,17223,17647,9900,16229,NA,14970,NA,11014,13977,12441,5163,987,8695,16892,NA,19268,16326,7883,10361,19574,5731,5306,5915,13108,NA,2007,NA,11062,13267,14806,2903,15444,NA,4204,NA,12740,11274,9904,12914,NA,8064,15517,NA,9131,4631,NA,12385,NA,3927,16691,7061,2019,18630,15575
16704,1889,16046,15851,8119,10891,11784,19564,9000,17774,16713,143,11534,568,2176,11326,19903,9301,6218,3958,14163,3207,14109,4280,12726,17075,2945
2817,608,15326,11394,12540,5534,1142,8844,4588,3005,10808,12907,1656,18185,9109,17034,17450,14737,18207,8593,19327,9246,671,13393,6807,NA,9471,4006,NA,7961,17423,18193,10119,14233,12572,19580,7457,14042,5383,4404,9209,12357,3086,NA,3841,1953,NA,8465,15395,16228,1638,14137,13755,10434
13968,6165,16265,18395,19771,17280,7552,5271,10778,9116,18919,NA,11854,415,5315,12984,2023,19677,19409,11216,4211,5106,16842,10237,19275,2034,11688,9353,11396,16543,12049,5288,2041,11459,3314,NA,4131,19477,9087,16783,5090,2765,12481,14042,8697,11565
7506,19166,3748,7394,17795,6841,3987,6482,12208,19850,1814,3211,8119,8772,6334,11912,11365,16433,8372,4816,9300,7045,10824,126,13614,1332,5851,17531
16121,14024,17792,14625,13339,6191,1663,436,18916,9217,10814,16520,3906,11738,14832,NA,1352,10260,13878,16472,14427,6093,1052,16926,14195,12798,6323,5659,3704,7227,1150
9749,18150,7464,18194,1698,663,110,18710,16762,8936,5779,6573,19726,2647,18524,1276,NA,14602,15917,13579,5468,19229,NA,4326,4182,256,311,191,4610,NA,2534,1147,NA,4171,9006,6083,9820,11948,3841,16115,17499,5962,4959,4881,19657,14494,9833,7107,NA,6315,5964,11387,17252,19273,5604,16583,16386,11752,1727,2533,10461,18453,2645
508,7973,3374,18608,12031,9117,12645,18015,10645,14442,14581,17943,NA,19976,14302,NA,1050,NA,15563,18589,18811,14661,3214,13111,16624,NA,5797,16676,19320,11705,2850,NA,4901,143,17783,15473,7580,6168,13310,2818,6064,10004,18965,NA,8944,60,NA,7442,16429,16573,538,15640,11508,NA,9033,3107,7604,7521,19437,6934,1123,14755,9289,16870
1282,4773,18408,1444,12266,18523,12215,2092,8260,3980,9388,11202,16035,9447,NA,3467,19398,9874,5623,1294,5984,18808,11560,1230
10899,3315,14482,4027,9672,15911,19779,4551,17687,16043,14276,11862,10408,5028,1846,17455,13166,18296,10239,885,7031,11366,11961,11396,14637,35,16083
17149,6152,5981,18875,14600,3912,6417,10391,14600,9011,20,13796,3771,NA,10727,12956,10349,14125,2971,715,10210,18266,16126,104,932
6026,33,1433,18141,16207,11304,7294,6564,2044,12966,840,4099,15625,1021,NA,4467,19986,7498,19914,5842,4885,14752,8701,4141,8774,NA,15316,NA,6993,18527,13023,13479,15527,NA,19246,5988,10479,18939,6456,13210,4678,15273,NA,18947,16724,14101,NA,14535,2253,12904,9831,17478,7342,11986,7507,18673,15457,2489,3845,14348,14131,2530,6398,NA,18811,6603,9145,18253,5098,3020,10206,2028,4872,11154,17821,6943,12593
3821,11558,4965,6991,19591,3637,2406,7949,13044,10093,1115,2330,6492,2059,18373,11659,13431,12575,8371,3495,2666,11108,5800,4493,19949,14809,5845,16798,7413,8204,5330,17207,16676,5903,1162,10292,6788,14754,14556,18348,5378,5438,15494,11719,NA,16962,15577,5669,8862,581,15360,17021
10646,15321,7009,7070,12044,3201,1831,4360,1242,8930,1194,14652,1410,18720,7178,8255,2951,8292,NA,8407,6660,7508,14043,NA,16016,12366,9472,19494,NA,2245,2807,NA,635,NA,1567,2448,8866,968,8102,NA,19570,4472,5229,14368,7917,18287,18011,9816,1823,5133,18655,19209,11395,2763,2868,10900,10436,6317,2786,19763,18785,6837,14254,18064,295,14208,16102,17668,3085,13199,8283,5848
4895,2056,13789,13983,10321,13877,19660,12650,14433,4803,1829,NA,15459,13204,NA,14223,10911,4789,18134,16578,NA,17964,6545,6980,8736,8063,13243,1023,12071,16409,12851,14674,16152,12769,12649,2641
15556,13821,8530,12750,14549,3380,11452,15460,13220,313,6268,3023,16751,13567,8187,2869,727,5452,14310,11404,2232,8062,3920,1744,11738,8925,8699,NA,12866,10972,5663,4836,16906,13504,17673,9716,16089,2055,3140,11111,11369,2393,17647,3327,9566,6327
13030,4593,6950,10009,15559,6928,13375,10483,16659,14817,15687,12971,19605,3251,6923,NA,15174,16794,15372,18228,3507,962,5107,10250,19430,18170,2766,14771,NA,7749,4661,9938,5384,6968,18237,14858,7040,19180,9372,11099,422
8876,3233,6728,6039,18801,9010,3058,1080,13642,16699,5695,7981,12455,10951,NA,5591,17460,18038,16501,5650,15854,5242,7014,NA,15702,4101,1523,NA,3325,11389,16957,17726,11112,1986,10297,9020,10140,9852,7959,16383
14514,13716,13154,3777,13811,890,22,14714,7842,6301,11164,19317,NA,19509,17213,2316,13787,13725,2135,12186,5071,4895,5929,4864,12794,NA,14785,11031,12892,11982,2437,15419,7282,8545,5865,2465,17473
19268,7515,6318,2460,9228,15626,684,6313,12602,8772,16994,NA,18595,1305,12813,12545,14620,17012,11165,17434,19311,764,18643,17570,NA,15181,8438,2261,9489,19446,13177,14569,15496,13341,12983,6885,18567,1931,17639,18866,506,2394,8888,6016,12027,4418,10406,NA,12588,3867,4778,8957,14427,5502,18573,17716,13160,3176,13510,14896,10463,724,4250,13992,1146,15310,12364,19551,2924,1932,10515
18151,8927,10390,3274,14035,6958,2443,3165,9258,18779,8539,7910,NA,3148,12199,NA,12877,11280,3311,7867,NA,8379,17370,12982,1072,12936,19625,1510,9439,1667,6489,262,7924,17519,9107,6986,5122,11934,2508,6529
977,2091,6815,2641,2437,16919,2320,6238,3942,8241,13660,6522,19777,2535,2156,8957,4685,934,2876,9469,9520,19320,14276,627,16096,13403,1959,7005,5753,168,15083,2062,9965,NA,2282,13678,18321,18865,9713,1387,17898,13881,7991,11530,9178,636,NA,178,16751,15955,18597,NA,16882,1075,2989,NA,144,14526,15638,14536,3499,2440,7084,11663,18073,NA,16039,1688,15595,7690,4640,12516,11518,5526,3771,9936,4091,10310
4260,14192,14750,679,14571,8223,17794,11916,8619,9868,6969,5376,6998,5657,33,1346,7776,8544,11445,17083,14875,8652,7167,7018,13088,5916,19753,14923,8201,2943,19400,9721,12434,8639,2408,601,6582,135,16009,NA,6641,7861,8164,17536,10079,6814,NA,9048,1964,9159,7143,15654,18309,17353,10242,NA,11446,13300,5654,7434,2158,8461
3214,15562,8424,2055,1190,9326,3053,18899,5590,11319,6374,11857,9031,17771,18693,NA,4509,NA,11681,7802,12326,1733,3094,7279,13186,18100,14830,11144,2828,17120,7272,18228,15582,655,6597,9279,835,14955,10079,NA,806,4688,16856,215,3410,14582,8682,6538,13122,7754,5566,6030,3
9701,15820,1664,16442,16553,12457,11333,19013,1054,17814,19530,4484,11163,14327,11102,15027,5903,18632,9095,7945,5991,11311,5767,1418,14691,NA,15937,2792,13496,NA,18225,11084,16050,13002,18075,11199,15211,6804,13205,7978,11410,NA,16095,18708,10008,16793,14271,514,14643,17616
3656,17048,1676,4490,5788,15775,16705,14776,4062,4110,4277,3645,601,303,15619,11389,3184,13938,13289,17391,18820,12757,14458,4304,3049,11631,2554,NA,15910,19457,6552,NA,5473,12402,NA,3905,12681,4804,NA,13752,19522,6772,10620,NA,18183,9254,6332,185,17993,49,12142,15575,7954,11455,16018,3152,672,7989
8415,3364,15906,8573,2938,1947,10289,3971,5308,4322,13077,NA,12706,439,NA,8639,14671,3124,18736,NA,5839,15246,7520,18415,14326,640,1400,5848,7131,NA,2526,17822,9986,16252,15129,5382,4624,NA,3743,3912,9587,14194,11526,2811,NA,10477,11402,4142,14570,17113,NA,15139,NA,11300,7470,17955,5619,7365,17342,1405,2275,13439,7441,15335,3634,1723,8231,13854,1533,9386,10109,11239
18637,16707,13097,9225,19862,17260,1211,11251,2112,10149,14557,10581,5925,15301,9886,3407,66,4600,12566,15878,13452,NA,6097,10968,2943,NA,2451,13759,3313,323,6984,19441,13254,3948,7393,1742,6574,3084,14628,10184,6919,13019,1582,15504,14219,18438,6522,4850,5311,10811,18233,12634,15280,8225,5072,11187,3573,13705,2210,NA,9151,10406,4390,8269,1588
11283,6142,13394,10505,5037,1913,7834,10815,15508,14466,9066,5127,NA,12891,17717,18370,8321,11700,9792,17827,12873,17501
15602,15158,1250,8288,1020,5379,19,794,5971,17523,274,11002,1938,4302,11443,1710,6681,15707,17726,7384,12483,12673,13577,4171,18791,1687,3781,10503,18,7369,NA,16189,17078,19052,5457,3369,953,17671,10839,17531,15592,4772,922,16115,1772,10083,12663,14376,19599,13616,16938,1338,7459,832,12754
19910,13102,8659,7407,558,4216,11361,961,1354,13696,4643,7011,18886,4660,8115,12455,4255,16704,15579,NA,13249,16730,1065,4129,11761,NA,8548,10725,8628,8671,17775,NA,2104,4480,18878,19989,37,7383,10250,18764,7152,1716,6316,19985,NA,13236,5832,NA,6426,2823,14364,11106,882,10636,10442,15737,16399,15599,15707,19319
4982,17013,3141,1581,17857,14183,3118,16891,15633,5015,16498,1903,NA,1007,10631,NA,9848,5317,19967,NA,9695,12099,3421,17138,NA,5711,7600,2365,1619,9004,18816,6614,2067,12304,1512,18439,7774,1612,19043,8797,NA,12431,14016,11003,3945,12053,13661,18455,2515,4140,2443,12133,18138,37,NA,14807,3,3491,704,6936,4966,16586
7148,10944,18393,8862,5550,1733,16946,15691,13097,3678,1928,18334,14568,NA,5228,10091,9664,17288,8189,11927,10122,12910,16091,12605,8760,12704,14584,6019,19820,6307,9736,14643,12642,12221,5502,8756,5459,NA,17671,806,458,12710,18584,2178,NA,6502,6990,5021,NA,6990,4660,14088,18662,12171,13383,3138,3176,7456,19659,NA,10830,10495,4889,19732,2758,7884,2335,311
14520,6775,14574,779,7897,13357,3294,11713,18835,19250,19182,19240,12275,12816,13207,2568,2900,9811,987,12768,4979,19603,9803,12821,NA,3419,4170,NA,558,14209,2801,5570,318,2810,13247,16591,8516,2017,6739,5771,14125,2632,8143,15473,NA,17836,11747,7838,18128,13074,16595,553,18597,1414,NA,10974,14154,14905,11048,10854,17796,14017,9188,6592,5249,6767,16522,8371,1723,1922,5910,2579,2282,6441,6507,18978,19886
2854,3554,9768,5462,16488,8597,2242,14340,9616,13633,19589,9557,8017,924,6100,7033,5623,17313,2625,18269,10497,14355,10241,13059,2779,6922,3144,1403,1601,3597,6101,2501,5846,17739,5100,NA,8467,18523,13292,15633,12007,NA,14732,NA,18647,8149,15292,18549,7728,4650,5017,10047
15414,9233,3493,5428,14158,17054,7246,17543,11520,5137,17518,5007,18637,9311,3148,15019,12176,7484,17180,2406,NA,10118,10308,4750,8207,9420,17451,5360,8613,5397,17789,5649,16689,8078,439,NA,12791,5637,12687,19057,17828,3402,18555,10953,11506,6751,11207,6458,4138,54,3546,10505,2528,15705,8972,5108,NA,13882,10615,NA,1821,184,3805,7268,14726,14058,7953,1672,3901
15318,2657,15143,3902,996,14090,19633,7536,11735,14694,19026,10737,8964,585,NA,8613,2111,13131,10043,2760,18885,225,13513,NA,18373,13383,9722,13484,17596,13031,7666,11137,12765
9747,3227,19984,671,2885,9721,12427,6605,805,2004,5202,9784,14098,12915,8513,12357,2223,12043,19609,11692,5856,19044,8435,7319,4821,2384,NA,15400,10960,8007,5667,NA,10369,4588,11008,5012,11484,3357,17667,3920,NA,15895,15613,3072,16512,4597,15565,15280,9017,9001,7844,10194,14610,NA,9031,2142,7011,5024,14005
11544,18609,6343,6163,18598,15314,12712,15661,14956,8127,10498,18256,6711,7817,8544,18827,13407,16327,3321,1352,NA,19854,9565,2282,8509,7237,11317,13776,19734
11367,12994,18154,11994,248,12391,6320,11910,8655,16412,16921,9699,1271,8559,3435,16189,84,NA,5096,NA,15219,3937,16640,19791,19565,18443,NA,1076,2245,9557,NA,5135,17415,1459,4171,NA,8195,4328,NA,7356,16693,13270,18280,19276,NA,13591,17133,11755,NA,4629,5505,11048,NA,4082,NA,16853,7092,3820,16736,13151,13070,7573,18406,12597,10868,19763,2662
4175,1045,19351,11208,2460,5588,19784,16643,450,16812,10678,8134,18902,8376,1589,19309,11931,222,18616,16050,2633,19912,3352,16211,4511,NA,5899,9000,8197,4425,14851,506,10485,11979,3577,3780,7314,14502,2449,19491,18809,12952,12056,15117,NA,5977,3900,6987,9832,17749,12636,15576,1247,13988,4331,905,3310,10163,12744,NA,8599,9285,9969,1844,NA,18933,17162,17441,1293,6500,15552,10228,10730,2930,12264,17747,14103,11905,19610
10019,5597,9237,7044,6234,7639,12662,9371,18743,4211,19970,11893,2800,14990,NA,3079,17352,1724,9593,8386,4308,18175,2101,18242,2011,17300,8345,12061,5138,6254,17369,6700,NA,17267,1545,4781,9004,1814,18378,NA,16196,8995,1888,7604,3253,13819,6759,6754,13593,19755,9724,4612,19602,11879
16565,17788,15730,4018,7414,5921,18485,10436,14414,13642,7215,12652,9798,137,7229,11630,12715,2461,4074,18880,18993,10835,10032,2581,4938,18448,NA,17681,2914,7854,NA,11454,NA,1738,18124,12570,19823,NA,265,15905,10660,14857,265,4757,NA,7800,7078,NA,6526,15392,3347,9776,13421,15449,5177,12873,3426,13375,7681,6218,16777,15598
8687,8405,528,5104,4793,5031,7844,6388,5694,4437,10630,NA,16857,12306,7957,19956,1990,9081,3961,NA,10736,17106,NA,18648,18730,1005,5554,16727,5366,6182,2163,5275,NA,3066,17241,NA,5394,10506,8224,15122,5602,6072,NA,19804,10505,8565,8544,12258,5221,1122,NA,4955,4307,10508,3056,4432,730,8281,3633,3935,10334,12216,17514,15914
18800,255,16750,8987,1659,2190,807,13817,13200,5772,1995,10784,5306,NA,18117,6957,13587,18493,18249,NA,14760,10974,18186,9390,17728,7127,18484,NA,18834,635,1142,11342,15748,8799,16786,7471,19680,15305,13852,17540,16084,5585,7241,NA,3649,16245,NA,9593,16981,NA,5267,9370,14112,12832,9368,18851,5896,NA,9386,4960,NA,964,13880,2623,11608,5934,7923,9003,8550,6133,9365,9606,5750,19150
16652,18521,6271,19360,13243,3000,6466,5947,4538,14978,17357,NA,10284,13695,9877,856,11165,5154,14596,9816,18165,19623,13684,NA,10222,NA,15367,19547,8203,17823,11355,18824,9689
17954,18234,17221,18059,19544,14346,1442,5010,2065,12190,3046,11709,NA,19275,9948,14156,15927,7884,3988,4323,17619,9156,14533,17595,4074,13612,19643,1233,9752,2774,NA,12922,18174,18411,NA,968,7983,7236,16606,NA,19271,583,8889,16799,17998,18451,7462,19358,6578,13498,19423,4934,893,2261,10363,17330,NA,1973,15035,171,19940,19617,9731,2068,2331,6038,15033,4299
1766,13178,952,17022,6592,19236,1767,10274,8570,7927,11857,6419,5892,15144,6744,7565,13124,7563,13809,NA,637,16370,10664,15447,9905,NA,607,NA,13866,7394,2060,9519,10651,11433,957,3842,8537,1031,NA,17942,6137,4501,4429,4485,17874,7124,2654,7100,10407,9025,10378
18958,10540,1656,16423,18377,14723,13523,15163,15178,11863,3717,NA,5340,19612,7298,876,9422,8797,2814,4293,15313,NA,8446,12624,13130,13440,7291,14971
17777,1245,14727,1058,8072,7437,7007,9888,3821,9620,905,3881,1505,11750,9453,18239,NA,4788,15991,17683,11086,14080,19782,6649,2872,7986
