8939,8511,4922,11762,19194,12369,2580,10667,15488,5496,1077,19554,2735,13759,308,17855,8389,15382,12733,NA,13544,8582,15733,13588,13723,7948
5393,17361,12034,3571,17892,7380,11218,9053,5768,7556,12753,11151,7161,NA,5351,19813,14940,6689,6384,2803,8196,9827,11770,4522,3626,391,9251,15777,7429,15503,18788
17637,13710,19453,6124,7619,353,4581,11308,4463,8634,3050,16904,18276,5854,14694,NA,7502,11088,2067,2920,12616,18714,7825,8065
7262,1794,8406,16025,5146,9469,16746,18250,1042,14765,10557,3485,1468,15548,NA,6607,8983,11724,9283,18817,1004,12671,9334,14158,NA,3341,15541,NA,9348,16350,10755,19467,18147,13025,12418,4864,7707,1385,16381,906,13441,19457,2768,7620,5662,7395,8193,5641,32,7911,9859,4145,14892,NA,1362,15078,3009,9078,5916,7747,1646,12536,NA,12602,NA,17435,8817,8492,9311,13829,NA,1540,14796,3395,128,223
9360,17403,731,6515,14534,11738,18762,7622,3727,19170,1705,7749,11677,19058,8077,7026,8836,12732,19693,NA,18544,158,1507,438,12443,18828,3533
15129,9424,13294,13434,5013,9044,6224,840,11564,5221,15690,19239,19422,15214,NA,11189,17617,17583,4092,7171,12437,5101,1397,4462,5088,12496,14447,NA,11926,3864,16919,7972,568,5436,15511,16898,8412,1439,14085,4957,NA,9483,2350,4894,2190,15291,19487,13055,13057,17306,18602,4451,14080,9918,18594,9651,19602,2112,11031,7570,18137,5502,19925,3189,7880,7003,13364,4502,14015,10723,11127,8172,5304,1660,3851,18031,16391,18496
10878,8050,630,141,14553,4151,15024,7414,9244,12370,2488,9667,17169,NA,8051,838,NA,11387,3158,12249,NA,17739,3338,3992,16535,1397,NA,12295,15233,1270,8610,6073,13418,5817
4824,18055,11994,1713,18364,16870,19045,13431,7209,8298,10720,13906,4673,4666,868,NA,2398,10954,NA,811,19358,13776,18529,NA,10813,9897,12989,2735,14051,12064,4303,NA,2007,12698,18670,7334,217,11506,15657,4418,NA,12338,13173,11101,14901,18872,10296,NA,16702,12523,7693,15381,5489,15014,NA,19,19733,15683,11597,14986,3988,8722,6465,6751
10288,749,3999,14866,19698,5993,64,12153,7878,2169,1875,19798,598,15634,594,5159,3974,14059,1101,6890,16398,5752,16953,15129,12726,14287,5585,NA,6606,4945,8015,2527,19867,17409,19501,10265,NA,8645,1684,10603,5276,19961,16216,NA,18480,6642,NA,1921,4255,13445,7977,537,8138,8930,19801,3303,6997,10611,819,18331,9939,15049,651
9447,8051,5165,18282,9369,17673,16311,1590,8246,14417,16665,NA,2389,19682,2115,14565,10242,5401,12771,414,12620,7026,14402,2851,10951,13218,12235,371,2672,14669,14488,8419,7662,916,7979,2679
10153,18719,11706,8127,5772,8668,8040,12554,12965,1343,6099,503,7032,5083,13786,8860,8498,1415,1740,17625,10022,13372,10729,12144,15241,11167,17427,NA,6931,19261,12326,6597,10302,8858,10264,13598,11368,4891,16437,13807,6280,14296,19214,1473,3312,13208,7031,14786,NA,249,5433,8296,159,4773,10416,9804,2161,14240,9098,5713,8280,1366,11020,1097,3342
15601,10193,10516,7676,18636,11997,13416,3768,16579,16827,17867,6651,10724,18946,NA,19049,11502,4748,10121,15003,6379,9149,5274,18879,6408
1813,1520,16169,10139,10665,8754,7658,8151,2383,811,2225,3362,NA,9809,10548,4247,NA,13039,16787,14714,2063,14988,17013,4150,15547,NA,19059,1670,NA,7403,1509,7133,683,3199
7009,9865,5004,16110,7455,2325,11812,6126,14823,15165,9479,NA,12553,9383,2936,7120,NA,7566,6080,NA,2801,14804,5564,9725,3055,3110,4669,6962,14253
9618,4478,13777,2781,16556,3660,6820,17269,2790,15931,10884,5233,4529,897,14785,4778,442,17637,17534,9002,4368,17494,18267,3978,1018,18336,16597,16324,19649,5259,8316,15089,18343,16744,8795,19496,3027,17600,19718,13751,6173,6723,3671,17510,6827,14610,12640,12186,NA,1191,6571,15351,16760,996,12366,NA,6345,15521,19511,668,10970,14295,3302,879,18759,19601,6031,1149
8622,9699,18308,6756,2267,8838,234,13707,10710,3309,1499,3738,13367,19006,18635,10741,9872,11886,155,5971,3532,13554,18124,6589,6664,3397,14529,7621,8420,7504
1362,17068,13555,11791,17905,13860,9479,17591,3855,16183,10735,16622,NA,338,5463,9948,16938,NA,9381,18799,NA,2389,2200,7088,2169,9382,10334
15988,1407,15232,14789,8063,5320,3041,4832,14685,5971,12754,17586,12270,NA,973,6590,4164,19223,2812,805,11822
12273,2604,11289,12524,17953,19110,11340,11096,15324,10075,9055,NA,15486,16818,12828,15346,1636,2439,3711,18782,9416,15871,16549,8032,17586,9150,14727,11735,NA,8868,8338,NA,10234,13017,11618,14367,1619,2695,10878,6125,5445,2380,12437,17886,18753,1231,16802,17207,12827,12425,6083,1846,9474,10615,14538,NA,14264,4904,3396,8245,907,7255,NA,19265,8915,59,28,8268,19912,13935,18288,8990,3373,12596,5299,17948,5058
18009,6886,3540,12496,11727,18947,3540,16836,12042,2446,3774,NA,18404,6817,11674,1365,6608,18307,10855,1006,18444,10621,6968,2265,4556,15383,16309,NA,8102,9283,7669,16308,953,10519,7162,2249,6495,2614,11188,11430,NA,17548,15136,766,15371,396,14593,11840,19536,16502,15078,1674,18681,18687,13959,1879,1980,2843,6392,18872,3530,2957,14490,15701,951,1698,18810,832
1323,1572,15337,12485,3711,14565,19000,5168,2241,11446,1576,584,14251,7981,13430,14129,1362,13195,664,6202,11640,9353,8117,8361,5014,2567,2070,10969,19447,2357,11854,244,17870,13841,10609,NA,14201,872,19115,13679,2520,19911,12493,5556,NA,16177,3689,2502,9839,17624,7055,11010,9561,3741,NA,16383,15012,15685,11637,18393,10055,18019,6164,8648,2057,11378,2277,19960,3072,5776,12584,2828,12493
18477,15853,16060,5418,16291,15499,6158,11179,17058,5849,1419,16392,19706,10474,NA,2084,325,6908,17161,19182,14091,13913,4408,2062,5303,12374,1357,13260,6616,14341,NA,19471,1882,NA,5775,11641,6049,579,6135,15561,17990,19149,7591,8931,17500,6615,3896,6203
4154,6830,18493,16263,3339,19387,10454,1706,5359,16115,18314,12581,14399,3892,5456,2300,9197,13652,10740,7465,14671,18580,3818,1145
8423,10364,15346,5128,11613,10749,2432,14483,5569,848,12464,3286,9105,6404,16741,14122,19190,2920,NA,346,19246,12411,12695,8222,10601,13688,13287,16988,NA,3854,NA,1576,267,16648,884,10417,10393,2342,6153,5838,12738,10248,16744
9957,14077,17295,19293,19510,12497,15485,14978,9750,2388,18416,1392,11913,10909,17449,13998,818,10026,NA,5115,16443,19879,4093,9665,9081,13932
18577,13659,763,14118,7305,14484,5217,11371,15295,6450,11801,NA,15698,NA,2741,19586,2715,3504,13248,116,15616,15706,NA,3293,1219,5424,1163,13004,15411,12247,14825,5823,502,6309,290,7771,3770,13637,9075,12221,9109,8797,9108,14378,4954,NA,6066,13338,NA,11944,16780,17896,NA,1167,13423,11540,14368,NA,3323,1401,12805,15012,2725,6641,14149,16852,5928,16861,4241,7434,10916,1542
13759,11983,19253,4564,17228,1158,2898,10351,13540,15685,1528,11634,11975,7037,NA,1810,15463,10832,35,4526,16376,5436,16780,7625,14463,10406,964,6623,1708,13801,12715,13937,335,1628,9388,13522,18771,19622,NA,2909,378,NA,888,4329,11916,12803,4573,5115
11258,3223,5949,16404,1382,9065,3540,6536,16916,1448,7072,6662,14922,2262,2797,1637,11265,16295,1859,19893,14102,19207,7631,16465,2078,9319,16862,19689,13597,4844,17772,12570,4937,2793,19656,938,500,8481,1118,7880,6064,7067,NA,8628,NA,15836,NA,15989,4385,9282,9512,9792,14811
14458,323,2026,17299,1257,14556,17966,12801,15200,2285,7423,31,16934,9453,2507,15192,1049,5462,11367,5604,8122,3395,7800,846,2060,19446,3441,12492,11204,7609,2751,3078,3878,14141,13483,NA,16588,4691,1554,4434,18807,13780,17161,8012,NA,3132,11857,2632,17056,12073,8409,16648,11437,14714,11476,16813,9597,NA,10422,14761,14524,8904,150,8810,7887,4813,1409
2198,13623,8841,18443,9055,2466,15350,15969,4715,10239,19232,13328,NA,3994,1171,NA,17509,5753,971,19359,15080,2938,16182,3659,6998,NA,3955,6242,758,10489,7374,14873,4541,18914,6131,24,8621,2781
17901,9171,10952,16493,448,6055,13931,13917,7052,4952,8515,7705,16702,635,9580,17659,15282,18307,5654,17100,310,8496,19798,12326,NA,9756,773,9498,15687,NA,1922,11866,8917,290,NA,8310,4319,1870,7109,NA,9780,NA,12570,3296,NA,15856,16559,10940,70,5942
17947,19512,8903,3020,844,11049,10214,2508,1825,7003,16496,8847,10640,NA,17729,1799,8589,2720,NA,3634,8831,10056,19463,11399,4265
8202,8247,17966,5501,5230,4563,4964,12701,11994,17867,5273,17980,11893,17278,10750,15094,17674,16934,5388,8474,14188,12078,9720,NA,16723,6525,10318,18438,NA,19256,11021,2150,8900,8226,15348,11792,1482,8804,15929,3048,13934,1707,NA,10436,14951,2667,17082,18354,11278,10449,3515,14437,12999,13470,5555,14556,3828,14374,9816,15291
8310,14585,5142,9411,7450,19431,4934,770,15283,15620,19986,NA,4538,5601,16996,16535,9713,1747,1654,7282,8327,11289,2719,18076,12615,11869,7442,8078,9980,6454,4380,13118,NA,19785,NA,4021,3719,18426,12819,5581,NA,10045,14628,2158,9564,16163,17699,14158,3664,12292
4529,1716,15812,3502,17720,6715,8972,11328,16894,11807,6995,5411,18562,17775,7367,1436,9881,6669,4188,15505,2113,8695,9366,8973,4726,19170,18472,9770,10712,7994,7292,1092,17526,4241,12758,3567,9674,16554,6746,17815,10534,14993,5166,14301,10942,4025,15245,6222,3557,2071,1854,13517,12054,16362,12412,12143,19553,18443,7117,17964,15329,10782,12273,2336,8272,13308,15249
17159,9254,13885,14231,13546,16169,16567,1052,6430,185,1550,15551,2559,14728,5535,15168,6556,14439,7485,7287,1442,NA,604,15256,6731,9086,NA,2861,7324,17430,4264,7574,1338,6504,3890,5914,7174,5443,14452,16340,10098,16714,NA,3062,7236,4889,11372,19683,19373,NA,10687,18284,6340,1337,6456,NA,16478,11727,NA,16780,18251,17328,10398,9500,3480
19284,3402,7866,346,9804,364,16601,15519,9023,19051,3548,19541,10870,4478,9426,14035,NA,9355,251,11938,4370,8410,14067,1654,14435,2681,16136,19854,1607,4273
4510,13782,6615,8598,18217,7671,18218,1483,16515,2231,9144,12986,NA,4180,3994,12544,17122,19979,2053,6037,NA,14830,11407,1459,6494,17785,1583,1548,12863,2062,11958,12653,8941,NA,17972,19633,13063,8097,8327,19796,4363,14989,15849,1691,14871,8375,8289,10580,7333,8907,6009,13683,NA,10430,4181,18263,10580,15365,14418,1803,809,NA,9059,17856,7209,17317,11114,7124
6560,9768,10356,2935,11157,10075,1482,2872,1626,11921,8732,15172,15314,8820,8905,6028,7578,19910,1566,17584,NA,8084,2844,18357,4591,2510,6701,4404,18578,8739,2851,4583,604,15272,14012,14431,8302,16673,11242,7976,14594,17791,4631,5835,5276,5606,9307,11331,16120,NA,12374,13693,11868,7623,2707,10634,13946,8748,12454
14327,2543,16657,14137,7769,11789,17615,4816,13114,11081,13664,6944,14280,16358,18129,15630,18370,16889,8918,NA,5864,11347,NA,7489,NA,7280,NA,15368,5891,6421,9545,16563,716,1400,8238,19390,3606,9725,9328,10212,6914,1811,19617,18323,4943,NA,2087,11466,7655,3241,13300,4831
15247,821,18243,3476,9277,15906,5067,4157,11049,4806,15240,1384,10120,18491,13632,2172,2684,1742,4746,14360
15800,5516,9240,19981,12244,1636,11925,10811,16456,14325,15818,NA,927,19634,18734,3051,15701,17406,15007,17545,18093,NA,16905,13789,991,8101,6299,10806,6396,5847,5841,1302
3651,4415,3008,12673,18080,3886,6267,6290,5384,3035,16739,7503,10525,11381,NA,10877,15242,7383,16558,15579,4498,16018,2292,5663,16098,NA,13806,13261,7854,6360,13946,NA,13917,14760,6265,11065,14354,14817,7679,8230,3615,10004,12550,8885,10518,12416,NA,17677,13403,1109,1099,11457,2593,2034,5918,927,16102,16672,1263
13466,5070,4749,10381,132,14107,4135,18718,19115,5627,11123,NA,1352,4302,2890,17199,4186,13522,5437,11370,11436,13242,1559,NA,18129,11381,3353,1935,932,19139,7437,286,17160,10699,5380,17366,15815,4067,3228,4818,2674,NA,19119,10995,630,2819,6693,8830,4357,15603,2329,12144,11694,18088
6738,6671,1807,19393,12547,18846,13531,13932,13404,17033,18959,257,4603,198,14930,13457,854,9765,NA,17475,12302,19287,11133,16051,14231,4312,3480,15951,942,6312,13675,4719,16791,2903
16812,18030,8230,16664,4472,7365,11888,16517,17664,6884,17793,15179,379,18067,4550,3130,19634,13793,14204,9166,2280,3885,2492,9642,8406,8336,17069,12631,18699,19668,556
16191,9524,9216,15112,13705,11696,6084,13827,13442,18281,83,11440,2276,4540,17020,13090,19786,2497,7064,16215,413,4529,9568,6152,9367,18949,NA,5366,4963,5620,5997,673,NA,5254,17723,13585,3620,4755
15599,8809,8059,111,9903,2535,379,14245,16170,13408,9208,NA,18027,5647,NA,4943,NA,2588,15781,NA,617,12503,6057,16003,16221,4817,3698,17960,7133,1362,2700,11798,NA,16902,8539,6761,5002,10112,12997,13460,4760,15029,17844,7872,2566,9467,10679,16491,13244,11702,5854,18884,9987,19958,14676,13569,12142,2636,13138,10750,4815,13682
13561,16657,14756,3191,18131,2700,15019,9900,7537,13485,1052,18917,5531,8454,3021,NA,10513,17370,13682,3657,10661,14312,5777,6106,12190,15602,16680,12176,15108,5862,6748,9747,15679,831,14358,14665,2141,9349,13778,8599,18379,827,14524,9260,5653,12837,14425,14053,11907,7151,500,11671,5977,3690,1904,3240,10962,2742,13330,531,18343,1919,5142
8820,3597,17281,12991,13454,10968,13722,17791,8484,13043,11950,15730,2408,8575,12561,5199,7623,NA,1461,19508,5178,7013,13414,15202,11528,17414,10445,14155,NA,6123,18316,1116,6085,12768,16404,NA,5894,8845,7601,9058,7851,17034,9258,11380,18308,16335,NA,10009,12354,10760,18503,13223,11765,9560,11690,147,14988,NA,3490,10033,NA,5148,9271,390,13477,9118,11062,11717
2152,2186,11817,16511,3335,8867,613,3180,11905,315,5344,16728,16800,4783,9826,18943,15111,9619,12560,7068,NA,12424,14473,19013,1075,12929,6688,18490,14389,16261,12968,7186,17708,16955,11689,10717,17682,8308,6817,3570,14254,6958,12935,14161,14427,12412,13930,8402,316,NA,5713,2791,11282,7446,NA,575,2256,16742,4442,4692,17438,12878,3738,2125,NA,8813,4481,1351,NA,12588,7860,14105,12983,7880,16102
17565,9227,2202,9803,18792,11891,1096,13239,3347,16525,19930,NA,12070,4323,16109,825,9615,19951,4906,15371,7471,11480,16773,12387,7787,2238,9798,1984,4178,2598,4539,NA,8232,3396,3979,11520,729,4095,17652,16832,12038,16913,18978,NA,2655,14776,15614,11901,2117,18036,11239,6767,15547,15572,2180,19152,17486,3937,6276,1141,9565,19667,19730,16947,NA,8967,7059,4591,17601,17146,1368
1705,14306,2073,12013,495,18660,15571,7507,3933,14131,9482,19133,NA,6141,1469,2568,7902,11312,12902,17522
4162,14337,5679,13708,17900,18045,5591,2005,18659,6359,7046,18574,NA,17797,7073,13587,16350,NA,10890,17724,13178,7505,NA,7390,13955,16905,8617,16672
15087,10526,14299,17276,10101,11970,14481,6483,10410,907,10767,15518,18173,69,4005,16790,15277,8456,2617,19040
1911,10647,5965,13101,3255,4736,7623,5252,11124,16813,16807,2203,16570,14863,12918,1417,5356,16801,NA,2508,8551,19926,19454,1166,3738,16055,1196,60,15202,1520,4979,312,14990,414,12064,17392,9293,17430,8259,641,14200,9107,19504,898,9836,11482,6008,12526,NA,4111,4864,15010,45,4951,14646,6551
11346,10729,16761,8684,13221,2402,14564,19086,15065,10807,10060,NA,6754,12151,NA,14939,13828,9078,12360,2229,18558,6932,17457,10134,12753,2667,7399,867,15900,1147,15920,9697,7699,6120,8072,3076,12113,11612,6383,3237
4331,12489,19716,13183,2367,2590,5124,2135,8693,17259,7815,16026,4293,NA,19716,3281,19099,NA,7074,17452,12851,4268,11025,8097,NA,19322,12254,4727,18068,9499,11890,6580,16592,11134,333,18581,18388,17681,5119,15596,NA,4986,4426,14555,1388,12552,19787
10658,19258,3917,4175,18569,3650,2861,7120,19955,14057,12413,13410,4281,14774,11826,1645,3484,7050,12374,4898,4813,NA,14800,12931,2977,2817,10990,19917,3261,9098,2424,15905,18853,4686,NA,12090,3723,NA,13320,573,3572,6052,16153,NA,108,8081,7114,NA,19937,11516,NA,14003,15807,12831,15211,7878,10546,3069,5615,8650,2038,1122,9309,7076,7660,6727,15889,8397,19766,16670,12099
16898,14752,8894,11199,1290,3330,3694,17769,14621,16978,249,12837,NA,19474,1880,1180,5115,16240,1647,NA,10931,7196,13488,9984,15015,16278,7427,5615,5942,13510,9366,17163,1150,8540,3778,17228,16689,11408,17976,15617,4036,1590,NA,9889,7788,11260,19970,281,672,575,5973,13338
2175,13408,14311,1833,8332,19317,5673,12235,18789,5469,3411,1698,11360,6856,NA,9008,3911,7747,11090,9988,14463,19145,10662,2937,NA,16821,2807,9553,3996,12510,2546,8037,1189,656,510,NA,19021,16670,NA,18673,18108,16467,6032,3891,7695,19729,5170,14623,18538,13350,17194,9963,12654,17356,737,12584,14968,11310,5209,1188
6895,2872,7658,5225,16224,8765,7025,4547,17071,18406,17899,2857,19067,12280,12601,19162,19724,1151,16545,4666,3569,9093,8422,3697,19720,8438,3781,9797,4150,9168,5797,18645,13367,10348,1206,5836,11190,16936,13335,11960,4750,10487,14675,512,2079,9643,10195,NA,12610,12772,5000,12638,9720,12692,8038,15442,2723,13681,14041,15708,6927,2537
18234,19033,15909,2162,2889,5353,4216,19829,13863,4270,4030,NA,15956,17280,16824,8344,13590,NA,14268,13631,16438,14130,9078,18549,4763,420,18135,8582,10169,18916,5708,10457,11572,18001,4516,11967,5785,15267,19064,12503,11655,445,18029,19473,13995,10515,10494,2979,16794,13439,8267,8659,13991
5659,11923,19574,15416,12548,19191,13209,10747,17126,6221,489,16376,5510,NA,11518,1319,5695,4020,4326,19070,8693,9407,NA,8954,2832,747,14854,11211,19222,6118,18765,8576,NA,12211,8806,13105,9102,512,7208,18990,19745,11595,3560,4476,3544,9143,18758,3121,NA,6562,3938,2022,18735,9075,1961,18127,14347,2898,15253,15924,639,16563,7472,16992,5738,10429,13906,8347,8318,851,18799,13827,12173,18540,15473,17269,17670
11488,10960,12596,12852,1606,11776,15554,18949,18728,19600,3726,3720,18759,13749,5050,12971,6523,NA,5598,NA,14665,6424,5188,17213,8349,9988,8858,15659,639,13532,2908,19919,5946,6760,18399,15195,4987,17013,13889,9876,4891,18821,16444,2075,19385
8144,16443,5795,14293,5241,11477,14236,10740,2241,14987,18399,1533,5551,1130,13074,17775,3329,8903,15457,7403,13885,6838,5973,3111,2768,7386,8439,NA,19033,9767,1037,3345,14842,2178,17999,16203,3276,11114,5279,3969,6739
14761,2675,825,3050,15054,17984,11862,17428,19713,10263,14135,NA,17505,14414,2974,779,19259,18999,2329,18791,14008,13337,1071,19945,7379,12179,7964,10490,16911,9727,2443,15911,18307,10961,8190,15244,10331,NA,1848,NA,15529,NA,15013,NA,1158,NA,16573,14046,NA,5418,6349,3173,6457,9278,15576,780,4741,11613,18584,16889,15037,13128,964,10390,4011
10859,13188,8819,19113,17910,14619,16376,16387,16674,6887,10175,3786,NA,14420,5022,772,16155,10569,9320,18238,3388,18938,17244,11820,12599,NA,8532,7252,NA,6446,NA,19544,5763,4157,8303,10515,NA,1782,16290,1530,17844,12244,12419,18076,NA,16518,1565,12133,NA,16767,2327,5035,5456,17391,12284,12629,12239,53,12741
6703,19439,18095,8100,15516,1605,6214,15891,9062,2987,18645,13236,16565,NA,11576,NA,11418,NA,15094,9922,6679,18330,8604,1785,9330,13576,15112,15456,5899,18318,13069,643,19693,6650,14050,NA,10131,18339,16038,15551,19609,2677,6637,6185
12167,2506,3978,4970,11491,19599,12501,18510,7546,13060,10950,10581,17186,3827,13722,NA,2907,3272,11901,11222,19181,9625,18887,5041,655,NA,2128,5699,18756,15919,934,15217,11288,16690,11854,5080,18669,3185,8585,4054,NA,10156,3102,8178,12401,8126,16766,1064,9142,6390,9544,1486
626,19438,12765,11330,9781,337,9810,9919,1572,9315,3554,12149,4747,5466,15808,17510,19994,9630,8773,13125,3460,2465,NA,10006,9297,10967,NA,1045,10361,7769,8453,16056,14103,16257,6250,603,14589,NA,4145,13846,NA,5154,13080,3477,17759,7935,8481,6684,4185,9870,10944,12416,15352,1486,3086,12839,19349,13258,17687
3546,16681,14529,642,2893,13364,9507,10813,10689,16653,11568,1872,2192,16714,13022,16869,11115,2146,16465,12689,18008,15341,14130,18471,4871,10357,1806,15421,18108,13262,NA,8998,10276,18398,7403,5756,8888,2906,859,13670,2902,6422,1847,9234,15187,NA,2803,14853,13720,2278,10369
14125,15312,3901,10579,17699,19464,15994,18944,18301,12964,8137,6553,7378,3938,NA,6317,4287,11907,4133,9048,2950,17467,3046,7363,1246,8661,19923,14954,NA,8543,13903,NA,10941,7167,4328,4789,11997,5565,NA,19176,3047,8103,NA,16655,15398,14196,NA,16123,2653,1094,18947,12154,19841,13945,11333,8163,5294
1889,16433,11503,11988,13408,15221,9463,11780,5358,5842,16411,15820,11453,11329,18483,6717,NA,5949,15712,5886,19362,14761,18426,14819,15641,17749,14757,16124,14859,9134,7484
