2415,14527,10215,12940,13892,6363,409,1799,8245,16541,3605,18407,11508,11655,4125,7430,17387,4380,1584,11883,13478,9809,15860,7858,4603,1270,13475,3284,NA,8349,5914,4154,6755,19162,15023,9913,19483,17005,3806,14100,18787,19336,14481,14479,7963,NA,7452,13662,18416,12542,11978,5691
14006,12956,19402,13636,6253,12474,13096,18886,11961,2756,2829,10880,8571,16798,8296,13268,11706,3919,10218,10481,18386,9913,12505,5820,2682,11973,18766,NA,11525,12818,7441,11385,18462,11084,13366,12878,5755,7012,4740,NA,8052,18177,NA,5845,10042,5683,15340,3713,3872,17164,10622,8198,11958,NA,16437,10666,10080,1375,8424,19141,4846
2057,8303,1308,5252,7356,7813,17836,11776,418,18179,7463,18422,NA,6168,14797,3664,887,19170,8481,2423,1919,NA,2522,11482,295,18330,4019,2454,925,6563,3189,11084,5624,18032,NA,4359,3943,12478,16381,13027,18857,6021,663,11046,19849,1369,NA,14308,13668,12295,6034,4822,13688,14863,NA,4804,15367,10335,NA,2168,16239,10906,10712,9688,15916,1718,9815,8684,6506,16622,705,4339,8550,509
15678,4295,5308,5461,13567,5982,6024,941,2008,52,489,2427,4284,12524,3090,19633,15410,1334,2899,1898,NA,11205,NA,11626,14609,NA,19771,18753,15378,18320,17063,1830,6948,10103,17654,17939,3962,5967,7883,2163,10678,18834,5369,2215,1801,1216,12728,1850,18650,3310,NA,11258,13442,11643,4693,NA,18821,289,1419,13670,15894
5609,6642,563,8503,19503,7293,1423,2133,6076,8555,14136,8219,18736,NA,16242,9133,7286,12733,11183,18647
5105,10194,9940,11336,4123,693,14500,4232,2364,4957,18337,16358,NA,9185,4218,15515,5691,15616,3318,14724,3794,3654,8787,4244,14687,18606,1907,NA,8986,17466,15744,12582,10524,8787,10301,3305,12266,19147,9749,8266,6800,17458,1205,NA,8858,5090,17986,17074,12699,13277,13494,7771,339,147,4365,16119,17856,11663,1371,17184,NA,12563,11964,10379,4205,17546,15157,13616,16161
17706,8729,2397,10120,13753,12470,7613,16628,5401,18876,15008,9671,3217,NA,302,11177,2107,164,2625,7349,16670,3014,3314,2272,NA,8721,15339,375,4485,6303,16137,17591,NA,2474,14084,3703,1550,14844,2888,11795,6242,3604,NA,807,2682,NA,8576,186,4000,NA,17142,10744,15033,4547,187,4903,14263,3236,14786,18352,21,18751
17780,19693,11710,19312,13073,6954,19083,2133,12741,2555,7314,14265,16419,2437,11990,NA,10313,889,19609,13487,2174,7360,13524,18003,14097,NA,3061,NA,3391,9937,8249,5113,441,1016,9208,9419,10315,7462,1340,10147,NA,10749,10288,7209,17489,17963,6261,2918,5460,2604,931,555,NA,17664,13713,16341,9431,19779,859,10691,3582,NA,3180,8720,9268,96,19041
19474,13687,6191,7192,9679,9431,11998,19387,3036,13539,16505,13712,2079,7812,NA,4681,NA,2617,11253,1224,5433,4121,6073,2186,15837,13437,NA,2920,16616,13461,9312,5031,6530,9785,17827,5856,7563,NA,11538,NA,969,11636,8571,14956,12627,12048,14844,18897
6297,5943,3316,17992,6164,16205,19000,2414,14958,3610,16709,16726,3578,11893,14483,NA,17039,10218,10206,14919,3672,13810,19723,4432,5782,13496,13138,15261,19873,12306,4313,9863,8726,NA,8537,19146,4789,2337,18873,7057,5177,14638,16321,NA,11118,6054,14421,7838,8385,19637,767,12782,7886,15259,16516,19172,19238,12668,12839,3832,16754,14399,14632,9599,11638,265,3489,18108,18025,17733
12494,12444,3351,13600,19471,12428,19642,2942,15091,7093,1271,9221,12310,5743,7903,7479,9639,14520,8625,8389,18297,2799,8794,13557,4052,9765,2482,12704,12969,2786,14063,4907,2049,7311,7076,16937,17413,185,12340,2959
16162,8830,459,2231,7081,15124,253,14816,3613,6492,11420,NA,375,4701,2879,2135,15077,15431,8578,NA,16987,1535,1034,5328,17206,18296,13515,16373,4212
3069,3177,157,5377,18997,5834,7396,9149,12516,462,12958,18881,7349,19386,NA,15146,11141,19927,NA,11569,5135,16073,5246,11103,7895,13038,8708,5733,6361,NA,13093,8084,15436,9891,9537,14967,2226,5020,16422,14948,3102,12148,1820,NA,8159,1960,9599,NA,17958,12783,13703,15912,9023,15403,19004,1758,18330,15518,3989,5721,9807,4934,19634,6848,19106,12961,16624,5826,13034,18122,2925,6899,1172,8282,12958,3219
15400,19844,19433,13857,9579,17908,14558,664,16303,12277,16603,71,790,11281,8987,1942,5034,NA,18552,374,13899,7325,NA,7488,1242,7476,NA,18205,16637,14168,NA,13766,6568,8647,NA,6450,13308,2428,19507,17788
4118,19250,12102,11953,624,15985,16925,9093,17285,7522,6017,1972,8973,3355,9878,12572,12617,4188,3563,18812,18387,6367,NA,18385,4579,815,5018,3894,8993,NA,7683,8010,268,10930,18996,9544,10507,12156,12588,9144,7368,8816,7095,11869,10199,17564,14818,16530,1363,17822,12644,3726,11260,17793,9755
7765,14218,3478,15706,16513,5774,19974,13115,1649,19640,2460,19637,12482,18982,15753,6945,19933,17812,8295,4019,4611,6692,6509,14119,3337,13938,19863,4212,8544,10510,16273,6703,3116,10426,7508,6099,NA,3734,6015,5836,13196,17739,1668,6998,11993,NA,8463,14656,12769,8267,17413,14230,1341,13561
3115,14937,16977,5910,19192,2665,12663,15541,9519,5491,9123,6701,1020,940,14402,17779,4784,NA,15220,10373,19585,10668,1975,17830,18849,15729,8835,1107,16498,5493,7630,3729,2921,4494,18305,17698,9653,5393,7260,620,12619,2476,2576,19027,18859,7460,8716,15956,14536
9367,522,11668,14176,6676,4607,170,2376,9257,19780,13524,9158,5094,8837,3030,19569,17768,1086,7538,10455,17628,15179,4190,13375,15613,18334,NA,12460,18001,10084,4809,6965,9402,19560,14225,3236,NA,8973,23,NA,10279,9170,14834,18955,14981,4182,16034,8782,8451,13975,117,2556,1179,14368,9276,5359
17276,12578,9549,10268,1640,19142,8294,16336,13997,18915,17652,11128,17326,10760,19283,2762,13570,8067,NA,17596,NA,70,13681,5238,8948,18651,16467,NA,8334,8577,13322,13660,16863,6433,11366,2093,14830,14878,12582,2874,NA,209,15977,17567,11030,7200,13984,NA,4882,16846,11620,13246,4254,13762,6296,4080,13905,1375,10117,10707,10306,4626,12674,922,12143
4438,15018,4936,10021,8596,2528,15129,4879,6268,9050,19122,7908,4595,19008,1531,5022,16905,19160,2720,3156,18953,11986,5435,15845,18470,12936,10036,15871,18619,3038,11482,10780,NA,4774,12789,12906,9599,15655,10613,13300
12494,16202,5131,17908,3746,59,4812,12585,8185,3107,1715,8490,633,7897,NA,16864,2616,14748,8210,6393,14569,9875,9814,10225,2085
5564,18991,17704,6209,13178,11155,19976,13407,15476,2654,1893,18701,15405,NA,122,7263,5107,9646,9120,14878,NA,19132,919,5718,14257,13282,12864,8226,16451,10797,NA,19521,11959,NA,6284,8929,16459,15955,4458,15070,NA,4583,2548,12497,NA,10518,1718,17171,12613,16602,5166
14987,1954,15210,13565,13584,14980,18982,2229,4015,5662,18791,13462,6352,17916,18725,2301,8976,6468,16410,2745,4799,14937,12566,536,NA,4525,10145,3716,NA,13103,9966,11090,8234,2177,7874,7440,8784,15893,16578,NA,1310,10244,3362,2935,8770,10486,7245,4361,5257,9424,18769,2018,6101,18365,NA,10641,6064,NA,4630,13850,10837,12075,17452,14962,6574,17014,14029,15730,11533,NA,1780,14497,3364,17212,10063,14491
8939,3553,12410,12267,14924,18287,8739,4093,9802,1622,1432,15872,NA,19299,12064,3945,1761,14117,6888,14787,10929,14014,3127,7017
3754,12183,2791,18563,17413,6389,6947,263,2464,2038,709,8523,16229,8445,2311,NA,16631,18829,5815,15665,17581,NA,16235,5573,18359,1344,17370,9345,12590,9473,3687,14122,3035,10905,11807,19291,10682,15904,3155,3767,5909,690,9400,12346,13807,14111,15481,4751,4370,2729,8136,8696
18702,881,8244,5406,11755,13227,8805,6251,12757,823,11038,NA,6372,987,2269,9925,6211,4262,15171,8911,3543,999,2327,9148,18998,9690,6224,9409,14443,5826,17208,NA,14881,3336,12118,7627,3139,2469,15618,12980,NA,836,13510,19086,12689,5920,2369,9712,18511,654,9701,16177,NA,4693,14183,4607,12254,NA,3951,4579,1467,19294,18205,10223,13079,19783,5331,4657
7021,18364,10034,10371,5012,14585,3731,2797,5775,10683,18844,8317,18991,9393,6595,10100,14187,12690,1720,3612,3458,15851
15008,11366,1189,4659,8803,9621,1260,18459,9304,9239,18286,3141,15721,NA,4685,12712,14269,1101,7224,15375,11256,14069,11676,5452,7172,15243,6006,17156,1338,19372,14370,1941,13841,2801,11429,5774,10980,7427,8091,12149,3223
13085,17669,7693,5506,13857,13489,18325,12484,14999,2849,5586,19154,NA,10637,15222,1280,3653,15588,11881,16636,1117,9006,14381,9067,14611,4881,NA,4031,4249,17525,2279,5355,4118,1800,10824,6565,14808,14350,511,2844,7572,5031,17065,9130,7147,11203,7661,16177,10425,9443,4884,12975,3658
11578,19157,12279,3749,2410,16480,234,14698,5626,8128,19319,9887,19997,17884,9371,1478,3932,14932,NA,11998,795,14210,19843,3804,9158,6145
6383,14086,6654,9949,13811,19819,14616,9521,2981,3570,14352,NA,5849,8603,18280,3331,8030,15300,1954,19849,11521,NA,9959,NA,12231,5962,12490,17819,2548,5267,15956,13514,13912,18796,13703,7888,3613,13925,5509,11993,7754,2728,1016,15190,7322,5249,15799,9398,1262,17071,19751
5534,8993,7755,6824,4730,8830,9568,18830,10299,17741,13103,18619,6714,NA,702,NA,18883,2759,12386,6001,9688,11989,5060
19012,14364,2771,5284,11500,3341,3050,8886,9408,4641,14190,14522,11070,7372,4504,NA,11183,1180,19851,4355,5500,8761,15883,13323,14076,8245,18072,16552,4242,297,9468,15003,6211,NA,8369,2396,15395,13992,7411,506,5770,NA,19340,NA,11778,1565,10550,5157,12605,18327,8902,15580,14226,757,15958,NA,15142,4368,15803,9634,4411,409,11798,5658,NA,12006,12278,1142,9218,19607,9668,19856,12811,19352,15903,17325,19978,11123
16212,15033,7440,2404,16212,5340,5833,13474,14484,9921,10000,1459,16229,4944,3064,1796,3545,19318,19303,NA,19308,3585,10194,9212,NA,611,2490,NA,4121,NA,2989,10258,1351,19509,17928,12430,979,16528,3623,2091,NA,19813,7532,16858,19681,16484,NA,5883,18887,34,11611,8797,9518
7165,3207,17844,2532,18278,17746,3,11060,7488,6443,12220,7282,9942,10945,6090,17150,NA,2995,11717,6618,6412,13863,8953,NA,18277,3195,10579,11474,19377,5460,18853,15433,16886,7681,10492,3722,8607,1527,7128,461,2336,544,11712,2146,NA,9013,13008,3526,8198,17789,7383,19537,10891,2419,3958,11976,12723,5465,NA,9959,13592,11493,18129,NA,18780,13323,16938,11914,13665,14739,9194
18836,14149,10764,8892,5433,12440,19668,3981,7892,16242,12456,16778,16165,8800,9678,8596,11097,3075,12105,9312,7366,9863,6198,10592,18653,NA,2636,2539,2602,NA,15495,3920,1742,1985,2773,5403,1156,15056,12858,7563,15369,9972,13445,5833,8723,13593,9045,15676,636,17447,10411,NA,3715,11436,7033,5879,16367,4398,4297,7464,12449
3061,13083,9179,18056,2185,206,18756,2717,7364,15176,8361,3418,4814,1317,18101,11763,10014,NA,5580,15645,11920,6436,10170,12917,4010,5238,7714,15628,1139,12692,7784,9810,13571,4405,17447,12093,4816,NA,4332,14402,4374,8932,7630
9051,122,1118,4145,3028,19840,6216,17981,1739,13687,4912,7649,10405,10535,3560,12199,3048,NA,19540,6519,11445,1829,14966,5083,2179,17612,19057,19136,17447,5381,15487,529,10758,2649,11719,12671,16766,6085,15736,2290,11207,8745,14402,1507
6043,19602,10624,1893,3539,17222,19174,235,2278,14770,13392,19629,17538,7309,4848,4524,NA,14033,11452,5706,18891,NA,1649,19566,9408,NA,8979,4793,14602,10152,351,18240,7486,13688,9023,NA,10479,6132,8013,8977,14868,19511,5234,3925,5927,19911,19044,8032,16230,3040,10186,8669,13452,17977,2512,NA,10214,4072,5972,15206,15597,3128,19003,17070,NA,6787,1691,9650,14772,389,9196,27,9960,17533,2015
5829,13843,11083,12711,1218,9981,13782,1196,1816,11445,12917,3655,12206,11679,8435,14877,7262,2847,9405,11172,7075,18157,14516
19242,19934,11813,5133,8233,9554,4994,18557,15491,17063,3846,353,10720,NA,2702,10709,NA,12804,7770,6786,8201,15563,7568,9348,8556
15193,15312,18985,13584,4914,17156,11379,3379,12291,15134,12066,NA,7222,2123,NA,2218,9549,17299,8687,13639
4174,8168,15944,10288,7222,19393,1265,7701,2954,9507,12939,NA,1155,751,1811,19178,15841,14228,16189,10200,11380,16193,19948,18639,11407,18826,4362,12145,9050,19321,14963,12224,17849,8214,10807,12542,1815,17993,13518,13567,12168,6979,7795,16923,19102,10435,6162,872,13222,NA,8002,1039,2085,1219,11061,3241,1087,12469,1619,12001,845,8835,11285,7373
1218,17729,12760,7624,9668,756,16102,5530,9709,3175,3296,13859,NA,13549,NA,6352,7505,6786,16420,14031,1627,5438,4842,1463,19839,6016,NA,13956,7482,11699,2209,17134,1744,12517,6844,5729,1985,7340,17357,10204
1634,2940,10080,19034,1979,18020,3971,3568,15551,14390,14649,10624,19208,15835,12743,16820,14471,8542,3434,7943,18002,11431,NA,19644,5943,11663,1497,4161,14899,15178,NA,13442,11305,5357,8956,5889,8527,11563,307,16693,17271,2408,9107,1472,8044,7966,12294,7134,2960,441,2355,15975,12140,1006,10852,16609,1904,NA,14073,2522,4227,13529,11327,17183,4588,4593,17691,12769,17028,14350,10838,7311
225,6966,5107,15820,6164,2157,1257,11359,12768,19260,9854,NA,13748,4939,9713,4435,13815,7751,NA,17731,14919,2552,NA,8915,3858,17767,10176,NA,444,12845,3531,5753,12634,10667,15469,1187,1796
3163,619,12447,8364,16937,3246,562,18555,13983,7416,5444,16869,16463,9478,13652,17770,18873,2844,15057,19646,18761,15745,18006,4783,7495,1140,9604,9534,2395,218,16649,19597,200,4465,3208,19104,14950,13661,15841,NA,2435,19837,7931,NA,11903,2135,14638,13624,NA,5429,1904,5410,16702,4440,15615,10690,11544,5905,5393,16180,7561,11468,5765
7691,5530,8993,17400,11917,16246,2329,519,13049,14795,16284,3390,14897,11528,7406,17495,15140,3118,4435,17490,18475,NA,15469,8157,12849,3435,7039,8923,8316,18953,8170,18238,7328,5341,14447,15900,11907,5920,17067,NA,2325,14988,15797,10419,16422,10412,5300,12957,1961,15326,4316,12829,10345,NA,3595,NA,311,10065,11243,12402,18704,19436,4416
19166,14209,10374,5457,17792,4090,10083,17025,13618,10771,16109,13656,8355,12984,4181,14090,15421,16223,19795,13932,7173,7484,1396,4921,18279,18841,85,14672,9054,10038,19212,3163,2392,11064,16176,18815,16263,8280,16960,4519,9021,10717,NA,11697,11828,19716,8682,11960,412,2534,17637,18950,15610,12926,11574,16994,NA,8392,6024,5521,10659,19876,15350,15224
8935,19217,5447,10866,2509,9147,7131,1490,7835,15206,3676,482,1607,7724,2011,10328,18268,12537,19246,16117,3178,6567,72,NA,854,14981,2060,5364,3563,9534,17692,3709,3263,2977,11994,NA,12131,14620,8678,19270,4425,8969,4793,16095,NA,19305,14889,19510,15158,18749,18382,NA,16864,486,8796,3560,17872,4070,6787,7779,4670,713,NA,1951,5051,15462,5082,7943,11010
17621,5195,9337,16560,11275,2436,11707,13736,4443,10934,14647,19567,13010,NA,17074,6895,1218,NA,7380,5988,17509,19575,13533,19996,19145,2259,850
13116,566,9735,10377,3204,1353,2661,8239,18684,8405,19266,11255,574,16049,3327,16607,NA,12890,8249,NA,10700,5463,8790,17301,5605,7242,9168,16919,3716,17860,7329
18204,13849,2416,6828,9051,755,10427,5271,8427,18663,2986,913,11219,364,17891,NA,12628,17834,18156,14215,17688,12234
13954,16331,12474,2134,2811,355,10022,12682,4884,14439,12725,10156,499,11608,1114,101,14722,4867,8748,16952,14700,18687,10437,4673,12398,14244,5703,19438,17203
13307,2255,1832,9679,6852,3336,12478,16649,16388,4457,1344,319,NA,4345,NA,8777,11551,11611,13204,7025,14479
4549,12922,10713,709,19509,18052,428,6358,16065,1532,16389,12555,19684,8849,19914,7186,NA,7180,7539,19725,18887,8299,2614,17030,15243
14627,16032,15897,9612,2492,2834,9036,7808,9690,11881,8608,745,12123,19086,19627,6371,18611,NA,29,3591,7611,6552,5962,NA,19467,299,12063,9856,NA,5049,3854,10941,958,4852,12874,1732,5113,13976,7276,9356,9008,17259,15090,2848,4936,10735,9620,12983
1726,3734,5306,18767,16665,4886,9431,16499,9225,8255,19302,3615,17561,18561,19183,5591,7936,15054,15190,13733,18321,16699,12146,998,7700,5504,9086,11091,6216,16169,19442,3010,3724,20000,12724,6244,19115,6027,18659,15836,13739,5253,12705,NA,8549,14916,NA,10004,17974,1631,11309,NA,690,1622,19325,14079,1068,NA,12309,1765,4849,6528,19709,8257,12908
2980,18060,12287,17647,2374,18832,15827,492,12837,7323,14322,7999,9873,3354,1136,13599,14784,NA,1377,12219,9092,19187,2841,13108,1970,14563,1672,1123
686,6635,9696,13807,6375,7744,18517,15471,9976,11894,9291,13219,9580,5367,6088,662,2750,19163,NA,7144,NA,1248,1883,16596,11609,7135,6647,10020,2388,16084,5453,6390,15435,12178,17036,11840,3226,878,157,NA,3855,18140,9874,2355,17986,8042,NA,19041,11279,12126,3526,10566,11361,4543,19659,695,NA,9946,1694,1419,7693,10537,10626,19569
8443,17710,10848,16010,13924,354,1715,15049,4155,3899,3386,19647,13925,3331,2858,606,18318,3322,NA,15316,18241,17053,16049,14685,NA,4442,NA,1861,5741,19828,9743,941,19362,10354,4426,2629,13467,NA,8304,14931,8287,11750,5178,10619,14999,14556,12772,3370,665,10507,10242,13866,2074,5036,15358,13251,10830,5179,2897,5329,6013,7047,13810,18131,9168,2229,5011,16064,1068,14994,4970,17835
3963,14774,7930,3855,9428,14679,2826,19910,4689,9768,13625,8104,NA,3016,281,5109,2058,12106,NA,12404,7074,6389,11699,15764,18226,14775,8720,6732,3106,13793,8549,NA,5749,5924,551,18679,6337,768,9280,12930,7822,15157,16567,13109,2168,3380,17090,16165,18922,15074,14434,15360,13308,7111,9327,7868,17452,8811,16407,657,1743,12149,7085,9890,11595,15093,6959,325,18999,18140
9457,10001,9113,8607,16777,9356,412,11009,2591,19684,3728,NA,15945,784,19031,NA,11750,6061,2012,14460,4385,5609,NA,42,8962,11582,2059,15357,10163,9828,18647,19158,3389,17725,13576,14381,14019,16235,18954,16203,3901,15787,15627,6341,19609,9969,3710,16325,3143,6953,16533,5239,1388,2579,NA,9883,7628,15473,6225,12944,9677,873,4737,19126,11781,14755,15867,1977,6065,3156,2156,18081,7697,10914,9876,5116,17592,18983
13420,4752,4352,13677,7465,8699,7097,9358,19058,19937,16934,149,14173,28,11804,12887,NA,5596,15980,821,2731,10548,11411,901,16037
15923,13451,39,8875,7104,7229,1117,6328,3188,19015,2826,16081,NA,13552,17243,14267,1220,4576,14431,16066,7663,9080,9224,NA,18627,16445,4533,NA,132,10458,11166,14988,4067,NA,18211,15086,1817,12300,19907,7085,5469,7667,16600,352,7569,7703,9964,6212,1665,12281,12598,14680,2304,10153,18350,5147,15607,NA,15794,2551,NA,12106,18383,6825,14829,8068,19146,7936,12139,3992,15877,5921,1379,12470,11609,1951
18792,16857,4463,7415,12890,2041,18073,18992,9576,16028,2097,3661,315,15133,15793,5700,307,19542,3459,1381,19504,14956,7287,14799,5260,14438,16259,NA,15793,7149,5527,7163,17475,16897,7588,6941,19525,2450,219,10982,17040,3718,17102,10846,4579,19941,16101,143
1962,11373,9752,8510,19738,17369,7759,9353,19165,10062,6367,18058,2682,16861,4347,17672,19984,2616,19103,4682,12642,5845,9250
6500,1510,7078,11475,7263,5749,8082,15850,2049,5219,10565,NA,16275,NA,3847,NA,10455,17549,3297,6883,3087,16530,3039,860,5094,10877,16889,12690,12951,15577,13339,5717,6759
3671,12853,1893,15445,14944,15190,2133,16046,3005,15731,12509,11079,7985,13029,8647,13677,13590,8755,NA,5773,13967,421,NA,11773,5565,6173,13816,8437,12556,11095,586,7125,6285,14016,NA,14870,8586,7741,5388,14029,6794,2990,12566,NA,8393,19133,NA,15617,16396,3871,19318,10075,8954,1550,17810,14103,10311,17062,16264,17784,4987,8276,19222,3641,7635,4329,9626,1216,17297,12022,8310,7890,15353,8658,4228,12214,13640
13138,3562,13393,10622,13516,2259,7106,14406,5222,16367,1234,19495,5914,11885,14752,12141,1771,9200,6496,13667,2045,9060,12335,16883,1490,2463,4859,11026,5387,3601,4014,1363,18479,NA,9281,16423,3495,11407,16764,1230,15218,NA,4657,999,5750,3928,NA,19784,NA,17545,7331,6504,14665,1982,12551,1448,15218,NA,12563,7275,15466,11441,NA,14291,19044,13130,19997,12517,2922,19051,13797,14784,16568,15209
14532,13294,11755,17936,12536,14920,15955,18948,10710,17948,7873,2447,922,18664,1750,11215,14239,15527,16582,NA,8526,15957,5574,11845,5715,15380,8986,17293,14616,7351,6377,19712,10706,13790,7727,7145
