9039,16644,16265,18954,3464,19985,14261,1262,4854,11804,19307,1001,6658,9963,13602,NA,5022,9718,NA,728,19854,5720,11315,4829,NA,9551,17449,18782,14675,3234,5342,NA,10629,16323,18615,13715,13663,7034,1575,8578,14722,17988,5794,18871,16376,12070,19772,6020
18464,4060,15075,13058,1765,8342,13849,14871,3830,10003,293,NA,15040,15946,15680,17296,4831,12657,5588,3424,3779,NA,13799,NA,13595,NA,14580,14198,9903,NA,5452,19187,10431,19201,9720,857,9002,6299
19864,15405,3964,16465,4018,963,12998,474,5342,14357,10423,14640,15660,7622,11754,7088,10757,264,15775,11609,17067,8958,NA,12177,5780,1968,11064,11883,4233,13077,16484,3292,5735,12628,1498,340,1244,5091
9309,7163,17644,7294,18155,107,3206,13825,3472,3012,7666,5951,10454,4914,14007,15081,13479,14960,2944,9803,5687,12805,9383,5654,2688,14076,4136,3781,97,1599,9128,14824,1880,5201,607,10545,17532,NA,548,15184,18169,9541,NA,2124,NA,7844,18333,7565,4594,1662,15493,16260,17190,13163,16346,4513,3343,14288,11587,19067,10926,11827,6435,18343,11036,10593,13750,NA,7478,512,665,NA,16335,13188,19542,14141,17024,5248,3168
13108,9519,17314,16082,12606,5649,2436,4932,9226,5238,6737,847,18845,1669,NA,8795,8383,2508,3098,5447,13717,11782,15054,15117,15601,11301,12201,15026,667,108,NA,17568,9287,2114,13398,8911,11431,18999,5857,6825,19896
13497,18048,5957,7365,5480,16822,16041,9289,13566,6732,11925,8660,16863,4117,11842,3933,6394,12824,15212,17012,14719,9597,NA,17836,NA,5963,4993,1061,19066,NA,4157,19201,6901,16452,3202,3560,8444,2921,18342,10352,14675,8176,3263,18314
19477,15368,4550,361,15056,13564,6555,12821,18720,4072,13222,8857,3979,8944,3775,11973,12872,3008,6720,NA,15302,11770,644,3552,4382,6853,1949,612,NA,14118,NA,6299,4798,10461,9725,10296,3236,8704,15939,9225,338,19296,15305,9901,7199,12818,3096,16082,820,15683
8968,13499,16405,11928,11822,4889,19201,9148,7987,12937,10402,8509,12957,14340,5446,14399,186,4646,1732,NA,19387,2954,NA,17015,16488,7705,1552,12414,1703,9452,7559,13296,3932,19160,17486,380,7872,8078,17469
3808,9707,7796,10504,3076,11718,16489,4945,1198,9655,972,9176,15605,NA,14828,17727,14873,19441,19788,NA,17672,14548,15901,13319,NA,18398,3354,18112,10909,13076
19993,4693,17857,10045,4563,6676,4324,9251,16324,10611,521,19919,3284,6925,12494,8494,18560,7176,12204,9085,8865,15739,18447,10755,NA,14954,1150,8566,10155,18821,17473,2744,490,10089,4749,8461,3924,9738,1235,290,13346,5387,2052,11359,10333,NA,3459,16898,NA,9360,8588,5199,16822,7734,NA,14936,2857,NA,1895,1656,16375,11088,15166,17943,NA,6779,2940,8270,7114,4039,15289,NA,3697,6003,3966,9446,18396
7629,8007,8731,7970,16507,257,5515,6192,11970,3093,19298,18229,12465,17622,2442,11630,13,4866,17618,7596,18681,NA,16520,6791,7545,4470,13282,10954,16463,2864,4069,16654,6421,16709,10500,11089,15026,4085,10083,8428,3989,1427,18172,16457,11091,1845,4745,15118,12001,6012,9921,255,9753,11203,5510,6692,17806,11856,4102,18109,NA,17871,4984,NA,19060,3000,12515,2330,2563,3168,14600,NA,2160,14347,7389,17964,2829,87
4445,7860,12789,6917,7593,5390,19659,8451,18973,5129,6439,13895,3042,12719,2404,3258,19616,11267,3396,15533,16416,2611,NA,18412,4344,16400,12427,18288,16971,2419,1228,18669,1850,13804,11557,3099,11081,13051,19299,16297,17168,13157,8939,9465,18576,5315,7199,4971,3324,15115,9714,754,16597,13072,6297,19518,6336,10987,7030,16635,9614,8073,14658,14416,NA,2367,5275,7776,4859,15410,7680,6393,16987
7183,3783,9716,11751,3132,8474,1705,8502,11615,10701,529,143,9970,1123,11806,19024,6971,8210,16552,9247,14415,13630,5303,19901,5348,9278,8469,NA,17434,19800,8711,10720,1216,5786,2245,NA,13162,14762,15954,3386,17528,NA,10496,10875,1893,NA,8139,10740,5680,7671,13458,6163,7814,16620,NA,18175,1203,12487,12332,14030,12330,8334,8451,16909,11014
6934,1059,6190,71,10052,7619,7063,5581,4804,10287,1259,4234,15623,19700,3838,4034,11602,12696,NA,12253,3114,10454,833,11116,NA,2242,18286,9234,8530,13456,3026,15536,3568,8176,2579,13731,6341,NA,18477,12391,8808,16969,15993,5448,3245,15567,4264
15096,10924,5221,7740,5,16532,13125,17904,16954,17750,12101,16773,11034,1956,4134,1351,17713,5639,4491,18165,6454
15696,7062,2931,9187,5056,9426,9441,2665,16049,6875,18142,17434,11260,1153,14495,8059,11792,7691,7350,NA,18511,8117,NA,17984,4703,907,19865,6914,5769,16008,15611,NA,9233,18767,16929,1924,14258,19429,13106,13957,7465,2737,NA,12765,17784,4776,15228,9342,13508,1556,11597,3463,3401,15712,15349,5135
4818,14919,19362,13451,14805,9526,16471,10653,16487,19023,4400,1548,10357,15532,5316,NA,4223,9299,NA,16672,19489,13670,19879,16780,7151,2809,5720,15351,5764,NA,6848,4450,6772,17788,342,15282,NA,18252,15086,7930,13839,5455,1488,4501,11433,634,7583,385,8460,7328,NA,10550,15111,18524,10163,11053,12556,454,4420,14570,15253,12354,16819,13382,8876,2240,1219,3407,4289,NA,152,19631,18017,2928,7673,14760,18898
14603,14967,5007,17336,924,18801,4312,3253,2731,12129,2743,16687,NA,15106,264,4241,15249,10719,14990,13569,10196,6556,7106,17821,6266,16011,15145,13974,7683,8496,10220,NA,7974,11459,3209,10608,15679,5524,5261,10495
15173,15173,6824,16775,12959,16636,4447,9457,16512,13553,9511,12062,7807,3306,6949,12927,18060,3813,NA,11808,11480,7447,13060,11995,6183,6003,15815,13098
9191,2641,5975,8252,7564,19878,722,19203,4068,12905,19760,16088,17050,7816,12465,15757,4935,2203,11555,3518,15642,8202,8051,11763,12754,10831,8986,3898,19423,12867,17885,19505,19167,NA,15532,18896,3961,4479,4500
5779,3306,12858,15192,16983,15851,2288,3849,10563,9670,4184,4931,19651,19082,3045,4103,17471,13812,4003,9188,7125,NA,651,NA,11789,13641,12862,16766,1688,9232,15767,16368,6569,5873,16547,11724,6381,11310,13336,13728,2214,820,11044,NA,19934,14870,12644,17963,7201,16643,13648,NA,10084,16268,15663,10832,10175,5741,19760,1095,17051,13313,2967,13408,19379
16886,15577,18872,18072,17974,5524,18729,13914,13972,5467,11770,5372,11484,16191,NA,15064,NA,13413,13498,14802,NA,17489,12849,11288,13041,13290,15235,18800,11771,9561,12402,7317,11476,2965,18289,2275,12215,NA,9254,16012,10684,10329,10793,16061
2438,5155,9394,4417,5040,18961,16274,8252,13785,15895,8245,NA,13484,11548,11179,NA,100,3407,1717,NA,18591,5718,14664,17889,4981,4249,8498,NA,17597,1472,12123,8244,4916,9192,13755,13328,18752,NA,3371,2819,NA,19767,18005,3233,NA,9203,NA,16806,NA,12073,16934,3452,16775,1914,NA,11380,11167,17908,18502,17643,7750,2332,11678,19492,1369,NA,5305,2973,7175,10864,282,12341
19462,11551,2974,1727,11747,16647,5288,5485,4898,1467,6520,12163,14406,15193,NA,17366,16260,11170,4953,2890,4916,12513,13068,8843,10461,318,230,10499,18587,4876,2531,18615,4706,13668,15937,13273,1354,1527,2618,13066,3147,5402,18269,1017,2015,15047,7126,7437
17549,4560,12153,12794,16944,6568,17536,18533,2552,2667,13557,1060,9900,577,15873,14176,13052,16438,9736,11649,996,17636,9219,3093
3623,5699,376,17374,12881,10978,7875,6073,1998,17867,18948,10570,NA,8311,NA,11781,NA,2940,2711,8246,9997,6760,NA,19801,15954,19885,8121,15379,5248,6922,19360,15364
15178,15839,1646,5385,945,7367,3350,12008,11403,18285,19589,11249,5003,2698,17201,12467,7448,179,19517,6962,10007,3280,18286
18612,18025,14383,18462,1156,5027,11238,6412,14922,6498,8383,847,1491,4291,2209,19980,7217,NA,13876,16740,5646,6551,5458,NA,15462,5562,19997,9695,5557,16815,4380,5963,6748,5665,19136,17013,12927,184,1439,8958,16918,10248,9706,9546,10171,8300,15636,18112,14482,7284
5067,1757,13349,13375,13318,5924,2808,12213,9676,15049,19645,15895,18774,NA,8586,11849,2335,5469,5278,8493,4523,6774,15214,12586,7067,5709,14325,2417,13672,11832,17467,1058,7118,NA,3621,11441,2438,10714,14874,13609,14336,18809,12988,11299,12952,NA,4017,19088,8039,4687,6810,7176,2034,3027,6306,11959
9296,15539,11016,7027,2954,2090,3520,15731,15236,10565,10328,18324,14793,3967,4386,NA,8006,15038,12403,6810,8267,7779,4008,11622,12872,12924,17263,1534,7897,3260,7062,2230,17706,56,19072,18991,9554,9423,15368,274,6638,17608,983,4474,1215,16057,1487,4484,11849,8667,11445,NA,8382,16347,14464,14252,4798,11660,5253,3888,123,7542,18176
15525,4419,17671,2671,1344,12613,9496,3099,18647,1740,9287,503,10003,NA,19381,3993,15218,7994,15962,11952,3202,7162,18109,12572,12127,18472,15512
19860,6199,7898,2198,2762,668,18246,17960,13069,19223,7108,350,16536,NA,15620,5129,10511,15919,17818,15975,NA,11516,1684,6022,1021,17059,18546,487,15640,17436,2749,NA,4277,NA,4063,2741,17019,15137,9612,7115,2281,11607,7918,NA,3870,8003,4452,3589,NA,16875,13628,6796,NA,10797,19269,3526,10104,15017,14393,6844,7449,758
7489,19676,6693,13480,2377,12555,17588,15236,5248,19038,2031,9460,19547,6461,NA,9846,NA,1554,8843,19448,18046,14715,3291,9846,13172,3055,NA,7095,2802,855,15371,9608,15171,1651,17227,5476,14407,14427,2946,10183,7010,15082,9908,15803,14749,13209,17555,1590,1369
4777,16821,2626,8807,5144,16221,13350,7509,12829,16984,11874,5103,10225,NA,9782,6148,18541,18858,3304,15780
1538,11458,16663,13245,16268,3298,9870,6963,19080,2700,4244,843,1919,18282,7862,15323,NA,19456,7557,13740,1037,8415,4913,1588,2092,8833,NA,5904,19191,15324,19881,NA,18490,9357,5896,4129,14991,6432,17029,14626,11176,19598,9433,18041,6958,4625,18326,5377,19873,12454,18969,10255,1482,12169,3275,8920,9519,16745,3813,4081,13965,2680,3667,4811,5468,18832,9436,14264,14063,9230,16121,10182,12396,8440,11382,879,15331,4734
13785,7228,11536,1385,5161,14131,11215,2084,214,12048,16647,18348,14839,NA,12792,1162,9334,911,17966,7960
7174,568,16578,19880,11025,11095,4392,12465,2841,12951,1607,8725,11199,4856,15615,6118,9803,15435,4958,15675,NA,2615,3736,18926,16273,17230,8542,11299,8963,9081,18576,17893,17956,1766,2194,13429,13222
7777,6255,1084,5607,3032,466,9284,7557,2251,774,9746,18558,9964,14654,9354,4629,14480,13480,313,7193,19020,1,10680,1546,8863,169,1488,3603,12275,NA,17158,7423,NA,5659,NA,4275,13435,15349,685,19907,1678,11795,3132,13578,14038,10629
11364,19771,2121,15759,7918,14416,970,9994,7224,6526,2533,9940,15795,14982,1373,5313,17131,NA,2617,3011,16334,17020,18567,NA,7368,9443,2251,NA,4609,8619,12057,254,2416,2761,14166,11057,17908,10457,4257,3899,3081,16423,15420,4884,7639,5028,539,13667,NA,13724,2846,4905,2315,10518,8630,5798,8074,19929,NA,2157,5092,6603,NA,19566,8773,2494,19682,NA,3411,6443,1488,NA,9602,4699,12672,18644,14609
11235,10693,6803,13776,15272,12132,15146,1819,5729,18116,12699,19703,9908,NA,10610,NA,8686,NA,16931,17474,7307,6281,17382,1734,11789,16237,7232,19988,14884,7178,NA,16476,9194,1825,16053,3212,6720,769
8327,3708,11341,12987,8960,1467,8038,6887,18075,9096,4989,NA,15849,17496,16281,10956,5182,12653,6681,9786,12318,1351,1813,4914,14835
2408,15327,4549,16604,11472,16995,15145,11469,5715,6653,13218,353,NA,2167,NA,3809,14058,430,975,NA,18714,12586,NA,2488,10786,12382,16131,17066,17260,NA,19062,907,15222,5071,3195,12573,11193,16147,1750,NA,11218,7888,18073,13538,5863,10667,10106,9061,18726,4379,5280,17526,NA,4557,12733,8411,16106,13172,10224,7027,13477,18145,162,2776,6489,14553,4881,178,14025,9088,1723,6285
14743,17127,5496,13310,8361,4104,13279,2356,17644,13079,19960,11576,NA,2787,802,NA,8987,6569,14899,18020,17354,8020,5742,13752,3480,5623,NA,13926,2604,2672,5665,11810,3984,13984,16149,NA,19406,16019,6924,3311,3845,8001,NA,2170,3502,14716,12188,18805,3707
18194,15993,4485,17599,13134,16149,15683,15060,12811,11336,7792,10598,8981,866,776,NA,3812,3854,3990,15542,17751,19512
10023,6907,128,3025,12863,708,6220,17575,17703,12171,6923,1957,12608,NA,1719,1534,10077,7703,15601,10400,1262,14519,13033,5240,18893,2926,13972,6963,10521,15047,2012,16851
11432,12954,10421,10701,1487,7205,2666,8245,13175,8081,13826,3196,3616,10553,3345,10123,14774,17163,4809,309,5838,6403,8267,13215,13944,16669,10441,5573,NA,10215,15412,3307,1684,15753,12190,8581,17470,3545,13278,NA,4395,10498,2111,2242,8101,11991,16438,15184,18743,16605,11531,5687,14318,9034,11914,18865,3548,NA,10621,3883,1126,13409,19934,18428,5531,6969,2687,17132,62,14464,2645
3261,1087,9643,13645,13408,17301,5696,4314,18525,19667,13827,17725,1171,17163,4300,12540,7671,18800,15269,2469,9291,1835,NA,169,19466,15984,17689,8221,18661,10,286,2935,15333,6791,137,12065,12170,2895,8614,7910,9013,1352
1617,10380,15925,18985,14165,9351,4768,17381,4844,17976,14596,1408,2881,8686,18765,10089,2865,NA,4494,1881,17048,13188,14039,NA,13411,16101,19146,16611,9793,NA,17166,NA,17114,19520,5729,8109,19100,16028
4062,16184,12867,2731,1164,9101,4405,16912,5452,3428,9512,10589,7882,14209,13923,777,6090,3999,13390,13921,9551,17482,NA,5586,4930,3113,3360,1102
17581,8127,10447,7017,372,9369,17247,15958,12807,11636,2537,13988,7398,7463,1797,1031,18021,16444,2213,15012,14822,NA,3379,18506,13551,15400,7680,8490,5309,1691,12951,13478,9994,14873,7378,10949,2567,18772
5598,1739,2052,2714,2879,3641,6640,12578,5973,15296,11922,18834,4792,6012,12,5666,8451,11116,19618,9837,9577,2834,17883,4725,3650,11037,5368,4731,4480,9329,19328,19312,764,NA,3743,9991,2780,4682,7557,10715,8802,NA,11656,NA,17498,14618,11040,12777,3890,755
18191,11382,18603,9565,8948,6162,12763,16611,5575,9868,8680,NA,11733,10862,17624,12999,12526,5909,13503,5867,17156,NA,13005,NA,12071,19254,14566,15961,12260,NA,4501,17958,80,17804,795,4044,19934,7644,14510,2255,15711,13487,3568,18445,875,9046,1026,17080,17770,55,9453,3517,18213,16887,7717,13106,568,3069,15345,5963,7478,11344,11503,8455
1911,16011,13042,11198,14411,3843,3956,7582,10058,19222,15133,13245,9247,13,16642,7468,2962,19031,NA,14012,7499,1374,7307,331,1916,2374,18442,8766,2405,6286,6136,9595,8159,2743,2049,3784,4218,3512,12091,13154,9962,2498,2911,4706,7010,14301,14873,19767,12681,3200,6105,1675,5460,6002,19451,19474,6063,15050,18347,12930,15116,15534,10595,12809,7189,11638,5008,4455,18857,5908
6268,11057,5037,2647,1221,7974,10851,933,17823,9768,16683,19621,15946,NA,10756,12603,5276,17679,14864,201,1455,7227,12249,15355,12634,17556,3919,16608,1526,202,9168,17489,NA,83,10802,19406,NA,10755,1423,16628,16696,5925,8564,11131,19241,6541,17066,18079,4163,16847,16009,5143,NA,2879,16386,8880,19655,7781,12590,7909,17662,16129,4399,13649,4219,9989,13315,3101,17559,3662,9,16233,18886,11025,6759,7396,12038,2913
15077,4622,5064,18168,138,10804,7667,11839,15511,11436,2605,17417,1517,6606,13005,7722,6928,18354,2655,13020,1205,11580,3746,3318,5408,19207,16531,NA,16997,10237,7628,11981,4713,7360,10664,6290,9926,11525,4466,NA,437,6062,1426,4233,NA,15545,2168,3695,17280,19959,NA,658,3627,331,5796,5382,19731,2771,11727,3102
7440,8907,14430,16409,4884,4507,14559,8511,2608,11286,17017,15777,121,7835,387,4752,12,6630,22,7086
5941,6036,14338,14250,16858,12171,12995,12154,17875,9059,11928,16703,27,8828,6645,12533,6603,14742,19408,18231,NA,18656,NA,6434,12001,17882,19443,17624,4095,15005,4477,7455,NA,16015,1832,2326,4746,3424,NA,5013,752,9025,3247,10876,7880,15010,12186,10884,3002,319,11354
16005,13586,8896,7823,6661,2470,13373,7061,16925,10384,18705,5148,5369,9484,18326,13266,11893,17592,19644,10123,8152,1845,2961,16596,1653,10209,303,5248,9877,8334,3654,16801,5118,4257,7953,6188,NA,4845,16852,16637,16580,17049
6738,11201,7968,15476,19950,9612,6060,18882,6754,5308,16784,10952,18783,3380,12562,18816,3626,15360,8147,5965,NA,16516,18914,814,18987,9178,269,19872,6635,7438,12142,13187,246,16871
11711,13707,19606,14676,15004,13215,19538,8525,209,2626,8421,4429,10052,9130,17336,17380,167,13426,13566,16633,15431,157,16224,5506,16837,18412,17442,17972,12587,3285,5614,NA,7436,5332,16206,11053,8464,NA,6539,3472,NA,9388,8584,8200,15750,5733,7879,8822,8278,17176,NA,14039,8230,18086,5436,16374,898,6650,13519,2427,3304,8185,629,18051,15947,9413,13143,8776,7618,9877,7811,18292
10738,9593,14478,14842,2212,240,10235,4528,15276,11170,9194,7135,11006,NA,8505,9043,16374,4594,1321,340,483,8444,8584,19882,NA,13210,NA,6074,9094,8906,4327,6258,17412,1701,15537,579,10834,6688,1885,NA,18968,NA,3551,17408,2434,8626,16948,4292,NA,10857,7735,10472,334,345,3005,18170,1873,7221,9831,18375
14482,17691,15969,4694,3745,1392,10387,4344,14294,13306,12044,14433,10105,14110,8843,17224,NA,16615,5038,8958,1938,10537,3339,2775,NA,14058,5719,1825,9983,5573,3562,9103,18234,6946,9315,17876,400,12192,5413,6912,6095,NA,11690,13638,1984,8440,6981,NA,9349,2662,13137,8572,19515,15792,246,NA,9771,4704,NA,13168,5973,195,15829,10433,3881,4840,9242,9059,1182,13135,2881,8819
2606,14047,19214,9351,4018,3851,19955,11023,9813,4929,2004,11902,8995,15478,14427,11146,14760,11080,1364,11715,17337,13584,4614,NA,16362,9285,18397,10850,1808,NA,9170,13602,1372,1707,12638,16633,1442,15843,580,5198,6560,11500,5121,19715,9143,10158,8692,13175,3332,1874,4556,10363,1739,6727,8498,2375,3111,7164,5603,13595,11392,1504,13131,745,6577,4769,NA,11908,593,14052,16782,8709,4617,1430,14362,15835,16697,5687
2336,3234,18541,7878,13388,12025,7106,5680,11407,15249,2326,16966,13939,13160,3428,6542,1636,13642,5929,14211,18036,17672,3312,14407,8363,8968
19912,14484,12640,10347,16115,9035,9112,15485,19979,4821,10545,2945,4985,14232,11165,12098,11035,13290,16283,18876,377,15511,9545,3956,15205,2221,5636,3652,14916,9993,4846,190,NA,6576,NA,14702,13480,NA,12100,6252,8289,14608,14335
14232,13447,9331,8030,14172,18203,16452,11136,3116,8957,13296,7066,17556,19001,5343,10596,16067,930,459,10560,18452,10687,8361,18723,1577,16196,1888,5126,18105,17108,11066,729,NA,17498,2169,15949,17307,6488,19861,9815,2059,8479,5693,19992,19245,7304,17643,18338,17917,10774,7794
14417,6386,13038,7772,7262,5846,19089,8895,446,11775,12812,NA,12305,6168,14665,18513,8596,1998,802,686,NA,9572,3365,8787,3498,13508,490,8770,6270,650,9560,10019,1640,8741,12260,10878,3613,5808,NA,19639,6615,12748,16563,19972,1214,17687,NA,264,859,18865,859,676,12420,1084,10796,117,NA,2962,NA,18154,6603,NA,2744,4783,680,9142,7893
12257,13590,19624,4599,12326,7364,7361,99,3734,11973,5407,NA,9049,13474,6235,3366,3966,6560,5338,4366,9125,12660,7923,19694,1782,12949,18556,16306,7358,13254,14902,2587,17944,19466,2069,9619,13113,16706,9181,10439,804,12416,490,12958,16509,14296,8630,14089,19492,3325,2773,2107,17076,18958,18227,12003,3757,10979,14098,9501,9212,14844,6450,15883,12277,1917,3250,12646,17165,403,6111,15891
7549,9771,4204,14730,10965,1902,3677,14238,13428,19334,19507,12722,6837,14819,NA,19838,16609,13869,7910,9081,9081,6094,562,10401,13497,14635,18537,2072,NA,12037,6628,12291,9364,7535,19589,18,958,11715,1034,15611,7223,NA,1135,15813,12032,19468,NA,2656,706,9305,10793,6698,18781,6955
17756,1336,17118,6893,3893,15630,19671,9046,5973,16300,37,15089,5971,12075,12916,3712,15516,NA,17979,10074,6567,11627,12584,15729,12487,6013,176,10818
17854,9793,7495,17039,14451,3147,15674,18366,11450,11761,19089,13187,NA,4392,886,2078,14253,NA,4525,19732,10956,1234,12746,7058,13921,17842,15832,16696,6018,13197,14499,10326,2582,12654,7077,12644,18533,13765,15432,3065,9933,8609,3830
19588,2318,5417,16717,13931,11720,2879,15606,9572,18091,13860,3615,12738,19735,1140,18987,8191,14870,13116,14147,14852,NA,8536,1132,7685,6379,2342,9514,14703,12214,5312,11891,5967,4542,16005,16655,19100,7836,16087,9740,2548
8460,2011,8514,5566,6131,127,19616,6572,12043,5332,11991,10914,13135,NA,15654,14965,4558,18824,19060,13183,NA,5707,8998,1721,7203,15735,7794,14552,13357,NA,15472,3323,18339,17681,13139,2806,7917,1196,15344,7575,13706
5649,18182,18455,17796,787,13110,1464,10049,5970,14848,5500,548,9375,11756,9828,11887,13538,3777,644,9290,102,1350,9946,16285,13405,10835,13688,6188,13195,11796,NA,3311,5333,6524,16045,6228,4995,15713,567,NA,2608,5793,18816,11327,8621,10596,17032,12531,14490,19385,5440,14782,17500,1794,4246,14047,11711,2448,4560,19866,2342,17340,17925,18448,19208,19907
4059,7891,19272,14398,8696,11031,1483,2619,1610,2395,13918,11647,19618,11041,7555,16514,7688,14515,15679,16110,11067,8441,13434,6539,16695,9631,12709,4211,NA,9962,3181,15197,2831,11491,17838,NA,3140,12640,742,17385,492,16419,NA,91,13997,8567,13588,14431,5987,12528,2475,18106,7007,12314,11534
18857,5361,2750,12400,1023,17003,18619,1680,18824,1422,13415,452,16939,12174,18041,872,10189,1792,9983,5376,19834,8351,15296,12908,13558,17530,7473,10910,16076,18935,12743,3971,14107
9270,8053,18109,4031,17165,5083,6387,3869,4346,11499,1289,15145,16459,7693,9251,11932,863,5022,5704,7190,4374,19920,13652,16278,15329,8968,12459,731,19084,11503,5838,7298,14356,19777,10335,15289,6456,15123,14434,12730,434,NA,19335,18932,19956,8870,18939,8209,5328,15429,15466,10637,16330,6631,6554,16608,6011
4249,12447,769,4144,1049,13910,13320,5170,2029,5514,4306,3729,12873,2082,17040,17732,3390,10190,3870,4312,10971,16841,9411,11646,5162,NA,8944,8637,7780,5165,5683,7006,1482,NA,3269,92,4704,12853,1450,11558,12080
13866,9946,10122,4446,18485,19415,9924,7544,15153,3121,14464,12293,NA,11086,NA,16079,19193,13693,303,NA,13884,6781,NA,2716,8900,3413,412,16832
7168,2154,13096,698,2889,13274,934,10032,6001,7086,8941,17149,11339,5891,12290,2050,7846,19197,8990,229,14162,NA,8546,16078,5734,11387,3688,2708,3948,124,14719,839,13169,5563,4645,10853,12345,NA,11956,18586,NA,4591,15904,17700,8202,16518,7654,8683,9040,11388,8611,NA,15973,13125,7838,7089,15073,NA,10063,NA,8834,4850,4,5708,1643,16475,9961,9965,13677,15750,4002,15717,4281,14883,9540,11757,7148,725
18150,5634,13678,2527,19435,1354,11324,11708,15014,7350,7442,14772,11594,9996,898,NA,13544,7632,11043,11308,18732,17613,14651,17486,8779,8569,15101
1033,17576,6606,6597,12096,17024,1380,6482,3083,1810,19239,1566,11743,6836,5075,16299,17089,14,724,625,4627,16695
10147,4987,9250,4835,658,13965,4210,2111,17554,5596,12738,17978,NA,16919,NA,3085,6668,9445,4426,13097,3872,3450,8890,NA,2830,140,12994,14197,15580,15382,15750,15046,12372,7704,10085,8262,15147,17308
2088,11072,11727,7756,19628,16376,13053,12658,803,3083,6094,8385,13249,19468,16332,15813,10640,NA,6303,9154,17187,19399,1337,1598,13392,12945,180,17999,17278
19109,1724,11771,9451,18165,5762,8319,11063,14966,12528,5142,917,15482,8241,13368,6432,19002,4362,16973,10663,5271,12337
18613,8839,3703,11849,13388,3719,479,3575,3544,1939,12157,2138,17797,11705,NA,8228,12122,15594,4864,2740,17132,1876,3688,NA,2711,19300,14507,15505,NA,5482,9958,8644,19867,7192,17846,16443,9305,12136
6822,7560,10859,16099,2714,19707,5240,107,6792,2483,4461,17735,4182,2708,NA,5386,3332,876,18134,17402,2476,NA,4764,3721,2197,19334,14493,14348,16275,2764,3279,715,6273,13948,NA,6538,3374,7543,NA,2921,14676,NA,7830,9958,10522,9929,1790,18320,19408,14736,17434,NA,19046,704,3601,17500,12707,5854,18703,10728,4715,6006,10597,18326
10713,6814,17921,14251,2698,7981,9583,3449,18650,12053,12217,14803,14675,16153,50,7505,NA,254,13524,6877,12390,11180,5022,3770,8480,13348
8244,14173,18777,10806,12938,13138,5849,9630,15528,10014,16217,8923,17592,NA,17942,10097,5354,13818,2229,13356,5678,15580,17735,18825,12765,NA,6322,10191,2254,10993,3008,19085,1353,2621,1731,17748,8514,14335,10007,4317,15413,7882,NA,14915,13046,8291,8244,19709,1773,7620,NA,14340,10172,595,1019,3401,19817,6972,NA,13021,7745,14716,11275,NA,2499,1801,19085,NA,16191,10464,12577,1182,13235,13351
4166,12588,19701,8186,15386,16334,4336,7374,1389,15301,257,11157,927,2082,327,3431,6508,19448,6540,15965,757,13113,7571,10211,7158,13216,7063,5988,11301,11218,1851
