14151,7336,997,18420,13414,11783,3031,9326,17777,18806,15570,5634,2372,15945,9532,15117,NA,11888,17758,17510,7171,18493,NA,4443,16979,6435,NA,16245,11120,15905,14606,15949,NA,12112,NA,5958,NA,1889,7039,6607,NA,19120,15283,12618,4218,16473,17999,8395,10871,8686,10108,2611,12854,6300,580,5477,6065,NA,9760,18223,9583,14060,3890,12428,NA,3793,10614,NA,16314,16248,12605,12628,14916,13009
19336,5372,19653,2968,12448,14635,348,18612,16037,6816,8870,12196,15427,17539,13090,8471,NA,12524,17519,17340,18915,5092,9345,18235,9992,11054,1610,3922,12609,15596,4006,13143,19863,14842,14324,1528,11374,9645
3023,5745,5190,7554,3101,10245,12152,16588,8504,17525,17991,17392,8274,858,7273,1216,1047,NA,1605,NA,16940,7954,12797,10392,16702,5111,851,566,5938,16862,3442,5275,8102,8796,18007,17009,3242,17405,19923,19674,13423,13305,9320,11685,1162,5044,11061,12012,1941,15448,6068,15868,NA,18927,15383,11560,6929,15889,5332,19653,3646,3414,13219,14945,16549,7513,11677,11671,2647
15667,7049,3003,12238,14081,18131,1576,13200,5640,16663,14625,4574,NA,4823,NA,7082,4175,5506,9429,11919,4093,19789,5991,5706,10657,13171,9275,18180
1079,17785,1659,16986,8370,14144,19472,18806,197,87,3129,NA,3639,13748,17668,13564,2427,19090,19722,9395,12514,6702,2752,153,18588,5115,10999,13654
2873,18941,5090,18126,6350,14048,12754,12714,19483,6283,6462,19416,14720,18928,3678,10388,6315,11174,3066,1341,15842,6583,5531,13005,12638,15779,14650,NA,10539,3615,NA,7702,14962,128,1588,18586,NA,6547,NA,1846,7987,13032,2056,13877,9024,13341,11409,4421,8965
13068,10307,19986,19744,13356,9539,6210,1235,15735,18598,19862,NA,16791,18040,NA,10995,16891,NA,8865,9131,4687,2239,4019,8617,19711,3923,17606,4023,19046,15506,NA,13976,11835,1478,14857,10614,9017,5096,7466
3756,2728,9593,2711,2361,6794,16346,6398,16862,2768,9812,7437,13468,13745,2490,NA,3136,10758,8988,18325,1294,11207,3919,8455,16716,3465,15178,18579,12228,19967,14426,NA,18953,NA,18571,9951,15000,8632,2222,NA,19731,8952,17652,13394,NA,5276,14732,4942,2124,8016,5875,19463,934,18897,NA,18736,10032,11860,5117,8766,15858,494,13067,3076,NA,10208,14272,3180,7916,1352,332,15824
11980,3651,12955,10309,12505,6768,4679,5929,306,17063,17987,11749,NA,14224,14398,4573,NA,3262,6771,4864,NA,5358,57,1176,7457,12423,15134,NA,16952,3189,12937,9264,2531,5221,4901,19521,18869,11917
19672,1227,15684,9449,16110,14485,10933,707,13547,5537,669,18551,NA,12369,15851,13907,1107,16173,4839,18009,16019,7612,NA,14473,10064,1762,NA,1160,1917,8737,10510,2998,2382,15215,12814,19473,9037,17163,NA,4808,NA,674,18511,18274,11582,7029,NA,9880,NA,2993,15587,12704,12229,2599,19418,18121,7199,17063
13251,13664,11410,9790,5731,19340,6572,18148,15785,16383,5615,1992,18596,1136,5251,16330,17679,7016,18489,8440,6255,17341,7576,14471,NA,2204,387,12616,NA,15653,NA,11757,11707,10913,10224,2477,3014,16556,13709,4672,1163,19598,14537
19739,6283,17002,4228,8533,4571,9334,3169,5939,4695,4100,NA,15480,3849,9772,8089,2617,1460,7495,10758,11620,NA,14960,4193,2424,NA,18843,3315,8729,11888,NA,13635,11510,15725,8316,7151,13759,2403,12073,11611,12684,14374,17959,3925,18292,7502,818,8373,NA,2468,19728,19253,2242,NA,1735,10142,2162,NA,1917,7034,6089,9188,2637
2927,5022,4990,17950,4913,14904,10559,17643,5102,1282,22,19264,805,7783,15345,6049,17613,8879,3610,7834,NA,19033,10103,13483,16019,19680,6933,19074,12580,19252,4305,17397
10072,19123,8328,9507,4572,2796,10411,12171,14752,1222,11722,5691,12114,13697,11825,17757,4049,17473,NA,13405,7496,16600,8548,17054,18660,5532,10681,340,1127,5505,8984,18476,16547,17784
13284,1395,141,3877,8629,11733,4629,13,12792,10458,10243,13805,2883,9003,18169,1808,2694,10344,14798,19864,17084,4376,11562,18867,16877,9069,6493,NA,17567,NA,1190,5061,258,NA,6734,2012,13257,NA,16491,NA,13578,13262,NA,17296,19142,6913,11718,13078,15298,5435,14990,13546,11011,NA,18598,8957,587,12187,890,11924,18671,654,14246,9191,9866,14143
1113,4206,18582,3080,18989,14204,1153,12680,16992,17116,2830,396,10665,14923,NA,16728,15386,14345,5988,17632,8741,8355,15850,12803,13873
13527,379,18793,602,3632,6313,8492,11883,7534,4403,9349,13882,2668,5481,3705,130,2233,13276,935,19633,19275,2127,15602,5158,2205,1220,16011,1862,19194,1506,15721,6730,16894,16385,1960,18547,6277
15420,13341,18622,12578,1790,14759,12134,8289,2819,4497,6956,378,5824,11954,16259,7063,NA,14804,10291,9519,NA,8691,1571,6682,3180,18654,17905,NA,17778,11784,10204,1324,11577,10692,NA,13624,4089,16165,3501,3539,11816,2073,5002,11430,5833,13630,11932,2259,8235,10331,17822,2848,11173,14691,17482,NA,14362,15482,NA,8984,2316,12198,6128,8017,15745,2824,176,11192
12600,6785,11072,19110,19757,11869,14027,7730,8978,7118,12931,1422,NA,5322,335,15499,NA,8369,15002,17875,5170,10634,7035,11812,11820,8544,867,10061,9208,7818,19260,NA,2177,11660,2343,NA,4694,6110,6653,15607,3302,1372,17521,10616,18260,6194,14629,NA,16818,8384,7690,7203,3509
413,17559,8712,10250,15066,12486,2678,18494,8018,15749,3954,4484,6107,15727,10706,19360,17275,19339,15987,14156,4926,16685,6439,8578,17271,3009,2982,5458,15206,10671,NA,3430,3381,2668,3830,5217,600,8719,4636,12948,13694
1104,11415,3197,1133,18324,349,213,1766,6209,15960,15455,11786,13477,1948,13628,4637,4311,16263,NA,8156,17269,15058,13486,3575,13080,NA,13148,7836,18788,1290,1591,NA,18281,19601,NA,3268,4157,15651,10506,12382,2283,15431,12644,5004,19023
12529,2688,6125,16382,18646,245,9229,11292,15667,731,16510,14286,9880,5545,NA,2416,455,9549,7699,7654,16077,15637,13124,16081,3812,5467,13490,13493,NA,2874,1772,16173,7485,17632,3485,11827,10867,17744,10572,13989,9064,NA,14936,18946,18791,17397,15182,19525,16518,7147
19939,13934,5892,3133,13026,4790,11263,3624,6578,5989,16142,5985,12569,8140,14770,16855,3911,9048,7112,18784,14111,10560,517,2000,11159,3717,13824,2634,9173,13908,12987,15000,822,4826,13436,17320,14867,16232,7242,1974,15590,1424,346,12792,2259,1919,4321,10800,18442,12419,7644,16809,1953,16275,19267,4786
1157,13157,14327,9757,5183,6255,14818,14161,19307,6064,12206,10138,14508,9765,13466,7612,4408,1830,12994,NA,1748,6144,16046,13073,15514,12150,18920,8819,11756,19392,4999,8539,10144,5802,1010,13847,NA,17401,NA,6567,3273,12162,4782,16760,13884,14987,17119,18006,12474,19823,NA,11340,16460,6502,12274,NA,6138,4104,10406,17466,19914,3591,13483,14781,18187,2370,12945
16962,1359,1654,16220,7422,19484,16365,4154,675,10129,6189,19351,18919,6771,15411,12597,2216,13640,9504,NA,5625,19426,2727,2171,16365,14041,2863,6,10534,6101,15780,11654,NA,10377,NA,13296,10403,10110,7149,8198,NA,5664,2794,NA,4746,17477,5344,2435,12694,6275,14525,14673,12047,8125,9322,19399,13322,17436,958,7955,NA,8111,15220,5637,17110,NA,2152,13409,NA,4597,3999,14961,12198,13253,8414,17781,12673
13944,7958,5045,4780,2518,831,6068,10797,11003,186,6212,6220,969,5801,10968,9457,14373,15274,11504,362,2624,12924,12657,NA,7808,14291,18040,1460,14321,10848,1011,NA,15483,2058,4939,2489,319,17728,16679,7536,198,13769,650,18240,15212,12386,8265,3376,350,NA,4451,NA,17822,17675,14981,7145,17352,5455
8423,7163,5721,1336,9062,17994,11885,19565,11461,13278,3261,19969,15683,5913,14385,703,16823,12118,10857,NA,12641,1935,18407,15899,17455,12840,9065,7728,NA,4236,10704,15900,2445,18321,19946,18520,19322,7875,10822,4815,18799,19150
11464,9558,1800,9341,16631,11161,17918,3770,2209,6822,638,12200,3838,16554,8536,6755,17666,4730,4963,3405,4169,585
1389,7086,11305,9907,15206,11435,14521,16435,19845,6685,5735,18912,NA,957,7333,7420,18612,1782,6449,11116,1614,18389,13792,7301,2141,10565,15474,13853,11937,NA,16642,4905,7069,354,7602,17707,14198,16761,627,8691,NA,10006,14167,5823,5035,5618,13693,6458,583,19377,7304,10059,209,7327,17092,20000,1788,2135,13711,19210
4688,4190,12171,6379,15542,19299,3437,7757,10385,16108,6187,5818,15217,12749,16867,15025,8352,10176,17078,3686,NA,11340,3816,17764,NA,13913,4814,19363,12390,18256,3962,1925,NA,16775,7527,12056,6068,10612,16638,9318,8309,8243,11327
5095,11205,7600,2805,19599,11451,19239,18565,12075,6609,9442,11204,17503,3663,14227,11436,5159,5603,15032,865,8769,9414,12477,2907,6847,2264,10858,1252,NA,3206,3414,10367,4195,5872,18837,9409,9502,10037,7161,NA,19713,18912,12636,16453,12899,8890,9255,8227,11976,11414,15533,8276,18006,NA,878,3895,14493,12074,NA,8223,11262,NA,10058,11945,16235,16588,11502
12916,8046,10082,753,17604,6920,11734,17616,12629,1148,15864,16425,2868,8156,3412,NA,7077,8008,NA,8141,9657,13966,12067,11257,2977,7406,2212,9752
3094,3773,17775,10451,19616,225,7132,5647,8737,19760,3147,4543,7182,12136,3622,16544,4021,6954,8832,15717,12374,1644,11252,11226,10238,5444,16463,17245,7583,12131,5036,7283,10908,14716,NA,11479,6368,17967,15886,2905,18873,19891,11719,19280,17773,13464,18773
4846,10685,19763,2424,6125,19278,15111,5929,18772,2136,15452,NA,1946,0,6172,7862,1382,4464,18642,8002,11042,2292,NA,15869,11558,19006,4163,4978,742,18707,14795,11084,8584,NA,15677,8182,17641,7395,12956,NA,8707,573,3067,7198,14066,18081,2892,13120,5262,NA,10372,2503,17414,11154,5585,7620,5113,7708
759,19610,14603,1208,1879,18520,7874,10302,7664,5703,16706,2221,2788,11823,6698,4738,18996,12551,19023,2397,19117
6595,5185,13865,15015,10176,4225,2048,12709,9781,17769,8224,3251,17898,6226,19096,16118,14922,NA,15410,13372,15943,18864,9210,5753,16327,14714,7136,10822,8256,15588,8538,18885,18607,468,6654,4054,4200,14810,1023,5250,7559,9407,7777,15633,10820,19421,17271,3248,7824,10301,15149,18733,19603,6012,2210,15173,NA,17060,1408,1672,8272,15539,15167,19859,10052,7662
17259,892,15325,18233,12692,12650,16071,10663,8955,11235,19935,5766,3068,19512,1309,4568,1702,15925,15174,12028,12403,16402,2818,3369,8957,10533,16412,19478,1549,NA,15499,5570,3622,1461,NA,14236,7174,15615,NA,10875,14335,1825,19324,4383,2092,2404,18534,1025,9982,9292,14966,12877,912,10951
4572,12242,15529,19026,12448,7452,3367,7126,11586,8168,13630,10764,8311,4307,8363,11724,18957,15207,8380,6626,8050,12242,5985,17975,NA,5071,10781,2780,4516,16950,5582,7103,2750,1972,5269,9510,5362
7817,11916,8764,9661,19600,10327,9765,5991,10546,11637,7984,10216,766,8919,5631,NA,555,13285,NA,17116,4546,15936,5805,10067,4573,17833,16155,2781,13889,3823,14146,13882,NA,1471,15738,12723,14742,16414,5487,15967,15835,3320,17256,8157,11087,14545,7937,15340,8727,14277,19313,13850,11698,3014,19628
14031,12819,4636,36,6210,1258,4266,7430,10269,18230,8495,12745,NA,19294,10615,4540,15612,18742,2967,2873,1434,19013,3573,17473,12075,6357,9550,NA,12535,15711,12138,16962,NA,6425,1078,NA,7604,8334,13042,19802,15692,13422,15717,9283,2445,NA,8738,11428,15480,10873,10712,5578,503,18660,NA,17479,4266,12561,17396,18774,17487,7436,9143,18279,12062,16358,15796,17424,10193
6528,10645,241,9759,879,499,11761,18165,4724,13381,11708,17349,10415,6130,6838,NA,18753,7682,17077,13625,NA,7020,11755,7619,10742,12685,19606,0,9700,14444,12459,10288,18111,18919,11946,15832,NA,12729,15430,6322,14656,17562,18747,11853,16426
17322,2513,14318,16815,9007,5725,735,17089,9893,14602,4393,12825,9940,14032,11937,18779,14953,11362,7181,8175,13283,4873,9305,3361,1723,NA,10093,NA,14477,9985,3597,5878,1203,18393,18269,8114,14048,4533,NA,14597,10163,1968,6967,289,NA,11293,12052,NA,1235,11636,5468,8959,18545,19337,14865,14756,4651,4554,13429,1748,4908,15113,14456,3694,1243,7252,14797
3624,10771,12906,14709,17881,13183,14314,6497,17214,13790,16154,11441,12383,6217,19851,17631,8187,14574,1878,1112,19603,8207,5860
5494,3693,11496,3605,2948,14331,18911,2528,13677,17511,11485,13698,9927,2711,16262,177,15664,11638,10171,6833,3016,5347,19740
367,19929,3589,2700,2744,5646,7254,15218,3427,16719,19202,6034,1561,11980,5598,17010,NA,11236,16611,783,3394,12422,18165,13898,9406,6027,15671,19352,345,1836,209,3478,9438,5336,13308,11307,379,19253,NA,12696,NA,10828,18131,6257,NA,1953,15347,8069,19747,4617,NA,167,13090,12959,11371,NA,1614,1603,15165,13127,9216,10393,12166,14931,3283,NA,7731,10342,NA,2049,16895,18569,16343,17835
1967,15762,2505,18700,9858,13966,11469,11150,17987,5128,16625,16976,664,18245,11663,NA,16522,12199,NA,4298,19445,14171,3666,7090,7481,NA,7050,19545,17669,NA,19510,671,16499,NA,8526,2559,18314,9098,10793,9180,19486,15527,8835,6766,11198,17898,14541,11977,1342,5766,5957,13603,10902,9388
16726,8224,15658,12684,794,6092,3946,19249,13456,4490,16722,12963,458,17710,6756,13883,15823,18939,6451,15088,16273,1676,12485,5345,1158,19160,17841,888,12936,NA,9621,1141,16948,18144,2710,5033,7361,14336,14726,12778
3948,373,14524,15396,7187,16300,15607,10790,17997,1276,2142,1763,7899,3834,1623,163,13262,11885,NA,16220,8037,6703,12852,15281,13040,NA,7908,19377,14941,18985,18430,5163,16586,8702,11414,892,NA,5383,469,3970,3080,12601
19842,11082,14829,8850,5362,17582,8622,3056,1367,15881,3776,19115,7088,2340,9007,19317,9740,11768,759,5664,14133,16955,19913,3374,16880,18953,487,11607,10234,4168,9046,NA,4115,11771,3584,2135,5490,NA,1897,NA,11575,3971,13148,NA,12993,937,8183,10706,8773,10695,13542,1160,9363,6729,13862,1786,14809,NA,16482,9202,16819,NA,4925,5210,1578,5338,13816
15855,17914,18295,664,10024,4890,18900,19127,5931,1421,19859,14210,5235,17586,17700,5171,7946,12357,15447,NA,6270,12018,1531,2911,13396,5654
15494,3461,6614,7002,3645,1036,14332,9772,18103,17275,12774,8079,5623,2210,19479,12262,1646,10828,4249,13564,3980,NA,16203,19838,13284,3906,9866,19431,10180,13273
8295,992,5554,15819,16976,662,3565,11300,502,10386,82,644,18305,9022,4672,14907,3287,44,11720,2403,12593,8670,11508,2116,7421
13193,4539,9323,14367,3910,7321,14762,14369,11408,16109,11443,4239,19736,NA,847,9702,15136,18699,12323,17781,3069,9542,14864,1676,NA,200,4567,15012,17723,14417,4790,13308,15882,1976,10228,9354,12497,3008,3153,3045,19651,18343,7154,6942,6308,12355,1916,10524,11375,10050,3381,12195,10234,12032,13064,4347,14266,15747,4286,3294,6520,NA,7701,NA,3384,6820,1450,17547,9502,10615,14258,3351
14804,1761,17908,2302,16769,1658,10928,18413,10204,17048,6110,15648,15627,1169,18613,16611,2237,185,16851,1911,13574,7010,2002,18168,9292,14462,16025,6733,4145,19300,2630,3611,8729,6276,18989,13509,1373,6531,14409,5855,8945
8009,10688,17790,17586,14524,13583,4654,9684,6536,428,6608,10693,NA,1697,8610,3884,1565,NA,13086,15058,2916,7782,7772,16051,19528,6171,13351,17617,6546,3999,19465,11712,NA,9469,11058,12589,12367,1787,3689,18172,15118,12143,13980,NA,2478,10076,2051,4637,4323,13227,10382,13806,13641,4192,13742,NA,13153,1034,15257,13424,2533,1200,NA,16609,12164,10695,4137,NA,6204,5476,5120,14216,618,5567,2626,4384,18850,4319,4749
14651,5270,19537,9044,4957,6175,13180,16112,750,3323,15888,9629,7335,7901,16364,796,3921,NA,17266,9322,8620,4452,9600,NA,13779,5362,18141,19587,NA,10610,9182,NA,16350,6925,18876,19426,19114,NA,12160,10695,11436,8017,NA,17845,6843,12125,1362,7057,NA,19722,7275,16407,NA,2763,11335,16925,15080,9142,7956,NA,6375,14285,19919,19269,6181,11231,16987,5141,11047,15810
4745,9863,6584,1033,19215,5768,4723,4885,4903,142,18768,NA,5925,9525,16013,15636,NA,13084,668,4518,9766,14796,7780,18157,1493,2141,5387,2032,6691,12479
14914,3032,1925,444,15605,11549,9252,7313,11410,18125,9924,144,19776,NA,4460,9132,18948,5337,12779,9852,1604,12932,18388,17553,18427,10726,5082,3386,740,13997,16818,10641,12221,NA,1869,9988,4448,8895,NA,6669,11634,18929,396,3576,10038,14756,10368,15429,16891,8174,10341,18009,7356,6777,2412,NA,12730,1843,11289,14470,389,6915,6441,4520,14704,1721,15447,5525,4806,14178,2144,14481,3088,3486,6624,5381,7096
11802,14997,2345,6907,15935,8059,2867,6607,8920,9345,3047,10488,NA,6836,8190,19941,6324,NA,8724,5538,5308,17408,2392,1581,16586,2502,6103,5542,9081,4782,2843,3726,10851,4239,17406,4535,9816,10553,NA,15989,5359,884,9537,12205,800,7882,12937,547,4170,16042,5624,11839,8657,16401,19816,15589
14661,1829,19476,1002,10416,13147,19860,7765,17373,3998,19422,11640,5346,11176,11851,19583,3623,NA,16527,18359,NA,18208,2698,19449,10381,3467,15894,928,15272,NA,10220,13797,17157,14499,16032,16734,10547,4253,3029,11725,825,14042,5885,18733,728,NA,11429,294,5740,15512,19552,NA,14948,6971,7397,6044,6532,13109,6967,7129,NA,1278,NA,19487,2930,7728,12523,NA,279,NA,15194,12509,2205,14328,10690,10353,17171,4611,1831
854,4443,10963,5450,16492,7731,14240,94,7244,11855,11171,3327,2235,19,NA,14975,NA,1159,NA,16574,1279,12720,15126,7161,NA,9922,1611,15656,NA,10214,8638,16699,8166,NA,3785,11168,1303,17344,9569,1230,19564
5007,7024,12552,6085,630,5258,18958,2832,5347,19564,18850,6042,16250,18208,16407,14143,NA,6538,18200,17874,2303,3497,11974,9999,580,8115,17607,8357,6292,4757,10542,13823,14865,14307
13600,11318,99,14069,8298,124,19420,17254,4503,3558,9762,NA,4581,19087,3400,1727,NA,6970,2187,5129,9537,15616,6652,3161,12300,7578,13868,14626,11157,19751,7847,13089,2351,19091,15770,12077,8876,12375,3044,7813
11181,13228,19802,11718,5342,16436,2481,15750,6675,8209,3016,12504,14282,9796,NA,1947,6060,2139,4077,NA,581,13100,3960,13655,12696,14528,8162,12318,17890,5348,15494,13765,1720,19112,14859,13525,913,14669,NA,11286,NA,14814,17627,16063,6046,3730,10163,NA,8321,2214,45,15824,8538,NA,4027,15626,6981,4588,12711,4022
4526,14199,2701,16177,1380,17482,19805,6331,9812,8737,3076,5101,NA,2202,8922,7833,5299,4191,16966,12507,17913,14708,4630,10190,6830,9568,488,NA,7791,9281,16723,15188,2011
11830,16101,9193,4439,18132,9641,8772,17490,16232,16500,13136,4101,17922,2294,14411,4593,2330,NA,16069,3209,NA,16517,2797,8163,17898,8479,7809,NA,3000,8227,11084,15115,17462,15034
4322,11413,585,19217,19987,6127,12943,989,10836,12558,927,9982,17011,NA,19957,1340,13467,2687,4660,4266,13817,11737,2250,4623,19911,4998,16040,1358,1294,18033,4698,19500,2809,NA,10697,1400,19727,6592,15100,86,15759,13323,3487,11047,19246,12299,NA,9558,8722,2504,6195,19539,NA,12711,12133,10501,952,13386,19338,14106,14020,4380,8837,1114,13553,1556,14280,17760,15657
17959,6173,7698,13101,6519,10488,9763,8969,6704,12630,13341,9300,16570,15376,17286,18516,424,14810,2734,2370,8999,12444,16742,11820,6092,66,NA,14094,107,4134,19605,2532,14231,658,8361
10142,7907,3965,19867,19099,8692,8165,16327,10719,18128,4704,5426,4384,12752,11465,3556,4517,12438,NA,18209,19632,5319,2344,11633,7506,8379,6611,17530,12315
3932,8603,19639,18990,14630,4460,997,5036,6029,10558,14744,10701,1971,15560,474,15945,NA,14149,5320,19483,7150,5651,19177,14059,3546,11934,8140,4890,3618,5203,19415,2287,3596,1456,15464,15454,6285,8476,521,14987,NA,18856,5253,4160,17973,12255,17706
164,1741,6960,14475,13481,13437,2905,14948,18276,17037,6621,9238,18179,2681,13831,17790,14074,4713,6020,16160,NA,11821,17384,13089,14423,335,17280,10353,NA,18035,14969,18251,19490,16601,13084,9577,1577,5916,11902,5079,13697,13156,19885,1028,6182,15793,8778
7540,688,6932,17504,10518,7657,18408,4331,13405,2114,2594,2535,14456,16484,15944,9090,4004,973,16877,8985,7322,10796,16399,19684,231,1749,15407,11305,14355,1434,14669,676,18263,16190,16029,17740,7956,18685,16845,11712,8079,758,11591,19528,3246,4630,10015,345,1760,15221,4761,2044,5803,13082,10914,2930,9336,15083,9584,NA,7412,17459,997,16098,11957,13644,18732,NA,14926,841,6347,3298,4739,1302,1496,6949,2789,13608,8343
501,18568,10061,13302,2089,4166,17395,2097,17955,13843,15223,15201,3444,13619,NA,11409,8716,6263,9679,4622,3142,14372,3819,6611,18298,NA,5632,19899,2529,10248,430,4244,3758,NA,371,6548,4061,14988,11073,4357,3743,2820,8968,17873,16560,18545,13809,5586,6208,8070,9670,15673
105,6818,2755,16797,9017,11239,1020,7223,18485,16766,11444,13828,5792,15413,15943,291,9948,2477,13789,1885,3857,6828,3801,822,10279,6522,9171,8850,12231,14724,18378,10324,7527,18006,1580,11204,12492,12223,10055,11396,11467,4019,5413,1831,15548,2301,8655,NA,9517,19223,6254,3982,5810,NA,3896,NA,15209,4605,17055,9501,2073,19811,NA,13375,8011,758,10185,5660,11808,2063,2909,12038,1229
2613,15311,7645,5538,7419,2319,19371,18680,13400,4379,425,1788,17692,10895,17188,18286,14084,9735,7421,11364,2721,8499,3803,7053,9655,13339,2683,13281,61,13388,NA,12377,2111,6172,14236,13506,19914,287,17442,NA,7245,1689,18776,6789,9152,18114,7811,2337,3577,3437,8543,11181,7476,7753,11275,11907,12995,17334,17804,6547,19840,18005,3136,3431,1960,4994,18890,997
18277,19923,19337,10360,13610,13670,10239,2760,3521,7607,12,14035,8855,7138,11830,1895,17893,3175,14704,9233,329,623,11057,18803,NA,340,NA,10702,10457,9894,7641,16226,4619,NA,17141,560,11058,15621,1174,11870,5897,11268,12674,12005,15970,10288,17316,1277,9399,15850,3798,1366
10838,15365,15647,14060,2573,14744,10077,3571,13961,419,9909,14740,7866,9039,127,14779,1942,18451,725,NA,11660,8312,7822,43,2911,12151,3385,8787,10825,13379,16357,10321,11640,NA,18340,14814,14302,2755,13076,3390,17661,11692,14529,15460
19142,18967,8247,15378,6822,3953,3201,7091,13468,2720,4630,3218,19466,4166,10390,17141,11305,11412,8818,11201,19734,834,16329,19920,3170,13104,13003,13489,18413,NA,15574,6096,13404,12301,11700,16055,16845,550,12683,17084,7651,7434,NA,14941,17128,15305,NA,10031,3902,3774,NA,6965,10249,15640,12606,9254,8467,1092,12420,12741,8841,5906,17125,NA,3731,8593,18880,538,19830,14383,NA,479,NA,7441,17773,1825,19922,513
9870,291,3628,8803,18959,9141,18328,5007,15331,19532,7715,1806,4902,16153,4207,19529,NA,10054,1499,10577,16500,572,4641,9725,NA,14105,19214,16551,18636,455,17769,NA,2817,11649,6075,8366,4429,16787,18868,14098,6204,16440,11515,18613,5975,1851,3956,13265,5231,16476,9016,9436,19098
19930,12023,3525,13648,16956,9236,4165,2634,13989,15301,9259,NA,15728,15357,1159,NA,17117,5201,11996,3533,19164,16705,4737,15275,13523,16208,15048,17143,8781,781,6373,17310,5925,NA,10097,17000,17117,19619,4622,1545
14611,10079,17457,8021,10967,16214,8197,16560,17208,2551,17666,9588,6060,4033,14156,18584,14286,796,11002,NA,17116,15863,NA,19031,7158,7385,NA,18154,1280,4331,11310,4378,8493,9650,5258,17508,7237,18703,16617,11756,7776,18692
14278,17617,16379,15701,2030,13394,814,15095,18737,5835,6249,7859,17041,13222,11010,10260,7068,12826,15531,16501,15596,8433,2697,12267,17598,17062,3832
463,7976,14628,2853,322,1978,10207,14040,611,19129,2882,11773,1796,NA,9949,455,3852,356,3871,2538,7835,6960,13106,17162,16093,18202,9325,1507,3214,NA,17524,15803,12807,14796,4301,7097,1021,6194,9070,863,16259,15761,11673,10093,17841,14534,1658,9295,13322,NA,15421,2092,10565,19246,13147,17797
1523,1960,16194,10720,7895,9062,1699,13875,16197,6921,12934,11730,NA,12097,17359,42,407,12109,14711,11196,NA,11534,5348,NA,15950,11448,18832,7720,19199,404,18445,1573,NA,6865,6753,492,14040,12659,9888,NA,10323,15168,6720,14885,5008,NA,19921,8600,18993,16005,8815,5812
5242,2110,7868,8143,6588,10141,2469,18975,9365,17180,6479,14067,16257,NA,5960,2391,7277,NA,3935,13616,NA,10910,340,18874,18553,7314,6601,7947,3475,18840,18103,NA,6573,17318,1087,2485,19880,937,18865
4549,1673,360,6419,6401,19970,4837,1652,3249,3786,10085,3257,1948,NA,13513,4763,19929,18221,11210,2161,546,19951,1073,17989,11502,14830,12482,2715,2480
11014,2448,11175,3364,8374,17704,9499,14353,3948,11395,3622,19476,2154,15219,10372,4992,10104,9920,2552,7453,1742,5031,NA,6748,16355,2229,16242,17909,1325,11433,18361,18109,13145,4464,19261,6393,7736,2821,14113,6683,11857,794,12942,17894,3043,12367
12438,13431,18789,8649,19398,15915,19013,15844,14328,6064,13576,12376,7573,12108,13094,NA,12406,9199,15983,7441,18444,15292,8570,3947,14637,5929,12417,15070,10854,7193,1013,12121,14120,8308,16016,8860,5493,15960,4935,6426,19638,6149,14514,5719,11972,18548,7301,388,2963,12683,19623,16562,NA,7407,6102,12261,13730,12942,4084,7846,7065,15381,7663,18475,16453
7144,14545,16510,8792,19796,1571,7518,2514,4748,1040,19492,8747,10687,11104,15302,4582,1959,12188,8947,9954,13806,2933,19220,NA,5086,NA,17812,NA,1183,16379,15149,18426,144,5924
15473,15825,18043,16535,3343,11767,5440,17309,7908,18391,2591,7539,9534,15181,9940,NA,13713,12426,1854,9682,5928,9911,6258
6623,10280,1648,11549,19926,2671,17517,3789,9462,4278,19661,13951,2409,19805,4386,3412,8263,1217,NA,8407,NA,381,1063,4046,NA,4716,2609,2025,7157,13074,12582,5851
18786,17936,3006,13967,8490,19634,3376,11001,9021,13348,15771,16879,NA,16252,5832,16534,17949,1690,355,212,1175,18430,5321,10748,14621,9233,12046,5821,8594,NA,19994,15443,4366,16340,5764,12760,6499,40,13720,19947,564,5262,10870,NA,3948,15526,11958,12560,17027,10985,13179,11802,12607,3510,18816,NA,3086,10999,16172,14826,NA,11309,15168,19240,18409,1726,NA,7954,2850,12813,3581,17837,7063,6941
5242,16112,18913,4484,10560,7350,11308,7953,1756,4688,7423,18270,11849,18619,9719,18098,17592,4369,1160,11431,8192,4570,16204,10367,17781,4117,10218,10553,5916,10463,NA,5132,5948,16591,19549,10558,16203
17342,1963,15175,4274,19823,12127,8675,13432,9697,2073,10398,NA,17320,1831,17280,5539,13962,NA,3804,1260,11921,3417,9559,NA,4097,11688,NA,7145,11087,NA,19613,NA,12717,17158,17704,7079,16541,12041,15908,312,13782,13962,482,18489,5282,13696,7375,NA,3420,17878,2828,774,14365,12678,19566,1596,1146,18616,NA,6675,4398,3631,18849,17373,15521,14491,1300,10617,NA,7405,6067,12626,3005,15103,472,16374
7349,19359,12578,13998,13309,2154,6981,14843,18569,17517,11201,17986,NA,5682,10766,19623,8427,NA,11975,17688,2211,13843,7419,12891,9769,16875,9489,9757,10667,441,17877,12168,11262,10516,16062,NA,4531,17589,19619,NA,18371,7014,3553,16135,3947,19929,1684
18307,14996,16449,3423,18807,10273,14259,14882,7758,19777,9049,19290,NA,19502,12665,3321,13522,10910,9302,2171
1240,4541,13999,823,8307,18813,3053,8028,2075,6027,6270,3499,1056,11256,19401,4512,NA,8435,19504,3427,NA,7693,1200,87,NA,17463,12042,14518,NA,8912,10546,8827,14862,13537,10022,13673,9784,NA,18617,8355,4323,4563,823,19364,13391,5204,295,7715,19082,16224,11348,3025,NA,4202,9134,14181,4874,813
