1950,8834,10938,256,4860,14900,18423,162,7497,18787,17537,8454,6230,19908,5116,8701,6351,3131,19358,7225,5391,8205,11024,7187,7120,2266,18647,7488,9815,3016,NA,17689,19451,3574,8262,12215,14550,16329,11345,18194,9805,4685,8297,654,18740,9149,6758,9869,NA,18777,2196,17012,4197,17279,1835,1673,4068,13586,NA,16065,7550,12300,5610,14786
12500,19528,14749,8068,15544,11249,6521,959,14743,10602,6729,16625,3624,6725,5640,2933,18669,18677,12190,14965,11186,17693,3828,1462,16009,16983,16492,15405,13044,11413,16329,8765,7564
4725,7642,8355,768,12079,10999,3061,16024,10568,13671,4899,2251,6657,674,NA,17958,9943,2877,NA,647,15917,17837,12155,11236,7771,13885,13892,9229,2882,8464,18135,18260,13701,7762,19667,NA,5126,6692,4075,NA,15895,17716,6381,16473,4859,19060,8335,NA,13175,NA,3452,16642,10127,7368,5741,6627,NA,15362,18185,19597,17187,9353,72
15283,13120,4398,13205,5946,9310,7913,16940,2011,17908,1762,6683,11208,11116,4380,1915,8388,1285,12058,10366,18818,15542,1080,11098,7126,4316,10596,12367,10734,14758,3018,14315,19403,14838,4675,746,2141,18250,15786,NA,8986,4511,NA,14378,3111,NA,16935,11846,11403,15922,12610,19380,16661,15497,7377,2888,15699,18231,8718,7025,2801,4316,7923
15189,1863,10324,16843,15598,9886,2965,8997,17133,10498,9131,19978,3457,NA,8114,6917,4646,3959,19636,17281,19933,16093,3732,19193,18587,1972,11407,16880,3992,4901,5786,17876,2166,NA,2689,10085,15192,14089,7640,18361,7636,15152,12363,12493
70,16448,4388,9637,9118,9067,14421,4,2841,1215,506,18161,15863,5792,5523,12544,4490,18145,9776,5285,3101,18935,3213,5437,922,8459,6129,2448,2646,11739,2590,2365,2748,5142,12572
6098,5720,16038,10526,4192,10013,12837,19886,5067,12272,10076,18563,7502,16209,5239,14531,9411,4997,15331,18989,7882,3036,1975,4597
265,3480,4021,13024,8747,14817,1120,19780,2189,13057,4354,17369,NA,10376,10225,2169,6620,18785,6213,NA,17899,7767,4949,16544,17811,15210,16621,14022,3982,16251,5438,2452,1896,11584,17096,7564,12288,4907,16680,6567,10474,19891,4623,4919,7726
9299,7838,5595,10561,258,9934,19464,8026,22,4005,15539,3700,NA,5156,NA,2627,6533,8052,NA,5501,11217,8945,17678,1914,13649,3903,10488,13591,9203,NA,17871,17591,8118,4496,690,16074,6291,12963,6137,11041,11420,13684,1415,12692,13792,NA,1846,NA,10411,4385,15099,14875,10713,1492,13829
15016,10332,12242,9365,1933,16860,3047,1867,19314,15686,6347,3998,10855,16948,NA,3369,1356,1015,385,2047,15908,7615,NA,15580,NA,11767,1948,1989,10925,13671,11603,18655,18223,17606,7435,1080,10846,667,10565,NA,10325,920,908,5128,14350,8081,989,1480,1244,727,19560,13099,13295,15231,16294,4198,5632,13989,15295,14924,8991
19259,13162,10151,5026,16833,8003,15356,11474,17177,18157,9785,12635,6370,4332,6284,19500,7545,13701,NA,4555,187,13856,13528,5918,2602,2734,14359,6506,8874,1109,14939,17712
661,19134,10820,3283,19577,13164,10656,1207,1413,12406,8039,3533,13836,5273,2193,13691,NA,996,17487,14967,3111,2443,18774,13118,12856,4200,5987,4304,2647,19809,6445,5240,NA,3531,11367,17666,12722,4055,NA,8098,5444,17964,7573,2222,9024,7775,1130,349,272,15043,16602,NA,15262,8802,2592,16606,19212,10772,15541,9610,5431,14277,6862,17357,12081,5184,2765,9366
2283,9288,17727,1982,10936,17295,5089,16890,2079,15345,4647,NA,144,14452,2456,10034,4055,NA,6472,8990,12449,15920,15307,7392,8719,2929,6187,5325,1023,13610,18706,6011,6104,1507,2532,6058,7498,15139,NA,8779,915,2457,NA,12630,4220,11388,10998,9536,5227,3386,6815,15916,3874,1759,15725,11528,2646,7642,9826,8664,2118,13968,16302,960,5905,242,3708,19291,16919,9395,17424,7011,NA,3776,9111,18829,3143,16663,9991
1332,5154,2388,3485,2184,14254,3844,3930,6104,11130,1629,14675,10099,NA,3251,11259,3704,NA,4605,7563,15910,5299,15194,16752,5891,14455,5434,10547,6934,12691,9969,15931,NA,9680,6426,17706,11394,13786,11477,NA,8433,7188,5205,6488,9817,1117,12949,6213,4650,13337,11980,19775,5945,137,16581,16809,328
11700,7406,10839,17042,14252,1997,7298,10637,10496,8686,9831,1438,4470,9521,NA,7742,8291,352,NA,13705,5992,16006,10778,14468,881,NA,13237,6371,8332,17070,19393,9259,15653,18136
13225,9677,18838,1888,8053,13672,1721,3182,15996,17758,11911,12069,17341,8184,18099,8273,12916,6147,6818,4630,14248,14282,3518,10041,19734,14413,13211,17174,15794,10019,6809,14153,3164,5776,8172,9613,1525,9827,15751,1971,2819,8672,14277,2016,5049,16146,2558
9422,7859,1898,16118,9621,8616,16305,14430,8827,51,918,19957,7015,9505,11633,17647,NA,18882,3401,9667,NA,10850,2691,919,5049,2099,2341,1661,12589,9867,5132,12022,13674,17410,18192,9766,19897,11217,15959,NA,19492,3513,16849,15636,5253,12936,11781,5815,13373,4405,19898,10490,18982,7002,11987,16653
3091,5905,11588,17875,6268,19604,19240,3472,8229,13285,14080,7910,NA,8900,11193,14479,NA,19920,16620,18171,NA,6632,10508,3190,NA,7843,17612,NA,1081,14128,5333,8478,NA,12289,507,10779,19943,17609,10990,NA,19614,4585,NA,13325,4693,15888,232,16189,NA,15531,9582,3939,852,12951,11759,15473,16280,9044,4250,17076,11770,5963,17530,5027,19060,6224,2636,12937,16483,2142,19046,2818,5211,3777
6491,13211,3172,1314,3633,16202,286,9540,19583,5035,17244,5474,16768,1054,4799,5286,5154,10473,11270,7278,NA,10441,12351,12236,14848,NA,11634,10782,8552,12589,225
7444,19023,2529,14374,10759,2236,14341,17584,5055,19437,18950,15304,15688,16578,19206,7662,18499,16154,14951,19046,13539,10191,4856,NA,3124,NA,573,11662,14785,933,2533,6143,2660,7146,1303,15167
5818,18955,3560,2763,19896,10327,5201,6940,13658,9611,13294,10991,435,15100,15142,3003,6042,16363,18290,12944,3737,3266,19123,9138,17857,13812,11703,2035,8016
14493,5553,19488,14398,17473,13654,1326,18565,15974,2220,18172,7213,9952,13410,202,11699,12867,11058,9988,10130,873,5695,3901,19833,14827,12649,4671,5047,NA,17097,6154,2616,4936,10421,5076,19624,2106,5183,8025,5183,13997,13609,19254,6275,18765
13309,7298,18951,5479,11123,3625,18168,11023,114,6519,17985,9706,NA,9272,5774,1949,8243,19229,19381,17264,3608,2610,16583,15013,8355,11655,718,NA,6752,11403,11366,3210,12739,12204,7040,14321,NA,17477,12947,18530,5167,9111,13217,13552,10052,13060,3465,19801,12874,13113,10555,13116,NA,11643,5518,201,15346,19374,8862,2536,10815,7146,585,12353,17950,19264,16775
6146,6356,8769,12113,17862,11294,15820,220,14798,8873,19793,11615,NA,6403,NA,10056,4801,16630,2190,19180,4365,3117,NA,6020,9940,12928,6457,17687,NA,7188,11602,13781,16640,17166,19907,15861,16110,11259,19024,15835,19074,5313,707,13538,17621,11499,13546,17473,NA,6358,9583,15885,17134,12230,6613,15499,5527,1918,11292,11328,8651,3096,2303,12210,NA,10018,7128,7848,13648,18901,6924,4942,4851,9920,600,14443,4251
16651,15296,19799,3656,5318,3925,14056,12028,16385,6667,5391,9551,6922,11263,6344,9626,7810,3585,16115,12915,NA,18989,NA,11440,2488,11391,8438,NA,12567,19720,5007,NA,15242,755,12547,NA,13762,12892,19443,1049,19635,1267,285,12623,17363
13482,12013,4456,12433,3951,3423,35,7392,4587,13414,8139,14687,10493,9026,7020,11712,13951,14120,6445,16761,11444,16104,2145,18569,8636,NA,18814,12096,15802,19069,17305,2816,7370,10983,17987,6192,19643,18604,NA,9613,14653,11875,5832,10887,17313,16076
11914,1780,16180,16827,13446,12874,18475,7026,17366,908,4926,5797,19819,12768,11127,8104,4084,17565,NA,2292,2597,19971,48,5860,6908,NA,4529,706,NA,8738,NA,18439,NA,6612,NA,2666,6192,19304,4843,2270,10370,11662,2598,1870,7092,14443,7341,NA,18893,5126,10242,11457,8909,18574,9862,19868,3673,3013,NA,3173,9291,318,18622,7756,9645,17106,10742,5258,11511,10641,3350,3554,10518,6156
14605,18583,5708,16779,2950,58,19830,1886,2389,6514,18999,18774,1585,17646,17958,13758,9960,4878,133,7846,5772,16310,9690,14555,13570,14592,707,13795,4400,10843,NA,14825,19322,1513,16210,8869,4288,6327,13132,8825,15244,5151,17156,19205,19126,12283,10900,7919,8106,21,14152,4104,4644,9518,18524,16753,9232,872,1944,3989,4244,3971,11433,9033,632,3859,4913,10524,18547,6230,19467,5124,17100,15166,6323,13026,18919,13886
18289,2423,17051,6363,5907,15030,16896,19102,7260,4435,2881,13263,1224,7331,NA,9732,13053,NA,18834,10071,9059,13648,17769
3615,7738,8503,15654,10951,11542,6402,15900,4697,19199,9470,15284,11429,7108,17397,14246,2776,19309,8638,NA,4224,NA,14789,17137,7635,3397,10837,19196,10061,13706,2109,14986,16888,4456,NA,15936,18353,11267,11533,18890,16033,9193,3562,16945,12199,14613,48,2279,19729,15868,19606,19771,18083,4982,4430,NA,9782,18640,1784,9082,14788,6853,18962,8109,1844,17279,19614,16566
13859,13702,16217,14365,8916,13388,18192,17414,6861,13594,4037,5681,1357,2748,NA,11702,11262,5678,2754,14141,15601,17561,9869,10607,NA,2396,12143,3087,16860,10312,NA,4519,8166,15480,17689,9129,4796,9879,14439,11557,13185,8421,NA,3385,8268,10314,11443,12491,13160,14908,9912,16927,19911,8191,9307,254,18386,8437
2000,5398,16023,13472,11009,8827,11219,19070,12469,1584,18348,19939,19191,11394,4627,7833,16995,9700,3977,1594,19416,7528,17605,14527,18993,NA,19850,4503,3995,11488,12861,17012,15105,17281
9415,445,12272,16648,17139,5326,13539,19798,3666,5596,1646,19445,NA,8931,11395,17452,11583,NA,2521,9206,4503,12204,14149,14486,1642,19171,11333,8917,16616
3562,9774,17608,10175,7548,6287,4893,14090,16711,16918,19485,15078,16576,12775,2502,NA,11821,NA,4044,19643,19716,NA,8518,6330,19384,NA,17735,6249,8440,10173,3158,5139,15932,1959,15484,2575,19231,8624,10189,9497,493,336,3000,8727,211,3109,10639,655,19600,12216,19904,12368,19305,4671,11483,14459,18437,10703,16380,17863,9624,8564,16001,6789,19764,5597,18940,NA,7905,NA,14892,4869,14907,788,2584,7321,8977,19718,10683
17553,18044,16225,19168,18016,6861,14235,16842,11112,13449,13748,12058,7729,11782,19687,1080,4265,11191,8057,6026,13969,125,14394,17858,6514,9598
7483,19637,986,16559,16050,13260,5911,17227,7355,12549,16484,10743,6976,NA,3761,NA,832,7426,10227,2809,5847,10096,16769,19472,10690,19865,2744,8261,13013,3356,2183
16343,3432,4056,5800,8591,12553,11390,8573,8193,14213,6925,16271,7166,9374,4498,13546,1161,13369,9418,10208,10028,5291,NA,7096,12113,3432,4521,19141,18211,NA,19391,18378,17675,18438,15668,9899
15132,11721,5357,8547,7181,16475,8693,2488,2647,927,18110,NA,14789,6422,19335,14448,811,2869,6115,6184,7155,14919,12006,6403,19768,12349,14404,4564,9969,16589,9699,11725,13714,3067,9656,7165,NA,12485,13756,6444,10616,7355,9332,7388,13292,14421,10935,1029,8808,NA,2419,17283,2665,13443,4059,11392,9104,3112,16913,16566,12938,6901,11649
18837,2741,8759,19047,3500,7106,5215,13464,332,1295,10425,1889,1973,2330,18223,16060,14118,14285,NA,2098,2335,NA,9013,NA,8258,8397,17206,14004,5877,NA,6614,19616,2446,18826,5468,2282,17862,5184,3816,NA,526,18670,3062,19676,14212,2353,NA,6483,13961,19064,NA,10380,1857,5644,3479,11125,12436
6991,13183,17517,17448,3470,16827,1278,13114,6199,12403,4860,1966,11512,5590,11596,659,17806,18721,14450,7845,11759,699,7658,13742,15225,6047,8148,18506
4724,13375,748,2429,2994,865,15547,5323,894,16207,7932,15111,597,4542,NA,10696,18672,8464,10320,18832,15222,4779,449,1535,17775,5525,13449,15489,816,11499,14232,9689,10967,9929,1860,1907,12051,10211,5091,3696,19589,NA,3449,11169,2501,8942,15165,NA,7642,7972,10384,4183,4286,4189,15334,4161,14604,10555,17969,NA,5251,14725,19282,5721,8045,17960,6709,10944,10412,10497,957,10602,5009
4107,3158,3554,18765,18929,7891,17477,18142,17144,13959,72,19934,2765,7822,19321,13454,3047,1308,10996,11719,11600,1309,NA,654,17622,NA,19926,11798,16211,9777,NA,848,10202,NA,3005,10361,1363,6618,12585,13031,12880,6819,11242,4188,8213,442,1610,10855,3361,17432,2684,2718,3030,13945,14133,9880,7172,13442,5595,6,2394,5262,8214,6857,7557,804
17795,14143,5116,18408,2104,2890,9248,1358,15564,8461,19325,102,NA,4009,NA,8749,11147,3327,18273,14981
19190,8539,17715,14700,9095,15393,8537,10139,3724,3554,5637,NA,2644,16952,12222,19479,14127,12702,8972,9589,8219,3305,NA,19343,5664,10293,5663,9512,18828,19738,1417,971,9204,9326,7448,14131,11695,18573,8507,5037,258,17102,8400,12208,2454,238,505,1880,7268,4737,643,16204,11810,7285,10078,5331,6365,14924,5895,12447,7497,6046,1462,5802,9893,11644
13806,1617,6113,3230,18645,11062,19917,16522,3703,588,17967,1829,6373,13036,786,17062,3868,NA,17752,19956,14532,5143,NA,4297,136,3703,NA,11291,7183,10737,6662,16905,15872,5195,6250,3492,NA,3295,14088,1260,18401,8639,1890,NA,16926,9873,510,11998,2045,14835,14174,7587,16196,15856
8016,13676,12839,1595,8160,7700,4659,15500,12444,679,377,14597,14256,5498,NA,6271,15414,10088,629,11945,15875,16041,3053,10237,NA,19953,16055,16191,19081,10470,7683,2232,4006,15294,9490,13078,16810,15686,13212,5158,15595
14456,5959,8650,12777,5852,11318,15017,13897,18169,12972,17690,7703,13887,12652,4434,4646,19330,12566,NA,17042,NA,15520,15899,13495,9228,8603,1950,15361,9489,2680,16377,12448,17909,NA,9980,10369,17731,6947,5399,14903,12403,11245,13285,9492,2776,NA,12340,18287,NA,7093,8552,8693,NA,11801,19353,2846,4661,3289,NA,13926,5357,6703,12169,9215
19196,8195,2470,9690,16670,17190,17098,2147,7227,11999,16185,18744,4789,5295,4617,8277,15079,19982,17110,13587
3681,5861,864,7935,6869,16724,17880,19550,962,15683,1026,NA,5460,16366,19206,17164,1930,13160,8073,11938,9244,3292,19440,11196,18172,2383,8393,11951,3168,6669,13048,16908,6066,430,NA,7648,NA,12414,1725,768,2059,16125,9632,12808,15047,969,NA,10145,4284,367,2163,14465,12876,18543,6559,18938,15382,17758,13395,6661,11124,5624,7092,17952,18789
11055,7382,5408,19021,3523,9408,15042,6744,17099,7487,14671,15633,10552,3525,7065,NA,7614,7166,16906,9409,5258,888,17175,7707,7376,14268,7783,18001,9042,8264,591,NA,6623,14995,6148,253,18723,12744,8890,1969,2823,14830,3655,13241,17562,NA,15616,NA,7923,6615,672,3962,1511,6276,NA,4844,NA,1205,1794,7457,18336,18174,13937,5260,915,18787,15594,11394,15810,7241,9435,NA,4842,3472,16275,8039,1369,1908
19848,13889,5294,3208,18370,19196,11573,10226,18342,418,13354,10600,2264,3406,15297,2509,18099,19113,16594,10112,5742,5128,3397,18549,12719,9851,12772,7392
15660,15444,10803,10757,12603,2940,10398,12835,6145,10078,16507,9395,14563,3540,3216,11870,9353,19779,6699,10788,2858,8432,15305
16355,13642,9544,155,2744,19475,18557,3003,7182,19798,17339,16249,14589,5132,8424,795,12479,14070,NA,9509,NA,1605,18600,14626,3082,8498,9669,453,14556,12129,8083
11677,12796,13178,17610,4728,2967,7098,4530,6658,5125,5104,2448,3598,8289,NA,8175,12855,2831,2316,10411,1006,13246,13071,11271,NA,2568,6822,10161,4672,4657,18285,11554,NA,11881,13258,NA,9828,3800,733,232,4778,10347,5372,8722,9900,1060,12755,7192,18496,9194,11031
317,11691,4496,14732,4570,11477,2034,15303,11393,1006,10684,13591,7610,16662,17333,8805,9586,8354,6851,9072,17085,8847,6518,6350,14322
9375,155,19871,11713,1655,18656,18306,3089,1101,2730,4751,12922,6646,13482,13380,4681,13730,13610,14280,6007,18452,12203,17398
15465,19254,9033,13329,16980,5977,16166,18648,8045,4086,12788,8491,17859,6999,8090,9068,11707,NA,12390,2119,4419,14474,9916,3678,19138,19053,16740,1234,NA,17850,NA,19224,17543,17132,10466,3397,1508,NA,7080,4005,18937,3357,3452,2648,19509,5310,14018,15974,4008,223,1878,14901,2797,9314,10743,19931,1369,856,10016,13580,6817,4572,17340,10075,10751,14026,6449,4628,9598,3323,18239,7081
16957,3816,16370,8581,9846,16313,8742,17814,19463,16330,4020,16565,2581,8427,NA,13139,19535,7144,15218,13150,10398,12878,19922,12999,2193,19052
15577,13985,3760,6104,3019,12065,12916,11140,13075,7568,5120,6022,6503,6717,4398,12867,8389,18031,9909,17223,17052,14884,1555,11933,17604,9848,7836,3882,15594,493,15515,1697,7315,9105,471,19469,16081,13807,13362,16904,18321,14241,18948,10207,7069,6964,2209,12354,NA,17966,196,4725,16086,5571,14346,2967,NA,2552,4496,12370,3775,3364,1865,8696,2814,13583,5850,9392,14361,18642,5141,15408,4502
1147,13097,14546,861,11240,6758,18320,6371,19892,9996,2159,NA,14413,1229,16528,3917,10184,10562,13425,19911,13611,17657,NA,7788,NA,17087,14519,11613,6958,16780,NA,6264,2276,6437,13094,19447,10274,1679,16536,10720,5714,NA,17867,15347,13927,11558,17242,125,7031,17867,5509,3534,18226,18698,15273,11080,3419,16139,7050,16853,11977,13120,13719,15269,11667,NA,2960,1312,NA,6300,4029,2872,7636,9586,3579,1829
14127,15311,14944,1189,401,16077,2599,4161,3938,6058,9770,14607,1551,18203,19672,8643,9040,13249,13152,19947,11319,5381,3953,15263,15765,1426,6397,1698,15378,18387,16315,19658,NA,3829,5877,16704,11863,2379,3117,8678
6342,13949,15770,6069,4236,12563,13601,4774,16776,5158,7280,12901,14227,5245,4437,11350,5499,9848,11108,8345,7178,736,8775,NA,8969,3871,11136,19995,3618,2140,211,8468,7828,2663,12619,13025,15856,NA,321,12257,6133,NA,18449,764,7494,2142,NA,2369,15521,6616,11399,12286,285,15143,13413,16515,2609
7845,2497,11592,14552,7015,4327,5388,15011,16569,766,4854,9134,7074,9189,3917,12165,8033,11470,8572,17283,NA,12496,18632,18457,NA,13937,13347,2523,8282,3191,15698,19808,16634,5273,12337,11544,17406,16484,2062,10566,NA,1131,10991,16290,NA,15916,6541,NA,4701,11929,15046,11107,14835
19188,9325,464,7257,10290,5876,498,12102,17693,18679,17900,13408,6514,2810,12475,NA,5621,19023,4785,11214,6379,NA,2130,13130,6385,9754,3971,19136,19433,14545,2961,7112,11497,2248
13997,10066,13230,1940,14124,18244,7613,4923,1357,9942,12532,12282,793,7008,12998,282,8690,2787,19458,10459,12252,11624,NA,3064,2324,19793,2707,8391,17038,16691,7838,11645,4218,10106,8952,10194,17007,13543
4324,4447,5059,9309,7933,7176,6790,19666,9027,14386,16443,9494,3118,2198,8008,NA,1228,10803,4225,6589,19662,2330,6683,14163,10229,8400,2272,7487,12009,10138,728,13463,4937,11747,8144,NA,7131,2107,16693,13723,NA,19954,11325,NA,9413,11622,13832,18582,15510,14462,8572,NA,7468,6109,4629,1904,15250,1580,NA,4934,258,12049,7783,19528,1839
7079,17489,9163,17886,12971,4024,3352,9468,2278,15459,13891,10513,14490,13034,16707,3262,5891,8365,18068,5451,1452,17414,3555,13258,8051,4603,5218,10827,1788,11631,6929,16682,846,17493,13920,1819,7608,11864,19256,15254,16756,8045,2719,19883,8183,6089,8772,10441,16713,NA,9111,5145,4362,14768,3165,18074,16972,2511,18689,5534,19607,9242,11543,677
19764,4823,5744,16230,16798,9333,11949,11570,949,328,9798,18453,NA,12746,13687,17965,2376,4980,14978,13801,8182,18311,17361,2868,4183,9388,8119,NA,10725,NA,10195,16387,4958,9696,14039,10688,6509,NA,18192,14438,18571,14455,15389,1643,5842,15000,4058,19690,9579,4780,16750,12703,NA,4748,10906,14368,9759,6672,7022,14484,5116,1405,16195,15624,10070,19420,19907,17090,2876
8921,4993,3311,19408,1544,17883,6119,16273,8927,10524,7998,17424,19185,15963,7475,7166,16158,4836,7859,1566,15258,6496,12902,NA,1461,19878,6472,2353,13128,NA,13077,4062,12897,14984,2720,12521,18214,18556,18673,19128,4489,13847,6238,13369,14786,9850,4687,2146,8951,5052,260,19241,7615,9181,NA,7804,NA,18057,13717,12342,8575,1489,13862,6248
5911,8530,7192,2032,6034,17882,364,12851,13375,8333,12034,18827,3391,11090,9536,11487,19078,16717,9913,901,17214,13010,818,12367,2435,9370,NA,17475,1421,5935,18396,18829,1138,16819,8009,6768,NA,8604,3339,696,4931,10590,2388,11095,6294,10378,2763,9867,NA,18568,664,6528,2603,12443,18928,19482,12482,8755
7807,13984,1853,6141,2546,3247,12394,18880,8812,3633,12480,1163,13499,9067,13941,5283,10147,4664,12523,17153,4598,970,12463,NA,13958,10252,14301,18337,9630,NA,17373,1510,9568,4715,10938,2275,7402,14495,4594,6122
1427,4239,16008,2879,14135,11231,8001,16318,11114,4352,13589,3044,4960,9275,6618,614,560,16396,17828,14633,2098,14729,481,17317,2198,1987,15078,9022,6980,9681,1853,9905,9521,250,4363,18633
17187,7391,1137,16293,16776,17739,18797,15707,16737,9549,6727,6769,7523,14159,19964,14407,6652,3035,19966,6519,11412,NA,3663,16881,7821,16810,3556,18893,16772,1739,133,18791,16075,14696,10111,6207,16777,17514
1277,12478,9730,2753,14091,980,854,18952,18904,10427,4988,1823,12361,16081,18290,9159,15274,1441,3711,4251,15474,13527,NA,17158,9041,9224,14272,2184,759,13530,7210,13824,15894,14809,10122,15430,15401,12417,18317,5921,18489,14316,10687,5255,4102,16388,7038,NA,4591,NA,4111,17638,7698,15537,10273,12597,9314,11042,7881
11907,17829,2058,4171,4925,18732,4950,13300,588,2452,13118,NA,11330,6600,10680,17087,5347,6660,7688,NA,19468,8645,437,15280,9582,5448,14250,5877,14050,5301,16268,NA,1886,2585,17893,12173,17792,16590,2315,16974,NA,17560,5585,NA,9752,8978,6386,18222,NA,3456,7331,10587,5362,NA,16734,15888,17897,11793,12507,16799,NA,3146,10845,14944,NA,2625,NA,7525,13265,61,4958,NA,19468,16463,14668,12817,272
14870,4866,2334,5948,18003,11157,13933,13934,3127,17515,5168,3473,1345,NA,9438,5709,15716,16086,14315,17645,4650,5833,19335,NA,2818,12676,6338,12467,NA,7068,4071,2630,9744,17387,7509,5623,19438,8694,NA,19832,13679,9546,13036,7877,17974,14245,6715,8937,10753,14867,5573,4025,7740,4410,9561,13648,1395
4168,7295,7408,8133,14600,18381,1581,3076,13357,18774,16250,10298,15375,16696,840,4430,13981,17679,10115,11899,19883,10908,NA,13666,5822,2724,5483,12266,973,4910,11214,2161,2620,9946,15792,3337,10817,12431,7038,5801,4547,8747,19285
16052,5510,11031,14646,934,8345,6836,9182,7782,11345,16651,8929,14088,NA,1681,9093,NA,8729,14703,3693,9243,13441,7688,NA,4754,15631,12373,6812,9943,10713,17413,13613,NA,14126,13361,8627,4088,10061,5639,8286,19219,3615,13051,4339,17329,8797,19920,18675,4836,11637,16563,4979,8878,13925,11820,NA,16601,12910,8687,18171,19031,5990,18259,6437,6351,13432,NA,3993,15462,17263,519,9051,16045,18797,13045,12919,11763,2235
9700,6614,3049,1663,7607,7745,13814,17663,14691,8570,19895,13036,1808,3283,18946,17219,16167,8364,NA,10170,11151,11207,7623,3363,17195,13894,10053,3093,9320,15586,2296,15737,10064,NA,4976,15936,10342,3512,6738,18542,2755,19591,6612,313,9093,19088,2195,6072,NA,6127,19621,11034,2630,5523,10285,7396,6401,3074,4779,18857,9860,4343,4726,13960
14569,15724,4904,17843,17951,10814,3171,10745,7621,11141,13784,16794,NA,14474,6919,NA,2802,9926,17808,7486,2002,6972,4656,9586,2498,11007,1354,3055,1087,8470,979,15389,2174,13200,12725,9841,11835,14987,5895,NA,19959,19048,11460,8303,NA,11371,15264,5065,8401,18074,7706,12403,7849,9511,NA,17455,11964,11046,11915,3177,5017
10582,17741,12901,10895,4025,16454,6316,10788,18306,10898,19128,14486,11101,13870,17419,18144,106,NA,11332,NA,8361,NA,10055,5078,1830,3526,14576,8041,11259,2205,11033,4595,16465,11431,10245,12041,10030,17531,1946,17880,2900,2176
15933,18136,10126,16673,13054,5421,2109,8593,1628,13250,654,6012,17271,14915,17214,3120,16614,8638,11235,16952,7721,13064,9437,13296,13817,17285,NA,6081,10255,4768,NA,10034,16925,17169,16896,15358,4312,16892,10984,1114,4178,7090,7706,16751,12005,10788,5817,13986,6636,13918,4183,9719,8982,15253,17256,13592,5577,5325,NA,19461,NA,6717,1584,18999,17290,14080,3316
4363,4146,13115,13645,10310,4968,4891,13556,19451,1148,14910,8370,13154,9608,NA,5151,6878,3906,12199,5848,14265,12911,16651,4049,17456,18386,19057,19697,16580,106,12392,2260,7160,12993,12605,19939,19159,NA,3578,3423,5302,11813,NA,16357,14768,NA,17356,17723,13265,9259,603,179,6801,12840,18244,13187,13247,NA,18919,17477,NA,9910,10178,16378,5471,17978,11331,9926,6485,17100,NA,18420,2972,17150,5441,5630,11695,19982
9533,19597,4643,3746,17927,14450,6366,1125,12103,16740,16824,9010,8957,2171,9146,5764,4614,14670,14241,3035,14055,NA,13194,11128,32,1901,16022,7842,14012,11605,1042,4794,NA,12939,19406,4556,13280,13536,5203,16613,NA,15620,14537,NA,271,14931,10763,9704,13448,18829,6149,19705,NA,13855,5263,1238,3016,9842,2950,1045,13752,1470,14575,8783,17117,7149,15459,NA,19286,9827,11795,13669,10634,381
8282,4589,6818,2216,8982,14780,14162,9847,12377,7934,994,NA,14781,3728,NA,889,8148,12136,16090,16040,5868,NA,241,NA,10579,16124,15388,7437,3028,10055,9930,6539
12676,14387,645,8328,5960,19766,6567,17214,19939,2647,4188,15966,16318,14460,13591,15227,18393,13640,9137,2358,12419,5757,4102,19960,8642,9605,6000,15134,7673,NA,3726,7631,8046,NA,10590,17501,4334,9980,4349,1150,10747,6293,10833,1829,NA,13268,12990,NA,9896,NA,16199,18438,8475,821,NA,14320,19974,9787,15542,10517,12207,10352,8117,362
13949,669,14031,6688,2679,14174,2492,12047,827,17785,19736,1197,7725,4005,2664,NA,15958,8021,18935,12941,13080,16219,4262,7006,7857,13609,NA,16727,3004,5417,15655,1182,278,9096,NA,8202,14155,17540,6956,NA,14004,884,8009,NA,2624,11787,9273,19926,11113,16775,5201,13996,414,16247,5072,16430,15351,17248,7071,13254,5952,10326
6381,14977,87,6514,17327,13640,13052,4350,3549,11334,13357,1055,16281,10306,13784,NA,3052,19141,17887,7174,5667,9101,17853,2485,13712,7765,19436,11841,NA,16865,12002,12869,11409,4499,14532,1684,16157,1637,12872,3605,15467,6923,4905,7024,1699
8534,19326,11717,15389,4293,16872,1554,1821,1786,3046,9364,19303,10258,2054,2431,NA,15167,11685,15126,18742,NA,19221,16752,14855,1132,8894,17823
8188,12931,11486,7600,15736,14499,4196,12706,19695,10712,826,16136,16974,1221,8104,15352,2243,17011,16860,17916,14346,11447,19590,9406,NA,9630,4985,14840,8243,521,5009,11643,19318,NA,8630,18957,17728,19064,17539,476,1768,5418,NA,9183,3592,12276,NA,8169,5617,15687,2143,14394
449,2064,1803,2544,18779,10132,2439,11925,15345,17823,11400,3385,19289,19025,15484,2784,14601,14159,18607,1811
18509,10533,14556,6063,14344,1774,16180,8490,8256,15089,8530,5711,6691,7711,19921,16146,8190,14995,7616,NA,17577,1007,4499,8276,15821,12928,8348,399,12912,4111,15600,8520,8747,3199,745,9863,14834,5802,14739,18161,19812,12596
