19732,15408,7459,10021,12989,18582,5696,6159,5875,17756,726,2062,NA,6380,7290,14985,5924,14022,1054,543,12062,3031,4724,NA,4091,7918,5916,2902,6688,12455,4404,NA,11658,5554,7049,8322,344,11278,NA,4400,10837,7996,1508,8802,NA,19088,3040,16758,10957,13084,8260
5933,14235,5880,11098,15362,13309,8521,8696,14899,1145,14989,12212,16361,11353,9268,15723,14362,19800,11362,8629,12288,4693,13351,15819,10041,13963,1454,10821,17204,17365,15755,13442,9283,2132,3534,19652,15335,2297,10472,13894,15694,8150,14439,3510,19916,5619
2681,6267,3373,3369,18335,8572,6387,3048,8256,990,7167,16881,8909,734,16949,3046,11260,13507,10041,14795,18854,9494,4772,4482,19514,6601,2185,953,18879,7526,9163
10658,13381,8131,8167,19694,7331,14396,16724,9445,7422,4662,14287,1714,12079,15410,3706,11088,19381,10768,NA,12190,12040,9945,13980,19994,15913,2837,13245,15721,NA,10555,7378,8596,1652,12326,7544,NA,8400,8105,15666,9758,13344,5052,9775,2373,2382,NA,6862,9775,8360,18678,12030,17874,7571,16076,18780,16771,18591,11111,2503
6573,17230,13465,924,4730,219,10368,3498,5372,13848,10093,19887,372,14071,18557,13807,4551,2061,8356,14971,NA,13503,8320,NA,5776,18170,246,1320,12119,NA,9405,NA,8423,6180,NA,7139,8104,2911,17189,8682
231,15878,16546,19851,12807,19260,2745,11663,7546,19372,8368,3067,7719,19973,7513,8221,16060,14539,13234,8889,9122,11414,6157,10466,5800,342,19403,4543,9261,6947,7470,14780,19412,2529,19964,1702,15187,11563,19202,10634
8847,12873,11139,14683,11118,10525,11043,401,9827,15811,13271,3297,14195,13963,14098,9712,9310,13306,577,NA,15691,1542,NA,11500,10661,NA,9179,16961,7003,9152,5841,16534,385,7236,17991,206,7111,16872,6327,7147,1132,19858,8643,13136,7233,11212
17727,3517,16777,16409,4648,18580,12932,2198,13993,10564,14908,8011,NA,10359,19096,15850,14743,1172,15542,4862,NA,4633,18879,13325,NA,7204,1333,NA,4910,928,10553,13114,1130,5528,19888,2408,17456,4487,NA,18795,17739,17251,16577,12658,19646,632,11315,1317,8080,3895,19515,6664,19749,15314,4284,18824,11625,19547,5862,19181,12920,6146,2030,8043,8247,18495,2406,542,18447,13231,2318,7446,8564,16749,9070,6651,9915,3032,12875
3208,3476,7547,14581,18965,98,11856,9219,2755,1407,1567,9162,19517,16620,12680,19112,12108,12352,6329,13571,2919,15816
10172,8030,92,11431,15134,10113,16283,3277,3668,7319,10993,13154,12647,7970,2617,2891,NA,10029,11733,5835,13147,1758,18457,7890,17391,4305,16610,12654,NA,211,17070,14665,15751,NA,2046,7675,NA,1357,14928,13053,1976,11149,NA,2311,13399,503,8717,17162,4406,15959,7314,5977,10123,15257,7419,18929,14423,14820,15931,NA,17985,17144,1190,10766,1942,NA,3040,15041,5302,6732,8386,12482,19652
18088,409,2609,3918,7509,18390,6585,9144,4088,2765,10354,1602,19193,18639,14854,6832,12311,4125,NA,5284,19053,7924,13735,7796,16315,9474,14548,15242,11526,13909,1492,14391,8200,5223,18682,11139,16089,4850,237,2805,10886,7604,2696,10834,2078,9692,9426,4173,18526,16610,14475,3027,12293,6182,17795,17757,NA,14144,15000,2649,19142,16570,10977,NA,5094,1671,8794,4279,10913,12532,13499,16712
19402,15574,10421,13731,9156,12995,18498,1854,19788,9616,13978,10742,5294,10374,5830,17892,3274,14048,935,12157,2993,2026,14761,12435,11572,710,13496,3317,5465,6473,7922,17186,12187,11279,9943,10218,14084,16064,6982,14510,9304,10596
17782,18350,10527,19,8451,4760,19518,5860,19819,242,7494,3807,2915,5022,141,2256,NA,2990,11002,6886,6160,9080,16657,5127,5637,18504,19707,266,16856,18498,7373,NA,13802,19986,7228,2771,2301,15933,NA,19543,NA,8055,9249,9859,9125,18836,3663,13121,12311,9421,12627,9072,13190,3057,17891,7829,6055,5664,19675,4712,447,4336
16532,818,766,457,3131,2055,12429,13297,11874,10304,11761,17113,1687,9921,7096,460,17130,9145,19120,17772,9395,16600,10208,13929,12360,18899,7001,13494,3164,11695,3257,NA,12088,15365,19366,NA,19200,16535,13261,1221,10820,15812,8874,7741,NA,7615,1085,284,4409,14559,15874,9176,13030,17079,13854,19058,13748,18459,12559,16366,9529,2594,4314
13918,7673,10472,19730,13755,4474,6489,19048,19455,3371,11408,3501,NA,9422,14958,16918,12884,15443,17969,1441,5062,10365,16397,NA,14647,NA,13087,3753,16157,8306,9144,19180,8150,7934,12144,15894,18871,15369,16269,NA,6482,18562,16195,14820,17404,19652,7941,NA,13940,978,4895,15659,6994,4084,7327,8325,6313,10044,6658
10428,4227,1661,5151,5967,16534,10163,12933,6454,15255,8050,17917,8422,3760,NA,7375,7784,450,17005,4797,17270,7377,17226,17445,5419,17934,9916,15705,3129,NA,4707,19834,6573,1134,6642,7518,2395,1700,16430,17085,19671,1251,6827,12113,3864,6934,5384,12912,4075,11362,19728,10834,16838,15192,1296,444,10421,16898,NA,16306,8228,7012,14534,7724
4349,2360,5792,5171,14514,1305,12439,13124,12302,19411,6219,19735,NA,7401,13361,2988,6023,10974,17213,NA,8797,13295,NA,11520,3718,19800,9646,1450,NA,7914,18007,1077,NA,9012,5805,18998,3539,8907,13199,9089,6268,9723,NA,17628,12585,19001,17261,5682,8100,11604,10294,9726,7908,17029,11598,NA,4662,18747,7284,NA,11284,8477,3990,16314,9810,2205,5137,2224,5243,9392,1104,7849,14482,17755,6953,11104,17161,3517
1985,7927,11846,3526,3036,7253,7372,15156,18245,18598,12218,4096,15892,11292,7038,NA,16218,5412,12851,13657,NA,16624,10066,2952,13840,15875,4777,4866,8973,5502,18557,11091,NA,2923,11207,17976,15339,1566,17962,13231,12315
15349,11032,4867,18658,18356,17865,4678,13581,6626,13796,3241,19756,NA,9375,7019,NA,17820,4398,12136,14360,4477,3146,7756,14098,17290,2282,3133,16509,17283,19124,2268,894,18963,4050,NA,10246,NA,9507,NA,16536,1169,6501,16980,18826,8032,NA,3532,3254,220,19004,12033,699,14014,3953,19657,3692,3391
14295,14715,3341,8558,2491,15075,14241,1930,2609,3514,7839,6467,14442,13353,12509,8520,18301,13755,18672,1877,17608,4064,NA,15118,10619,NA,18174,8755,13470,5979,4397,13702,14971,NA,5919,11456,593,2179,NA,19159,NA,16849,6480,4736,1225,12521,3816,16963,4420,16841,15698,14445,2408,8536,8156,11208,10343,12700,6128,7273,9275,10375,18413,8637,15455,5233,NA,15710,8303,12915,614,12971,6558,10107
11703,17729,1085,1929,12966,10792,10013,18541,8372,5440,3158,10273,9035,4668,1394,3959,18020,NA,9536,1096,13496,16356,11156,7087,11628,15240,19464,2723,16167,989,10627,9135,333,6906
13245,14984,7990,945,498,5018,9864,1280,15298,18924,17021,NA,2632,5431,10849,10354,4815,19318,17798,1762,6826,18969,17942,11112,NA,15949,13738,6412,7079,16303,18347,16794,9380,NA,2144,16042,9285,16100,NA,6803,9454,6888,1078,3870
19057,14188,17636,11200,10896,8280,12345,13924,1373,3962,19679,18618,13095,NA,6038,8030,16932,19855,11747,17841,3340,NA,4822,14952,7722,NA,2229,17977,NA,16499,13579,15966,6722,677,2698,9708,545,19395,13861,4528,2862
19078,19328,9477,12086,11247,1382,13859,19943,830,14529,12160,13461,16506,14952,561,11923,12388,NA,4344,6959,NA,11871,8427,19859,2408,5823,18575,6646,10045,19,NA,5682,13972,7951,4784,NA,13294,15237,8456,16838,5284,6433,12346,3767,NA,19963,13621,16039,1416,15924,19883,7274,17145,3624,2866,NA,18110,9051,15049,NA,17364,11218,NA,10428,NA,6748,9804,569,13608,17094,11800,12396
8541,3923,8476,6662,15736,8018,6861,3747,9633,14960,17733,17402,17027,4505,13205,4866,8471,16888,11386,5773,14393,1654,5581,11960,7606,14838,1570,4102,9708,15214,8852,10439,19157,13836,2902,9761,10512,11533,1333,3358,11602,3698,NA,10866,1866,NA,1711,NA,3232,4929,6295,492,19351,19085,367,12425,19243,9642,11406,5429,12809,16185,18220,4952,762,15587,18787,10227,18893,15537,18728,16386,8645
1681,15808,19257,8523,17198,411,16389,12497,1620,19146,5672,19230,NA,11718,13674,NA,5957,16041,11690,250,7080,5902,2117,11283
8799,19571,17606,4776,2794,3227,11075,6846,11270,8511,16357,15563,9782,10332,NA,10268,5340,360,4701,13811,11774,17906,NA,10943,17894,13402,18410,NA,16209,8864,9669,870,751,11265,17614,5722,11751,13225,18921,7706,19748,1928,11696,17803,12644,19832,1419,8720,5540,299
7895,1459,10869,17308,19715,5766,12556,4726,16448,10361,4777,7537,17224,450,269,18290,2308,863,NA,2872,19555,3018,3857,16756,7855,16789,6892,7660,10319,19674,9368,18493,1267,18477,19935,NA,8155,12599,1184,NA,9083,8097,16886,16234,6983,17428,12792
4006,1176,3004,5303,3434,18776,8133,16071,13816,9160,8978,7164,16657,18882,9226,1909,6,7364,5436,12375,9218,18602,15297,13095,11683,3542,5582,NA,5430,797,6102,NA,3852,5528,8147,NA,12234,4991,NA,14756,13687,17603,14428,2962,NA,3745,11291,2589,12154,4236,11800,10603,15041,8606,3561,8964,16717
16145,5057,8771,12405,7772,6736,10194,1066,13961,18731,13867,9073,615,14718,15090,17140,6929,6009,10960,17573,12281,1619,7300,9853,14391,9496,7803,2612,5646,7619
5905,13770,7449,19078,8668,2541,8783,18235,4875,10295,13835,NA,9613,18211,NA,6258,3272,17347,11117,NA,8194,7643,5159,13153,6974,94,18123,16200,7750,4198,10916,7763,1985,16209,15013,8378,13683,NA,6464,16684,4983,5873,19875,7041,14177,6829,19040,15646,1231,9116,4862,5263,9986,16065,5498,13610
11598,16826,11090,2059,2619,5005,771,18785,15861,9514,4690,8233,16970,17726,7487,14388,15106,15148,598,12090,NA,8131,9133,9260,8560,1667,1202,11153,6410,18429,6689,13099,12511,15472,6992,6463
18890,11212,18061,14325,8777,13128,19033,19283,18261,2102,17033,NA,19284,3081,2818,13004,8750,NA,5846,11323,8702,NA,12908,3390,251,5426,17207,1576,2703,NA,13952,13461,14750,2695,18654,NA,18993,1210,8051,3204,9635,12806,12025
13097,19807,9705,790,15172,3047,16227,1476,5885,16178,2471,16568,7186,NA,5958,10051,5995,10645,4724,11040,17053,9920,16849,6299,9151,6309,19400,1013,17436,12273,10794,3969,14155,981,9125,2358,94,11033,16950,976
18974,2669,2722,10626,11777,17270,11477,10933,18854,7789,13499,NA,3007,4879,11248,15787,9418,9862,3016,1616,1629,14217,3458,NA,11338,2038,18462,13507,3568,978,3518,14122,NA,8470,6619,1442,5908,5753,13250,2732,13139,14896
5121,17865,13970,5604,13498,12537,17096,14090,9766,16082,2724,3822,19451,13842,5183,18617,8950,3632,2363,2090,12232,2828,8339,4457,13376,13054,2032,3704,13110,NA,18848,5296,17885,13593,8102,4879
19601,7201,14174,4475,2090,5567,6368,10427,10237,9212,9466,NA,11681,5873,9007,1829,243,14725,7501,767,15723,5300,10255,1012,13329,NA,6313,19104,8325,9305,NA,19490,1816,16941,18186,14391,1947,15693,18569,8359,4654,15277,754,15650,6391
14340,1810,8747,14427,8260,3043,10467,8640,16462,19134,16089,NA,323,18500,4949,2750,8387,5271,15901,16103,10829,9031,7915
19294,9617,4764,7980,11653,10577,12936,10984,6405,11295,2841,12363,NA,12260,682,NA,6018,12507,660,13549,19368,16612,6345,4902,13521,11471,4829,19296,NA,11852,19304,14280,7203,NA,7246,16194,17960,15013,10013,10567,2387,8310,13497,5458,NA,2967,10397,2710,11391,6725,330,11702,NA,8874,5669,330,2692,8123,6211,12563,10816,12176,744,12772,13512,16953
17730,6242,10256,7721,13340,619,4051,18275,976,707,6590,9803,19384,16254,10825,NA,9805,7878,19721,4581,13593,12423,5100,2486,16291,14390,9167,8144,13460,2760,5175,10753,18578,14862,691,56,5348,6651,14777,12203,6878,11293,17513,1326,19735,NA,10643,8404,NA,10892,3344,19842,4955,4551,12561,8025,19668,2388,19096
2237,11156,4579,3558,17988,16649,15578,15435,6839,19243,10370,12014,14008,3683,3188,NA,2922,18465,4006,3294,10615,15168,972,11188,5084,14059,10599,5433,18741,18187,9346,774,11064,7113,11276,9137,9678
8416,11846,13648,19080,5097,213,4893,4642,15722,13353,13805,8657,1211,NA,6954,NA,19687,3551,5406,13881,8153,16779,2260,7411,7224,NA,136,13593,14930,10983,13430,15875,19168,5818,8685,19581,12114,12715,NA,8296,12230,18747,NA,14928,1657,523,12048,6087,2046,15380,13093,12185,10639
981,9737,2671,5263,6362,16077,11573,832,13285,18244,17855,13031,15866,4774,2060,10995,14170,5223,7697,16757,19253,19282,18113,19350,13295,19518,13305,1103,19691,8902,15545,10616,9514,13986,11924,NA,16914,3375,4772,5525,5425,2716,14453,11864,8576,757,19972,9386
1602,2000,5882,3564,11835,16535,4026,5717,10745,782,572,7620,1034,15579,951,8099,3973,NA,4988,NA,15186,17016,18163,4760,5258,19242,2511,16341,4721,7542,11686,5366
7657,4321,15761,16107,6381,16964,19056,13996,5152,9770,16649,2146,16132,NA,10863,18229,14487,14821,NA,4601,7288,12227,15948,12918,1281,10691,12558,17516,4935,2260,7636,8604,7355,14437,19807,2919,15354,17038,10309,100,1366,337,15614,2978,19356,16674,16489,2562,8297,17300,2283,2366,8988,3830,3845,12418,2515
13585,10922,14402,13258,14474,11685,10105,11380,4304,4989,8398,19859,6292,14391,2273,12542,6431,585,NA,12067,5973,17151,4433,10740,NA,7627,4231,1024,4191,7774,NA,19553,NA,15795,13829,11966,12447,9052,NA,979,9718,8799,7617,6701,NA,13123,16399,4431,6452,1894,11297,10796,949,3607,2979,17004,12529,NA,11685,10481,3045,5850,5444,16396,18695,2972,3387,9877,13115,17671,6494
15485,13945,7237,12579,14047,17142,2652,6030,6403,17603,8855,NA,17937,1071,10458,10764,9161,NA,15050,4937,12808,3224,4614,18661,11857,13011,2433,13907,15685,2101,7472,2791,13963,4154,12841,11682,13214,13511,7647,1728,6255,2405,6967,13855,6516,89,NA,14745,6641,16890,12894,19437,18228
18440,5101,17482,4372,5225,7071,2754,10510,6479,762,17227,5312,1097,16350,851,11779,NA,18167,15489,14670,13822,18961,16718,12481,3625,19179,19822,18167,636,NA,2409,15880,15672,18356,NA,957,NA,5194,8826,16077,5510,10138,2566,542,10241,NA,19638,10330,8167,10763,360,11476,15757,7837,11124
16723,9177,3742,19334,229,1421,12904,11789,15406,14178,4932,8578,735,15005,3444,18583,NA,16514,18301,6092,2824,14089,11458,8152,9281,16658,NA,16064,12706,4731,8094,17688,7859,5241,5025,8673,1047
18466,2506,14391,4281,5431,671,15545,1729,6558,12825,15780,2604,12184,10037,7891,14008,NA,18685,8588,4040,1972,9146,2680,10633,NA,3595,3515,3428,14754,12887,18261,1862,13372,13689,3887,2349,19430,884,2627,19392,8071,8338,NA,10088,571,19141,NA,6248,7845,4478,2275,6393,16602,18544,12266,1988,1925,NA,9586,14196,16341,13043,38,6083,8450,14213,8626,15458,5934,19818,4260,14258,444,19028,4667
2689,1026,10685,3672,3141,5294,10776,5831,14673,10262,574,3325,6389,10797,14848,10111,8332,11749,8153,1626,5055,4362,NA,18762,5097,16975,9610,10397,NA,9327,13426,7552,16132,4867,1454,12236,19557,6667,11044,8018,3122,17969,5451,18967,14401,3430,2982,17935,4931,12944,6084
2695,2141,19943,18894,4410,12791,6324,9168,1029,14924,8146,4993,12722,11479,12035,NA,9407,15107,16859,NA,18963,NA,866,10253,19338,1815,16788,NA,10752,7610,NA,13366,16783,14563,12157,3235,3030,4539,2354,3221,5340,4199,206,2510,NA,15991,17148,10981,NA,11935,4466,NA,12686,19586,19456,1855,2670,15057,17096,1923
9397,1271,7302,8050,2363,10536,15251,6927,7202,505,2680,8047,12996,2040,923,NA,16787,8918,14002,8553,16975,11510,1185,7926,5818,17591,15792,NA,5303,16140,1522,NA,11618,11189,NA,4531,16255,8600,18113,8912,6870,19392,13601,6516,4293,9774,NA,7072,5292,11427,1800,1806,16767,11377
1676,17972,3818,10112,16032,2097,8521,13583,12917,13223,9247,7781,17970,18982,10994,17126,8271,2959,10913,2408,1638,NA,11547,18328,16419,11339,13048,11517,13616,NA,12828,5035,1348,18618,3854,1642,9740,9550,8072,12012,598,13540,4314,19571,5083,4106,14398,NA,7016,19574,2814,17098,11125,7224,18043,798,16040,13773,2438,12657,11574,7354,17057,15517,18891,7097,16074,7476,12542
12101,13747,6168,6729,14480,649,14213,12125,19289,6349,19456,19064,NA,10188,9368,5900,6173,546,2291,11217,5739,16700,NA,1124,NA,5306,11911,7651,19256,16163,248,1535,19203,11082,8907,9287,7566,18809,3121,8614,8335,3224,11498,4424,18608,19940,17086,3791,17177,14350,3657,2249,15698,7276,13184,9411,15883,11481,18397,2617,18598,19254,2517,4533,73,3867
17732,8928,6089,17975,15718,15579,4829,15434,6482,15382,19868,7262,2,11173,11197,6714,4573,5814,5505,3900,17049,13800,17344,12495,12270,11822,NA,6095,12721,340,9446,7807,2673,13952,NA,12612,4046,17046,5927,10863,15298,NA,4437,12701,14771,5735,10796,10460,11868,19794,2430,NA,5531,17134,2059,16133,5825,170
5781,4504,9801,19339,11573,3830,15228,2004,3445,9775,16937,349,13830,14987,4080,14635,3728,11366,7323,7776,19108
4145,4119,6678,8004,619,3197,5558,13038,15418,3003,4381,14415,13042,2231,17491,15489,9882,11587,3487,4902,15410,10130,3536,15489,1533,4339,7817,12465,15555,17125,1456,10380,17231,8136,2964,7285,19168,10060,NA,14323,4071,5581,8458,2653,8855,2318,16262,1047,325,11697,7361,7882,5685,NA,15939,14516,7477,19541,4952,5853,2134,1952,1213,2063,13178,12494
11308,10226,14483,15294,4676,4308,6596,5902,18693,11046,14491,7256,NA,15127,18057,7408,18065,23,15252,NA,7447,6373,17386,15599,14662,1495,485,14424,15001,7845,10553,15844,7676
4540,18212,16652,11150,17350,13498,858,19810,8806,17898,4571,8474,18306,13979,11701,15213,1381,17465,17712,15813,4815,17153,3693,5910,19386
14597,347,6386,18256,4453,8836,18565,19466,1690,9658,19710,NA,3736,NA,13210,1983,1348,7842,8199,15975,NA,8171,17214,17156,8322,2709,4863,2448,5164,8181,17405,6149,16657
15065,12248,784,6457,4931,7847,18193,5155,15292,18336,15394,7575,3064,1171,NA,3823,13773,13852,11604,1095,9094,15655,NA,6053,13264,11950,16881,833,14655,NA,12387,19145,1549,NA,3399,12583,5862,6557,17512
6912,10173,14791,4141,4999,2626,14822,2090,8338,15559,16750,12742,14291,4442,2034,2797,728,4839,15421,14868,5907,19487
6519,7046,9637,6637,16080,5705,13476,5271,1935,18440,6245,13602,13519,2725,11433,798,8606,14432,13232,16358,13951,19994,1407,755,13677,19254,19855
19231,8201,14544,59,6953,1896,2738,4773,2835,5065,980,13901,9028,7196,16124,NA,5130,5285,17397,12452,19846,5808,8087,3734,9287,9217,15985,NA,10619,19515,8715,NA,16907,11483,14634,10682,12225
7837,7039,3283,2069,9067,9506,17986,15381,15671,1979,3075,10750,18370,19363,NA,692,NA,3352,1334,10718,19141,6420
5711,448,2701,4593,654,18166,849,2038,11399,2440,6912,6453,5157,5237,11548,7115,17756,7010,NA,11653,4485,9896,6812,15601,9995,14123,2567,1487,9363,13531,17355,3451,NA,16618,NA,11928,NA,8522,4482,651,3935,5598,9259,821,12895,1404,18548,2979,13995,11612,15918,11901,NA,17701,18529,9637,8402,4460,NA,1666,18059,10044,1419,6169,1179
11341,12593,7265,15240,1525,13913,733,6988,1344,10129,6790,5607,4124,NA,5710,13779,NA,8693,8743,6770,4149,NA,10849,19375,9767,15320,15455,19596,751,1211,6802,18602,13841,16427,6162,7823,12088,12659,8430,15699,4034,11476,9234,NA,16264,17054,5545,18690,NA,13662,1131,18169,15023,3632,1644,9905,449,7376,18675,8889,14306,5052,2531
952,7689,18812,978,10284,18241,12460,5035,4620,7993,8884,15035,4467,NA,239,NA,12131,7112,12677,2269,5353,8560,12794,13797,7487,3181,14747,7488,4521,7767,11783,6489,10531,NA,11510,6368,6020,4242,17014,12059,5588,2062,9848,8939,10464,NA,17054,15474,14928,16206,2483,5509,15233,NA,8178,399,11337,13495,16022,1544,2645,6041,15061,7596,NA,4707,18645,5637,8095,479,6727,17636,13651,16412
4966,18856,4003,14906,3891,16366,5170,19670,5969,6880,16024,15781,1069,4471,NA,18775,9658,13031,18304,6832,1272,2170,15121,766,15986,3244,7960
6267,778,9030,15584,10366,5082,4656,8297,11647,17817,16107,15503,9202,5237,2193,4778,11296,14161,8911,NA,4776,4890,2311,4719,8937,19850,18397,18954,NA,18063,13942,8766,6703,3393,6875,16816,4606,18243,13395,NA,19840,4328,1275,15001,19268,16853,6983,16903,8824,3634,5205,15606,9604,16818,12538,19,17971,NA,6514,4856,NA,8845,16241,6624,2345,6354
3615,7402,17693,8799,5020,4369,565,4735,10204,17632,3327,8307,18811,9845,17020,NA,2838,19828,16886,2734,11348,1579,19341,6571,5258,9058,15192,19277,7901,14875,NA,97,8861,12796,18490,1842,NA,1700,6904,3552,14556,12945,495,6779,11433,13070,7624,17431,6096,16353,2764,426,16589,19840,15194,10933,1388,3294,15468,12861,2200,8869
2489,13685,5827,7643,19197,4293,16783,15114,11036,17296,12000,3428,1413,4829,1124,NA,1073,14639,8291,5080,11582,11708,15965,3701,1762,3802,2587,4003,1200,140,5465,13088,7940,11993,11457,7479,9743,5175,4608,11656,11754,12018,9528,15830
19843,5618,13278,17835,12303,13822,850,13121,12916,11124,11331,NA,10861,2012,3343,14750,3250,9652,6309,NA,6005,18956,13917,2993,12953,NA,272,10561,11113,858,9540,10521,NA,13489,5568,7387,2597,5014,13433,11226,9574,11461,17854,3554,3053,10923,18891,5838,8965,19265,4582,18063,374,17913,15778,15551,14556,5432,15472
16195,13877,12161,8434,16954,9081,4706,19530,13935,16406,6145,11155,NA,11518,2965,19343,4516,NA,10088,13191,NA,11211,9167,8714,14738,782
4247,1888,2330,3983,7869,11096,6078,16126,19603,2,7178,13643,3413,2697,13361,16822,13598,12327,9648,15936,9008,5318,216
11731,14390,10654,5357,8544,4350,12839,18355,15231,3056,10077,11148,503,7660,2397,18744,19895,3730,NA,4191,11727,6811,11650,15819,14724,12960,7831,2673,1809,1897,11202,1852,7745,4650,850,19225,6737,4348,19522,11184,7833,19358,2778,16255,13107
14326,16747,2000,16896,3887,17894,6209,12009,6897,6576,4480,NA,14622,17273,4932,11923,19396,19728,19198,17181,3982,14776,16536,13826,795,76,12764,7334,NA,16628,5691,19703,12727,1516,10161,1994,9642,16999,NA,9994,7735,8682,16694,17365,10710,4651,13572
2559,4286,6963,4907,14443,16465,19341,17913,6926,152,8892,11834,1962,5117,8755,15466,81,6696,2257,10638,3388,9452,7042,18447,17715,17351,5356,13120,1737,15581,15788,14943,7044,966,6749,11862,17894,2490,3079,18663,2501,5441,14521,11713,674,9923,11215,NA,17642,3596,11300,12844,18789,16052,14722,13896
11984,16042,6161,10610,15945,13002,13244,7089,4915,2249,8640,4859,11703,9669,19564,NA,12536,8288,NA,15140,18393,11212,6752,5165,NA,2549,12376,NA,15989,NA,15452,18795,14158,9101,9743,3145,4780,8600,2303,16846,191,7307,11316,6259,4702,14178,13535,14816,7964,17728,448,939,NA,19190,3631,1531,2365,12842,18587,12722,4313,14318,17233,2309,3979,13244,13533,6427,19616
10954,814,9393,1382,366,7540,1906,8594,9520,9858,10276,9443,18791,13813,6116,17988,12465,9464,2748,NA,7410,7273,7911,19626,18814,NA,17537,4253,18901,8050,8834,18497,16165,10788,9446,NA,7722,NA,4282,10907,19472,19358,8804
11482,12337,4424,1375,4773,7696,2185,10770,2369,17499,2759,9092,16949,13373,5942,14396,18867,11868,2063,13847,3018,16081,35,504,3014,13968,2206,15607,14132,10741,16357,15838,16550,6216,11842,18159,2360,3949,12852,19006,1336,1759,7194
9923,2253,2005,11095,179,7271,18206,2977,9636,16741,19360,360,19945,142,5915,13721,16855,NA,16064,NA,5121,17204,15462,7326,11613,7861,NA,17857,1134,4244,12026,6493,3779,2861,NA,18436,5602,12975,2360,15053,2066,NA,16909,18429,13985,1757,14204,9501
18812,16665,6929,18114,11959,4702,19980,1306,16437,15207,1570,7918,9163,13749,11753,8998,9682,NA,11376,5118,18329,NA,4988,12302,8105,NA,11830,8459,NA,11444,18796,13931,NA,15156,2923,12480,16378,19799,5618,NA,3051,3618,18755,10189,4709,2502,18925,7526,14680,6238,589,9123,7512,8633,10059,18881,17515,3007,9636,NA,2186,3720,5023,13360,16228,249,10612,2590,13216,2067,17795
19527,14196,8751,5659,4287,7726,18130,5794,9877,11059,19763,6385,12994,1651,17495,8188,3376,5366,9361,5932,17404,11372,5348,15775,14508,18113,10492,19668,941,19771,11790,15217,5176,1673,10866,7835,18158,19314,3179,14779,18728,9618,9376,1649,7505,16103,16487,10398,12737,13536,16253,16765,15726,11398,12166,15227,8955,1096,2168,17378,9823,15829,12014,1834,16616,1125,NA,7670,4574,4899,4600,1847,14184
14983,18809,16343,7103,1008,3945,17899,11717,6665,6005,789,8727,2688,4360,923,13348,4662,9604,18708,15543,14282,NA,4494,11442,9515,1347,1060,14064,NA,19072,1094,NA,6698,6464,10047,14315,7249,3262,15058,13470,18025,16770,8532,17324,9786,NA,15000,7054,19031,14159,2845,18825,NA,7104,10738,11815,16151,7904,8222,NA,4411,19818,18749,16332,2316,1341,16868,16536,5206,341,2098,96,NA,129,3560,6729,16333,10951,19723
9304,17767,3044,18602,3543,11699,15182,10296,11798,6315,10088,17301,5503,14990,13794,16106,13248,12286,2428,9096,9567,16447,5514,NA,719,13808,4432,1876,NA,19055,13056,15761,16713,17800,17526,1091,1597,14343,18591,NA,5301,4105,18361,14705,NA,15360,17774,14426,7198,17738
3962,6417,7158,33,13455,13721,3348,11335,19889,11381,4087,10868,2447,8140,13992,4382,19156,6288,18230,11921,10201,1886,778,10517,7329,NA,8574,17425,NA,12316,14891,NA,3588,7871,3590,10693,3637,2336,6058,5320,NA,14332,16531,16929,19082,6791,17734
16684,8853,17176,18608,17898,9049,9833,11669,7753,12878,7237,17458,19695,2201,15332,10936,16733,1666,7249,14093,13620,1182,9830,12220,3276,2570
6778,14415,7463,5340,4660,7161,907,19551,8646,5190,16210,2622,12495,4805,2285,8868,13454,NA,2073,8267,16385,4964,3703,4336,2915,11592,8947,1009,560,16660,NA,10486,1158,797,915,10826,679,NA,6377,19533,2719,6699,15548
15307,18372,15454,1582,1423,459,11351,19164,8895,12275,10210,16211,558,15846,7433,10251,5520,2824,18052,16284,12862,14862,NA,15725,18928,12434,14050,NA,8810,1108,3094,9406,3027,7591,14206,13704,15249,1815,15708,17650,3656,19837,13203,11874,16088
4540,8446,16604,17132,4472,5309,8479,16420,18817,15742,19392,4637,7699,17931,17214,14200,6159,NA,3662,19105,5315,1887,16269,2554,8475,18915,12435,769,17828,17244,3246,19805,543,17907,12857,9974,15080,13474,5486,NA,9525,14423,7661,16158,3878
7423,1236,15445,12942,16750,7006,14651,13654,16386,5102,18556,3644,12736,9408,2540,5061,13914,4316,19000,18119,12884,3196
16486,13765,5474,16119,2358,18394,485,12504,19308,2451,13370,2545,17812,10301,10999,8449,15200,6895,11577,2295,1204,5105,19841,7646,15511,11679,NA,14380,9446,14984,1860,664,13500,18980,14850,6465,198,16684,9735,17145,333,NA,13057,5783,14182,10181,3296,17718,14277,17366,9013,7054,836
1878,16805,7625,18177,19924,926,10335,8366,1811,6134,7528,12620,6044,13195,NA,3177,5737,754,719,9855,9588,12863,11255,7671,NA,15962,7122,7324,16141,2941,12282,2354,13095,14022,6584,11884,5068,782,1229,4747,18867,8209,19491,17694,19673,12138,14676,1555,16906
12081,382,17372,13702,5892,14888,9396,17875,12409,5461,6729,5420,NA,3550,11423,11776,1740,4158,NA,4586,18704,7539,2769,NA,0,17367,18590,7105,15477,18215,14443,7707,16364,4030,14846,3269,12692,19968,442,14128,7955,4019,5923,NA,12497,3463,7772,8805,5928,9931
10247,15525,6745,6163,18305,515,7862,11145,13812,11242,11781,19805,4783,9274,7927,10943,9548,6956,18029,4579,7069,11681,5853,5905,17387,2909,15674,18595,19385,1986,10339,11474,9458
1778,17905,18568,1891,13289,16455,7940,1679,14942,19003,6475,6405,17114,NA,17891,1054,16013,16150,17677,16775,339,13712,11924,NA,2548,4999,1855,12225,13316,7260,9038,14035,1113,5268,NA,18261,4119,12513,18773,12908,240,NA,10989,4618,17320,5455,4444,5957,2898,1814,3163,4578,14924,19884,NA,2497,4668,7145,10806,NA,13397,17645,9213,5797,6757,4545,19770,7386,8556,4985,13360,NA,4392,19657,5924,8735,17651,18017
17320,18645,2254,3525,2738,368,9494,16829,13525,17135,10330,NA,1852,7957,NA,16564,7092,3480,2883,5235
