1380,16949,11638,7001,17504,19833,4115,5212,8506,763,9482,4877,18007,3999,17559,NA,6722,1732,16598,1244,8853,18906,10770,12861,4342,5388,2942,8779,4096,NA,9663,70,10339,11678,6655,15083,8603
5990,12510,11738,11636,11938,18554,19791,19466,3263,4376,19431,2802,19100,12826,9915,15144,17825,13968,16325,18768,11460,16046,8749,14634,8376,8551,6577,18315,18194,18847,13679,8284,6344,18734,NA,11795,5875,18314,3647,7313,NA,12656,NA,19587,1970,18736,11371,10857,10345
5615,15456,9480,7163,1719,627,12149,3703,3005,17354,13447,19040,9714,2982,NA,12350,7132,3782,3889,12886
17222,5999,15987,8254,9343,15785,17159,9418,13151,1611,18562,2704,15443,NA,10419,15521,494,1105,14741,18952,10592,19623,10898,5002,7833,19835,13169,19073,13020,18641,13493,15737,4183
8591,250,5868,1677,4734,1484,3457,5818,6599,4977,2093,17562,5989,6963,10774,11249,17267,NA,4369,18677,NA,9884,11255,6516,6943,10532,7797,NA,10379,NA,63,13221,17211,13762,6922,3592,3571,1676,5095,2668,17208,4870,17335,14921,19599,11995,14984,8345,12199,1828,14786,11999,17990,5323,10143,1064,10106,1123,12100,14622,17887,10695,12799,6093,16347,3182,13808
2397,8578,9608,7450,14573,5247,2494,72,10688,14583,14351,9940,2339,NA,8874,3840,NA,18108,13090,4490,1441,11938,18966,16969,695,17749,6252,18503
13651,3689,6051,1326,6240,551,13145,17407,8072,5714,14603,17593,12978,19966,12741,11895,16798,NA,3247,616,13281,12491,5386,13123,10031,2174,19657,2595,11080,16113,5447,78,2484,16687,5791,6013
11572,11581,16185,10050,14002,19918,6475,13993,17614,18657,15036,18017,15006,6615,5882,17857,11201,7311,19535,9110,11882,9814,12956,7673,14227,16340,6643
13347,2666,16466,16968,15545,10330,6066,9315,8012,18852,5128,663,9277,14390,1632,16834,NA,7860,1055,14272,9594,12967,14660,91,3788,NA,7764,6821,955,10277,10287,7931,8616,11262,NA,4412,2315,7663,NA,10377,16721,3563,13110,8610
454,9973,2213,15807,6385,6726,13562,14179,16531,6569,14885,3291,1283,16811,14367,19160,NA,18603,15634,5387,8775,9823,10534,2182,13686,3201,4423,15405,4611,6548,11767,3894,7754,NA,12245,7344,4347,2220,NA,4892,8678,8243,2836,13628,10462,14571,1349,4815,6703,16212,18045,2295,6712,2679,7429,402,18552,17942,14830,11002,14415,9805
8817,8128,298,5437,12980,11475,12829,5283,3690,10105,12733,18199,17620,217,16121,1516,16977,19747,12153,14624,NA,14466,3986,1772,17679,3579,NA,17080,3182,1937,18354,16503,8792,15185,1560,NA,6296,NA,18096,15493,13154,12117,NA,15985,12931,14011,6160,NA,16682,2386,8104,6319,9476,18839,12097,12942,8203,8823,2222,16826,10075,6922,19712,10772,13998,4327,14011,14177,11938,1995,11131,8438
17394,15042,14507,11675,1185,17963,15348,2817,712,2224,12937,11972,10758,2743,11552,12864,17791,14783,13243,10065,19003,NA,650,9954,7887,13648,4586,4977,15118,15414,13565,6269,NA,13993,12324,14653,16506,14000,359,10382,11397,4874,9117,19421,15681,6138,19303,NA,10797,8063,19430,15591,4035,13489,2640,6258,17457,35
3362,4629,3862,5561,1392,15577,17076,10214,3447,13429,17586,15257,395,15204,10924,2293,15708,10999,178,6891,7664,5213,NA,11501,6010,16273,6917,10649,18286,4092,1423,1448,15569,4066,11172,19321,8644
9145,19262,15952,9907,17000,11533,14879,16467,10462,547,7202,3586,15300,81,NA,15544,14284,10327,9778,17712,17038,15069,7469,9111,7035,15021,16431,6723,14216,8941,19456,2518,12187,5731,4392,11079
13955,8033,3044,9788,2526,13394,18710,3132,12755,12874,18766,12265,19167,19686,12707,18945,5788,8306,10364,8317,1653,14864,8656,NA,15311,7043,14999,5880,563
16997,10603,5242,9778,14238,16411,2378,14750,3804,17023,12578,7818,1980,7329,6879,12158,14998,9340,15316,504,15755,18709,17354,18039
13620,1783,18787,7986,10741,18504,10873,5479,7519,16574,3644,NA,14007,3347,6840,18189,4390,3216,12562,10844,7151,13511,658,8381,16223,14766,5813,15547,15496,7217,18859,8805,16512,18845,18362,17470
19722,3535,10503,5530,6503,13893,14101,8667,18362,16112,12192,NA,4117,15162,7146,1033,5800,1751,17698,8904,17439,15568,796,11066,14659,18135,19951,13119,1878,5784,3873,4836,6791,10466,16474,13734,9833,1753,5436,2909,11240,15045
15604,9170,19877,9940,4314,16100,10355,541,8558,13639,3126,2550,18737,19313,8376,128,7675,NA,12874,4279,5311,1034,17183,4387,NA,14724,6930,8736,19771,4166,389,2850,10865,4705,12276,14594,17033,2805,4602,9150,8878,5646
9882,8100,67,13777,8803,12956,11640,8659,6408,9533,6704,NA,12500,482,6899,11573,6351,19581,11733,NA,10532,19547,12644,NA,9649,337,18921,4613,16334,19480,5711,12103,6953,16896,4752,8884,14188,14822,NA,520,1336,4894,5750,14122,17740,10315,11174,17381,15804,12348,13267,NA,19843,987,1817,12268,3287,8875,11413
675,8755,3370,10468,11559,9217,6210,1885,13753,19215,14663,NA,5823,10036,11477,10627,NA,7298,15752,19501,3460,1008,8930,13854,16971,16073,10816,4218,NA,7925,NA,13752,11384,12111,7265,18550,16039,12152,11300,1823,NA,10975,17283,15410,7953,16469,3589,109,3955
2255,9938,9303,11482,4955,14521,7354,1691,19778,693,10440,18160,14695,13576,14184,2442,7084,17669,12034,NA,6864,10702,18341,18162,3626,11160,16888,19281,18443,NA,19169,14114,9706,445,16098,NA,3022,16008,16259,13019,12688,3515,763
6425,15455,16627,17882,14919,10780,5866,19310,6064,9026,6926,16466,16922,15739,150,826,10470,6589,2336,1906,10220,5762,14997,15786,19976,9640,5256,12663,6122,944,1918,571,7689,19759,5198,18919,NA,2539,6093,992,2822,11360,11627,1471,9761,7053,NA,10931,15332,NA,14123,8936,125,1987,NA,10282,5748,7488,NA,8304,4051,NA,6696,2253,12562,12052,6924,15577,14277,19701,16245,18306,18989,4953,14734,7579
4436,10858,15890,13192,3778,2989,15983,7989,9223,19296,1567,NA,16281,6567,16461,14029,13208,4511,14801,17818,11435,11471,17390,19935,13227
17641,2922,8268,12588,5483,17336,18022,18020,18401,4797,6117,3892,10314,12086,NA,9037,7715,7764,14086,2060,16429,9887,10361,16792,10226,12645,10482,16093,NA,1287,11391,11216,5590,4085,11423,15910,18927,1269,1485,15493,4351,1424,4493,19700,NA,5740,14941,19273,13966,NA,13675,4834,2800,15700,9514,NA,7987,5647,15401,320,9021,4291,11247,NA,19229,17262,13008,10587,9445,13799,2938,4072,17802
13219,13106,913,17968,10739,17470,2685,13060,7801,19250,2670,5119,17430,11083,8532,16634,NA,1128,11367,4195,16919,11696,9315,16815,4878,5741,5031,3645,5525,11046,7249,1310,214,11087,6093,8977,7658,15699,19614
946,6781,7957,11928,16313,10299,13825,18394,15717,3474,7174,NA,6480,5351,1124,2151,17076,1400,14978,2732,8842,5477,NA,13383,2463,7729,9684,4752,9810,10844,2159,11946,2729,11885,10754,5335,18626,6390,11028,6152,NA,1712,17149,2355,4259,16575,9013,8550,174,17939,12692,5856,12035,18961,12550,17999,15433,2204,3451,13774,19719,12579,18700
9232,17167,14147,5378,19070,19281,7188,10809,17250,9715,9188,14979,17084,15747,NA,11385,5238,NA,7622,9951,14650,16894,14621,NA,9774,5812,7266,11202,4086,9808,13698,14894,9136,NA,16263,5890,14254,15959,18358,17305,5094,16171,3961,11646,19326,14876,12122,12539,3643,827,3233,18441,8158
3307,12782,13486,11646,12381,19510,11842,18929,14391,6878,3156,18328,16210,14803,15175,9761,14374,11438,16478,15595,3086,614,7999,8550,11234,5992,15478,9106,15348,4548,11366,9770,10547,12130,9518,8170,11805,14586,17836,3537,19882,4620,8852,14898,14725,4649,4589,12267,11656,19650,18640,16879,17275,925,NA,98,16722,4926,10265,6283,5707,12646,16257,8000,1464,9429,14815
14699,12871,15013,15747,14176,9203,4251,14844,2476,247,9727,16367,6279,7568,19752,NA,13465,4103,11104,10664,NA,7184,4087,12672,11753,16337,19321,16297,13974,18525,13788,10026,17847,NA,7152,NA,16464,16967,11149,3341,10784,7729,17702,19963,13309,6721,12224,18163,16009,1945,17445,16079,17104,8261,5750,11244,17796,19382,17205,13722,16600,344,NA,615,4221,11142,18488,3568,19241,5407,17177,5556,3477
389,18914,10881,9233,17761,4655,18718,17837,18710,17266,13516,3043,10686,4895,19535,513,16911,952,11198,14075,57,12561,12009,17545,6168,6335,12951,3687,6278,8997,3608,7385,3938,17866,17207,13762,12054,18557
11767,6402,3920,6544,19356,2739,19022,18458,5669,3791,2666,9251,16130,16068,7282,10422,15643,1902,11824,17481,12262,6672,9803,NA,6002,18387,NA,13708,12635,13528,960,10323,NA,16304,19367,4473,11551,14649,16900,3899,4333,5293
7268,9501,8150,15519,16481,7937,2548,2777,6477,3895,14797,6047,17990,NA,13602,15090,1365,13732,NA,15397,795,7163,19308,NA,1100,NA,2121,19267,3707,16033,19034,NA,11266,2465,11242,9487,7081
14963,13944,10011,15801,15217,16850,18288,8374,19134,107,12888,18844,14694,3227,8151,13426,7563,10142,10554,5603,13598,15083,13114,16599
4242,17327,16877,15546,15479,1278,1568,1414,17732,163,17788,13253,897,4883,4721,19383,13457,1201,15293,9764,19798,3672,NA,18159,10563,9695,17599,16400,18497,355,11163,13775,5360,7223,6236,15759,17999,15498,1813,10611,1978,NA,14390,9437,NA,3434,2795,16118,892,16367,2765,1044,6308,14404,NA,12375,670,17159,11872,15367,17221,12672,14797,18286,8186,5352,8006,NA,16814,13712,10963,4060,16383,14036,3033
4601,11829,13315,11416,13127,15679,7424,4892,19367,14067,13033,3328,8013,1155,15552,13703,12503,612,11037,19811,4835,2638,16094,15425,NA,19085,4831,17245,11036,10444,NA,13552,13366,13176,18524,1308,15925,6028,17734,15648,12636,4405,17712,8894,17154,NA,16110,8941,NA,51,14008,19594,4218,19917,6194,4221,2132,5435,8320,6153,NA,7937,16758,15359,11545,941,1023,18368,1346,9150,12277,14956,15230,8348,15836,12394,5092
6584,13733,15999,12553,14229,15914,5806,19940,15405,5408,18950,12185,5678,3489,14159,1846,7132,5486,10577,16908,4530,16160,2889,15348,2670,14933,NA,14211,1421,10003,1422,6502,11230,8338,2217,15262
11070,8108,3990,14595,16328,10617,1424,229,19146,18494,8663,18796,9570,12413,6221,13262,12408,17164,15304,23,5660,NA,15195,NA,18925,3719,NA,10375,7518,3673,1793,NA,11368,14049,18931,17392,14884,4418,NA,11197,5212,3953,13181,7502,18218,13596,NA,17201,11703,2544,4381,9163,19957,2377,12016,5441
7085,3930,14524,10886,18306,4510,16322,9963,18488,10806,9862,NA,1817,1221,2791,NA,12577,9334,17925,3249,14207,3711,16293,3989,18910,1140,430,9852,17148,14775,155,5415,NA,16898,9455,NA,2115,10510,13464,8838,4209,2113,2533,5521,8627,2572,7184,10503,5733,9042,NA,9174,16429,2396,14518,4024,NA,216,9547,9786,18100,14715,14246,17017,16596,16264,NA,1062,12372,11188,15761,2306,3998,5002,16050
19992,11634,13224,8498,4443,9786,2534,12829,16610,4148,14184,18297,17648,13841,15080,11800,7865,18281,6443,17444,NA,6193,8098,8691,NA,16550,14081,NA,8979,11163,NA,3541,14923,11374,8666,128,17430,1319,15333,19769,18167,14807,11165,NA,9685,9213,18004,18398,11479,4635,7342,4875,2558,18707,7702,6596,4685,8865
11735,11148,4210,7148,17052,15749,8340,6362,7020,4188,1204,18101,16137,1776,1748,4523,16592,17617,7908,9293,17615,8142,4450,9295,16438,6274,14811,10252,1818,4134,5624,6728,3838,3487,3266,7756,NA,16661,12314,2422,11728,736,NA,14211,19457,8391,16494,13267,16366,5085,6406,13319,18762,11379,8053,8374,5680,15252,11616,13529
3609,14886,15632,8850,1727,12968,13334,6819,175,6699,8438,9318,8435,18898,16478,8665,1634,4078,13720,15403,11428,457,16376,8766,19208,6167,17046,6762,12401,5823,4641,1758,8847,8513,NA,13062,9578,6227,9589,4176,14066,3891,16756,10894,9539,9278,4206,992,1604,10075,17679
102,18119,7949,5104,3360,19889,13495,11834,2896,16904,12848,9867,7545,4109,11451,16277,5696,19810,2533,5013,5107,5176,12797,7848,17862,18168,12449,9882,12203,17359,9030,16446,14269,7118,14811,5107,5032,19205,16256,7707,17506,11409,5452,7394,13069
7781,18914,4838,8373,4395,15860,5322,3350,9760,2003,7338,NA,169,14076,5377,17465,17641,11974,3785,15448,14615,3926,18859,8469,1028,3301,4384,15672,3931,5092,4094,8563,7501,5741,3327,5799,9240,6954,19110,18688,16747,11797,2285,396,7,18411,11256,6401,NA,11059,17910,3661,11087,1452
15264,9613,9313,2531,16902,19318,7024,8708,8091,17692,12801,8316,NA,12920,5133,9974,2360,NA,10677,11336,5897,8718,5267,17762,17009,7458,NA,18146,7707,15844,NA,13691,698,2818,14713,11916,19919,NA,16426,10172,15643,17606,2769,5179,10563,18787,16593,9309,4107,7455,16239
3075,11038,9586,15883,19171,17840,15437,9256,16888,15988,10170,10423,5435,12152,15052,9079,15545,9498,NA,7610,9211,1277,16720,5621,13147,4139,11918,6119,7591,3019,5907,17530,7104,8283,2173,11673,19406,12168,10711,13628,2131,18854,16397,1480,13470,3945
14374,5308,7899,13082,19401,4772,1534,6852,18694,17857,10292,260,1750,7366,16183,16606,580,12043,4194,7373,5501,15267,10225,16248,16258,625,12596,16129,NA,9320,16693,14087,8330,12158,13680,12826,13729,15935,9394,2479,18865,16166,19308,8940,5779,5061,17156,45,5321,6226,586,8388,6513,18708,12689,18521,16132,9681,13650,4611,6878,NA,4940,4133,NA,15651,18767,4083,2129,6861,13252,9326,13494,38,19695,4902,12800,695
7210,2416,13164,10509,15152,8190,19588,2478,3726,19459,290,11667,4749,19256,19519,6108,18983,8295,13186,13436,608,5939,8795,2682,15588,15450,8264,6216,19502,18000
15970,675,12615,13112,11983,8947,12585,19503,12676,7379,12315,4804,15889,NA,1893,5562,18585,16218,NA,7730,2629,654,5551,2862,16370,2205,15716,3075,6718,8836,7916,4468,13265,1500,15381,4189,17518,1724,9233,NA,2915,2294,4238,9499,7336,1440,15271,17597,NA,16971,9695,4787,15826,7667,14593,6777,NA,14609,4514,19229,14310,16283,NA,7583,1172,17484,11115,12060,8284,2510,2260,19034,3912,6162
16636,12829,1588,19930,1460,11588,14714,16793,3605,1476,1982,16357,8781,1264,17500,8715,9337,5965,13759,NA,3412,16630,7580,14384,7334,13020,5945,NA,19640,9316,15625,NA,1872,12848,7261,10374,732,4415,3749,17528,3859,375,15071,17059,NA,35,NA,9097,3221,18914,NA,19215,19045,5179,3615,16701,11416,7080,9706,7035,10963,2095,15614,14315,7140,10025,417,3240,7681
12090,19521,9963,4646,6336,4230,3878,6643,1643,4314,2796,2395,9614,17764,11633,2853,10804,NA,13180,10979,12912,13031,8883,16233,2399,15363,601,18185,16268,13278,1653,4047,13103,18434,5855,6979,NA,7810,17254,12096,13520,786,9444,15092,4598,10974,6592,2470,8370,707,6494
11491,4216,6452,1855,6235,19936,11057,15872,12012,16433,14354,1712,6855,1528,19687,NA,14669,8634,13023,3793,10786,18018,19949,4442,10586,11681,2278,9228,NA,3647,8588,14174,NA,7740,9071,1768,11492,9262,12132,6881,255,268,6659,2948,NA,586,18352,1655,5074,5975,3656,1005,13279,NA,10957,18570,18619,5699,12975,13422,6071,1083,6314,5718,10834,2281,1016
18535,19411,15821,3037,12389,11403,5904,4817,16761,1084,12918,NA,8185,18639,4580,17819,2384,10435,6171,11506,12411,9632,15633,11138,414,9444,9446,15204,4950,12504,6932,3645,13789,12762,NA,18298,NA,1198,9687,15823,17448,5061
7782,15664,4002,9780,1303,2602,8676,10424,4579,1128,7875,4008,9865,5783,NA,15713,11238,15464,19427,3717,9304,17878,19265,8066,16461
18161,5525,8987,12317,8387,10614,1587,570,9785,2838,3709,13809,2480,18293,1883,15708,2568,6991,19,NA,10836,NA,13401,18572,9933,12571,1093
10782,19301,6091,5392,6073,17848,15477,5736,14888,3249,12528,4495,1108,5075,NA,13969,726,9174,9316,902,4782
1215,5496,14234,12794,2117,7344,16320,7724,6456,18233,7415,5063,16922,3197,2995,9113,14969,4131,1963,19192,1982,11811,2124,12062,16412
16509,14447,17359,17123,5883,11860,3175,378,7930,1152,1346,15849,10338,1187,6255,NA,15414,6768,12845,9162,4396,NA,17059,17067,NA,5404,6029,18395,1800,1332,5290,19321,NA,17404,8309,14493,18820,19553,6926,2071,5645,8338,4239,9508,8904,NA,12645,14000,11673,10744,17145,14499
18121,2300,11102,17162,266,90,5944,16589,14679,6112,12822,16875,17418,11854,4075,12581,11783,17810,NA,1843,6801,6592,16234,NA,3242,17492,949,13913,4892,18717,17553,16947,11257,16153,18410,11489,16672,NA,12622,5527,12746,1222,19949,17251,NA,3384,7736,5881,9487,16331,6382,9012,13503,2026,19058,11897,8332,14299,16258,8790,19336,7482,NA,4388,2212,3024,NA,16788,NA,11712,11917,7725,2749,2508,10067,11982,19217,580
12809,14586,12910,2591,18583,10100,2920,2572,14471,6959,18131,9474,12933,804,891,9846,7046,1473,NA,16615,6740,6618,11449,17225,8904,7034,8010,13202,14561,14641,18103,2588,12498,NA,15638,10043,16989,2194,4647,NA,9297,1809,8778,7085,19964,192,11514,8187,1146,1951,5450,7844,8064,13163,19921
14314,12886,7908,4328,14958,17132,2746,10809,19599,17134,13003,5157,3872,14858,12480,4711,5138,7759,15154,11231,16625,8340,10074,5444,NA,11015,1445,345,10190,18253,865,18061,18127,1516,12251,NA,9703,6624,1940,4366,8782,15195,15384,16868,19056,17404,4137,4470,14939,3371,7061,2564,3926,5400,1393,2956,19502,6714,18202,13447,18987,3699,15891,18263,10095
