531,668,8536,8905,10803,3182,5025,15112,8710,16375,13338,NA,9258,8912,5186,7919,NA,4595,5486,10640,NA,3315,13344,NA,8859,17752,16430,NA,14420,13458,14760,7681,1199,12551,1342,15404
9742,19505,8915,18980,8724,8783,696,730,18528,15327,6986,7554,14068,14542,15670,18740,19730,3500,6621,NA,19739,NA,19443,11450,17987,1310,16213,13268,12539,15530,12302,4317,1639,3408
8593,10075,12127,12918,14237,9151,12798,7934,6611,11244,4657,7486,18173,11513,11778,7091,15681,3110,2311,802,3360,5074,10881,4026,6129,2765,NA,19033,18846,6601,5282,412,522,12868,3655,12238,10783,11471,5138,7296,11012,933,1486,14826,7482,13742,NA,4278,11333,10129,12706,2960,19731,2589,19205,18833,5077,10773,2842,12457,9268,5356,9749
19348,13965,18635,11932,11247,9115,15319,3591,11945,1890,8842,12011,16485,13857,NA,13511,NA,3268,18438,11079,14024,1394,18322,6501,10761,9576,2965,11579,1869,9944,19452,16673,4135,17004,19403,4266,12350,11850,5661,17271,904,2926,12569,NA,8648,15089,14705,18737,10302,15796,18096,10532,NA,452,11108,214,17157,19226
1771,4819,1904,2584,17929,3193,8463,6747,10637,11005,17451,1795,17121,NA,3758,17753,19573,17975,12183,17123,4380,13854,12608,8524,2276,1713,12768,12006,12802,13467,16922,9622,15634,14394,7529,NA,13778,1755,7305,18042,NA,7357,NA,19914,2439,14970,17634,NA,6971,9986,10026,NA,13660,10720,8998,6331,19480,17285,11031,13705,12992,18562,17956
14799,10985,14360,15722,19663,7352,6118,5969,3140,7734,7086,5068,18745,11149,9384,2677,18783,9769,14159,19859
13451,18003,11680,2459,15543,6953,4269,16715,1288,18106,19953,9194,2257,1066,1167,16592,3600,3409,12080,19003,6087,7303,15267
18294,6457,4242,11419,12986,2074,4256,13432,18630,12961,10346,8729,12852,8329,NA,1325,6098,2459,NA,19911,5982,4906,5115,10979,NA,3716,4033,3472,13751,11228,6126,19675,10751,NA,8657,17071,15246,13525,12632,9613,18701,10893,12742,9834,19022,5457,139,13412,4236,17212
19040,9085,4951,12857,7892,10431,4479,2013,13440,13494,9099,4868,19410,14175,9129,18698,9110,10507,NA,17997,11505,18944,13492,2933,11836,12550,10831,12651,7641,19834,NA,8986,16013,11017,15676,18875,17473,15212,6031,2644,287,3915,18212,17325,17289,13048
267,16744,18573,17857,3058,8184,7414,3585,10106,10613,4851,19746,14644,19147,NA,12661,11316,8231,7499,NA,12360,17633,7675,NA,5315,10012,19518,12697,17333,12242,16096,17366,6781,8112,13302,9905,1196,19725,5047,NA,288,NA,2339,14461,NA,2213,6897,2293,1589,8597,12977,11717,230,8884,19437,15843,9439,2756,9406,6423,15583,18275,15039,1321,866,16817,5066,17288,18246
16539,18110,7115,13257,11633,13844,14070,16097,17170,14536,4323,NA,14196,9468,4841,8338,NA,15097,10638,7109,8007,NA,12753,9466,14359,4340,500,2091,3584,1051,18872,3510,8379,9513,12001,16363,18401
3617,5757,11485,19659,15723,14159,4150,9062,3733,3310,5387,2582,4640,5108,2509,767,17734,3686,14998,5203,1834,953,19352,18684,18299,NA,62,4637,12367,NA,19673,5677,17291,1174,15488,13892,12425,5506,NA,4886,11683,11269,4508,1242,15337,4093,18767,18145,4955,19832,12796,17408,10467
19148,5552,18092,14743,15921,858,16750,18047,7410,3540,11621,2852,2038,6271,336,8073,13889,16326,8615,14289,6351,5604,19873,NA,10012,16005,4341,3181,9761,4439,5641,7826,3150,7683,15940,3273,18646,13792,1595,15314,17915,3514
11471,16306,8294,14893,19488,10685,16528,11977,16480,7886,19356,NA,12793,8728,1384,14039,10457,17033,8160,16627,19180,17356,NA,18381,4441,6482,17246,13534,15463
10336,2616,15057,13536,19486,7442,10460,1845,3481,8689,10942,NA,13079,5926,14223,17834,11622,NA,12329,14236,4065,1344,9209
11911,1743,3742,14378,1526,5152,4829,6865,8357,18583,4531,16310,1789,5883,3581,11840,4870,11330,137,4068,6162,9957,12701,1274,10820,15346,14873,NA,3246,13708,2489,11562,16531,13194,12262,5427,11637,18386,4780,18984,12076,NA,10800,2521,198,7722,17698,10036,15408,3046,277,9567,2141,15491,6611,19884,12041,18822,12187
5665,6106,4408,6603,18439,8117,11614,6421,13653,1887,13072,5139,6937,13664,756,8210,18050,18870,19336,4663,17081,8104,5404,8634,13247,12188,10540,12032,9022,3694,6924,NA,15363,6175,16260,3756,4614,9587,1165,8243,5279,3469,3696,NA,14204,205,8398,6734,703,15517,18556,10133,9928,14954,5947,5565,13522,19173,11211,7757,16427,13212,7379,254
806,18722,4391,16091,6882,13296,13078,2954,16373,18197,17162,6921,16503,4556,13740,5974,2371,2398,16094,19374,16360,5363,4093,2758,196,9611,2103,744,6931,NA,15875,4001,554,1934,4592,5072,6356,15849,5839,14527,17430,8877,8202,9576,16082,12194,17766
353,1902,10015,4986,13265,18039,713,3448,6602,9090,8204,NA,13210,14931,13582,10547,19908,NA,12061,7611,7611,1321,8171,6942,4015,1347,11379,NA,16064,18483,3298,12109,8472,6780,12001,13772,16715,4080,15565,18097,9131,9665,7426,19287,13015
3586,1184,5454,19978,5374,6676,18371,19142,4368,1589,3942,19273,11679,4150,17603,NA,11639,14104,18038,1446,7798,14242,6968,10778
13298,18444,17739,19920,10949,1851,11849,16934,18063,6444,18381,7616,NA,19874,9370,12369,15007,17596,14,10804,2770,13316,16904,14243,16167,NA,2258,17892,2773,12102,6833
17878,6292,12466,12248,10046,15960,13814,1246,12057,11673,12135,NA,16401,NA,16425,7050,5674,19721,12788,9726,6671,9225,NA,3742,15722,13493,1305,5467,NA,228,9079,6125,17271,3307,4596,5001,11428,2622
5670,5874,16564,14468,14231,2799,15060,15976,7558,3645,6468,17796,7686,NA,8334,8106,15627,9853,333,17471,18485,18784,3575,3977,9789,NA,776,828,9336,7956,8609,9223,15031,10305,3912,9519,1278,313,11762,16989,8249,NA,13167,18791,NA,6484,19801,15073,5163,7760,13640,16096,9679,15855,1521,15585,11809,14960,6849
17923,12698,1108,3269,1249,8265,13982,5625,1352,618,13289,17834,13930,5620,5607,18146,7215,NA,17878,NA,2072,18504,8664,10741,15745,6621,13846,6612,14995,11541,15452,6333,14833,18804,16841,NA,13434,6621,19161,19339,801,10530,19150,NA,7187,1755,6139,18267,379,4369,1959,11867,NA,16282,14985,NA,12659,2907,NA,528,905,7298,11462,4337,8502,2031,11152
3653,14468,302,17976,19040,17707,15690,1351,10789,15609,1127,3327,12674,12474,4264,6301,16359,7206,NA,62,16909,17790,17932,NA,10044,9381,10774,19256,7399,16539,13547,13513,13348,NA,1046,NA,13378,19396,NA,15880,NA,10592,2378,6330,119,9399,19690,16625,16927,18993,11752,6453,17274,6863,4323,4290,11479,9352
18289,2012,14041,16465,19142,3065,17992,19531,4710,15675,504,9457,9485,9119,NA,12730,12348,NA,4521,12445,12054,NA,10058,11581,19518,9757,NA,731,1724,13713,9893,15902,19197,6991,8442,10716,15655,8941,12754,18472,9301,7927,4288,5520,14807,6127,14260,1100,5269,NA,11596,4346,12293,12138,16406,14615,5700
16443,15020,17313,3629,1426,7680,16474,2297,4650,9361,11229,6749,18857,16829,430,6753,2082,3910,17487,411,17244,7078,NA,9342,19440,19928,6469,NA,14336,2763,14916,10977,1302,NA,14064,10513,15284,2623,9677
9329,8753,7407,14561,1700,7574,11790,4630,6950,18615,12607,3160,4798,1165,5480,16063,10616,15089,15301,14198,18289,14965,13021,7691,19980,17270,10406,2062,3908,608,NA,12274,16002,NA,4668,6921,9056,11984,2122
14913,5332,11733,716,2927,15741,993,14569,2208,1473,1201,14139,7179,5016,5280,17269,6041,10526,1183,4618,15362,3612,5222,12422,5793,10979,10235,NA,14592,4047,16620,8698,15524,12349
4953,16830,19362,3737,7725,588,18480,13295,1008,12376,13235,10739,8271,8929,15417,NA,8122,13640,9331,17276,2027,4973,15237,11245,1698,NA,8126,5128,12346,18246,NA,11872,6160,17636,1088,NA,8770,2043,13203,3215,6898,15616,NA,8565,13954,1213,6848,2627,16955,19603,NA,223,5086,NA,13368,18553,16477,17541,250,6776
3994,14633,15233,8945,12579,12236,5140,6818,4843,13961,15135,18283,11224,6281,12774,5246,12662,5140,8862,18119,2559,15555,NA,1932,17928,10003,2638,NA,8993,10878,4658,18062,12,15373,12832,6488,12592,2833,13263,86,9095,3938,795,13482,5733,9749,15017,1241
19960,12497,1882,17263,19494,9807,9551,10172,9835,15079,18164,12866,9766,9190,11450,18821,5022,5853,NA,1536,NA,3596,17918,7295,10957,17593,7856,18730,15064,7452,1918,19448,12567,13379,12309,6626,10060,NA,9023,7444,12375,18335,2350,235,5465,7379,6391,9915,1074,3704,8849,14887,17033,1660,317,2230,NA,6170,18750,19966,16003,NA,16761,18680,7166,6887,4023,19730,9673,NA,17383,5831,5725,11053,12885,14171
4236,14074,13593,16665,11915,16553,100,9873,7280,10623,1513,19068,6304,8406,13559,14817,15500,2581,10311,7970,1730,3901,16237,10307,NA,4480,10457,9055,7496,12348,11482,11748,9458,NA,72,14901,3370,10897,4623,NA,15750,14870,NA,13537,19528,NA,6760,18770,2425,11364,5237,595,18961,1665,18092,1719,10956,8498,NA,17557,12591,7351,5243,5047,17825,10807,1886,12079,6209,5357
162,19158,624,19620,9393,5963,16313,9181,5109,18743,18821,1835,18754,12594,16626,1635,344,12543,17050,582,4843,17390,10881,9299,17750,129,13163,NA,3306,3620,10231,12124,15884,178,13508,5368,407,12325,17096,18807
4248,10673,14458,19447,16330,9030,5150,16525,18268,18181,184,7794,17859,7778,1601,14656,9325,3195,2720,NA,840,3487,19755,17555,12218,6076,12178,1304,18997,19756,17020,4849,6771,13593,14700,13808,NA,18394,NA,40,13081,10189,NA,17067,13808,19708,NA,6454,16618,NA,9068,14388,10318,18644,11357,9234,NA,50,NA,9741,11143,14399,6081,1084
14516,2677,16126,19026,18144,1970,9480,14780,7451,15265,18037,NA,8112,15480,7451,19091,15688,15779,NA,3554,9772,4485,4435,6334,15009,4449,15929,18277,8660,12500,NA,14931,9143,490,4268,15078,19873,10929,9407,14210,8077,NA,1512,10110,16418,8146,7051,8627,7384,3968,18141,4839,19863,NA,9924,5247,7318,NA,18696,13116,8452,16609,8683,2766,717
16678,17727,17987,16402,4628,12740,579,13495,12797,743,13442,9110,19134,10210,13703,19439,5177,2817,10652,18507,15177,7941,NA,2376,692,2784,2953,4598,2891,NA,7946,13243,5293,14718,11212,7772,7688,2946,2463,2268,7746,4435,5472,2758,12094,369,14855,3062,8498,9410,NA,18211,6852,NA,19314,6743,NA,6146,7260,9427,10170,16273
16534,4810,12040,14595,19958,17337,4829,14268,3149,656,19309,14427,17872,19790,2945,NA,11092,17257,15591,3235,14391
14898,12807,14601,6482,991,14554,17952,19074,8218,15318,4050,10462,19689,2131,18497,3908,12084,10105,NA,1752,16161,630,17114,18057,4919,3993,11127,2727,19347,15948,NA,17088,299,10483,13011,14391,6845,5007,2644,NA,5622,5260,19443,NA,18736,6306,6782,4787,16968,14616,19793,19560,3748,14073,545,NA,17748,19986,3418,17394,14414,5430,8977,35,14056,16118,15321
5094,12120,13013,8447,19784,3307,16007,15,12793,16,5089,15953,2675,16182,3382,NA,4433,6634,7193,4251,15444,2396,17435,2102,2129,3809,10976,12945,19473,15047,13784,7346,11838,10635,317,3436,NA,19167,11968,NA,3157,17446,16298,13358,237,12954,4442,19571,267,15601,10794,1710,NA,9287,14572,16199,6613,2032,14275,816,1116,14565,9025,NA,8953,11352,19681,2117,17175
19840,19684,6588,3489,4039,4507,9043,16494,15808,10096,15440,4633,493,4686,10183,4687,12886,NA,1067,8271,8239,193,10783,11483,NA,7439,5593,4743,18383,NA,16593,19076,10019,15380,8431,7966,15625,10499,11669,NA,11558,15800,5464,8534,16221,17292,NA,14610,7640,19542,9791,19615,17237,9050,NA,6755,11583,5194,2503,193,17162,19988,5804,1072,10278,1113,11384,13363,7575
9209,17478,3238,1518,1174,2332,11470,6747,400,5075,18161,5387,7285,14076,7922,11813,4076,NA,5139,19085,9972,15909,10110,4479
18357,9549,12078,18712,16128,10881,9102,3372,19886,2562,3198,1642,624,16160,NA,18621,11618,NA,11111,8268,NA,7052,11747,3305,NA,3677,1984,12719,8882,6102,19739,2116,1520,NA,10731,11281,10492,19053,12392,1612,6601,NA,5768,18061,6323,9869,6164,8065,16584,982,249,13938,8886,1882,2603,12022,4189,13709,6613,17536,10742
10643,13714,15766,9795,13733,12942,19978,19923,19057,10588,6914,1137,4322,17314,15845,17484,3839,1802,11470,10707,17280,16580,10874,8626
7676,13196,14927,5216,3930,5201,967,19788,11496,8713,3345,1397,4968,5137,15853,13408,6295,16794,12924,7462,NA,16257,6107,6198,10771,7609,17863,NA,13771,3149,19157,17293,NA,318,15186,15561,6868,8003,10337,7527,8714,15238,15578,1660,10913,11512,13213,10697,18034,14816,15207,15611,2722,8506,9150,2686,8734,19790,318,16108,13754
1126,9504,9012,10643,8957,5154,19340,7808,6779,14072,9043,NA,4286,7136,18943,8275,18574,749,NA,1361,18186,5307,6868,15294,16365,1928,6163,19744,14117,7107,18988,12571,NA,10779,835,1387,9802,6056,10395,589,1931,18343,11893,NA,9532,5367,15232,5304,793,3364,4519,12754,NA,17867,15967,9791,6850,18357
1365,390,16218,14048,11019,7400,17519,14907,12154,6488,18616,710,3899,12843,2822,NA,3707,3920,629,1728,8233,7742
7993,676,14326,18311,6504,9603,666,18654,14452,18882,16697,13814,579,389,NA,11472,2983,8380,NA,14880,8157,19785,NA,16756,11216,NA,16825,NA,4988,10030,733,17933,5153,18628,11906,14032,11799,NA,19598,759,903,7455,6424,13755
12603,9245,16582,1054,12960,14524,12292,421,19333,532,16442,4485,16851,NA,16899,18607,13190,4674,6259,7085,241,19911
5309,912,3941,5678,19489,19883,12937,15021,9387,15826,4473,18722,9953,3954,13627,11726,5430,NA,15588,12684,8724,9470,17803,6143,9894,18341,10000,19093
2177,19059,4360,12885,8144,5814,6389,1187,18686,7596,7472,18056,NA,3019,12939,3997,19547,6450,8213,19334,9583,10275,18841,2686,10551,2580,NA,7400,13880,2186,1625,5064,6787,18389,14334,4763,15017,NA,13136,5944,7636,9941,13473,5912
1716,10793,17870,10974,6791,17489,13048,19399,5978,13818,2229,9883,6842,5348,18226,3599,3885,4286,15962,367,9039,13639,18790,4301,NA,2039,11852,5469,11215,1492,15386,NA,9150,17391,NA,18344,2764,NA,2464,5083,17936,18130,7530
9221,13392,9140,14954,16853,5854,10378,8295,16118,13378,12994,NA,9938,5895,13356,2816,11941,NA,10637,16279,2930,4517,19575,14679,15622,2649
17605,6663,900,1357,18566,9218,11854,16032,3197,12767,6166,13534,4703,8027,10637,19012,8754,12481,4758,5380,NA,11403,18868,NA,13851,1164,13811,19886,14874
17896,5489,3396,19082,2405,13718,5156,19147,1777,9594,15495,2612,2498,19220,2103,7441,474,5587,16419,2576
5016,14464,14741,2092,14937,5739,10723,15539,10036,7799,4302,NA,8363,1070,17256,14601,34,10988,15239,4329,18991,3608,16593,779,8242,8315,NA,6319,7097,2481,17511,10304,10650,NA,568,8636,4756,3913,17044,10941,NA,17883,15778,19453,6176,16516,3787,18489,11296,19777,9225,11818,4194,9075,16883,18048,17995,11048,2829,16196,19785,4238,17019,8524,NA,18090,17146,8254,4600,2307,19372,10588,17544,8042,10979,16013,6707
961,506,4820,7468,8013,1762,3233,13925,2732,15381,4303,11012,10580,18166,1060,12731,19105,NA,14038,13038,3536,1147,9000,5791,NA,13494,2176,18002,145,310,419,11943
19178,13113,5206,14511,19,7673,12182,6115,11767,1720,7861,13078,6186,14504,10586,12551,17079,9640,2114,15119,NA,1602,263,8457,1624,7928,10206,8882,NA,10359,17896,6187,NA,15113,10306,9741,NA,19758,NA,8731,12256,14553,17937,11280,15624,4106,3872,16049,8545
19281,9237,16094,2571,2911,13069,2987,5363,18949,10478,9789,11843,1065,4888,5400,NA,4228,18374,7226,12407,3253,3857,5510,349,12414,7370,NA,12936,14849,6715,8338,7141,14092,15691,8778,13006,3397,2098,17528,446,855,7763,NA,16300,6684,15758,13890,18065,1349,8477,299,17490,19111,6986,3808,387,11610,2150,11355,10208,6200,1718,12326
4689,19699,3259,5982,9774,17992,12013,11026,17264,5672,6543,5041,5512,7548,1363,15440,13416,16884,15041,NA,1807,NA,2604,2457,8460,14416,1624,13156,10900,50
2179,10134,1331,3543,13671,4172,13669,1446,6034,13714,16878,2860,1324,19356,5154,14250,12162,18636,7352,1158,3630,1527,NA,16549,12130,9564,11021,13917,1607,11503,17533,NA,14409,8793,5420,8057,4303,16121,4164,19886,6728,15925
5731,9832,3837,5201,16834,16341,8176,6291,11708,9727,3632,10923,2489,9083,NA,2528,8988,980,11377,14988,19531,13484,15659,10544,11614,291,NA,2278,NA,9867,1008,8200,8771,17482,13909,13266,18408,10605,15114,7988,NA,3794,2629,9528,6126,2609,813,2376
18047,18050,653,4561,2946,3023,18914,10206,10464,10740,7249,5487,6058,19118,7985,14456,NA,5715,6745,19803,NA,6663,15721,14790,4786,19049,4793,11372,NA,9358,12465,7975,16086,13973,5793,2556,16713,15982,17891,1028,5275,11117,11144,13442,13926,11821,10465,15916,NA,16949,3198,12782,11885,19382,14529,14498,17329,NA,14380,17404,13637,11156,7939,14163,4288,9407,8119,5576,5710
673,4157,17151,9880,3587,18865,19755,3569,14233,7431,11935,7568,4124,6319,1882,1086,9582,7838,1123,7932,16944,11584,15044,3640,9266,15734,14507,4051,17265,18960,6566,7215,10848,17329,NA,11070,4697,13872,17636,14577,1813,17883,11714,3211,5759,13206,7112,8234,15747,18602,17516,13065
10559,19906,6455,11443,10652,19709,7833,18299,16844,17643,2306,19330,277,3282,6323,8226,11869,1550,17540,NA,11867,NA,6734,4520,9341,NA,15315,18525,18717,NA,19232,19993,14151,5014,19897,17200,18187,17896,10343,5696,6995,14931,1882,14649,150,8299,11739,16580,16529,8490,12619,7707,6561,11117,110,3962,12408
19899,14859,1692,16005,657,5230,1567,18072,6350,8782,16887,6214,15242,6857,16092,NA,7666,811,16485,3233,NA,7491,3981,10170,6963,8804,7374,1474,10275,1903,16794,3876,9752,3543,5485,16099,951,10692,16219,7621,4495,12025,14934,NA,10264,13314,5687,13663,NA,4073,18003,16428,4616,14007,2725,NA,18609,10683,3453,18345,15394,1262,229,19692,17401,7010,5869,NA,9241,10223,13210,3824,11383,7936,13152,13643
11363,13866,16515,13373,951,10870,19453,13990,10474,19639,3027,10736,10251,18968,3135,3896,15138,4314,7148,5272,18319,17980,NA,14751,8531,7726,NA,5498,4355,13353,11612,6837
14767,17238,8390,10450,5239,12601,4904,19729,3650,2426,11441,5181,NA,14729,11068,18000,11483,3805,NA,18692,NA,16793,4439,NA,15078,14506,2075,12328,10529,320,12615,7615,6627,3158
17945,3098,3437,11235,19368,1039,6230,4660,1923,155,14345,11148,4848,16745,NA,790,19119,2121,10384,4290,8050
11585,19367,15193,11642,6422,18780,77,8061,10289,14029,12491,3754,3352,13306,5188,7097,13313,13374,6683,18480,3852,12120,13866,9010,19106,2351
6202,16496,8407,14239,13534,15285,7876,328,15214,11179,10354,11657,18676,14224,7028,5791,NA,17339,2829,18928,19033,NA,11144,NA,12398,4916,19175,4461,11242,18616,19785,13090,6674,3110,2807,91,9604,NA,17474,6228,NA,6327,17365,3316,100,543,16776,18442,8359,18205,13998,18789,NA,8817,4202,17566,3551,19019,7162,13379,9647,15148,13600,18674,15326,11543
11006,456,17341,19331,12232,19126,7111,11265,19990,1658,18523,4856,2097,14165,NA,8965,NA,1207,1092,10013,978,11814,18650,11548,17405,7019,10122,2282,6159,17713,17531,4404,15742,5971,19985,7726,6465,9906,412,1711,7884,19024,3214,17438,11037,9767,5152,6608,1013,1459,3873,17304,NA,18064,16314,3339,6820,2121,17743,14251,15544,NA,2368,3416,2631,2894,17706
7341,5205,7661,13846,4324,7142,6225,10663,17486,2325,16985,18474,19107,6194,9095,4844,10276,13567,14848,11190,15576,2908,NA,4064,4025,4728,11640,8113,10656,11642,14939,3957,14778,5728,2455,7670,4046,13237,3850,16937,14933,10868,16126,19051,9266,1803,671,18720,18215,14918,8260,11387,8550
19160,12303,12140,15328,7847,324,13655,5425,7129,2472,3953,16084,4960,7049,1823,3349,19094,8815,2561,16351,2240,9068,10216,7690,2409,16625,9943,8769,NA,710,10733,3541,4935,13611,19590,15169,6397,NA,7168,13299,10147,5026,10646,8130,4648,3631,161,17511,12388,6665,8004,8541,2339,9831,473,15398,15765,13922,12332,1575,6369,17372,17387
11797,17870,10007,9081,724,3960,19800,13074,12295,13334,4144,945,725,6044,NA,4263,6934,12196,17482,11463,NA,4271,9189,17388,7790,11874
9944,8119,12057,19172,17680,10271,8618,2781,7326,3559,8526,1675,12379,12046,11082,870,862,9221,2603,NA,18665,3915,10436,4019,333,NA,17637,10048,17633,12767,NA,9340,16333,12061,4575,3878,6895,398,8759,13052,NA,14224,4441,10214,7170,10977,11233,17778,6307,14417,3896,1056,NA,2013,17032,15679,17147,1666,12154,17490,7698,710,420,4022,13838,17653,2170,1943,14877,5285,13559,6363,14359,2990
14482,12976,9458,3376,12764,543,2379,4682,6794,8257,13739,13359,8067,6443,13177,15971,NA,15529,5953,3770,16339,17239,8200,9054
12018,13842,19483,7956,19115,16223,11443,9269,3373,10378,15544,7702,19345,10748,4162,12109,13189,8919,19827,11862,4796,2210,4469,9831,14293,18088,2513,8185,19780,14325,14196,10301,4862,14183,18110,3367,2297,12651,1408,12167,4829,10412
11125,6115,16498,1912,14306,4177,16155,18988,11636,3611,1652,2094,170,1804,5419,3584,15184,3268,11185,1824,12216,17210,15251,NA,14992,NA,14086,97,17887,17287,12798,13459,2410,15858,15657,7563,4295,3720,1650,1807,2613,16690,4945,14421,4914
14233,16789,3530,4289,486,2228,5002,5982,3297,13814,9013,12555,6249,1412,6907,9124,17306,15996,12575,11213,12742,7554,167,3133,11271,6654,1759,1655
86,10322,15896,16674,18616,2807,6566,10019,18505,14238,5196,5321,NA,19801,17525,18784,611,496,8296,19216,18253,3767,19377,8711,16399,1429,11939,17480,12486,12649,19275,19232,13997,734,13251,3479,6784,3815,15938,NA,19533,17405,14097,9704,3992,16764,11107,2729,10538,9677,12252,7369,NA,3348,7664,13058,8542,19397,17926,3228,18874,NA,11183,NA,14082,7159,4021,NA,11322,4543,11835,NA,6859,15325,2457,19449,5401,9914
12977,8546,6383,13868,8561,16381,15869,13433,5109,13426,4244,36,353,2688,16174,14128,2226,10935,NA,19971,13717,16195,6567,1074,17613,12101,NA,18593,6914,11250,17410,15020,8326,18172,6580,19716,NA,8569,19,460,6362,12890,12209,14438,9698,772,1697,17223,14795,14549,5001,11445,11233,10088,10059,906,12404,NA,13074,11034,6485,15828,NA,13412,17624,13135,6732,12197,7215,6661,12636,19155,8712,18611,4418
10737,2134,18145,3378,14128,15648,9575,7175,16158,2969,19195,2201,15437,10695,9815,18559,NA,2290,4291,16255,5850,9798,NA,2537,508,18118,18702,6928,10272,13079,9315,13487,13736,8038,NA,2580,5092,12751,NA,13999,14366,1044,16888,6979,3424,17593,18330,10790,5397,10209
18670,13979,9822,14300,19710,16897,15302,1460,14123,13222,8975,17170,367,3762,15156,16297,366,435,15171,8079,7547,7738,17045,9404,16830,10074,16669,3723
237,6505,6242,14500,4022,7382,12264,6936,13104,2790,7615,15475,NA,12311,16700,1397,NA,17490,1478,16494,NA,19473,9833,NA,16902,15656,8894,11659,2505,19428,18378,10304,2490,15660,2440,18789,5165,16378
14583,5241,712,17196,7593,2524,13548,6290,3931,8343,14576,8285,7063,14800,12487,14778,9664,6457,17541,15844,8544,13742,17199,579,15213,14723,13530,15819,NA,6605,18308,16220,10138,9489,12433,18868,14275,10379,4134,1547,18558,8520,18961,8696,4038
18261,18408,7780,18543,5721,532,18915,1419,7202,1377,18197,19508,18790,8182,8640,16005,11367,9853,2225,12754,10654,NA,5355,16764,1713,2149,6462,9306,9929,12945,18656,12316,6271,19951,2278,NA,5793,118,11256,3834,610,11937,4618,12112,6300,NA,760,11299,2586,3519,8663,11964,10166,644,13887,14985,NA,5281,8049,1732,12517,18664,9258,16862,12006,NA,1289,6294,2913,13059,16395,7152
15636,4241,10306,13490,10014,19828,18796,4387,8696,4485,8420,19001,19657,14511,3420,12184,5991,4240,11930,8949,4018,7927,9170,4793,17396,2197,19592,1876,4621,14294,16537,7755,7718,16081,18386,14167,16900,15862,9942,14328,3911,7609,17399,520,715,17341,4021,15825,9612,15279,1145,NA,16966,17506,16873,17961,7237,179,10032,16777,8025
12546,7829,4512,6016,6533,13554,1908,15318,7059,6786,16858,6367,4897,19209,9518,6065,16170,19935,6715,10081,9437,4001,17423,15121,9910,NA,15130,18789,7356,19936,4554,12801,2149,2866,4783,11450,8518,14459,3987,3697,16711,7047,12004,13288,18916,174,NA,19123,2799,3423,13681,15588,10609
18609,6644,11615,11288,18439,2213,5680,1222,19204,19991,19196,8205,19595,740,8807,11145,17771,7602,18544,3289,9995,9702,10602,13255
778,8823,5328,12348,19773,7501,2055,2758,15066,8664,6560,10983,527,12095,NA,5307,11706,17886,10766,277,18465,4304,1928,4485,19493,15424,3096,14530,3496,12397,14376,NA,3494,7648,9702,NA,4644,4251,16576,3903,13207,3829,1016,7262,18053,11157,12434,17720,NA,8627,15168,12447,4955,16654,NA,15352,3304,7419,19074,7925,3739,6777,19293,2848
12852,16965,15895,12719,1034,18755,2193,18920,7002,18097,8771,18338,14124,6608,17051,4629,17944,8524,14002,15142,NA,3314,14540,17085,NA,3636,11054,9010,8414,2808,12813,796,4057,15895,16022,9931,18234
2985,17242,6752,8307,11213,10102,17708,3163,16982,13316,4421,17174,398,4354,5020,18950,7119,8911,16549,13706,NA,12024,9339,16584,2601,12066,2473,NA,14543,10317,16110,960,14299,13554,14017,17746,13065,8183
8082,13277,10865,14038,7853,11879,12341,13425,10443,5016,16363,4296,18725,18823,16857,3829,10971,2563,9398,9297,7487,6157,4901,1149,19208,16545,197,9211,10692,5129,4942,7794,NA,7940,10386,8380,1016,8161,15575,6948,7740,5404,18377,NA,8390,17738,8714,96,4520,5761,10698,16011,17474,5654,9580,7664,17961,11971,12366,8037,15412,2266
4105,12408,8821,15417,8595,11033,9252,4112,11105,14491,11316,NA,16493,16891,8651,16900,10306,4422,7964,9018,17259,5612,16569,5085,9038,NA,14529,2718,775,9451,3922,4171,18950,12410,11753,15599,17201,14911,14395,13068,4948,13856,7220,14521,4356,2752,NA,13946,13457,1191,9968,12454,6595,NA,8606,18061,481,4426,NA,5311,8334,18706,3030,80,252,13924
18748,17418,466,14838,16638,1089,5712,6199,14407,15796,10910,NA,9952,14814,1056,8879,4508,8643,NA,15715,11995,16892,17490,8468,3952,6566,13548,19993,10395,5652,5225,19727,9639,2861,14796,2657,2561,19009,7356,9714,3399,3128,14907,6133,19495,17812,6727,12992,3373,9810,19992,5762,NA,5803,2768,16150,3705,NA,4711,513,NA,12698,17001,4882,906,11208,5436,6031,10306,16193,12201,3401,17937,4817,8091,16630,5147,3817
12040,19070,8587,3670,13023,13071,12324,18314,7122,8182,2439,16233,5738,12922,14293,18169,17841,1426,8363,1082,2392,4028,11349,4405,5116,2866,NA,281,17035,NA,4859,16245,9043,7593,1642,39,1694,2808,3402,6216,NA,10523,NA,14910,1985,3156,7632,1085,15582,16990,10991,12717,4441
10676,12940,19095,15501,11552,15025,19130,11438,2521,5028,7751,4560,16349,7236,13596,17150,11277,NA,13944,6968,NA,19624,2799,14007,19769,15469,12343,7545,2055,9271,14409,1456,8320,5437,12569,10807,12512,NA,9345,NA,12279,809,9437,11265,11795,NA,8976,4640,18223,8075,8982,9320,12420,13171,12259,12994,17559,4875,NA,3658,15368,15849,1694,7,11129,11171,12049,6703,286,6004,NA,5615,399,3117,18343,6128,2751,1027
6425,7993,15753,4935,2823,16618,2958,16991,719,15107,12495,7080,4418,3745,16941,6166,9091,NA,13179,2085,15936,2464,14091,9241,12149,19014,9675,3562,NA,18918,NA,7614,9798,10160,18091,13621,500,7142,19696,12733,9976,3974,9430,10908,12368,15561,6852,4505,17992,16369,2823,16137,6822,415,8680,1109,13085,19732,6325
