9437,15619,7101,8695,12604,1605,1652,9043,9164,15744,12278,4687,5292,13613,3462,15759,11273,17834,6243,16810,19095,1955,NA,623,10804,2917,16507,12453,9605,5567,4924,5385,13985,14296,14098,19832,7254,11885,18416,14450,13973,13186,16626,2449,9857,6898,5698,6390,8520,8163,16542,17258,2080,3056,14306,36,9880,4341,5213,10782,12845,11688,5881,697,4832,9073,12888,NA,15697,12877,NA,586,11872,16502,12069,11992,15128,17244
9004,4493,8752,7597,2071,18272,13027,1879,10548,16349,2859,6092,13124,15673,19694,4213,16179,18767,7680,NA,13162,10136,1259,10854,8359,17955,10969,9734,11465,16591,6176,15023,7061,17969,16273,NA,1866,NA,7599,11281,2280,5565,8207,15232,19487,4730,18980,11652,7403,1199,14579,15173,16330,1569,16170,19994,3567,8864,15947,7868,NA,18401,19527,9972,8007,9187,11355
19868,8567,4099,4141,1623,5849,2676,8947,10633,905,13981,946,11633,16037,4732,17240,2441,NA,679,1201,2920,16346,3073,19483,3711,17900,16578,15758,17715,18862,3557,14847,19838,13243,18182,1973,3384,17401,5136,4399,NA,8619,1564,11138,7146,1303,15089,10811,12925,NA,15553,1478,170,1760,18225,19866,16414
12177,2006,2310,7627,8504,14199,4204,6873,3710,16113,11547,17369,6145,18517,7395,14817,18147,3452,7110,7692,5004,19131,5338,19758,17811,5355,NA,6660,18964,6209,10100,1844,12307,12667,6454,19506,13043,13909,6323,12082,5764,NA,7483,11274,17518,4933,17840
19820,8503,17793,9717,15816,17100,1842,5483,8657,5998,18902,348,11907,19669,122,3359,3953,10197,4386,NA,8628,16093,NA,15153,5727,17807,NA,19767,8363,2388,13072,13819,18251,NA,2615,2796,6403,19840,2797,12212,19301,7362,9707,783,13611,13563,1932,19519,11686,8269,8014,7893,6178,3086,NA,9802,13943,NA,16777,19385,2694,NA,2613,5557,6965,18015,3754,4089,2593,4430,14864
7216,15250,14562,5204,13569,1653,8429,4752,15607,7587,14867,6783,4544,13858,2125,5521,15684,4049,9625,19518,6405,7005,13635,5127,17460,11455,12905,1265,5745,9934,13366,10325,16448,5740,9473,1601,10885,18377,9186,19300,432,13348,2494,15621,16198,1431,NA,9305,4695,NA,8941,2929,13742,19990,3458,11237,15589,14325,8327,11774,18048,12499,5249,4638,3422,15255,8006,5045,13171,2541,11148
1941,18343,3438,14642,2675,443,15713,19476,5418,13005,19715,11178,14130,18072,10210,7488,16693,5950,828,10080,2784,18843,2965,5638,14441,11786,9812,4510,NA,18710,19442,14348,NA,18899,18736,11562,6384,15309,NA,19015,10448,14889,8398,9262,19618,1240,5587,NA,10491,4352,14709,9268,6637
1207,9467,3727,13730,13532,206,19296,19658,12067,2857,19876,17566,11360,8988,14679,5749,17588,9505,14120,9399
6102,7667,14760,16760,2903,9131,10298,15932,19446,17784,5886,2568,17885,15173,6124,NA,8832,5575,298,18380,2746,5476
13111,17767,135,6046,14941,5125,15279,13545,19645,5131,13527,18247,9392,17707,4738,NA,18340,14912,NA,6085,NA,17433,NA,12152,NA,16815,15799,NA,10458,5301,10846,5303,5759,4747,4299,191,11114,9429,13428,6902,6404,17475,16933,10339,11395,4342,4922,2972,10373,9712,14118,19865,13095,13809,3127,11112,417,7307,12810,19601,13808,14190,15041,703,17118,1388,9411
7431,10413,1503,9995,11702,4107,12940,16965,7234,13223,5958,16691,NA,5721,5448,NA,1962,5156,4250,15946,4544,1761,6470,13520,8226,3340,14259
11903,1956,1056,13271,13346,7491,1923,709,12813,11603,5781,5662,14809,14471,1078,18780,2647,NA,10025,3219,5089,NA,13904,12029,7638,439,4251,15944,10158,8100,3191,19785,16705,5594,8066,19354,8068,4837,NA,9537,9669,14403,NA,17861,19225,17335,4884,5921,14962,7037,9701,13411,9526
10381,4289,11174,5270,768,15634,2849,3283,17837,13429,18783,9630,12165,18051,NA,5991,2954,9999,4483,NA,7514,16417,14212,16308,1364,1851,12105,15777
15598,7866,7015,1610,7858,1897,10616,12670,16507,12751,2173,3633,3551,3851,4042,14016,8256,6293,15635,428
17559,15971,14303,14084,14690,17270,1554,15131,9532,5922,14539,10606,935,3354,10068,9650,3624,14244,18549,1237,12550,13441,10515,16687,6379,2880,6573
7200,4688,8696,9662,11526,14302,4083,16025,15616,7472,15801,NA,12217,13690,13807,7301,NA,2754,13082,10724,1225,10132,1178,NA,17263,9230,NA,12568,2951,1496,3781,17755,5875,17519,14133,18980,13822,18107,4720,NA,17441,1548,11843,3558,11116,4294,15348,7815,3605,7628,NA,4496,13439,14458,3102,8184,2168,18900,15394,13776,14754,7441,18368,15175,14867,6418,4425,17478,2227,16434,14452,15313
13778,9435,15332,6926,2269,3865,7304,9733,8142,13661,9671,2597,11447,9582,4482,10924,10287,11741,4755,8078,9759,2122,18725,15168,10035,14394,10629,1050,6282,5942
15822,10801,19303,3629,1601,12776,4563,9577,16804,5460,11894,1357,5287,11215,16203,13998,718,12592,2654,231,7684,13015,18289,18212,NA,11704,10764,1133,2600,3608,10321,1098,7715,NA,16815,13805,15932,19944,15348,17558,8425,16388,11572,2000
15225,4508,13513,4595,9888,7645,5663,17014,18520,7237,350,5806,5879,5485,19963,18011,17403,6452,5820,1590,18382,5810,2888,NA,3197,6597,16933,3978,17903,139,4888,10380,7562,8694,NA,17101,15930,8699,3683,19832,17536,NA,3104,16012,NA,14080,9780,NA,8393,8969,8234,14979,11723,16348,17814,4845,10361,12126,2691,18118,18785,15073,9372,7275,9428,9808,6265,5218,2371
11731,14018,8046,13930,3144,4406,7724,3984,4549,19726,3740,9591,2785,10099,3466,19761,3807,8219,9495,3273,3987,17768,18624
15391,9512,77,6245,6683,9711,16655,18638,16254,13207,353,15563,19994,9723,5267,9842,2122,3018,NA,11681,2987,11143,NA,1988,NA,12016,14425,NA,5828,16263,2628,18281,7585,15580,15245,7656,11244,4232,18762,17047,2817,19661,14279,19544,3981,4498,10217
15956,12851,13145,10591,12403,14521,8627,19965,16187,15226,11870,8691,16033,16969,6340,4380,14573,19301,9687,13044,2914,13975,NA,18394,724,17418,6763,NA,15710,10166,559,15144,1789,2865,19436,19668,7399,14166,4320,18354,19640
10674,7983,9720,12652,2583,8397,3330,3288,18922,16728,13745,7395,8743,3165,16017,3122,7939,2086,6818,4791,11053,4685,5133,8285,11011,18237,14488,17933,18005,18042,7418,NA,4983,2492,1038,12906,10357,12800,10401,9595,13409,NA,19058,NA,17795,9259,14257,4730,NA,9239,NA,7476,14356,NA,13448,6183,903,6506,19853,5495,19323,3759,8010,18386
3521,3976,12101,3286,6178,15718,17071,18425,1126,3295,6834,15747,NA,4554,9115,17096,17248,3746,19415,19046,18778,4940,10379,7093,5776,9921,1428,43,4531,3436,4828,5967,16619,2301,5885,11193,19895,5175,16391,16702,2846,1079,9626,10596,4170,15479,1178,3788,12452,7895,NA,413,9505,8609,17573,10770,17087,3378,6076,12829,17039,13394,14162,10654,5100,NA,1106,14791,6836,4961,15947,16959,16261
7563,7279,4852,16692,11148,15507,5867,19745,18097,3600,100,19268,460,NA,1513,NA,11797,7515,8786,NA,1403,848,15194,11969,19901,4305,3427,18794,1958,7457,19227,13820,15919,9127,4162,10207,5245,18640,9872,5134,4818,10451,3513,2329,12913,11649,4377,16415,18372,11708,17743,1151,9807,8688,19941,13640,16826,18814,12443,4500,14430,7478,3013
5891,516,8762,17372,3532,7535,11046,13322,8016,17352,11514,1940,11391,149,7332,16061,16298,18979,1568,NA,15626,6307,12661,NA,13519,5573,8968,2985,9136,11727,8881,18832,982,4741,9982,6616,14778,2292,12978,12497,3679,10299,19817,5683,5184,2280,14467,3489,1113,6949,3647,216,6825
13164,15681,6131,4356,12653,8248,11634,19147,15949,5796,14692,8570,12474,1475,17217,13460,4021,12332,3779,9428,1064,18894,1305,1122,14395,2250,259,17557,8314,12457,11702,2835,7520,13674,306
11156,3814,5091,5525,13178,2029,17209,5669,19943,15180,5370,2565,2424,19703,16013,8037,17342,NA,14734,9940,14483,NA,17787,15505,7700,9870,NA,14645,826,15705,13361,9368,4712,14273,NA,9502,NA,10550,4106,NA,11624,13789,5695,13786,7046,1852,NA,12183,NA,7327,4831,11950,16837,5914,NA,7361,12525,3217,NA,2408,19055,6970,10685,10790,15120,17185
15603,15891,1845,2857,4682,11755,15868,9060,8442,10844,6868,11735,NA,4804,7774,8598,7193,10659,13586,2145,3028,5597,4013,14333,13348,6743,4603,13133
6802,6904,13846,90,10009,12135,12889,19995,7710,14324,8816,11742,17262,2590,3805,6568,947,9131,NA,13603,14005,10097,12543,8697,3343,9710,1275,19638,1212,NA,7539,5190,1953,42,NA,2028,19842,6630,14776,2935,14851,19816,3450,13430,4511
994,11937,17501,14680,8359,11087,819,90,9058,14223,11285,13707,926,NA,18540,NA,7470,8771,4473,12744,2501,NA,13704,13982,1948,7051,5936,14892,11717,19538,5295
15754,5366,18306,4523,940,15299,10094,759,18676,14522,19930,9798,7413,1596,6892,19962,1215,12457,1717,13495
18503,15277,299,3879,3254,14280,13809,14250,903,16444,8548,17148,12917,11352,15550,2000,14720,13892,NA,19328,NA,19746,591,1898,3560,NA,2366,18977,17027,17697,19373,10591,1461,89,NA,18879,6118,10311,13572,1189,735,NA,7888,1421,16734,13111,1530,NA,11691,14848,17534,14749,16777,19822,9751,19623,16637,4803,18015,8953,1539,18703
18186,10835,19698,11023,9943,17223,6770,5795,15155,6916,1259,15630,7148,18345,5650,18981,18366,14087,15740,7397,16651,12670,NA,2332,17180,NA,18615,NA,19609,5910,18334,383,10868,15354,3198,9742,485,7453
10346,8200,6857,6193,12771,3773,12114,18646,10409,1598,1597,18520,9864,15737,16307,14756,17939,12027,12107,2497,7995,17564,11080,19480,9996,4102,NA,9116,1881,6968,8531,2324,18879,7511,590,18076,7735,17617,2813,11897,7033,3789,6730,2418,1824,18659,1864,547,8522,1883,16417,12012,9352,15054,19319,19617,11573,10394,1551,18342,12579,8074,18356,4226,1378,8708,12912,5462,9626,17218
18315,4366,5668,1281,10025,9870,238,10484,12553,17230,12646,19692,161,13459,NA,16351,6478,12000,17683,19818,NA,1205,10500,7734,196,15547,1697,15169,3307,11415,18525,14198,6499,2833,4161,5942,NA,6597,1472,NA,19666,18303,12140,12150,15208,16752,15125,NA,2555,18553,12413,10159,11442,12636,15542,9168,1966,19953,17209,4390,7049,NA,13453,17033,5211,12313,NA,19680,18768,4006,12623,15036,15743,5012,1737,11079
3471,17626,10923,14100,11756,8025,2793,16020,19709,8479,1663,12013,14130,14949,9748,12247,6063,587,3018,11386,447,9535,19224,NA,12034,13400,11941,11044,14942,9284,14340,NA,5966,11560,19095,12413,5215,15981,18823,15389,12328,7542,11991,12479,14666,17079,17034,3791,6721,5588,18899
16567,13330,13188,13758,12191,15529,11241,2573,8800,10696,15523,9262,11253,11753,NA,9623,68,12753,1329,2429,19865,2316,13018,3796,3552,NA,17893,1782,3945,10624,1490,6977,1415,7918,17635,19396,18418,4704,2582,11767,10272,11411,10569,5037,3068,NA,19171,1344,18166,2510,19595,14670,7075,17322,4013,10469,15089,11770,875,NA,17351,15779,NA,6747,8747,14117,NA,2843,6729,461,3226,6379,12291,7088,15606
10910,16909,8483,18114,141,9499,4704,14245,18823,18098,15086,NA,10022,14609,8704,1653,18089,4146,NA,10118,18268,9198,9881,11348,9772,15542,13227,1489,45,15987,6494,12425,9415,2163,11807,6426,796,NA,18326,155,3069,9369,8764,7770,6510,16674,4558
8759,15631,8162,11998,7083,13660,5210,5669,18515,16562,16297,6357,3945,NA,4165,17870,NA,1757,7196,9061,10243,10144,19834,14195,12390,5593,3882,14864,16457
4586,10632,9245,1011,6911,5256,10445,2065,15515,5273,9235,17104,10137,5365,19587,15252,8014,NA,3064,12791,8719,11802,4612,16240,11262,13561,13995,6580
14654,16665,15375,2406,5935,8716,7702,16313,18412,11029,19692,16706,19672,19100,5006,4913,3727,18596,2930,15313,11514,18518,18062,3714,1759,12774,NA,7807,14220,NA,8300,15979,17523,NA,5041,10165,14260,1461,6890,14305,11752,2255,10613,6700,19566,2302,12301,3985,18435,5304,618,8656,5860,6907,15350,19443,12713,10801,996,12040,4232,7268,19563
12911,10482,11535,12381,3933,4869,18178,18042,9781,1041,4740,12738,NA,17080,9081,NA,19947,NA,5213,9010,12373,4720,6594,14868,10331,16115,16735,15165,17530,676,7790,11461,18221,18632,11214,NA,17886,7298,1269,9291,10180,15933,1172,17066,3570,376,1643,6078,16376,4015,NA,9972,13671,19170,4372,8329,9283,4080,17848,6934,4467,9340,3288
16040,4132,6391,773,13927,8534,12785,7898,19626,1361,5249,15811,3976,2920,5004,17723,1117,1730,6514,3221
4443,6317,4047,2389,11200,14450,18345,18068,15808,19141,9441,10002,17630,1921,1346,1694,16484,8112,18713,4324,6420,14002,4220,13412,4339,11927,17441,7568,16023
16636,11772,14887,1403,14626,5877,4494,5063,7974,10116,19532,14703,4502,17393,5131,NA,19030,9033,6377,13463,3239,NA,5422,12246,651,9592,NA,12301,1102,19633,3093,15863,14753,NA,8568,18587,14568,NA,529,7497,NA,16075,10536,18810,13185,16011,13548,3378,13107,10732,NA,18115,6872,NA,9651,3234,3708,318,3537,8789,NA,19003,8812,8270,10359,160,19663,13576,13827,16400,10463,13639,6174,17633,13818,11691,17835,17739,4803
13305,17903,501,7432,11996,1666,1250,3788,6494,17602,4405,18898,15014,7570,11328,NA,3317,16129,8344,18780,16236,19632,16515,3327,17546,14290,9394,10708,19989,3744,19677,6350,8174,1979,19215,12810,19226,13421,3513,4892,15778,10660,NA,6680,17756,15386,489,12306,17413,9529,2528,11774,4150,7654,18756,12914
16657,5542,8584,1858,4932,17109,18255,10501,11764,11295,3519,17355,6670,11663,NA,3971,3007,14850,6386,18248,13542,14005,9585,12903,14919,14607,1903,NA,2785,1185,13408,1594,7398,19252,17827,15937,9668,2738,19308,18807,1050,17017,NA,3064,298,9555,15843,18738
19961,800,9559,13387,3438,9101,16225,11593,1296,4011,6528,15962,NA,5067,NA,11991,NA,6603,10121,2596,10688,16867,4830,657,19218,7369,12711,6257,10502,8831,2819,7203,15926,19487,8708,10667,13900,9012,2292,6406,19767,13789,NA,15886,6962,2190,1849,5150,7815,17632,89,NA,4979,15446,5171,11903,3541,17107,3001,7973,4244,11035,10172,NA,4897,13452,3513,1845,678,16441,8459,11178
284,17641,14543,17120,17335,18827,454,18875,15344,15974,13381,12641,2521,19947,12584,4886,10853,1812,2104,19802,2388,9193,14368,12593,NA,16755,NA,16706,18335,NA,10868,2994,5050,7411,16017,3677,17472,15224,9938,9936,3096,15969
7862,12062,17473,1322,18776,17521,9035,7428,16936,13505,5092,3772,5541,868,18723,14302,11396,14175,18865,8188,2192,17386,2809,7667,14146,9633,14117,6018,12273,14131,14747,18096,12764,6822,1748,14746,9075,8453,17776,6521,1753,12542,2463,10826,1904,14592,4312,9113,11478,1980,792,3845,10137,14979
15348,17751,19396,5446,3557,124,1643,16804,7705,13585,2185,8319,16833,11300,14967,11894,13699,16536,7010,NA,15787,819,15433,2583,6997,12883,3128,12451,1228,8819,NA,2285,7032,8641,7252,14797,16659,NA,3650,12190,NA,8998,1413,308,9268,6899,NA,13947,18274,15330,9895,9951,3291,2889,19728,2964,12243,18696,1260,NA,18696,18618,16301,18789,2651,8117,18409,596,17977,1295,14646,3448,3750,10123,16827,1581
19003,18915,12939,16258,19691,15464,15087,19906,13788,12913,19427,18517,12228,113,13401,4045,NA,4437,4987,8228,NA,9168,12467,18023,3501,12674,312
19720,5494,15587,15963,4320,11548,6520,18017,18105,7970,13064,1069,15230,6255,9046,3503,6380,15414,14667,17625,1159
15407,19657,17827,15629,14826,19874,13583,6711,16976,1166,9,17212,10921,10056,13485,5191,2858,4493,5379,10159,6860,2670,15354,NA,16598,5612,11311,4315,NA,17391,14253,10206,16828,14294,1320,4481,13040,19122
3084,13469,10573,12475,13612,17433,9413,6043,11833,8129,5211,1548,7918,1576,NA,3057,10060,676,15654,10953,5008,5856,17771,4202,7746,17694
3837,13969,17601,14623,3774,7773,13677,12629,12902,815,15547,19793,7315,4413,1492,4224,19271,9294,2652,5914,4146,17353
8174,2155,12200,2004,13189,12381,9228,3894,4910,15657,13950,18246,983,13425,13117,5348,7844,18381,232,3756,19975,19052,6377,7959,3512,8847,2826,14961,13523,NA,6082,18533,2737,12863,19606,13062,17028
10685,8920,12501,544,15390,18706,16370,13921,17937,15747,6161,NA,7648,14236,2097,11071,3209,18611,551,14223,7822,14655,16547,9636,15892,3933,NA,2587,5461,NA,19325,6545,12459,NA,11993,14561,13017,NA,1794,NA,12815,8713,10404,12763,9454,17460,12164,6520,291,NA,19020,12308,11500,19579,13691,14352,10615,10473,13483,9772,15390,NA,17615,3418,12131,232,14753
9707,11788,10222,14829,16311,16689,17601,19683,11845,2290,14773,17397,3748,9105,6761,18268,628,9349,5413,8027,4987,6642,1361,14526,472,7582,198,18171,15373,10343,18639,18579,13845,18582,8891,NA,16710,3444,NA,12497,9497,9944,19582,NA,17306,7249,13087,15683,14476,9167,3304,3163,10548,16705,18975
3458,8023,18885,9526,13981,4024,19403,15593,8752,9201,17468,NA,9480,NA,9485,1556,15844,14302,7076,8758,8902,12074,10212,8103,8881,4024
16873,9608,11092,7104,7124,13759,16092,3278,19093,7865,12250,5253,14008,2273,84,5146,8522,16602,2365,NA,6485,15299,14443,16328,13611,5613,2684
117,7036,272,1733,7130,17686,10007,4110,8186,19303,5501,5603,NA,17450,8409,7152,14775,9620,13232,10440,14314,15086,12800,11821,687,18930,16254,769,10757,17657,8210,691,NA,18484,13038,12262,3178,6907,8195,14754,7002,NA,11051,8092,10733,15769,12045,NA,6495,18338,18224,11492,17682,NA,1878,7001,19069,8917,3402,19811,5831,9407,NA,12738,6277,7191,16737,12306,17465,17174,2385,4360,13492,1431,2793
16754,3688,11257,391,14528,14466,5482,16030,5626,9955,675,NA,3504,5261,19281,NA,17389,2670,12166,19001,8532,4751,19529,5566,18084,3196,2573,5929,11438
13746,19481,7981,12487,13835,1547,19055,1168,2423,9064,5250,4787,7572,6133,2589,14486,12952,17551,15824,1481,15783,14915,11685,12526,14532,7609,4931,19113,3308
7969,4031,14894,12455,3650,9910,18144,5963,3883,19782,14421,4800,7357,NA,18186,19522,5936,6568,11739,8527,19912,15006,14903,19960,11632,10431,8414,20000,1540,3895,10882,1629,2980,15524,13258,6140,NA,12167,7077,14210,7338,17386,17659,3858,18364,2490,13190,15055,18277,3769,18948,13421,7177,19196,14142,12346,15947,13103,2596,NA,14256,5524,11384,2063,15926,1839,17154,16803,2338,4247,19737,8184,6072,5752,13148,6400,3814,15216
11076,8255,18080,4286,9286,11216,730,4407,128,4963,14050,18136,2582,2356,17987,3951,11832,NA,15186,7158,NA,5062,9543,1543,2189,7887,1143,11954,3501,7993,4777,12910,19943,3022,31,7448,6851,NA,1214,NA,11531,10466,NA,1695,5524,8275,9220,7839,64,10539,18180,13401,7491,NA,18983,15936,NA,9904,16600,4877,3780,14930,1437,17726,17745,14661,19323,5212,3187,17463,14139,3689,548
5522,10357,18112,2626,13996,12072,3653,7188,15015,18231,13376,16700,15745,9713,NA,6731,5052,6625,17847,4047,15684,9804,17226,5446,9644,13490,14299,1584,18814,5658,13,NA,2139,4078,11662,19874,1355,18246,9343,556,11375,9100,14043,3300,10373,15962,6070,15836,12161,4930
4166,5991,11854,16523,7149,5596,15809,11234,223,10443,4451,7894,10394,18848,10279,16739,19804,2527,17089,18771,15825,4650,19456,13681,3495,16795,NA,10311,16500,18545,7281,11976,NA,4149,NA,4732,NA,13269,14987,2744,NA,17276,8812,9749,7932,14802,7662,8726,11992,8915,NA,17278,NA,1450,12183,10513,6958,18038,101,3396,11742,10720,19059,8339,4829,18859,2497,11959,5021,2325
4627,18934,15711,2462,17032,15452,7602,3391,8892,16551,13694,5763,16289,9786,6732,14770,16878,NA,11325,NA,6948,5713,17687,47,3208,18222,16687,2152,NA,14976,7092,8017,6120,18784,50,17924,6708,18873,16534,15312,1371,17518,1047,17676,19464,15110,18376,13607,2782
901,429,8484,9864,14504,8515,17665,1167,11505,17120,18736,1700,NA,10929,15681,19667,12998,4029,301,1797,2423,19367,6601,4426,13789,3370,19949,6583,5452,16985,19012,2010
12812,18832,6403,18221,2888,1743,14321,16695,663,6568,15919,NA,824,NA,17580,8989,13653,11897,7223,10990,3792,4496,14934,13609,12214,11142,939,17170,7205,19735,NA,5967,4564,4736,14982,NA,11930,14470,6586,10766,17848
15304,12422,11519,526,7779,19211,19662,6879,6342,5675,9999,17357,19437,2292,273,19554,14053,13650,10108,12278,15473,16725,177,3933,15951,1707,16606,11554,16754,14211,1121,NA,14103,10837,9578,19443,12001,13550,11719,10410,16616,NA,18821,16460,15504,3068,5948,9849,18946,15433,11354,14415,19050,9756,17788,NA,7620,14350,15264,4464,19376,6544,8037,12709,19594,2943,11792,17300,4891,14470,12852
16575,11852,4665,207,11552,13314,1564,18051,6294,9380,10942,12718,2341,19238,9248,12531,441,14827,17250,2192,8729,5423,9893,122,13649,16698,3765,4905,19918,16989,7763,17510,12411,11642,5977,14154,6703,8897,NA,14605,NA,10241,3371,NA,2509,5179,2600,479,9697,11631,6870,14158,3478,19102,8167,2779,NA,17289,11457,3968,4377,19563,11430,NA,14977,1965,3980,7531,7888,18280,2727
18498,5768,4660,11834,8684,1993,8379,2091,1322,7400,10351,3684,3666,NA,8694,NA,12208,14292,10758,16453,NA,19541,5725,16654,9670,18496,18583,1043,14446,12516,15207,NA,15321,16284,3114,10675,8197,10460,18768,9099,17497,13444,16476,2990,17986,14514,7035
13999,17817,17806,8351,12309,4475,17370,17385,16569,15226,15439,4438,17309,NA,7283,9053,300,6365,14808,9986,2153,6680,NA,10709,19634,15533,18621,8319,5065,13186,10251,6623,2114,5008,2239,9465,8713,17315,19624,12877,6245,19576,14888,5564,2130
804,12095,10044,970,17869,2297,18635,3872,8551,597,14784,6095,14311,13546,16319,12831,19509,17531,13242,5646,14962,9538,8836,6910,NA,11598,17175,17602,10605,8852,1720,802,10282,5401,NA,15565,10062,1087,658,2531,9874,NA,1094,17017,19733,2899,11130,19444,18520,10844,3477,13087,2185,19542,3914,4963,5600,6592,NA,19154,6707,13621,8961,273
7360,562,17900,11521,17479,5961,7985,8027,5525,12978,18747,13339,18469,486,10943,9495,5315,18259,5864,NA,15710,18289,13796,16930,1121,18521,19506,14193,6984,13058,NA,7019,NA,9715,2134,16328,14090,NA,17781,16004,10211,19930,12912,NA,8676,3282,4102,1367,12560,1839,4400,1141,13094,NA,3014,89,10102,NA,8322,11290,776,12123,11427,16383,19776,7421,2060,14019,10874,4962,12517,13849
11053,10056,9361,7464,2942,11125,13085,11796,16928,17625,4126,975,17863,7217,16136,2802,5234,564,19083,13197,15848,7486,8724,NA,1626,10848,151,5941,4615,11791,7096,2720,1113,11885,11656,7139,19767,14578,9559,9094,8603,3514,8967,13714,3502,1821,16191,17203,16066,10246,8791,16545
13820,8099,17363,14392,3109,9442,6093,15487,796,5782,6145,303,19666,18273,14635,6734,19257,NA,15620,6708,17847,8338,NA,14755,9411,2925,NA,3581,7805,14678,18544,NA,10698,18246,192,18555,2569,10990,15840,7281,NA,19259,14930,1888,14579,15272,8527,561,3112,4719,12458,10512,18739,11453
18478,6266,2801,14601,11327,4409,11215,7980,4381,3492,8959,2215,3124,17527,18329,16831,5844,14811,675,15303
17942,13456,4418,15603,18463,7114,7545,15230,6473,17957,11242,13127,NA,18929,7076,7849,9076,17165,18825,6805,15080,8692,8252,4093,NA,14575,7723,872,8823,4597,15722,8979
19776,11518,9467,12363,19658,8468,1817,12832,10733,4360,18094,10150,NA,3883,15294,4854,9891,13441,4947,660,5245,10791,18074,17528,15200,6577,10370,NA,1613,5952,5274,NA,1660,7173,14499,5893,5676,11007,16438,6870
10320,3658,12765,9558,13222,8586,4824,12078,18411,9297,1131,8694,9620,5833,8089,3939,16734,8575,6449,6198,9051,5220,16706,5556,6102,3456,8567,12886,12381,3181,795,10867,12591,9102,6950,NA,9130,12047,18177,9799,14594,8580,10321,8641,1921,4338,1860,12616,18408,16593,652,2960,13077,3046,7910,NA,11249,11051,6575,7953,14502,19894,2384,2705,10215,2458,4812,16979,10676,14499,13492,5252,984,15277,5215
14025,1272,12630,8471,17020,3455,18715,18622,18800,5864,2900,12223,395,6150,17563,11796,10250,NA,264,12790,10629,1166,1314,13829,4620,3145,NA,12985,11520,NA,348,12494,10091,18851,12772,NA,14711,707,4557,1304,12285
19614,4944,19061,12686,12224,2316,13880,9870,11898,6952,1922,6346,1257,6778,10807,16707,11127,10624,409,14467,4452,2764,6565,10926,465,7449,9676,6390,15658,4900,1955,10386,7630,17144,4977,1037,2048,15664,4154,4297,NA,1092,14289,1148,11082,16956,18301,4131,10742,10951,3165
12768,9681,5853,18413,15639,19528,13696,2965,11055,874,7877,16378,18069,6843,2333,10910,19154,10340,16082,18096,3344,NA,2124,6959,17823,2566,19582,8922,3893,10965,12689,15214,1153,8194,17776,15159,8552,8036,15614,NA,12266,29,19365,10562,4192,7752,7388,18450,11923,6779,10908,19099,12805,16648,19784,613,9773,7209,2474,1144,12980,5049
812,17608,5589,11667,5872,9444,10676,13978,3843,10880,5908,11332,2352,2711,15411,5318,8127,19141,290,18838,1146,17169,19629
4961,16095,12553,12792,2420,7572,2363,7914,5763,14214,16746,10170,1430,19807,11650,18035,1595,12736,18841,6319,NA,11562,8071,9770,5183,7998,16390,106,6054,3211,16148
742,2740,19719,13221,11914,19108,19378,11476,13097,1040,15345,8206,3119,13254,18279,13340,8222,12381,13329,12249,3694,14,4886,16428,19008,6666,16421,12966,8731,8623,NA,14102,4482,16865,4547,16240,8191,12002,11998,5667,10177,6696,2958,17239,10905,1888,19945,15047,19099,11123,NA,9881,19013,6095,14803,12081,19365,184,1248,12288
10270,14458,18344,3888,13883,13666,7572,14184,10737,2100,7453,NA,9645,488,1429,10628,4805,8713,10695,5503,8219,16263,NA,5855,3432,8935,952,12654,14287,13116,NA,11290,5635,3718,NA,4759,3958,5790,5222,8699,3250,15819,7504
13232,16602,3017,18718,12108,9258,4035,11959,4768,10617,14790,19131,15461,12224,9374,4749,18299,NA,19742,1230,12667,6795,678,271,7027,19915,7737,687,11948,8171,3178,13849,15393,2202,4839,19662,17670,5303,10099,NA,6717,13148,NA,8050,18106,3604,10256,14624
253,19473,12696,9081,9626,17849,8175,15546,8941,10648,9628,5980,NA,3148,15024,2658,771,10728,12317,6541,11283,11013,6720,3996,6960,9875,9512,10146,3095,18450,7086,3312,11981,NA,17839,3479,17753,8958,17311,6919,8798,10667,NA,12676,18458,NA,15286,1996,10675,17916,4004,8089
11726,2133,4296,2115,7489,13866,12964,15181,1674,2211,10939,16618,12776,1964,6873,7180,19896,19929,NA,4875,18134,16041,9628,8395,12765,7442,18245
