447,4878,6357,10485,2766,14957,480,5981,10625,2458,16336,8415,NA,4672,5842,3059,6810,19115,1187,6450,NA,12042,9970,9692,15877,8518,NA,11356,NA,10092,14069,12309,2323,18830,5414,13608,8959,6009,8378,1737,NA,13699,13436,8791,6122,NA,16844,5620,208,2754,8873,2255,7143,2088,13724,12177,7698,2248,16333,6926,4294,15792,11292,14944,8537,9508,17275,14268
10282,15947,235,19874,14301,190,11479,10787,2548,14271,11750,18150,1744,NA,545,17563,18992,NA,3588,14474,10889,12060,15989,NA,2713,4921,12989,902,16104,18643,3766,NA,3225,19775,12406,15699,547,14751,9207,7029,7432,14663,19065,4189,13849,13306,16026,13743,11956,NA,6152,NA,4165,6658,16183,19589,6866,3189,6434,17326,4863,1907,17698,17355,NA,11062,4570,NA,18326,11063,9316,3871,19602,NA,2919,10578,15454,7704,13820
9819,17387,19997,15574,6726,2299,19516,16885,10303,16360,12009,4407,10555,3778,4239,13783,7301,8703,6872,17098,18875,11431,14942,3066,2861
15121,19966,13277,13320,6589,606,10404,12628,12364,6613,11094,10648,17119,12107,10726,678,18678,2030,NA,17362,10003,14954,NA,16198,6862,2510,9287,18913,15468,2575,3602,17868,7628,2723,15338,9326,9258,12686,270,6690,8008,13614,3543,9477,NA,17586,13310,7361,5070,3479,NA,6464,19710,17868,3038,7743,8754,3680,3280,17549
18008,17436,17930,955,8931,2027,16583,4539,7090,8487,7323,19146,6120,11440,15015,17861,10033,18652,6233,2165,1699,3500,18314,1441,16185,17656,11530,5945,2135,NA,14896,9481,3585,16794,5356,14780,11136,NA,17097,18060,7806,6581,7188,5967,808,NA,5028,17872,15951,4243,1010,7102,12577,2075,15950,9291,16666,8356,NA,12212,17903,10620,11036,10245,454,11802,10177,17882,16272,17253,18939,11503,8901,3704
14158,19667,1132,4403,3669,11940,2395,8547,8620,10630,14144,9531,17090,8610,NA,4484,14499,3291,15345,11650,2565,NA,18717,10798,5290,4677,7512,18604,2201,NA,14905,18298,12148,2323,NA,10867,4465,18342,2845,3962,17572
5090,9552,6160,2890,7328,7647,7760,9252,12834,4588,859,19475,19327,18381,15033,7093,9308,6545,15979,3105,10780,15635,7763,119,4672,12983,7713,NA,12088,18011,NA,9281,12283,13208,10474,5554,10943,4248,2709,107,12331,7252,4226
13181,6817,16446,6277,4606,11116,1462,6967,17220,1203,18847,14131,NA,13134,19757,17594,9016,5407,14924,17597,962,13600,18319,9940,17411,3368,278,10208,6653
4123,3701,18810,5518,16546,17713,9538,11327,12755,11954,2195,715,5906,16162,13160,17235,74,19686,10259,17038,2474,4926,12837,3313,7901,17630,9268,435,12075,1732,NA,16616,11283,7251,12102,4911,2723,13252,14465,4325,4774,13961,13164
15575,10189,6741,16130,19626,3609,16483,9590,8378,9840,9217,NA,10185,8893,18034,13002,17903,6080,10129,18780,2005,568,18190,15534,8556,7294,5917,4824,8799,12240,NA,251,4845,5699,5863,7490,897,2564,NA,8152,7915,790,3476,NA,2382,15310,7946,9148,19731,5902,9442,10259,19291,NA,16676,270,18383,15259,6691,NA,2297,10557,15405,12377,7362,16982,7643,4376,16216,12749,3317,6467,2160,12369,16901,15251,14165
19464,15288,13418,19253,7630,5276,2349,5036,4018,979,17249,392,16276,10037,18147,3754,17682,7437,7510,15259,10610,18679,16690,8336,NA,325,19467,12448,16733,16934,1825,3049,11335,NA,16173,16664,3583,8177,542,5880,2281,13956,18002,14428,9255,97,1199,16666,18648,19105,731,11279,63,11915,1663,11303,10431,5383,6106,7623,12024,5055,18856,7687,NA,5496,NA,15009,4282,NA,6788,13528,9801,17032,4472
13742,9789,4893,6957,12001,12426,17027,5826,18479,4268,19322,1333,NA,14454,13940,17115,9363,17634,NA,1387,13398,16651,4263,7200,6673,6877,2285,18879,4261,17401,438,4514,15828,19891,14369,16694,12827,4927,14886,15905,13471,2545,2212,19355,14709
17791,4956,8905,4919,8798,4738,383,5281,15694,15110,4278,19647,4268,849,689,17282,10680,17882,NA,17859,6269,10011,12516,7266,2155
17768,2305,9560,7210,5803,14771,6687,10366,8895,12004,5152,2301,4314,895,3006,9336,14785,18531,14552,15065,10197,8600,4042,5901,NA,7526,721,6560,252,5967,14849,19419,14252,15113,18900,1280,8200,11417,1510
11874,19029,11439,10463,6376,3718,15864,4221,16512,19875,4343,673,9795,7130,5381,NA,2288,NA,14912,12496,NA,9977,9681,2619,5921,2301,6917,15645,8367,NA,1988,15425,13571,13785,735,1564,16324,38,11115,480,284,15920,NA,2290,9213,15940,14714,3620,17880,9749,8867,14568,7917,4010,1708,6213,17922,4033,NA,16854,8149,1515,12312,6781,14624,7634,7208
19155,10754,11181,230,12080,18660,17538,13320,6337,4564,219,NA,13837,8798,9400,5922,NA,9898,12854,1779,17407,12964,3322,NA,9937,7284,13649,4327,5634,11677,14014,NA,5820,671,NA,10750,13824,6326,11029,9569,NA,6342,14206,204,2796,1825,3570,18997,1868,15495,15087,53,7842,9810,11651,1322,NA,1062,7934,16495,NA,3818,7658,11279,NA,3682,9230,18686,14981,3107,18913,19433,11163,11073
11761,11707,13043,14375,18021,8113,4126,9373,426,1254,9818,19931,NA,5900,19924,12353,17737,16413,6748,16082,9325,6033,9753,5119,8085,9,19797
16108,5689,9833,17019,3402,6667,15396,13128,6730,5396,19873,NA,3958,8131,2869,16690,5237,19837,6236,6890,11909,2854,1011,12547,17543,696,13864,19031,17578,444,12858,1117,NA,15736,17992,10313,NA,8951,681,13105,12499,16585,1770,2911,10255,12953,19150,2035,7934,11280,4522,15017,6290,3960,4797,16112,2038,4125,9759,9836,10520,NA,7675,10144,7222,3358,6175
13299,2758,2613,7708,4935,846,16628,10191,9779,1857,1888,11257,9473,4042,850,16614,9538,8252,3432,14994,5008,10009,4551,12792,13703,8795,8475,13345,17689,18992,NA,1426,13307,5140,19331,9677,11773,19027,8652,NA,14761,13881,4075,18762,19796,1873,9811,16192,14752,18805,1145,17580,1099,14191,7797,3371,16568,19320,12857
2278,17185,875,2475,19507,3537,1723,10593,9667,12136,7052,1975,9564,8656,4784,NA,1534,9479,7988,2546,19766,8922,11047,1714,12201,1017,1190
18755,7485,10842,14188,7899,1580,17929,1329,66,16360,10706,14869,NA,8832,NA,14410,3761,5249,15501,8434,688,6846,16721,8274,NA,16256,805,17336,1928,6767,8805,18976,8964,6568,11274,9145,13526,18653,5692,689,14029
7758,12845,2091,3815,12624,15901,9305,15624,329,17888,1306,5968,12965,1311,17961,1144,841,16114,14655,NA,14707,1410,NA,16098,12363,NA,17663,4965,12777,17871,NA,229,12820,NA,13008,6111,14194,16531,10099,804,6817,5759,1794,14832,12295
5045,368,18834,10639,7240,3127,14715,3780,12589,812,10905,417,11783,107,2705,12594,18835,16942,12722,6122,12844,NA,14445,3896,19475,12219,3965,6988,17861,7907,NA,6837,3652,3984,9326,NA,16821,10828,16203,16880,17865,14090,13250,15452,3613,2681,6471,18666,6818,17677,3084,10584,17310,9513,979,3781,12984,4971,18385,7502,10592,18794,16479,5398,10315,5420,1744,1838,6823,15937,15593,3427,14615,19509,5460,3498,10246
6747,2623,8233,17111,11908,12723,18520,1925,18449,14180,17643,6076,16987,11865,913,10376,NA,19212,17012,16279,9225,16632,NA,12872,6378,10123,7738,11067,19426,8389,3497,17659,19809,7799,6621,10893,8975,4925,7617,NA,10827,11495,5959,10728,14496,5168,7665,3690,8012,1687,12856,10874
6123,18427,1546,18826,12878,4589,4883,16033,4114,1558,2104,19484,15015,3600,13522,8435,14849,NA,10182,6668,11342,12736,16845,2506,10495,16651,6617,NA,6716,578,9371,10806,7334,13735,2496,9748,7628,11972,1685,3070,10892,15067,8484,9399,3308,3895,19785,5867,19645,10272,NA,8071,10796,9812,1124,9760,14523,12516,4196,4577,2947,4797,5432
9260,2272,7645,17436,8429,15819,15854,17460,12660,14478,15476,7160,807,4240,4972,2612,2,1308,7064,1676,5631,4801,11736,13169,15705,13571
5987,12617,5909,19937,9237,8422,586,12704,9202,3065,8141,4735,11280,16007,14221,NA,16702,18755,8328,17776,6656,8683,5245
18594,9347,1988,6349,3375,9340,16639,10830,10358,730,11481,19403,16382,7799,5976,684,17101,793,NA,4174,17281,NA,7358,9048,4280,2790,14736,16340,6997,10767,2109,12252,6808,15563,5667,16095,12034,4267,10273,NA,16194,18319,4660,4804,3006,10163,NA,2839,15552,10912,1031,3103,12287,10822,9999,11706,3300,12768,2733,NA,17589,NA,10286,17652,13447,15961,11623,155,8655,15004,9582,7016,14185,6821,16417,6883,12732
12259,3753,19012,3865,5950,7408,195,3081,15034,11984,19334,9591,8402,1181,9415,3732,6284,10423,7722,17666,175,10981,12841,1152,19134,16236,5373,4002,9870,11608,16180,17581,17575,3142,NA,7406,2304,4057,14382,2729,13435,13104,18804,6033,3293,7952,5740,19455,7008,15735,NA,532,5160,14970,4279,11472,3027,14268,6469,4490,1969,19379
8986,5696,5610,11123,16436,19275,15927,10004,6080,17214,4474,16924,NA,15549,9914,19949,NA,19713,18440,15122,9904,2469,12685,4592,700,19292,13242,16015,7353,9744,3102,18339,19088,13505,NA,3844,1902,15905,8428,1536,11263,17336,1690,NA,12902,1750,1576,11700,10394,12401,7805,NA,12199,14777,18227,5524,17436,5582,3794,15103,16494
3054,13199,15664,12275,12483,11677,6502,15139,16843,1323,4246,16620,11200,14504,4428,10873,5245,18958,14457,5516,18631,NA,5179,12415,19494,NA,5665,17057,3304,8569,437,19494,15097,2706,1889,12581,10526,10907,7641,8502,13916,9589,13537,7919,18576,19612,608,7660
2432,8962,17824,4731,1993,8632,19328,13060,7464,1786,4707,14543,11218,16932,17302,NA,19537,15210,12068,4538,11311,19718,13643,NA,13083,18825,14081,NA,4441,16980,10655,6410,12722,13742,10686,NA,7907,15025,3979,19685,12606,17363,15809,9010,NA,16670,17854,NA,15311,9464,14965,16501,4690,11575
17230,12408,7016,13611,5460,17860,2796,16234,3391,3574,2757,NA,19558,7187,6774,16255,16312,16078,7727,NA,9234,15635,19609,NA,3011,11838,3204,16577,8570,18854
6846,3566,11350,14290,16469,3630,3781,14742,15188,3588,16832,16975,11942,17108,4449,18943,13571,17228,19044,NA,12357,5415,1213,9005,18143,18194,15032,6020,12839
6817,2314,3678,12216,7259,16598,14084,10105,4873,15817,12897,16043,14182,10157,16851,13680,16675,6363,6766,7877,NA,9137,11355,14440,NA,14476,4287,12862,11850,3772,14265,11783,13598,16739,20,3144,11235,4227,11947,16647,10257,NA,2097,1678,14612,14691,14365,16221,2121,17395,2747,17864,2659,12395,18052,13240,10878,17214,917,17759,16382,7243,10299,7856,17087,14869,14429
133,7180,11389,16600,6141,8684,9124,7011,19338,2278,17847,1647,NA,18119,3330,13747,17891,9801,7025,NA,3049,10332,10976,12583,16561,4713,2205
9519,12190,11026,10253,16789,8287,12264,12875,13024,15162,12049,3590,13747,16737,17870,530,16322,5646,4376,9549,1608,8209,17722,14357,372,8679,5230,9285,16429,7672,5706,2056,8737,991,7186,NA,16432,18520,18233,8137,13221,1122,14204,3284,6491,1249,NA,3253,392,1914,8780,17791,11906,6694,15098,15301,6454,10885,1223,19716,10094,4895,12794,14636,12528,306,156,NA,12082,13364,16019,15951,7284
19667,1983,15856,16787,11572,2241,10220,11451,13655,10093,9122,942,15727,16630,10331,4239,220,17385,17380,578,1113,545,8668,11620,15234,6091,15392,7593,2602,NA,1689,8767,NA,2036,9313,12673,1838,9713,18922,15449,12538,9591,13017,2256,6809,1569
2210,15106,12234,5195,2205,15800,13415,13088,11017,4454,6249,5206,19,7291,NA,10367,7249,7669,1682,587,NA,5760,5155,16529,2189,1790,7561,3862,7750,11251,8143,14785,9614,15949,6195,1644,7844,10644,2914,15428,19348,5094,9801,18053,18175,973,16762,11858,NA,14877,9525,19561,7457,9391,4925,17676,16688,13906,9127,1537,NA,14117,15026,16472,14630,10302,11449,NA,7053,4686,6742,11806,12700,17692,9974,7805,11769,15925
2752,7783,14301,4758,15897,4777,2810,12726,4321,12437,18398,NA,8709,6886,6852,NA,10207,4722,2161,16426,17581,18926,2184,8910,19253,7982,NA,19680,16096,8671,14834,4255,16543,2454,14350,17456
19822,6514,14571,6529,15009,15343,8897,19839,13901,11230,19346,19059,6384,16852,19657,4826,5458,9821,NA,14095,1296,5094,4186,3012,19611,9383,16654,17874,644,19329,6011,12353,4126,NA,7953,8282,14836,322,6170,6744,6547,NA,15551,NA,18922,522,NA,7143,771,13648,19502,17310,7307,14606,3652,9208,1448,5232,19813,7121,1823,11033,16615
7990,5433,3607,11028,10556,13949,15237,19491,7832,7870,12270,11377,8913,1642,2083,17912,15577,5856,NA,16756,8433,5162,16469,12963,3467,4057,2392,3054,7583,14278,14674,14885,11295,14298,13530,1021,2087,211,6396,9844,12789,7427,4643,1066,5519,6692,NA,1021,NA,12771,9116,10550,14680,NA,18231,NA,17935,7379,4460,4199,13765,4534,6126,18475,10593,1432,1512,19734,16357,458,10350,12275,826,15000
16950,9447,6648,904,6827,9493,3955,8143,17907,17858,8725,12674,5409,10624,2565,17321,1148,6445,11008,126,4746,6077,2443,17817,NA,318,13942,11604,15035,8151,16610,4831,NA,5051,6353,10409,8282,13490,14549,5021,14723,12082,NA,13557,NA,11049,15427,17057,17181,1088,8421,11942,3074
12380,16485,11823,2643,1709,4758,9410,8959,7980,16701,8227,17699,1702,3065,2112,18706,11018,5763,5591,16103,1587,8199
1071,19503,4947,1532,7418,10930,1064,2621,412,2736,8753,11037,11714,1121,15824,4709,1156,8803,16209,4457,8417,1161,7272,6220,4081,16967,7222,NA,15270,2149,13942,9713,730,13147,11581
3190,4075,14151,14386,1960,1362,7352,19898,18464,8984,5644,122,13836,15410,10247,9175,14250,12796,9104,14088,6566,19659,5859,11667,5200,13676,15485,7295,NA,18224,11044,1999,NA,6786,3425,17280,19695,10011,316,350,10617,13282,9275,3520,15352,19961,11098,14436,13717,19419,6021,1557,16164,164,16328,1498,2598,19325,8572,1044,16967,15689,16118,3236,5870,NA,5499,17094,19931,8433,11007,8433,2104,17312
17540,10978,11059,17058,17148,17242,1538,13961,4510,6073,1401,9881,4639,19213,2306,9256,16419,5352,2066,9504,8416,5541
1177,19136,14430,8947,15770,18395,12128,5698,12989,19610,3647,3898,NA,13397,745,13630,6951,NA,18288,1321,9245,11369,2459,9590,4615,12924,5425,15960,18233,NA,17941,10872,14405,16124,3986,12009,14312,5174,17123,13082,17046,2937,18387,6353,10103,NA,2064,4034,11611,9482,10192,NA,11336,NA,13312,4674,7838,5951,NA,11939,14461,13710,NA,4434,1227,17143,1108,9685,4503,18790,7652
4102,6793,17236,1895,2254,16755,6873,16253,3993,19128,14278,NA,4320,NA,16862,2102,5901,6875,12839,15983,18992,17161,1886,NA,16759,10893,1954,2611,6542,17545,9265,17499,952,17361
3754,3671,18824,1862,5169,7358,5857,5903,5222,15510,2212,2397,10665,13172,1758,19058,NA,1706,1470,7312,3660,15197,NA,16612,8375,17449,12711,17972,NA,8652,52,15014,NA,12837,10734,5051,18711,1517,815
7738,18860,881,14537,9172,9098,16865,10503,15402,9060,4786,NA,12593,13179,4215,884,18758,198,NA,1777,6926,9568,7574,NA,2437,1620,7452,12468,14832,16651,11802,6610,4414,12537,9248,9284,11954,905,17812,17829,8399,12041,28,3436,11768,9951,8263,12805,4355,13134
1322,16784,15212,17834,19030,1478,7734,205,6695,6677,2943,2883,6790,15650,16238,1726,1135,150,10785,10766,11814,8740,1645,16313,13992,15663,1761,900,NA,9720,NA,17813,16121,NA,2370,11090,16868,1006,9149,18257,1109,9623,4718,19419,11643,11067,7753,1851,11963,16676,17635,18043,5735,16891,NA,18675,2246,4149,12779,16675,2514,12838,14423,8535,8226,736
9051,11362,13002,11378,9358,15832,9525,18903,17418,13060,2028,9693,11883,18262,15885,4083,15400,1682,6830,13403,9827,12763,10058,6114,18051,8691,15541,13812,19766,9186
9108,5345,19745,15875,1460,8470,11933,14161,17076,6571,6593,15819,NA,6872,13764,1700,19542,NA,12392,7748,5639,6007,9790,4052,19072,1209,15965,6325,7591,NA,8229,9139,14774,2312,NA,12751,15416,18874,6066,18557,15499,11473,17312,7645,6174,19562,12710,5279,6352
4475,16383,3468,14361,13189,4995,7516,11431,8955,16535,9544,14977,16141,9784,8830,658,786,17992,16343,14138,15200,4293,4713,11769,16083,16184,9415,6209,11441,18471,10154,11045,17008,6117,14342
18669,9462,14297,10643,13276,7377,19828,12667,7061,19029,9136,1250,19814,3741,11667,NA,17096,18523,2510,3854,16246,18818,8125,1760,121,16998,3274,1006,15637,18233,902,415,10083,11297,9652,17181,315,8042,2733,19908,6140,739,8909,18141,998,NA,3870,5816,12032,2442,NA,726,NA,9562,16690,2210,12864,2831,13799,6697,17803,19483,19434,2310,737,9419,15814,6176,13877,1623,16838,16527
3820,10107,11444,16967,10146,16857,10841,12977,11447,16304,63,NA,6474,18060,10912,4761,4827,19798,3034,4866,18921,3987,17625,11207,3532,621,3780,1654,6705,11779,14557,3867,3175,19722,17184,1411,NA,509,18678,NA,3204,9561,11437,14963,6555,NA,7452,16674,13527,15408,3479,NA,2368,16831,3235,4834,12841,495,17946,NA,116,19735,NA,13217,4623,19910,15653,9716,18879,1951,14326
13449,5646,7379,4879,13944,16392,17457,14305,14321,10032,15304,17231,5401,11021,626,15668,2731,7306,4516,12288,19598,6196,7949
11698,6754,3403,10871,19103,9138,1745,4837,12402,1246,7619,10152,18982,7317,2776,5533,10546,3804,17295,906,3206,14503
17555,2417,14592,9857,3845,1933,18909,5658,846,6572,7885,13136,NA,14531,12517,17106,NA,12367,3639,2577,2709,7568,400,7203
10144,6135,8156,10279,8641,9681,2266,6403,10550,10843,16911,17796,6559,7337,7469,10187,12546,5647,11215,11430
2246,13009,13602,19026,15671,9379,1851,18385,18321,18082,9399,17104,12663,14220,18362,13570,9188,14587,11474,2440,4971,91,7366,11171,5585,9702,17335,3203,11642,999,5412,8184,10099,9782,6904,NA,1597,18832,19863,11781,15345,10820,485,6665,905,NA,15226,19086,9948,5015,5004,11523,12477,6554,2646,13263,15346,18285,7556,7553,7890,16052,964,4270,9257,10381,6610,15962,15033,14656,14699,18619
12655,16975,5608,6612,16318,18824,16510,5408,10519,19132,8662,10629,13408,9418,1415,5208,19648,14588,14926,16790,18476,14398,11379,8218,NA,13794,NA,14827,4443,2856,15958,14139,15015,1024,19397,4365,4402,13638,15864,18283,3293,NA,19279,5979,9668,4183,3209,8234,12450,8111,8184,9394,14760,14404,17486,17192,18402,4462,10834,5377,19215,1149,13304,7164,5063,17874,15960
10545,8356,2330,17241,17871,9457,19485,17850,6747,19024,18119,19277,13632,12124,8541,10570,11859,12149,NA,18950,18438,9577,8274,NA,11012,10987,3754,3304,16953,NA,5216,16931,2482,4856,9744,16153,5796,NA,17078,82,7526,19336,3153,14074
16697,15329,12601,11014,9519,16192,2779,3601,11181,757,868,12948,10055,15397,17461,6431,8142,NA,17097,1632,7308,NA,8945,9420,15035,NA,9776,9752,4540,6111,10666,4616,19684,5273,NA,9212,NA,17290,7933,13263,7877,16638,13015,8893,72,14522,7085,5593,15145,7976,2283,17720,10689,17988,11960,2051,6822,8992,NA,6952,6319,16044,12548,17648,7333,NA,5874,NA,829,1460,103,17756,18205,3696
3236,2778,5037,392,4617,18235,11265,9918,6009,16957,18456,6928,11629,NA,18542,2697,6737,1874,3036,4038,12869,5615,15550,9291,9747,17065,2167,16164,8880,NA,3525,424,16870,18277,12637,13925,14312,4879
14925,16773,4321,10254,1374,5521,7900,13338,145,16235,2776,3543,11666,3716,755,8437,4984,9865,3532,5927,15800,9439,14374,2676,7391,4730,12739,16376,1872,14550,8522,NA,5137,12596,3825,18612,16561,14682,14304
9256,11460,16456,18996,5668,14214,4858,10414,5700,10075,18605,2899,11571,NA,15791,9005,5126,10233,12774,16094,19712,8302,3455,5948,1808,7786,10657,1758,6573,17023,NA,917,14842,9137,4836,17755,17627,16318,13604,1065,17824,9114,8578,14443,NA,6814,12316,7683,15767,4989,19957,19724
1649,6140,19899,10867,1012,18131,15193,12968,13002,16273,10275,1952,17443,14185,7160,7315,NA,19126,10399,19501,10568,18023,3475,11889,7697,18947,NA,19329,409,204,19281,19334,17208,10759,9920,15639,10143,755,14986,16453,6949,12070,19155,16501,14121,5630,19260,9328,15475,6326,5955,412,3880,17392,15369,14621,3041,1470,9822,1605,11776,7230,18111,1899,12520,19743,13912,9836,18119,14062,14185,7293,12619,4460
15659,9072,11594,12675,18231,13050,18643,17967,7330,2097,3905,17182,13032,13608,4088,6801,12585,7278,8119,2194,10741,NA,19258,15147,NA,1512,9498,18653,4301,15842,14758,7790,7821,18609,3929,NA,14120,4481,17737,19807,2427,10890,19122,9703,10543,11340,NA,6501,NA,7716,958,18983,7469,14748,10870,6962
5139,8319,4042,17278,18895,18866,14295,11071,18168,16307,18151,NA,12636,19977,7117,15133,NA,18103,14327,7180,9828,2534,7462,NA,17785,7067,6531,11480,919,6241,13021,16547,7846,NA,12069,4568,9008,NA,7753,16641,14913,NA,15112,2196,19784,NA,11314,19708,16444,7286,13442,7154,10092,11979,2559,11428,16019,12296,18268,166,7713,19808,12705,2715,3065
1209,18241,5408,10676,11162,15553,18299,4066,12334,8266,18533,6067,12397,13897,555,11819,5217,18153,15625,NA,5141,8406,17139,6928,29,4613,19025,8665,8505,17427,7436
1718,2494,12279,11340,4674,10261,4924,19391,16373,10630,8225,5978,14457,2864,5318,18114,NA,18342,18128,14718,17765,19753,17898,4700,7177,6589,11028,2137,10767,9660,16130,15580,7221,165,2550,10922,NA,10817,NA,13486,11793,16846,11008,16221
