84,17278,3752,19162,15042,17463,19551,12318,11630,13430,10768,3753,19171,6306,11458,19476,11278,11509,11217,14047,7532,10372,3541,NA,8984,13167,1762,5393,12394,673,11434,19019,6883,16426,11218,1960,5678,13115,13951,3715,4312,16524,15915,NA,7537,9001,13120,3285,3085,761,17253,12512,10019,9326,19076,710,13684,9341,9503,19052,4365,8576,14195,NA,6600,14490,4735,5450,16456,18681,13563,10297,7833,6636,13166,1842,8380
11438,2801,4635,19211,13542,12561,10642,17678,3419,1566,9137,NA,3164,18880,14350,3553,NA,12137,8497,15459,12386,NA,18233,5214,307,14981,10096,11509,16469,18033,14980,14020,7394,6333,12492,9724,16876,2738
8175,396,15326,16675,1486,7057,2480,1613,14285,14880,10305,18701,712,357,11800,357,5838,14535,12342,15672,14420,16366,213,15958,15005,14836,15,17964,NA,12492,19257,47,17656,5127,7044,10252,4098,6087,14718,16606,10488,16312,5276,15125,14840,2874,7811,NA,4366,18227,15041,892,8963,14751,10378,14957,10847,9055,12952,15348,5613,6165,19186,17807,13826,17453,14723,NA,14680,15328,7959,13587,9421,4361
905,653,8673,14267,15390,7431,19996,9591,9154,10901,3959,17018,12307,NA,8193,5169,16706,10230,8559,16498,19768,6476
7072,3306,16309,18133,3865,8470,8334,17320,1681,17575,2427,13139,1697,3691,5552,NA,9827,12885,NA,2720,19064,NA,10124,13748,14495,6678,12332,11811,3105,1328,19991,9766,4462,387,NA,6676,19876,1032,12455,NA,9543,18338,12252,3944,17625,2093,NA,12288,4573,7693,340,15099,4709,14360,7936,16670,18256,NA,165,12118,2480,10123,7351,18536,7456,8394,14172
5160,9100,19945,2309,543,17475,16580,2133,19661,7111,16212,6282,NA,5828,12750,7911,7828,6501,NA,4881,11552,11961,5778,10269,6871,12403,4422,7550,13557,15111,4877,9059,19118,1559,15009,13436,19915,514,9173,19799,6214
11413,7792,1398,16890,10996,17542,2084,18584,11470,6215,7446,4296,7705,18261,13671,13421,17485,16419,16483,8103,17594,13617,NA,1767,6386,5666,NA,8912,2540,12971,9331,2331,18658,7846,NA,6201,7864,8155,16349,17074,4471,2605,6851,1914,NA,15480,2748,11365,11067,5406,11935,6753,19540,3761,8810,19292,2809,13603,16867,3505,2899,3656,8449,769,NA,4101,16168,11320,5466,4909,7914,1803,13489,4280,3389,13477,2363,1816,4661
16533,18565,16026,16312,271,32,7117,4345,4099,13319,6132,NA,1364,10149,15446,10075,16259,17092,7200,11801,8752,11249,NA,317,4476,3364,10031,5761,11827,1169,16411,15431,3143,9286,11946,3419,16093,6522,1340,19721,5216,2766,2971,14053,10864,14769,13356
7605,13010,16840,4667,1957,17936,1673,13539,6595,12537,15104,19383,7907,13788,16949,14662,13239,12227,10466,NA,1027,2790,13164,1806,15381,7758,12848,15478,11685
7709,27,7799,14431,9732,1368,13286,14781,18880,4268,4351,13157,10433,3135,10139,14434,7539,13445,NA,4067,5226,NA,2858,2757,9269,17430,17262,18898,7899,14066,2608,7685
18699,6285,4175,4397,3990,659,10155,12109,3730,12545,18282,7148,18824,3813,15270,18675,18423,15807,3516,9894,4331,12654,5152,19358,8643,11244,12780,2764,1798,11128,4099,6764,12788,NA,3457,13249,17673,15241,9986,5801,12417,16246,1475,12337,16027,13973,1990,478,18813,14998,10300,13315,10768,9753,9092,14009,19253,18734,6072,17336,798,1487,8887,12472,513,18798,13601,2036,10263,13513,19009
10760,17619,8642,3707,14491,943,18426,3001,18410,7790,1866,16407,10238,14321,8139,3757,19,13107,6203,18350,11310,8555,5386,4011,19240,5295,4574,2798,1963,16156,NA,9147,9660,1706,9840,6077,5183,NA,9763,19829,16912,13589,18060,15543,2950,13064,NA,8091,3034,17785,16740,6594,13603,19664,17848,17848,2549,10480,4584,255,4351,18805,15784,15330,3813,17606,11012,NA,1609,17235,236,15027,4600,6657,14873
12323,3680,14242,666,6613,11904,8131,14801,14073,16035,16878,8796,17766,1300,19720,17814,18734,14769,16612,2356,13499,NA,18791,16954,4778,11938,16257,19616
19205,12608,5217,17754,3140,12234,15916,18306,10147,17819,12434,3412,16914,18798,13176,NA,12159,18781,10920,12021,6107,4289,4771,11159,12893,11888,1371,15329,15,NA,894,11651,2521,8281,15712,1503,17992,17306,11128,11275,8303,17919,680,8079,NA,961,2884,12388,2079,3417,1035,10848,17740,2441,2217,14057,17162
6682,2167,7212,2047,18105,15988,3138,10100,991,1684,9659,2717,NA,6316,15978,16144,1275,2504,3029,13471,10118,16912,NA,19834,19161,6117,8026,14422,17475,14472,3137,10455,4397,18840,NA,19874,NA,14283,247,5050,11639,19515,12033,16765,421,18097,19818,9520,10653,1762,10876,12688,11993,NA,10587,16661,16742,543,2128,8141,606,839,19093
1011,12252,4562,19914,10438,13575,10051,1125,15123,1294,1573,1916,18431,12951,19795,13916,12746,NA,257,6849,10342,17416,11,15812,18479,10871,1669,17252,1169,8127,11812,14231,5968,16296
2219,11900,9469,8801,8505,2290,18000,5195,11832,6280,17563,8511,3328,12041,10083,17778,12926,12686,17275,14861
16649,6722,3302,16477,7625,13780,13938,18854,6407,13852,4698,2927,10980,10054,16654,5730,8246,723,16638,6220,9549,2728,19949,10661,1094,8187,4442,2950,7471,9219,8812,9092,18326,1546,NA,18799,9794,12599,12336,19982,1097,17110,19126,19483,18924,16483,9460,9642,NA,12840,3165,5687,18102,15989
10762,10017,6405,13212,10218,3680,13544,4749,9034,14796,1302,NA,8402,13190,17801,1597,12730,NA,2681,13690,19786,6300,8261,8271,19250,10075,10938,NA,13228,19590,10173,19950,15633,9254,2211,11555,NA,14719,705,11006,NA,1121,19710,3805,9212,3473,3714,6131,5978,128,18452,5234,1244,17533,1545,6837,NA,12627,7529,9105,NA,1123,11682,5724,13371,16996
6503,5645,8122,15190,7492,17056,13420,7166,13981,12277,2416,4867,8087,5691,13927,16382,15981,5131,11593,17548,1552,9051,4132,14534,NA,1264,11954,5163,4000,5087
9579,15335,7433,8346,18539,18368,4764,3995,3810,17724,7023,9412,11990,1627,2382,19814,1275,10060,3312,13699,16130,4163,10527,19371,17679
1907,1299,9552,15115,1290,3853,16575,3540,1564,7255,16037,6430,16453,13447,NA,5157,18520,13067,13910,8389,9440,16853,NA,15733,10401,3641,8527,9137,7565,89,13678,3238,12497,281,1745,NA,16884,3649,5792,1354,9385,6011
15869,9053,19544,16486,6892,10148,6412,4539,4298,14426,19077,4147,19252,4809,3901,18928,6826,8574,8962,3641
19792,4667,15189,9376,2959,14608,10766,258,1521,7706,5980,4780,3964,18279,2375,2705,7164,2370,19559,4219
6231,13639,12211,17059,2720,3510,9061,14460,17540,15006,18326,6565,8488,14266,7392,12437,3987,9620,NA,14022,16545,6364,6680,19266,10522,5806
13963,4656,3520,7603,11174,10914,10014,9700,7451,19540,12724,12996,4732,7741,15382,4464,12099,12392,1692,12337,16162,1004,7057,NA,3892,10578,19561,4424,17972,1207,NA,5625,8374,5446,5917,3958,788,8262,4343,17908,3358,7066
19827,16588,13250,11222,16030,17933,16379,19332,19880,10281,29,4446,1500,5675,1216,19434,17803,13654,10527,14107,2117,13934,6489,8708,NA,6796,19696,16145,19361,NA,7543,7681,18381,17778,NA,15147,16733,1366,13189,15014,9855,16651,2662,3188,19066,15384,17957,19106,6836,4377,17157,1283,9573,11881,NA,10964,16797,6724,11162,NA,10956,13875,9873,2003,6708,19364,18109
16871,4575,16290,10695,5795,7846,16127,11866,6649,3503,12016,17749,3410,8156,17606,9444,6232,3991,13903,NA,15086,11463,132,3208,14846,10743,15916,4856
17799,15711,933,8211,9822,9745,5270,14773,6504,259,17041,NA,2604,11624,8794,5957,9840,16681,10114,8185,1592,10972,17800,16431
10407,9518,4223,1124,10540,7917,18212,7595,17085,15714,14422,NA,5186,11514,16472,8971,1118,12046,12525,164,3876,14035,5636,19799,14070
13211,615,3091,15055,4676,17658,10670,18513,15093,9437,10822,3546,270,1241,2087,1084,11179,17906,18923,9931,5858,3675,NA,19668,NA,4495,3769,NA,2690,14641,6595,6937,15184,2527,7226,16670,1171,NA,16008,NA,865,NA,13232,12575,7276,5966,16984,3549,19400,2624
3818,10052,16861,17567,8649,12031,3261,4401,18783,2439,16223,2994,10180,371,7316,10674,12935,424,17921,17942,8094,7429,11012,10785,15563,2472,7536,NA,17247,NA,5744,14738,14362,4394,14258,19575,3206,13481,11034,8231,6306,9861,2428
3156,433,383,10087,16596,1248,6672,14512,16594,6841,10718,13645,NA,19298,16805,18903,4113,15559,13433,12721,12528,4040,9536,14112,5817,3789,458,3110,17663,6550,17400,3813,10308,15907,9684,NA,15103,8521,6314,5276,4107,1397,4757,14283,NA,19260,10691,NA,11465,4642,3036,NA,852,10016,16309,8487,10285
18909,19015,15442,12779,19285,16063,8381,1397,11762,5321,16026,4965,19401,1379,309,7682,11072,16371,6135,7856,9429,1795,9978,17700,5638,12226,NA,10681,9331,13143,9461,13325,1263,12024,8003
15596,7348,931,11460,17743,10583,7666,12382,15082,14735,2741,15737,17540,14870,8352,378,5012,4393,18717,7580,17161,9563,15762,6628,4517,343,4133,2095,264,4666,3193,12261,864,15296,17982,2087,8093,13486,5354,751,12664,16854,11119,15260,6674,9408,16118,11103,7291,6168,6310,12688,1436,14049,8083,9235
16398,1301,8435,8143,10951,16367,8278,19414,8564,18494,8769,17186,2080,619,9652,17363,8326,19038,2444,13429,18527,5832,5656,13200,80,14301,9497,NA,13600,808,16750,7553,11911,7947,14351,14121,18316,16264,9970,2814,15012,19368,16681,4136
5914,1209,7190,16204,6910,13019,19336,12407,19741,19966,16351,16615,9923,5295,16147,18437,19156,12187,4380,11452,NA,5403,2417,15659,299,3958,4331,15560,11557,11571,1476,16629,NA,7928,5273,4708,15523,12738,4162,4976,15007,NA,2600,12636,11713,7280,9908,5698,18767,14622,8119,6774,7475,16120,4108,3153,10073,19108,14685,14866,8689,NA,19455,1706,14014,12146,4911,3938,5463,999,17155,18337,17524,9346,13640,13503
7954,7636,10439,16641,14061,898,5504,12873,10598,15241,1552,14337,5648,12757,4803,16004,5460,14854,13619,4133,11461,8936,2961,6569,5788,11678,6473,8419,18367,3305,NA,5763,10687,17910,7269,5099,10440,4034,7739,16881,17244,2465,11425,4205,7810,4416,19346,14682,13682,10355,8723,8391,17796,10500,968,668,11466,2383,5568,7636,11902,6736,3788,15792
9354,14102,1788,8976,10037,15868,9479,784,7504,5957,9805,9331,7337,16018,11397,19223,1211,16190,9795,17928
17056,2426,18081,9720,674,7200,17765,6560,6255,1369,16631,17581,11876,4932,9245,2593,914,4312,113,3727,NA,16989,NA,18228,4933,211,15221,15063,15046,NA,3810,13116,1432,12931,2951,16619,5255,18646,16796,12536,13097,16007,321,8157,15717,9004,16758,3710,NA,1552,17221,5344,9892,4741,8649,14934,NA,9827,NA,7511,3623,1641,NA,15006,3463,9954,17813,7523,15914,4961,16128,17300,4937,1002,7737
9714,4960,5640,19552,17411,4689,1156,3520,2723,18084,623,NA,19648,19029,15420,13305,5485,7860,14308,11598,19558,5016,2940,1106,3777,14620,13643,17105,6720,16199,18582,5447,5510
5581,12482,1618,9922,10361,14609,1044,8640,2238,16116,9481,6634,9851,12179,964,4174,4113,17198,16998,8433,9027,1798,12136,8976,5831,11552,19599,NA,8542,427,11696,15231,19777,470,9578,17729,10788,17371,17201,11254,6722,9286,7343,3738,8942,112,4047,10004,NA,9872,4463,11376,7914,7989,7802,19254,15823
18339,532,5395,14476,371,12436,10816,6358,16289,3356,17675,NA,9606,18549,19470,3592,14647,16108,13924,16149,17237,2549,NA,19965,17396,16012,NA,9452,10673,729,10150,11244,2457,2326,5107,5654,8550,16454,NA,12251,NA,13675,12208,7084,8748,6573
8550,4763,15412,3316,798,5129,11685,19461,9372,9530,14377,12979,6571,8957,6662,9206,10999,9306,2220,6268,13031,5374,10926,3,9364,6099,5869,4969,NA,18673,15022,4520,NA,1568,13418,10479,10707,5990,19314,10173,1536,12816,1136,4645,12908
2091,15738,3844,13763,876,16433,10943,2472,8503,7873,4478,4176,NA,10683,12461,NA,16858,4704,245,4530,2068,14843
8111,17438,792,17306,15363,7987,19546,8150,8858,12974,5487,1924,19641,5209,3909,NA,9160,3676,16293,7734,6827,19462,19585,13665,10721,4294,994,15900,19926,17971,15334,3293,14525,NA,14928,11036,NA,10651,9495,11777,1438,9298,2658,2111,2825,1014,10756,7583,4591,19726,11309,NA,9795,7252,18301,5899,5966,3495,NA,6345,4538,3089,5929,6275,7134,14712,8150
2789,16264,9198,35,1290,1054,10264,3596,736,15840,2055,NA,11000,389,6184,6664,14350,7825,12791,11648,15418,6652,4458,15986,NA,12847,12727,2671,8279,18657,11383,989,18264,3059,9478,8361,10262,2674,980,10946,9147,5675,3872,9121,19193,4221,10080
19187,15924,13603,13131,12321,4733,16822,12080,8560,532,327,13697,7289,9263,16768,NA,2700,3403,2261,13075,NA,14602,8529,5330,14872,NA,5830,15284,15626,NA,5787,3541,2741,18099,6552,NA,12030,11607,12638,1126,14382,19186,7218,4641,7274,19102,11139,NA,9686,17455,11480,3331,12988,14058,NA,3135,18783,14101,3662,19862,4620,NA,620,18482,9818,4966,1443,14633,10478
18323,19048,2715,18573,4869,9238,12232,4416,2059,18762,5450,NA,3209,9000,4674,1800,11259,NA,6862,11198,12081,17855,18352,14983,18211,13044,3192,14051,16437,NA,15325,9585,443,7122,5303,9945,6437,14934,8655,NA,18052,5940,19631,4411,14828,10240,7223,NA,17292,19252,7089,5943,17746,11797,11831,NA,1206,13574,NA,11927,2571,8156,176,15289,16817,9443,4389,17892,1783,3967,14039
12183,13540,2645,11388,19268,18462,10739,17077,5500,2010,17297,11547,12862,18263,7104,4470,255,1240,14369,10286,9562,15778,8897,2857,14412,13814,8637,7783,NA,13615,15914,10536,16257,NA,10927,12714,2086,10922,3455,17833,18738,16910,1054,12009,10307,17767,17122,387,10202,12090,13486,18363,13662,4545,13715,2143,1979,18424,NA,3738,1134,11956,2515,12929,7057,13240,9895,3403,12519,11404,7231,564,2726,16024,6716,11247,2136
18694,77,1941,3726,2639,4107,7356,19179,3465,8778,11818,13725,5298,8921,9263,NA,8679,19352,13909,4578,1412,15851,53,5648,NA,19442,NA,14373,8369,15267,17658,18719,14982,2107,18986,8598,10793,16506,NA,6123,3503,17377,2701,NA,10723,7071,12541,10263,14097,17625,17799,911,3705,212,11438
17692,14068,495,18540,5600,11626,16575,10226,13636,15048,5957,8592,10824,3207,17801,2243,12343,11415,10920,7707,10752,508,9300,6781,3590,19567,8611,13638,12913,5049,13576,17291,1790,642,18952,15110,12495,9751,17506,2424,2071,18653,2570,11248,12233,8471,8774,232,4742,16328,18215,18720,7555,1693,14073,NA,19257,4362,14634,795,NA,17868,19322,16342,14493,19317,17906,15668,11673,4149,11989,7683,17216,3135,16683,10938,5121
14033,17556,1554,7189,4144,4879,4311,14697,4413,12986,12896,4742,2988,8887,8091,8902,996,5583,7803,18540,4756,3481,4436,13511,15788,13892,6986,6926,10554,16507,8841,13462,10857,6449,6443,1325,9410,NA,19471,17736,664,10806,16976,2039,12187,17793,16156,12628,6785,10349,2090,19733,16886,13979,12958,10097,9197,8435,11421,3823,18252,6242,17500
14267,7266,19248,9303,5574,4776,16483,7351,3909,5604,185,8117,8721,6018,8744,3415,14725,5578,392,NA,1961,3050,2006,NA,14759,19145,2493,191,17968,13524,NA,14542,14211,7979,4267,19597
14801,18876,12122,5788,6699,17427,7315,3089,2998,12309,10611,163,9582,19248,4845,12947,11221,9637,795,14067,8694,11061,13310,17546,4819,9919,15885,7067,13594,14144,496,NA,3244,14751,3139,12864,8755,9185,7613,19950,10064,NA,16604,7708,17506,14003,14889,12981,10931,240,16344,5355,13230,3642,13844,18473,19855,15540,4895,11404,9538,NA,14489,7479,7425,9415,18691
15906,8010,14000,8229,4605,15198,9375,1537,10855,18415,15011,870,17719,6346,11530,5351,12561,16080,9040,3478,2082,18856,17263,8114,2083,1916,9206,8482,2632
17494,7389,12144,13591,4910,15035,69,12540,15212,12271,14800,4432,NA,16376,4906,15503,NA,8745,1235,9473,6751,13048,5513,2231,2568,16451,3634,2171,12181,37,10693,6657,12279,4383,14472,14071,5526,2738,10208,1033,NA,3286,NA,12980,15705,11749,10978,18188,17376,NA,2265,19943,405,9972,11751,9523,13832,16060,14576,2775,5859,5321,1832,4948,13024,19749,3362
9179,8119,14055,10796,7560,14802,12355,13771,404,7250,12892,1735,2272,124,18753,5265,876,NA,19622,19496,19216,18626,12223,12504,17428,11495,9587,2339,3954,3134,NA,5304,18033,7224,NA,14725,7377,NA,8758,NA,13047,6890,12497,NA,2181,215,9294,17030,1926,4532,16104,3106,562,6967,3552,2998,10203,12290,1215,13003,13468,19564,3514,8292,561,3000,7242,9094,11130,16463,17489,3988,15530,15193,19363
3879,12412,2678,8044,9299,15312,19468,19367,16974,1620,8246,12310,15230,NA,9341,10837,10404,5499,373,19506,14043,13551,13059,2092,17097,17721,3297,18128,1463,47,12680,12601,2741,804,499,765,14830,9419,NA,5940,6770,12354,4441,1288,5777,12671,17222,7422,1207,14308,44,18289
