3418,13370,15222,6073,15819,16602,3293,15335,14152,6636,18557,18706,16401,6321,19457,10077,11802,18171,3463,NA,16727,14440,16352,13637,9271,16944,NA,13098,7162,10671,19360,18857,9632,3132
4726,11285,2848,1318,354,9255,9332,6555,17525,17605,5440,10067,15759,3547,NA,18348,17481,8893,11234,18300
19447,6550,10016,6091,16510,5902,4140,19974,10813,9557,9300,9175,NA,18028,3739,11798,16416,6018,1037,971
942,16044,12350,6208,18232,14136,13782,8349,16823,18790,16309,18541,3033,12197,5375,11636,10619,NA,19926,9313,6362,7876,3214,3874,NA,10577,19487,1740,39,7579,18825,5014,18976,10788
11100,11744,15359,1802,7381,17936,3984,14163,6676,13866,4939,NA,12045,16011,8084,12315,2926,12038,4583,15905,10802,14651,6468,17600,3433,13666,4739,1558,9148,NA,6893,10981,NA,7787,2562,250,14110,19767,9464,10438,17033,12665,3735,10697,13727,6719,260,874,16277,894,19121,NA,12102,18481,19560,509,NA,18088,NA,5905,12670,NA,276,17182,18880,6402,17600,19778,13184,4865,5917,9952,9444,13352
18282,7923,16912,3995,3735,17251,1976,15247,5030,16298,6379,4863,3645,15029,1397,17200,NA,7893,7522,NA,968,9885,10173,2767,14815,1507,18213,18103,879,13670,15200,18271,7763,18357,6419,15954,6283,2069,7051,19082,14043,10770,5635,16863,16535,516,8445,11845,10781,3153,NA,15579,2759,6418,14647,6678,4267,5926,1091,9095,16921,4563
15638,8537,3972,13143,11897,4407,11827,19225,8142,11267,13966,9793,9274,11375,NA,15611,11727,11250,13048,2391,15296,15729,3378,5719,8544,11383
6953,10216,8015,19443,5427,423,952,2062,8424,190,12546,19058,14010,12090,14293,16860,19922,19155,NA,751,789,NA,16440,8080,14465,18697,16805,18342,9803,NA,765,3021,6959,12059,12432,11057,NA,2467,16,8049,11274,512,4426,17451,8057
4364,7476,8563,14641,12803,13338,48,18984,2118,19959,10439,15266,12870,11448,NA,10714,15238,18600,2683,14903,14971,15782,6007,6755,13139,6289,10975,15232,NA,10903,7727,13220,12024,19675,9525,10849,8474,1825,13038,731,15230,593,8702,16924,17162,13368,12306,10006,NA,11034,10232,6682,13786,3439,15031,7387,2523,333,1958,16037,11104,18143,18465,9810
4165,4631,2841,16482,18607,6854,14333,1901,14595,17911,3525,NA,8590,9642,4903,4046,3530,16885,19195,15673,18987,3856,1545,13298,18160,6963,NA,10427,6553,7915,9887,5239,2084,17628,12393,13917,11160,12430,2550,5773,9207,10959,17441,4435,13130,4431,3729,13346,13115,3797,6877,18659,12449,15320,19189,11684
11229,961,16684,362,15793,16934,1525,13169,6488,4643,1168,15922,4896,9004,1604,5315,17109,4010,4444,NA,4,5907,10974,13226,14823,6095,15890,NA,6297,7375,113,2139,17523,16476,17074
1580,4512,5484,8174,15018,19003,2700,3923,4142,15171,18182,15842,13319,1159,15588,14558,1010,21,7931,8375,13392,16505,NA,15687,19265,9270,2719,16630,765,8448,1215,5295,1761,NA,8408,11749,17169,10107,10290,2469,5033,6691,12273,18340,12997,4518,6668,6888,2416,19099,18504,11339,NA,11209,4795,13234,19119,17940,16806,10110
831,8872,16574,8708,16072,3057,16639,17961,103,3651,16859,NA,11285,4512,1417,6471,15746,5637,11364,12613,3107,787,13447,18998,16606,NA,18281,15717,18851,6035,4149,2080,6605,10572,18426,19235,11227,NA,14732,9309,7959,425,2507,19108,19405,7016,13751,9966,5468,18690,14856,NA,229,10348,1517,15178,NA,11530,12611,12280,1063,19036,7359,6515,4677,2151,NA,11209,12961,15608,17496,10372,3959,6430
17188,13684,11255,5014,11276,8409,4908,4845,4894,18471,19702,17885,2998,16586,18094,116,11721,19393,5293,4837,4426,1592,NA,8783,2093,10643,2281,19517,17901,1416,3923,1304,9802,19903,13446,9635,15732
16276,16984,5768,5308,15870,8672,4915,18970,5078,2201,2136,8771,11774,8933,11239,6277,18239,5060,8790,2067,4856,19496,12886,483,19028,8465,15958,11012,9748,10121,14498,564,797,7626,3613,18400
13758,10196,16740,6032,13661,8028,8281,17809,1574,18674,10116,15623,4681,12205,7884,17894,14952,13926,12204,19041
10866,3253,4199,19551,7052,16888,8784,17261,10131,4823,16363,17470,4738,14841,1132,8322,10229,NA,12810,18981,15876,3231,14840,12684,5123,17077,17454,15939,12388,NA,9266,9016,143,NA,10233,2306,14118,18583,3037,9431,8406,2024,16287,7048,9109,12970,11080,NA,1140,19262,2665,13796,13375,18465,3443,9124,5016,NA,16175,5087,12099,17365,3633,11836,961,NA,17156,13620,8094,17925,14244,NA,11535,13642,16940,14511,8661
2276,707,14858,4131,10794,8264,3789,5610,5190,16766,4720,16741,7149,3110,1489,9392,710,19480,6876,9306,7661,13642,15920,4411,9737,13222,12756,12486,9893,8332
1800,4099,3548,12025,9611,10979,17946,7302,2072,17818,92,4743,8746,13993,2439,1234,13393,2250,17564,2998,11649,NA,10727,NA,6365,NA,1228,NA,19275,1748,11934,19937,19017,6050,19717,7689,NA,13817,NA,12361,15597,16756,1996,69,NA,15823,19484,17424,1650,548,9442,14019,3826,4231,11222,2045
6392,8899,10008,7002,6512,11457,9650,6293,15530,7493,9778,8129,14761,5426,NA,1819,16718,18421,18135,10765,7968,NA,8893,NA,1110,16844,10495,5774,19143,NA,5297,7601,17826,NA,1180,9598,3728,6028,18611,18279,12084,15204,8794,14417,10927,1524,6922,5230,13384,7478,636,4664,NA,14192,517,933,5523,6818,17054,18357,16384,18315,4712,5714,10118
15123,7605,16509,2096,1589,19592,909,12199,13372,12537,17295,19527,NA,3118,3129,5561,5487,3705,12131,16031,NA,1258,6457,783,1047,10897,10793,10788,7352,17095,17846,14729,NA,10018,NA,19506,14472,4678,2806,18187
12805,10521,18847,17431,16905,3829,12156,13902,5641,6876,6228,1099,NA,6792,NA,5501,13159,15463,6668,13565,18339,2654,8561,1893
15128,7691,1643,5884,11772,19637,3364,9113,3388,4651,18974,6261,3893,14753,3727,534,420,NA,18959,16546,4438,3663,7893,NA,4921,19888,14215,19861,19510,13683,NA,7067,4487,4022,8621,2751,3426,1869,2637,8120,18116,12550,2436,19479
9167,4715,5516,5615,8762,12777,18066,5789,4452,16946,16420,15269,4738,14789,NA,12040,11933,17188,19828,17131,NA,8558,1762,9547,3568,8557,9671,18671,NA,13453,12613,NA,4140,2025,9753,4747,NA,4786,2093,666,19341,16503,16250,15174,8904,8061,2971,3720,9460,11124,11188,6247,3983,11612,11600
16907,18306,13516,18877,16594,16889,16422,3064,14490,1430,5131,7091,NA,13963,5941,13392,3898,2934,611,11630,NA,2659,2296,NA,3497,19097,15324,NA,4733,2005,4586,15928,13830,18010,9946,16390,NA,5242,13694,NA,15067,5991,NA,10661,2803,2508,1018,18186,17041,7617,8220,10593,2869,3220,1118,1572,8564,14758,867,11222,15315,10560,11449,4750,18588,NA,9318,12031,NA,16872,2990,6650,8316,6248,13414,4511,9425
10092,3147,1836,19040,9177,1177,16097,17377,19124,550,1118,4128,NA,15793,9710,NA,18761,18005,6214,26,19854
2176,4473,4802,19414,13543,13236,676,11642,2976,9188,12637,11577,1802,NA,7592,12975,12534,10137,5561,4268,8075,5772,13834,15343,16713,NA,15872,16268,18545,11475,4907,15392,17107,16241,15556,9043,10813,16383,10019,8232,5659,NA,715,12664,NA,7014,11628,9643,10139,12193,14883,665,1307,18705,15033,17661,12864,3573,18196,9580,11862,10491,14145,12682,11952,14365,12745,2549,18859,16399,17191,19470,9513,4497
8092,6499,15722,13946,4964,8087,7544,18901,13394,8392,4312,1280,15617,3048,567,17231,18833,17297,1696,465,16428,13414,6698,8438,NA,13543,12095,NA,1162,15075,2302,9500,465,16398,9596,NA,12704,18596,12678,999,7161,14655,14981,7417,8114,NA,8629,9772,13476,17481,NA,12247,652,4516,14314,13360,1335,17659,902,NA,11008,13464,11075,17259,18855,1334
5721,13140,14912,249,12964,16967,7989,14652,8331,884,1040,2466,2378,7919,3368,16110,18005,18549,12181,11082,16088,5970,813,11015,9611,8647,5668,5561,4110,12471,5363,8050,5021,9177,17108,19446,15965,9983,8306,NA,631,2644,18652,16076,19962,5470,13628,NA,8947,19255,9284,12905,NA,1003,NA,7735,15480,3405,4488,14586,7487,13517,6276,10688,755,18526,13454,16841,2372,3324,14767,13412,11208,13925,15694,16684
479,4321,8527,5680,16988,3931,10490,2575,7809,6239,18652,19710,16385,33,17433,19364,9832,17676,15403,7919,17948,7273,17960,16443,68,19935,16875,13005,5895,15099,4335,18630,7556,10624
17922,11524,19749,16018,19363,18767,7323,151,12243,19155,16851,NA,2859,9840,NA,1090,NA,10846,210,4230,5934,6876,4295,7123,12281,17421,NA,14146,10452,13172,18368,292,12529,6603,15384,2503,12454,10434,NA,11175,15362,1440,4456,NA,4738,4307,NA,19170,15625,3321,35,13300,19772,17218,8659,14142,5066,5849,6547
8984,10016,3922,13406,11598,4418,18415,18645,1600,6146,473,27,12924,6229,939,14232,7076,19986,13438,7788,2652,2666,6446,1125,9737,184,10494,6963,5186,19227,18562,NA,11845,19951,1782,12517,1714,NA,13382,1810,5320,6615,5956,227,10143,14590,18152,25,14316,15491,NA,13158,14136,NA,1190,15971,2890,4349,12367,3956,14985,2208,8305,17290
7099,18925,12598,8964,1537,19241,13751,15468,11109,1546,16693,2631,14026,5973,17042,4551,6359,10122,8152,18583,NA,13509,2950,9849,18205,6597
8849,2807,18119,19316,384,2853,14847,16347,3439,10690,17928,3503,NA,19860,5876,8697,1158,13245,8068,503,6414,12085,1486,1639,15760,NA,8379,10706,1517,16752,9685,4393,2568,9312,11335,11627,5277,3593,17052,6330,10008,17857,13514,1096,17398,1540,9051,1041,8208,15880,15274,10679,2484,13136,3885,10307
13887,8694,2110,17289,1398,7487,2217,18616,14212,18911,15441,2558,7550,4512,17922,18949,34,13115,5550,7300,10943,8563,15970,6735,54,NA,16296,16199,744,4135,13164,15367,NA,19347,9751,473,3983,15064,8675,4692,12874,NA,7199,16939,13783,17237,18640,18027,16486,NA,14965,16738,9889,NA,3647,8921,8959,18385,NA,9575,3720,12759,17003,9575,18432,1169
5877,12305,1730,18321,19987,6019,4849,1735,2842,3028,5092,6203,1974,13301,10214,17801,3674,9056,6462,4097,1174,367,15672,1233,5107,151,6904,12303,18654,15731,1057,NA,16504,10336,12899,3294,3234
12160,15495,11264,3424,8689,19670,12884,234,13431,1533,12722,5401,15798,4822,13561,NA,9235,1392,1237,11379,16611
11950,13415,19954,1105,1022,17357,18824,7832,11412,13983,12762,6290,6362,NA,15847,12919,5826,5924,NA,5545,10579,17303,NA,2769,15737,2830,NA,9118,5472,1752,15216,16708,8343,12296,4268,15454,590,18672,3380
9825,2667,17650,8738,7360,8633,10632,18989,17387,9181,10401,NA,16314,18873,3659,19428,NA,287,4208,6462,522,4372,12847,NA,13868,14140,2357,7979,19410,15943,13178,18218,18704,12062,6819,927,13435,7439,14499,10603,4760,17404,14195,12359,10336,18248,8697,4382,NA,3783,5415,9674,12990,9275,930,13151,12118,15865,787,648,2846,14008,18904,9622,17276,10467
15138,17024,7504,16321,9288,9406,3156,1515,2001,10709,5814,10446,13535,5376,11328,NA,10085,18738,11836,6609,14135,8579,16406,8240,14720,18999,13920,12874,18939,16023,NA,16330,8461,7387,NA,11470,2109,16708,NA,18488,6600,525,18580,12361,7343
639,18628,13815,15068,14742,11040,18471,19180,18378,15461,13812,5041,16519,14022,12705,4936,NA,15853,6269,16288,1517,8158,7184,10392,14476,12588,7964,6730,4655,15435,10027
7410,6133,13515,244,17165,6544,5170,3840,16254,13293,3285,6496,NA,10231,2032,1257,7609,12226,9540,1545,10242,10143,14844,14489,6706,NA,5502,18163,15144,10507,13686,4160,1551,19046,3244,3071,69,4812,6547,7722,120,10220,3316,377,4852,12397,14284,5599,32,11641,4257,NA,6671,4932,3537,1031,17391,7233,NA,13184,14228,97,19423,3404,11381,19945,NA,8736,10773,2437,10024,15938,11406
13952,19361,5506,7516,11728,7703,8468,3508,6394,15084,18030,13810,11632,5076,1117,1201,20,11488,2583,9303,1180,17909,16144,817,1345,929,10955,12563,19571,NA,12069,15715,18784,5123,1823,10085,16469,1613,13871,4343,10025,7016,387,7299,3205,NA,6378,17572,495,11763,9220,8078,18534,11956,19715,5275,11690,12970,2040,9036
5074,13843,14338,1778,8559,16583,14213,1340,8533,16035,14423,14599,19387,15583,3653,9037,NA,3592,1771,12368,8066,499,9353,14,19140,1609,4010,959,1232,NA,6808,NA,4090,4768,4915,14411,16033,6723,18416,416,14274,7595,16343,13229,15959,2212,3715,16924,2128,19875,18020,4062,19922,10396,NA,6738,1746,16316,9482,12441,3539,18504
13387,1972,15906,5645,18459,18248,9548,16012,4508,2627,19863,6001,18082,14127,16084,4892,11796,9007,15402,4293,2982,335,5167,4207,18797,NA,19135,8856,15494,11768,17136,NA,13573,4512,11923,16665,5063,3980,9596,19667
132,18325,19701,8107,9845,17051,13973,15488,15152,13727,3701,17573,3943,19744,15871,7466,6185,NA,17077,1673,11715,12798,3831,17184,4917,11244,16561,11443,11865,11902,14515,15581,17911,15437,13140,NA,4687,1949,19561,12773,8264,7402,738,14640,6155,19074,16851,2596,5026,9402,NA,8116,2129,16317,16724,17388,4116,19512,2514,9986,2442,2200,5182,6763,NA,4603,6453,17529,18815,NA,15314,18651,11904,19902,11891,19142,8439
6223,5083,7078,12580,13514,10831,13442,13533,18143,19378,16181,4607,11380,10328,8678,14356,15735,1088,19184,3499,19031,9199,7984,15824,15509,5276,8530,3558,1689,131,17982,2663,6158,NA,190,6687,10560,9314,11769,6262,4621,5138,9014,9992,3073,4369,1673,10764,12662,4071,4310,14804,NA,12113,2627,17272,18756,19026,3535,17196,9431,18360,3289,6853,14108,11466,17812,19748,15202,19682,11603,4053,6823,17281,2119,17647
11772,14292,5178,3640,7247,11662,8052,617,281,752,10852,NA,5193,11667,6491,11491,19259,11209,16494,10088,18047,1510,18484,3739,15915,2615,14226,NA,7203,6899,6724,13168,1133,10379,17826,7799,NA,2025,12548,NA,13060,694,2038,8415,NA,11576,10846,8553,5869,NA,10527,3295,16599,17280,12739,8806,13796,2758,9170,15117,3022,4000
17110,8285,681,3932,10016,2201,7150,7153,1192,6236,254,3824,6402,1243,11229,2695,11002,17691,9895,2375,6479,1485,19380,10141,1480,3666,11105,7441,16424,1500,8381,3381,520,16455,5121,12751,13291,10556,15187,14676,NA,9157,19179,9997,13742,2813,3110,2202
4427,3888,19612,18752,17998,16732,1425,15355,17332,12371,3336,17560,1256,14963,7125,15825,3780,18198,3132,13312,13661,9328,739,17220,741,1341,NA,9798,17035,1562,NA,17885,7229,13517,5269,3864,1602,12661,15772,13907,12461,12372,10974,NA,8512,210,556,NA,1940,13163,2547,4204,10277,9076,12983,4504,2448,13707
18655,2401,6037,8232,1982,6076,18044,12003,1705,16465,18505,5690,3685,15706,8769,15443,19664,15837,7981,18188,6632,18496,6285,2285
1343,3593,3451,8889,1779,8415,12772,15830,7415,3676,16289,17812,12540,1363,18967,NA,9898,16526,12709,1906,2193,NA,2131,1353,3137,15869,6265,10670,NA,2049,1656,18036,7262,4692,2266,8473,14675,12002,10393,10229,1562,2726,2084,2120,8611,13843,1325,18052,7617,7599,105,264,17293,18450,17547,19160,8809,14250,521,6341,17305,5252,6899,14235,5364,9684,13546,10079,14361,14630,19074
2326,14607,17764,6399,15086,7448,11022,13088,2509,17390,18683,5430,15255,16431,5484,18118,10002,9289,NA,2852,7904,2473,18585,9490,18774,11777,19343,6802,8638,8402,16807,16610,14910,8731,5074,18518,3687,19652,8013,10378,14956,5194,12009,5981,8843,13994,18247,12807,3203,17879,7537,3284,15537
19126,17919,14462,5168,4918,8746,6068,16837,127,16799,7552,NA,3950,19654,13793,18928,14895,13407,10339,12264,9497,641,13732,10688,6130,8414,NA,12596,4151,7875,1720,14134,8890,15440,15982,6972,14950,10419,5080,18547,12916,2670,18475,6530,NA,12487,15431,15900,453,118,9646,4199,2,NA,3275,8961,9581,3606,NA,13676,17004,1467,6888,13029,15802
13859,9933,16242,9627,13942,1114,406,9245,8804,16083,13907,11008,16937,17476,5039,3865,18775,8379,NA,1929,NA,8249,4505,15207,16069,19185,19952,5747,16550,4676,3482,7833,9024
18632,19024,10758,6478,17080,11339,14702,18174,9235,17188,3379,3726,18577,11258,2999,3249,18532,NA,14093,6233,15062,3824,6040,NA,7413,15457,2510,NA,1525,7518,19775,9275,NA,9227,16066,14718,NA,2978,5487,4925,15011,2884,12930,16363
6542,242,8908,18969,9272,19805,10897,13806,4459,17403,17691,19517,5123,17795,4365,13698,18138,665,3155,5495,19821,8189,3294
11779,15989,8231,4338,19951,10278,12348,8625,16301,2181,18648,17833,1703,13660,6180,6673,10343,8797,17977,4808,9186,5079,6944,17026,18074,7981,10117,4549,12479,17207,NA,4429,2119,9471,2608,15915,13013,10616,8041,15937,17465,NA,17293,11159,NA,13384,11642,4515,17489,8326,15991,3157,9505,6945,4091,2884,13744,3116,338,19140,17128,1319,539,16794,7393,15319,1355
10240,4815,14542,18579,16727,17729,4385,7097,4108,2766,17960,2976,16002,2184,12772,10675,5316,13602,19875,8491,2086,9288,14517
8182,17402,1166,14860,5935,5374,13892,11786,11621,6974,10098,6459,15281,11110,3526,11518,467,6612,19219,8821,12215,15037,15255,11294,14750,6545,14653,5774,17284,6189,10676,18735,6930,1029,12132,17051,8048,3086,5958,2935,8996
16875,14902,5546,9512,14340,13137,4213,1140,11035,4118,6674,814,3413,16503,479,15284,3592,16636,NA,7329,1446,9857,1947,1600
10502,19208,15150,4619,19542,5580,16408,9543,4302,17761,6062,14727,914,NA,6128,2390,NA,2966,12592,11586,NA,19595,14654,8005,5281,19637,3563,7933,12634,16958,17531,2240,14477,3987,15553,1761,8136,14927,10624,19904,2527,19288,363,19745,19039,495,19119,652,7828,11565,13724,7218,NA,16607,NA,567,10365,17765,8736,6166,8567,19380,19020
4845,16004,9499,13827,2528,7964,12058,7035,5775,13796,15274,10632,16779,6479,4462,14490,19341,16520,15522,NA,9518,7726,NA,13290,12452,16357,8248,9484,4087,8995,14789,6216,1461,10507,3075,13164,8683,2009,NA,6368,10856,19670,2418,NA,15683,13011,19849,3559,11214,NA,3463,3957,8572,15856,1766,1778,2860,5686,19953,3481,6711,13386,6813,5981,3615,16538,11220,13130,4088,3732,13566,5731,14990,19322,8828
5836,10633,11261,6249,8366,17984,15378,19732,6182,4423,17398,14105,12796,4883,10004,NA,12123,2565,452,209,15061,19806,13802,10385,NA,9788,183,15738,9920,12249,12205,NA,6296,NA,8823,6196,1563,9342,2057,9176,2301,1806,9711,19374,12170,18321,8594,15326,5284,1704,13827,NA,17025,13861,14229,15953,4461,6604,15417
3341,16689,11611,2541,11109,11725,16588,16285,14137,14779,14409,16269,11537,3867,NA,536,NA,6572,10486,16742,3846,1982,6662,6246,12305,9114,4539,9833,16188,9085,19776,NA,17208,13333,14184,18431,6876,18284,14528,10845,19946,19035,10873,10018,4994,14230,11321,13107,15231,7705,18630
7078,14808,1846,15580,454,1832,1109,13547,10798,9609,12655,19545,12745,17474,13028,15406,14048,19489,11611,2194,9790,16020,15756,9920,14928,18250,8745,14235,8433,6318,15256,12742,15306,8413,6292,NA,897,9772,4184,5882,17597,NA,9861,698,NA,12958,17754,19967,18092,3339,1300,4685,19103,19056,16376,13726,8631,2011,NA,16653,NA,16289,5834,4271,5418,NA,6471,3143,2283,19686,2083,13963,2491,61
11926,7774,6339,1724,19003,8862,1406,5725,18924,11310,18834,1648,12566,12141,14572,18613,NA,7076,11570,11870,3032,363,1752,5604,4732,1580,19373,15065,19617,2635,19763,5909,1737,1056,11095,NA,8877,8098,18349,13525,7895,4462,15971,2735,16061,NA,6643,NA,4693,6549,19152,5345,17873,10188,7184,NA,8351,19803,17809,3664,18223,5547,12152,17853,2941
13853,12015,18933,3504,13825,12581,12361,18737,8374,18459,7770,9526,NA,402,1839,10749,12794,4652,2741,1316,6372,12346,11804,9010,11853,2147,4239,18433,4468,14876,4523,8372,11657,16225,6561,13438,3491,13358,11025,2011,16340,19543,10864,19535,5102,7749,8385
3929,7847,15271,7450,10490,6023,18125,12030,8181,12489,4592,16063,15455,16484,18912,1429,17143,17108,1115,16923,4890,1395,NA,799,8971,9958,13962,4027,15904,3964,2644,3269,15722,13736,3860,11958,1892,2127,17267,14282,11150,16539,15354
10970,12344,16394,13687,13358,1466,586,17698,12972,715,16177,369,3164,12702,18325,9058,NA,4847,628,9875,16407,5579,19278,NA,5441,6259,NA,9364,10234,17613,16520,17808,6290,14568,6578,8048,11795,8760,NA,19144,1970,NA,8362,13178,11293,7831,5285
16197,9477,12887,13893,13977,14394,19029,15567,14533,3912,10917,14689,10683,15332,2106,17492,14154,16794,NA,17786,14089,NA,12717,17710,7524,13626,19638,7576,12570,3832,12820,9622,18153,14423,5001,7522,5677,15352,11561,586,17238,8667,18435,14205,12313,1032,19814,17121,8363,6809,18235,2534,5329,18330,484,16963,12731,NA,919,14437,5246,14715,4633,3612
15487,13109,10139,2769,765,2150,7347,10796,8158,17931,3407,18811,2630,16461,13951,18124,2461,17273,14793,14201,10067,18861,19046,NA,3011,9696,13801,17585,4959,19989,15224,3496,16087,NA,7965,17260,1015,5400,10171,13193,16253,12007,6051,3137,11271,7054,2389,15839,12010,1966
18114,9830,16501,4568,4828,2862,18664,10386,6994,1309,15311,10087,8999,11040,5696,154,2197,11809,16099,1032,12766,12424,8625
8184,11237,6634,13133,1024,19132,13377,8330,5802,11436,17882,16206,17707,8450,18975,2400,8481,NA,601,2893,8538,4461,1991,10408,6918,17015
5226,13795,10247,18300,13241,13221,2866,7714,14529,18231,4424,13141,7684,12077,3007,18132,2220,12230,12513,6322,9296,15507,480,19676,8780,13678,10553,2291,3569,18423,379,17425,12718,2791,7521,17206,6342,NA,3527,2892,4063,14814,13111,1841,NA,18104,16111,1705,15508,13385,16306,NA,12596,12162,7949,11112,11087,2235,4815,12819,NA,12593,14519,NA,13995,1601,12905,2566,1476,3876,3490,18895,8710,18246,11341,4787,9400
19397,5264,12451,1418,10763,9077,11574,4359,12899,17218,15713,NA,16433,3162,11390,NA,19325,17939,14548,9908,18460
19885,8798,10368,6165,1086,13763,11520,19918,4792,12073,9106,4361,5728,18158,NA,12357,7858,1895,NA,9398,16829,5842,12495,2289,17855,9734,15440,6956
9859,4361,7805,1736,15466,3909,23,2576,10875,7253,1197,7472,10755,12995,13968,3872,17635,3127,13160,7259,9467
4515,756,16218,3298,9277,2511,4686,8384,18,6214,14406,5378,NA,17474,19943,12618,10719,NA,17844,10341,19691,9013,18737,5049,9530,18443,19278,9569,6686,2779,14385,8181,7067,8819,14710,1459,8230,17593,5724
8280,797,18239,17849,18476,9073,14213,1329,15954,9300,19482,1941,NA,7694,6509,12288,10787,12995,11120,17042,16204,12696,11971,2090,6790,8632,13631,11112,5342,17101,1507,6966,10792,18303,2828,7749,19169,15730,5186,11410,NA,1106,5849,2665,1711,3088,17297,17113,12430,7576,7701,14158,10246,17078,1647,14173,2563,19381,5876,1289,7006,7157,115
12547,8888,15123,10051,6466,9287,12379,13931,6311,9356,8218,897,18289,6539,19810,18746,3943,1737,11955,13196,NA,15877,2211,8498,11473,4247,5015,4782,11210,8585,16390,8602,9137,8094,5410,2128,15202,8670,7043,15754,6990,3694,3174,17515,1468,7834,7156,6231,9339,18491,14739,3917,1385,1239,13826,16176,6283,897,8415,NA,585,10347,6653,12897,18390,13675,11953,10593,16496,5430,1212,5902,12784,17727,12806,983,15362,19669,15376
12772,10602,7769,11519,15439,2271,382,2169,9913,13502,5918,14855,9655,17562,8639,5005,14393,NA,9306,7272,NA,1020,1481,10631,14177,11657,10806,NA,8210,12613,6024,NA,15631,112,15039,13766,NA,16296,4482,2361,782,13571,19348,7540,18702,15923,13336,14457,14716,15141,8695
10236,18988,13974,16528,13688,3842,15171,3987,13801,7671,19216,4818,17793,6141,8786,1368,5824,16663,13706,11371,1275,NA,19172,17224,10921,17001,7215,19701,1236,12557,7687,17591,7632,14098,19881,16900,9764,3837,19962,1356,NA,8651,16863,NA,16901,11329,13223,530,2694,10090,13267,561,2230,NA,6352,12025,8546,2057,4219,14009,NA,66,10163,16579,13616,5499,10969,1779,18385,9408,6974,6761,3212,18620,977
10262,6398,18499,9408,1535,11447,18203,18575,11228,8534,17821,3772,2849,13856,11625,13030,9800,NA,17306,4350,13961,11381,18917,17806,6981,11212,3982,8155,14318,5370,9998,3433,19984,3873,NA,6893,15000,14908,16291,19933,15867,NA,18461,5601,7970,11902,7187,1460,7359,NA,9817,15112,14277,11629,465,19390,8765,1768,9551,8361,5338,17526,1914,14529,14144,8748
19810,19456,691,13852,457,12718,844,18671,10924,8724,10417,13660,NA,17816,12823,688,NA,3092,5578,4233,17631,7260,4336
8285,2224,12824,2457,7646,11842,5060,16223,5005,3580,15130,11890,8313,15145,4453,17948,7000,NA,8625,14913,6145,4389,12664,11325,16965,9853,8169,19403,NA,8307,10159,552,16640,16974,NA,3180,3299,14934,195,11704,12896,6964,NA,4458,NA,9991,4146,9205,NA,16533,7432,305,17864,15357,5471,11508,2530,3189,324,11333,NA,7643,5253,19851,14878,NA,3956,11501,18667,18110,7183,1783
11783,107,8914,5903,2189,1008,4318,14354,13197,801,3459,974,3829,16362,NA,1444,NA,16862,4567,8171,16089,2971,8237,14919,868,4575,15636,3627,213,11585,18791,16926,1420,9604,7424,3040,3497,658,9775,15034,9605,1598,9283,13817,NA,12205,6663,16511,13849,18986
