845,16113,12228,19274,12260,8419,12155,64,1234,6708,9806,6209,18291,3249,6650,8956,7412,NA,3206,1331,11446,8021,NA,19610,18348,3088,6256,5375,18828,50,16245,8608,18628,NA,14916,12706,4088,18154,9453,3554,NA,15287,597,12971,NA,1388,4883,NA,4430,NA,15279,19724,2158,17529,16114
11061,12814,19244,12723,5727,14250,14901,1579,10896,2652,18932,6513,16591,19548,11494,1813,13708,15348,6333,6907,3477,5356,3272
14116,17404,18055,8700,11620,19138,4975,7686,8753,2962,5383,2642,NA,2283,NA,15006,19313,NA,18675,17695,1719,8381,2503,18530,17494,9079,19184,1198,1735,5403,8576,11217,5186,NA,16832,4527,13526,5589,10157,NA,1682,13300,13613,8367,857,19619,1538,13423,NA,16702,2084,2271,7283,16609,16691,13912,14898,10893,10931,1366,NA,13174,12891,17663,8369,13241,1655,10801,18990
13216,4361,4037,10436,18748,1989,2604,760,12145,12466,797,8562,7829,6201,17248,18182,14721,5281,2152,17050,4435,2374,3277,10387,16829,5158,3138,138,6562,4097,7482,3276,13774,12254,1307,15103,NA,15618,5512,NA,10328,NA,14518,15270,9791,6229,19593,15018,7111,10700,7962,4751,9581,444,17982,19773,16274,1609,8134,13034,9967,19814,NA,16017,13897,15849,17335,3371,12604,17419
11356,7706,19770,1944,509,16321,16129,10819,15583,7538,14192,5066,16070,NA,12252,18972,4655,2682,NA,9123,NA,7081,16543,5241,NA,7141,13419,NA,5827,5553,849,NA,7430,19226,10242,12316,1190,19516,8260,8990,11166,16336,18263,4664,1695,46,5660,4380,2104,5957,107,1870,18143,191,9132,16469,12967,17225
5176,3623,16599,2390,3353,10491,11395,10689,2343,5244,16831,8512,9161,7556,14589,5812,4767,15492,17883,8737,4795,5551,6719,16243,13496,NA,1959,12546,417,19717,13861,5104,6393,6000,NA,13701,14616,8133,2691,16315,2489,543,19739,19031,14044,17641,19465,3763,13522,11937,NA,6306,7999,12756,15323,2397,15887
19498,7477,5616,18524,12445,15222,12007,13092,4432,17189,17109,12495,18891,2275,14282,8090,8954,NA,9249,11745,18768,13490,6376,14095,13717,2886,15349,16523,NA,10712,3647,16219,11046,10053,NA,11881,5365,12072,9096,6256,6180,19224,11924,3237,19092,3228,1048,NA,7478,1773,1496,16992,3443
8957,18245,8241,1962,1139,18026,9574,1645,7961,7325,3106,6574,1671,14337,15255,18902,8820,8017,11242,17815
11472,12617,13960,7946,65,3710,4064,10165,4210,19772,18570,63,18734,8240,10694,NA,964,16307,17867,9972,11836,2982,9657,12738,6586,18603,16614,1291,8005,13431,10936
7192,12779,4397,18046,6838,9677,14929,13517,12250,16480,8246,6422,NA,552,11583,18983,10875,8878,12140,1634,7329,1053,12249,NA,14670,1857,11232,9821,15709,18495,11970,12366
9941,1561,17185,6663,1914,5326,2358,127,16804,6732,8169,9160,10990,10501,NA,7039,883,11092,16665,11174,8065,14654,8170
16178,17360,18774,4266,12722,7688,8215,14584,11339,13436,7300,17548,1020,10376,NA,11566,11999,NA,5328,3571,NA,17374,4652,14447,19579,3451,1992,15811,7584,17257,1028,NA,673,NA,13330,14872,7237,950,11646,18604,15685,19953,442,4599,407,12385,11164,14055,17162,11309,9095,19219,8107,948,3960,17599,1001,6003,5947,16228,12292,NA,9527,17667,8296,17887,13782,7064,18833,1226,6225
18803,19089,16157,10673,10198,1934,3119,5223,8360,100,5597,NA,5141,1230,4589,14667,7105,19033,9651,10377,2370,8133,16934,14704,14748,16126,12818,5600,159,15701,16958,3189,684,2125,6268,17923,12582,15737,17726,6235,5899,7450,13358,18214,6726,7725,6599,6173,4936,5901,15401,6417,18810,10243,680,18170,18275,18795,18863,7985,9400,10426
8633,11785,17231,3112,8442,19563,6299,18950,13476,13755,19597,18271,1375,634,19181,7874,4107,16752,3155,199,9230,10693,9108,NA,10396,10502,NA,3507,15033,8798,338,NA,18390,820,NA,5930,10696,NA,14669,2456,9909,11195,18793,5691,1735,NA,11210,3053,9370,NA,13100,5509,14460,9655,12710,9306,8825,13385,NA,16522,3529,9727,14049,6495,12679
251,11357,3113,4976,12509,14599,14044,9525,1346,19267,16409,9498,4312,13154,1823,11881,3742,13826,1996,9632,6421,18625,3949,18457,781,4604,9147,16423,13110,135,11847,19061,10746,18533,17317
820,5545,18316,17941,7751,12394,19512,5513,10685,15341,11740,10866,882,7615,13982,1660,10925,13554,4489,1529,19213,2235,17017,18992,2609,7964,4186,19153,8743,3565,15105
15259,14083,18114,18622,9943,12972,2558,15645,12652,5805,7480,9885,19181,NA,6521,13822,2950,9566,17614,12450,3293,18059,18487,5884,1164,11602,12899,14947,16688,18657,15872,1036,4874,12386,8303,3818,NA,8066,15453,10836,3134,16826,12867,17954,12265,16608,12171,4944,10493,11948,708,19774,7719,6977,1479,16258,13492,10120,3330
10050,15198,12744,3737,13442,4567,11913,16971,4870,12203,17440,19037,19335,12296,19677,1894,14917,14975,15500,16653,8842,4340,7043,18318,16992,14570,16733,13627,12559,1787,12019,10590,NA,7041,15740,9598,5704,11291,14425,19102,18285,9367,17945,6811,17723,8208,10466,11884,7420,6947,13935,NA,11760,5030,453,NA,11361,259,9451,NA,2723,5238,6459,13827,6048,13749,15636,4483,10730,4675,2068,4936,18786,8683,7792,16987
497,630,13411,3083,18917,10060,3680,13538,5128,7002,8071,5128,16613,NA,13142,12741,18170,8259,5649,16551,3533,15159,13983,4679,9510,19020,19992,1242,5314,18303,205,7912,13331,NA,9641,681,19106,13651,9763,14128,763,13287,4119,773,9232,5954,5217,15680,14307,1723,10628,13323,12032,11662,6064,4704,234
16236,16727,219,3270,15557,17297,6645,1472,19669,6943,19956,8326,17745,NA,5510,13570,19567,11858,10036,7708,3914,8739,5294,NA,14142,986,19865,6783,6110,5079,13032,9574,NA,4436,NA,13155,1431,3452,3395,12483,10730,11379,10418,4654,6901,9171,1119,8159,2945,1088,10756,17766,1455,NA,16816,19296,16251,19510,3933,18546,11971,18558,NA,1961,5684,12502,12625,3056,13925,6644,NA,2477,9990,8990,15303,17584,8168,19361
9454,15261,2280,5841,7618,16606,9316,19531,10492,938,957,5377,8238,14589,11601,17135,16613,793,14575,6960,3677,17936,NA,6505,16501,15880,16489,9936,19310,15826,5792,12749,15517,8114,6892,12785,18152,2359,4579,19159,6758,19630,NA,12561,19480,10233,5085,879,8564,18147,9141,10816,8068,4027
843,394,13575,4147,7734,3236,4712,17870,18134,14326,15521,1962,14693,19773,9098,8676,4460,12118,10782,18882
6919,15179,10412,10334,15381,18095,12882,13445,9340,3022,7881,13893,5969,7185,59,14129,1377,456,4729,6137,NA,5087,5270,10633,6935,3601,3773,11920,13251,10751,9922,2497,16417
12811,10800,12039,18721,885,4324,2897,2042,11306,19791,19590,13533,10507,16979,4350,18613,NA,6542,18818,1402,2002,12914,8003,50,5636,19014,10479,11456,568,NA,769,13391,353,1971,NA,17661,13340,3505,11335,11960,10608,4866,15099,19720,11793,4717
12015,13705,17193,6074,17265,5643,3307,7838,7802,2199,18897,6697,14571,12596,11482,776,1035,16682,6900,NA,16048,15055,9720,7625,16269,3906,NA,10033,7972,6388,18503,13098,13789,8326,4948,7614,14971,1222,NA,6803,14563,18331,16241,11645,9494,19822,15007,409,8695,NA,9366,5138,NA,19045,19827,4689,17429,9648,7708,17429,7747,5313,10629,NA,15947,447,5195,3689,19288,5555,12131,12562,8841,16028,7641,1193,12986
8609,11553,19148,11374,12943,13828,17832,13520,10011,12378,11682,1772,11030,6092,7506,8519,12947,5240,13449,19581,5091,16038,8008,5779,14218,4982,NA,16316,1373,9981,1125,15597,15501,18407
14659,19521,3332,11404,16963,3880,10946,9717,4527,10757,16384,10083,15830,16996,15453,11216,17138,10640,11707,14652,2154,18011,3863,6101,19520,8356,9366,5503,10182,7617,18244,15288,12162,547,17148,7036,7722,3064,5349,4362,15820,16776,4922,13338,298,11964
8944,3233,9351,1370,12961,19421,14706,15513,5809,14274,16924,11628,18499,8676,4394,8940,4785,NA,4020,356,12755,NA,6503,8298,2411,14835,7840,11733,8570,11770,15794,7930,12182,11900,1443,130,5853,16875
12870,15608,13812,14455,14325,9548,11170,12941,16246,80,3780,NA,8444,11518,3810,1508,5559,17514,3013,4923,6962,5436,NA,1075,6828,10070,10132,11940,11187,18053,1105,15809,9735,16114,16746,1345
10493,6260,13456,13941,18271,1793,19211,12419,19528,13058,111,NA,14584,11690,4212,15511,14992,8074,12323,8547,9625,17903,8184,1192,9284,4546,4433,2073,NA,17475,1243,3942,17816,9172,7114,19432,18922,14785,15041,4037,14462,16494,9175,4355,7488,15158,10235,18872,3041,16405
537,17189,15956,17897,4380,17955,13662,5373,13571,11446,16908,16537,3666,16414,4584,NA,2661,NA,9960,3458,1604,5826,399,668,12959,5321,19405,10455,17963,17841,6334,18632,4054,8584,9129,5590,4190,NA,2083,18688,6122,3090,13953,NA,3064,6423,19761,5413,5366,14854,16457,11847,13923,16624,10979,6583,19313,3144,9189,13031,11283
14355,448,18328,932,12845,2979,6494,18302,1047,5645,10062,NA,13307,10432,16727,8036,16276,9788,16517,2300,19339,21,17179
2157,747,13036,18713,1824,13738,18521,9759,15179,9104,5747,16776,2978,NA,6705,9196,1841,18011,NA,14175,18819,4346,18970,9152,40,2450,3476,12350,7113,1419,1359,19180,5131
15809,10282,13140,8280,16835,14917,5072,11805,11588,16041,1869,7326,6937,9772,6249,19488,15733,14185,NA,18132,16280,9431,7739,11724,14700,11359,17362,16648,9594,8351,11866,7254,913,NA,386,1162,15899,18796,14631,NA,3096,12684,6009,19448,18831,18076,17792,7616,13792,1435,12430,18785,12789,17950,71,671,2917,4984,NA,3857,10459,3069,1491,1765,7343,6597,15516,1323
3955,5619,19501,7695,4810,18721,10191,7366,3330,3206,16711,19464,2249,8779,14605,4649,11502,12967,16979,15859,2021,8481,17565,14809,11464,572,8815,6633,8,5120,7812,16542,18007,10487,1157,5353,17420,11802,6714,11513,11809,18117,5935,18784,19628,12868,19506,14273,3148,1887,16925,18685,16492,15714,7461,7371,19431,11452,19054,4364,8623,NA,9657,16286,3161,5870,8067,16987,17766,471,6558,17053,6850,9811,1885,7330,4664
5659,8304,4,19409,4061,15850,12668,9039,8142,2949,7323,11413,NA,7042,NA,4668,5290,3041,2617,14544,NA,13370,17928,1185,13887,11221,6715,13552,9936,9651,19602,8474,2787,19131,15905,14388
8393,8806,6987,298,5760,6101,706,1623,10846,2419,14318,11429,578,18291,16258,9801,NA,19343,7898,6840,120,7285,14864
16115,1587,1064,9722,8143,6438,10744,3170,927,11201,3129,14579,297,4536,4636,12106,18685,6996,8543,9020,NA,17486,5450,8228,5266,8189,10944,19658,11611,9058,6539,8636,13632,9147,3990,17010,18204,5683,6369,13291,5772,18119,18620,NA,17123,4334,15922,19715,12461,6281,7582,17860,3590,8195,17950,75,16665,16514,19279,6644
19174,11935,14745,8921,12184,1861,2040,2184,3813,11043,11373,2205,1335,3991,18204,8,19459,10355,6481,4711,19568
119,11646,18330,4425,1720,11080,12570,6693,17873,11560,12653,1824,16080,7226,1020,1319,13389,12481,19920,9472,17278,1938,NA,16330,19659,NA,698,3822,NA,8015,17060,NA,4962,17675,13014,11168,1091,6874,10927,6286,16694,13572,19861,9048,10743,14782,10182,2622,7898,12088,NA,13567,17429,6719,18707,12844,18425,4547,13948,11541,NA,7515,490,17175,660,9236,9247,266,19886,8540,11016,15304,13495,6811,17057,14010,10936,7297
14387,18654,13234,3506,8045,12003,13152,11445,11517,6680,131,506,8688,8932,2435,14972,13767,18448,1514,13993,9566,17989,9241
17730,6452,2208,14184,6796,3732,13378,16905,15740,4669,12402,12624,18733,14136,13469,16046,815,NA,9244,9094,16359,5936,14326,1865,NA,2744,16822,3930,968,8888,11456,6352,11070,16180,13039
18101,11244,3222,11300,15108,65,2783,10133,9134,2069,17010,12389,4832,12758,NA,8835,9972,2701,6130,5775,NA,429,1772,NA,4198,7610,1767,18143,1303,12236,11320,NA,17022,653,NA,5684,NA,10334,265,NA,7136,19257,19938,4192,13928,3352,6079,12423,18747
10585,7789,2505,6978,8010,8581,6054,11313,8279,5036,17157,12878,8015,17390,10270,NA,12839,3807,2050,NA,8048,14693,17902,NA,4234,7800,NA,5643,17646,7008,NA,6004,7200,NA,14040,6966,2137,11404,19737,5593,10667,19280,5857,NA,6479,12171,15404,9173,10546,17176
3663,17114,5118,12207,11776,19560,2274,12770,1584,3064,13362,NA,1584,12084,8997,18123,10756,9182,2644,14169,NA,4931,15413,15838,NA,15546,NA,5935,14131,19403,7972,4197
17439,13884,13586,19920,1581,12567,19125,613,19615,7164,8663,2204,11163,10667,19424,12958,9165,19387,10296,NA,2971,9504,1730,112,18140,2476,7351,19468,3413,NA,7952,17536,1429,16287,33,1563,13890,10349,15998,12479,4915,5731,4839,9568,16,3688,17762,8069,15233,NA,17609,9279,15975,NA,12451,983,4934,600,NA,18160,8797,13498,6994,11589,13357,11564,1128,9962,7083,15131
15219,18422,4605,11070,9971,481,9110,18482,1448,16381,16867,7018,7368,9610,2937,12711,16790,16110,17468,9811,17726,11077,573,3557,NA,18220,10296,6419,10592,10667,16681,12540,5059,13810,6385,6752,NA,9523,12070,168,12962,9741,8442,13407,7012,12409,NA,365,9979,15966,18517,NA,10708,927,12899,15277,911,14336
17120,15518,2858,15936,8797,15357,17475,4067,10237,8689,12704,7972,3913,947,12634,12343,3442,3101,16968,12370,796,12776,16385,10170,3887,4181,12020,2300,1226,8194,9838
1199,4638,9016,14130,9759,19932,10044,13367,1323,18342,13176,16502,4421,18880,2105,2275,9530,11429,646,10767,3484,7823,NA,8515,19113,16867,4103,19381,3210,17186,17089,12997,11774,10191,19802,2369,5844,14820,NA,7011,8756,8757,15351,18336,18333,653,NA,19705,16236,4287,18618,12572,5747,15681,10432,8642,421,13242,15674
12147,17838,18366,12154,17033,2335,7514,12945,11989,5964,8657,10771,6261,13026,17744,2371,14717,11836,5851,2521,18146,10312,14937,3166,4098
11945,3193,12891,4283,18396,14809,9231,12823,2371,14079,13774,7189,8222,15045,19764,5131,16645,483,19508,16543,11495,19747,NA,2152,3299,7772,5890,3645,NA,21,3073,3811,3419,2210,2681,19535,11001,9450
7514,10706,15675,2957,19665,1074,18772,7664,3627,1619,10234,12376,18639,16406,11603,13524,11511,8174,15276,14614,13161,15450,18043,9017,15118,7207,9872,15437,3741,5181
15097,3639,14492,11548,292,4319,6605,4660,17072,1167,19983,NA,6409,7331,17057,15101,1658,19630,12782,NA,14199,16878,8361,3640,637,3151,2755,5392,967,5313,17704,12077,170,7831,4744,6238,10053,12231,17829,16533,7652,1429,17690,11237,2227,10391,17041,18567,487,8440,7098,NA,7598,13663,NA,10479,364,10,9717,3755,5051,18356,3120,18751,11417,3130
12914,1888,3099,13394,17588,4493,10315,11840,13273,1792,14237,4414,498,NA,12272,16209,7243,13819,9890,7142,14837,11654,14709,16900,316,1647,4390,NA,4480,11706,1112,NA,7072,7529,4120,17422,2000,9203,8511,7173,3463,5767,1153,NA,19490,15393,1874,14584,14562,10415,3512
1835,2738,2827,8964,3301,19170,12704,1300,315,3030,2865,3859,11361,657,6096,16528,10424,16398,14879,13344,13978,4232,10832,5390,7549,130,6681,1140,17165,12287,3475,18636,15034,12817,10504,8602,16647,9360,14316,5177,467,10064,18392,2345,8703,10896,1488,5958,NA,10578,442,7936,NA,10470,7679,6143,1368,13677,19640,12097,14226,17535,2526,5401,11817,19753,1091,11310,6012,554,1581,7638
13626,7428,17252,15091,2403,4597,5522,5891,16783,11266,2594,4501,7975,520,13972,8092,3827,2734,17233,5831,17367,7412,12529,19818,6802,5309,773,15600,14644,15854,1161,8761,3169,15820,6209,4101,15391,17721,5504,19423,11969,13107,13025,13879,2320,NA,17326,4063,15731,713,12381,5470,4757,NA,1005,12595,191,4308,10704,4144,12042,16909,NA,18420,1782,15031,357,6254,11455,18976,2378
6423,6251,17990,14927,15029,17650,15197,8030,7064,5825,18476,7300,2409,6347,2952,13176,4672,16766,18761,17903,14906,17136,658,9749,13766,4164,832,19969,1327,6051,NA,7353,15128,10881,17348,11053,6657,11150,NA,7860,7200,13124,369,19601,5593,14021,3769,11041,7039,18083,11018,11007,7423,17823,2524,17975,7644,16681
4391,4186,19536,5366,10489,4641,18807,1094,4607,16518,5583,13500,7369,17010,18368,11026,7969,4778,5131,8142,9908,2309,6359,7656,2230,16335,5949,13407,18847,801,7686,NA,4853,576,19354,9593,18802,19853,609,2398,19416,10219,16335,15453,NA,10558,13921,8515,NA,4156,8192,16467,406,6672,14249,9904,1161,12495,11649,15586,3237,19404,17937,778
19143,8501,19510,19575,4561,12876,2728,3274,18811,3270,12326,14371,14342,NA,14716,2291,19467,15369,9256,14460,19837,NA,16516,11733,2812,10654,19988,15638,6300,9295,11615,NA,10596,13553,18436,2013,8609,1721,17317,256,10056,6741,17159,4863,4497,6590,12085,6614,4482,7882,11549,8850,660,17603,12599,381,6216,10093,18165,13929,13426,7167,11267,5617,2499,13463,15168,2966,4398,14712
10131,10544,9709,2992,15084,14854,4928,15777,8656,6136,11935,15589,18641,9633,12980,15142,10385,9715,NA,15596,10482,19673,9259,7218,7884,12286,9359,6020,NA,19954,6421,3097,15224,1130,6859,14454,10425
12336,1979,1568,11514,18035,18797,13791,10879,7528,4452,12461,2506,11787,17310,19100,14807,13771,19228,16910,13157,12510,13521,9896,12409,NA,56,8830,7755,13523,15170,4479,14795,19010,2003,15061,1089,5804,NA,8684,5886,7752,11111,5719,14071,4490,6668
17858,391,15341,10691,16717,19077,9769,11520,7288,15365,858,15789,9953,1265,19990,104,6550,NA,1680,11566,4206,11504,18976,1986,18573,5362,3025,320,9839
7213,10750,10434,56,14672,13717,12525,6353,18049,14726,19201,18906,12879,NA,17875,5625,NA,18238,11088,2872,15614,9031,7602,15079,3967,5132,10684,2657,14477,16349,9961,5582,10491,9214,19689,14647,2101,5092,8429,15226,13618,12248,8936,2229,896,7115,2954,3484,13683,588,NA,13474,12532,4007,5491,3812,5209,16485,3985,822,14006
11906,2576,16142,9877,12871,17869,188,1797,5890,3661,12234,5551,9684,818,27,5696,10535,17644,15470,16560,15225,6579,10349,8300,3952,4948,8421
5247,19154,9026,312,16110,13113,19645,1821,8170,8723,18517,16229,9165,NA,5692,9391,6004,18089,976,385,254,18042,14722,19498,7871
1539,13732,11726,5344,2859,2549,5486,11730,18242,11955,11216,14553,15773,13988,19921,14579,12848,NA,666,8854,11400,15044,135,13456,7940,3098,14158,12927,4281,3390,10489,1024,8020,NA,929,13487,1162,5007,12793,10890,15798,17113,7709,NA,8681,16293,19909,NA,12357,1434,144,7614,15573,2834,17875,2017,10084,1897,2578,2245,3718,15170,15834
17965,10490,5450,18613,4563,8844,16820,15065,12075,5989,398,10537,7174,NA,17331,13968,16960,15167,11902,16433,17847,10624,NA,18634,2511,13041,14295,7761,9303,15914,9078,10022,12975,5813
19919,18822,492,10574,15039,13880,4689,7570,11496,8092,11185,11729,5859,18143,7300,139,12120,12944,41,15527,2966,14856,15983,4379,4675
13884,9193,4005,5623,4304,14812,2927,11865,9860,8094,608,12666,9541,7800,9028,19341,10148,12644,8584,13766,6524,8432,NA,9417,NA,16461,1672,17709,19231,1922,13627,NA,8724,6811,4,NA,19595,19828,8011,13165,NA,5684,18225,19087,16178,8978,2147,15923,1499,10317,10890,NA,3645,8231,18247,12316,19970,NA,7572,18647,16090,1518,16795,19230,3372,19820
9627,14168,10087,6393,16006,3696,12652,4582,12205,5323,13024,12974,17841,9010,16104,2516,NA,13433,734,NA,5573,19980,19836,5392,18565,4345,15622,16462,14752,8587,6542,8323,3418,17331,8350,18330,2697,1582,14245,12843,NA,8501,4063,11238,10408,NA,690,13856,12929,5749,8090,16126
10842,3710,13312,180,15078,11175,14092,17954,19619,16630,12443,19629,NA,3479,9793,2538,13545,13222,16208,15523,14292,2655,NA,18531,6931,14751,6811,3994,19524,9654,6971,3302,6439,1406,13622,5623,11815
14095,9541,19678,845,67,7770,3092,7999,10574,19256,1404,11678,17945,1011,6305,14754,3720,2157,205,NA,2254,4246,13852,NA,6061,9802,3197,NA,7838,13617,15169,3821,7965,17880,6108,NA,10379,19905,4624,13386,17432,4780,13590,13791,2005,323,6111,7523,14033,4180,10859,6553,17681,13955
12726,17164,148,638,6321,13158,19586,223,5580,6388,2886,17949,3106,17880,14103,15169,3059,NA,17351,17524,2251,6414,3449,16145,8734,375,1719,5379,14089,1122,5734
7011,14613,19408,4180,4873,17682,16487,19316,8680,19901,17222,4074,9506,16848,4798,6254,4203,5886,876,6809,14776,19074,6568,14812,6815,14424,8962,11705,19352,15632,14232,2657
16097,12258,19689,5158,19419,1931,13713,1034,6862,19712,17125,13451,10816,15030,9880,NA,16142,10053,8252,13081,5492,19908,NA,623,2995,14504,2656,NA,6991,928,1226,19660,12115,4762,14453,6031,15476,6281,NA,15809,4522,18738,1230,11114,9674,18656,10896,9321,10384,7566,3331,13544,10058,18575,13569
18096,1565,13752,17126,6946,5011,18449,19894,17071,4795,10039,19328,6325,11835,8243,15544,14026,17178,16458,8467,15416,10417,4632,842,7115,14296,17880,3900,11297,4261,16228,8619,10244,17031,4672,18758,15086,4676,6767,7448,10925,19318,3838,16240,9213,7596,18842,565,18311,16069,13211,NA,14999,10953,13933,15181,NA,16346,1499,17553,2023,18123,9018,8205,NA,8248,7539,1453,10231,11531,18017
10608,9690,4906,9259,18584,633,7247,15360,16011,19857,7136,19267,NA,16148,2556,13612,19339,4183,NA,7935,666,17559,11002,18488,NA,9526,721,16311,11451,640,3042,13502,16894,2633,18773,87,7385,8880,3016,5139,13928,11901,11461,4020,7651,5334,527,14674,15211,14245,1750,13722,7533,12586,6135,13127,18379,14266,5638,4309,19637,8504
15554,11718,15772,5262,243,19373,17101,2683,17750,7333,5445,18192,16075,3941,11285,13932,14372,12289,NA,6046,11988,7473,1772,14852,4439,2709,184,12774,13705,12236,18186,7677,13578,4637,8160,9201,2169,13504,6474,18911,NA,9011,10056,10254,12822,17567,267,4975
12123,17743,15044,13489,8733,8728,7009,16107,8452,4459,11754,10501,NA,15909,11734,1372,12146,9752,NA,15165,NA,16547,9569,7216,14429,10640,15641,1468,NA,2842,13003,4729,NA,11088,2911,17015,14162,9408,2783,5641,11841,18658,10323,10121,7074,11173,10964,16962,3980,1318,8861,6440,18481,16088,2076,6945,5619,1356,19132,5449,10786,7689,14119
14726,10757,10008,17912,16325,15828,1824,15279,18048,1834,460,1993,NA,1782,9171,13983,7505,5402,17390,4105,18828,NA,18198,2111,14265,7221,5986,7934,8027,9041,3688,3265,4385,12307,13384,6590,3988,19614,13611,14050,14547,14363,4761,6174,3162
9435,4219,10059,7081,8101,13036,402,14026,7382,15708,4474,2032,NA,18138,12382,17531,1518,6264,10430,16934,10430,10249,17055,1040,3887,6919,NA,4906,5938,10714,12348,4223,10873,6095,12191,NA,247,12705,15190,19872,4419,18027,12482,8754,16741,NA,14833,13510,16038,10538,1761,5224,14463,1046,15892,NA,17177,2277,10311,185,19989,10471,14426,NA,17682,11984,12561,9114,15516,3630,6116,17027
1206,12862,17690,11331,28,535,3575,6718,3744,12907,16818,3637,19589,6685,15136,17512,15305,19386,18223,NA,7348,4752,4315,1105,10879,5015,17220,1298,10012,15990,2365,18662,4018,5769,15797,NA,8746,6492,8163,8218,18814,6606,18972,4775,13587,13026,6768,7083,17981,2045,8643,14145,3442,7900,6013,1817
6757,6041,1413,17840,1928,6660,77,8645,11778,2158,5782,11872,17616,6211,NA,3503,10402,17542,NA,16264,3505,19921,11598,11067,4825,19785,8735,6497
9480,14209,3225,7076,784,16288,12102,2022,17404,1191,16227,7312,1517,12319,13390,14067,2692,3876,11871,9018,18553,NA,15110,9696,7471,3566,13268,13254,223,7098,5818,12446,12374,11458,9393,19300,10963,15446,8396,3847,3948,10409,6893,8793,2549,19652,13710,18536,2290,19934,1367,5074,2144,1983,8989,7044,11894,10976,8053,3927,17416
5846,13731,4527,15884,11613,2053,4163,893,7668,18066,5278,6005,9226,9661,66,14624,12489,11826,16876,18675,15773,16398,9442,59,692,2165,NA,9266,8871,1079,8628,11866,17298,16161,7764,NA,12131,17728,9934,15739,15245,15499,13662,13025,15096,10585,17626,3057,NA,11501,NA,16063,2873,NA,8109,4379,10242,13336,1135,1800,8666,14761,18101,19772,NA,13197,7183,5943,865,8659,3919,NA,4193,18113,2027,3695,6184,2470
11796,9198,566,13730,1287,9818,10294,14779,19838,19201,13577,10090,3848,11502,14040,9308,11319,13918,1353,5080,4560,8461
14791,3846,5011,626,1729,17085,14065,13685,735,6785,18791,7649,1407,9234,18545,14158,6148,6528,658,3513,11100,NA,2829,16236,19214,NA,9014,13111,4074,18871,14111,18695,17212,NA,19510,9765,15815,16785,16893,NA,9871,11083,17454,5383,12627,11355,10752,12990,NA,19074,7928,12962,5153,16858,13522,15491,15347,19950,19456,17537,9470,17296,16574,6047,14464,10584,17723,16316,13288,9279
5854,12552,2692,12110,13215,6146,17881,6056,34,19064,12307,8132,17451,6905,7307,8029,10963,16956,15995,NA,11094,13286,12898,1458,17737,14568,13020,7585,7677,13318,NA,10507,779,7875,15333,3519,18978,16560,16270,17352,1454,796,18322,NA,4393,6764,10916,2200,15430,14277,18591,14562,6120,19112,8660,2151,7482,4409,9112,NA,5734,2729,4191,18031,9580,9728,NA,9052,10130,9262,1754,15968,8056
4162,3980,12838,15180,9873,12349,13266,14632,19853,2654,17374,18142,14296,2612,17779,NA,19481,13636,19954,3150,18055,18768,1355,NA,154,15791,18999,13535,16286,7247,11855,6274,17840,10215,8966,887,3687,NA,9553,16592,659,13365,7186,12555,5939,6021,7479,1911,19001,NA,11398,6752,19138,8675,9018,10989,10592,NA,90,14890,NA,16996,NA,8939,6177,15785,4520,17935,7017,19831,5629,12759
10202,12465,18807,10185,12722,11787,2039,18079,8211,715,10580,NA,17093,17951,10299,NA,9434,17688,5443,16930,14107,1549,11328,5607,12250,NA,1757,16243,1454,3417,2901,NA,13232,13447,3521,10877,3263,1235,18990,1614,108,4761,NA,12181,3708,8421,17008,826,16931,6326,15614,6524,NA,2608,433,6965,12329,17546,17353,19856,8640,5662,941,17616,19141,16699,15637,12495,1691,13977,12056,7554,3587,13624,5449
11821,10860,9784,11699,579,19112,12451,16792,6959,17298,17538,12741,3521,3058,5542,18725,3778,NA,1076,958,14045,12079,10840,NA,443,19908,4725,10355,15562,292,NA,3112,19415,2126,18535,239,NA,19618,17225,914,2337,9009,13170,15895,8011,12081,17354,29,16439,13769,19128,10717,NA,9646,10815,15201,9119,17079,6169,5617,2037,15339,1704,7885,3185,19095,17045,2810
19162,943,9711,1623,214,5001,18737,8587,5452,925,18351,15001,17542,14895,7861,12691,827,10641,1278,12179,16405,6597,5301,13036,12506,1693,18303,13886,18705,18354,15635,5664,3395,18157,7207,5934,9022,19480,11307,7384,16807,7247,4731,855,18358,14698,15771,19041,5150,19235,620,10365,18492,17401,7167,19956,19974,19016,17577,NA,2445,16297,13821,4917,7551,5402,18785,11089,6972,1872,18103,10937,3084,11486,11321,8636
3138,14477,12839,18559,14620,18328,2305,10504,3315,16728,7227,17018,17701,9900,16240,NA,19329,17911,8363,10833,8659,2169,5978,NA,14927,6394,NA,18284,5179,12523,NA,18587,NA,18240,NA,12579,3783,14252,NA,2406,14141,2647,3321,759,3686,NA,163,9512,5631,3230,10526,704,10762,2842,527,681,NA,9216,8152,9681,9808,4489,9520,NA,19784,10810,3771,16983,13503,8675,16423,1163,18668,16821,14929,4400,564
11318,5926,8344,4942,8804,2655,493,2236,19522,11653,10894,14881,7827,10403,3200,1526,2105,8559,2546,16872,12136,8170,1939,15280,1163,594,11729,1452,1627,1905,13624,6529,1569,3426,12211,14964,11626,15009,NA,8278,18640,443,1701,13841,16970,NA,18186,12811,389,1420,1931,18524,13744,8776,NA,8427,16357,7206,8924,17797,1222,9990,17545,NA,16214,5799,17482,18913,11974,16298,16972
