7800,996,5547,13748,378,5317,13889,13791,14948,18449,7592,14718,NA,15757,7699,17371,15042,15359,4397,19541,8138,8458,16733,18537,3766,2191,11746,NA,5124,14587,NA,15833,8443,16400,7745,NA,1195,6024,NA,9920,12498,12046,10097,16739,12541,18312,15865,10227,12819,12665,8264,9692,16782,19561,7397,18540,4554,4897,7155,18561,7404,NA,16379,437,17815,19072,15449,NA,19666,19734,17408,19729,17147,3020,17114,8136
12160,13591,8115,17816,1748,9377,12133,9403,18284,384,19190,13390,11958,14653,13267,8696,3528,5958,17720,12291,13382,5073,12435,2838,1698,8231,18145,NA,7483,14690,2433,13435,19592,10414
19552,7697,18669,2396,11635,6590,10889,7064,18620,1112,10719,10893,4043,9550,4373,4030,8316,16562,409,14482,9155,18661,1566,NA,12883,94,17004,1319,10657,16290,12247,6778,16354,8137,14906,11331,11967,NA,9728,6881,13482,17681,NA,11372,14978,3362,NA,16532,19415,NA,11391,19445,NA,12889,3366,NA,4973,2446,10115,13295,3162,10175,9208,15278,4593,NA,5093,13822,4390,9219,9781,6677,11248,9970,11888,6891
16304,624,8248,8118,18664,10285,8642,5145,13860,14680,19991,6376,5123,10297,17678,10215,11629,1994,14375,11913,5694,NA,11530,NA,6291,16780,3709,18074,NA,15944,1525,10548,15614,1703,10154,4292,NA,18853,NA,7228,12041,1018,19737,9997,13981,17068,2269,1859,13199,9859,NA,11205,16,706,11771,3965,14341,16191,4926,5692,19268,11571,66,13543,1593,4728,10273,4110,1027,2880,17488,11692,4882,11840
14919,12372,11630,19799,15545,13393,17860,7660,17904,6338,2386,19249,10357,15368,8847,7509,11267,14566,10237,14239,14593,NA,12015,5263,NA,6456,14847,13585,235,NA,17312,4527,10260,6347,6474,1022,13181,4161,18358,2008,NA,855,15540,6969,18457,5680,16648,17696,7122,948,NA,13255,2833,4653,18490,19435,19674,5427
8763,6225,8613,17294,14074,6045,14601,3499,6473,2199,2112,18314,19434,8450,NA,19476,5087,15589,NA,17337,5079,11855,16011,19111,18831,12651
250,10756,6835,14764,18027,11515,16933,18206,10421,6306,2495,12488,18178,17020,5929,3596,6601,6705,9466,8615,13096,1435,2228,2069,759,4420,3737,191,18967,14217,9243,1029,NA,2655,11646,9155,824,11274,NA,16774,7524,5445,9446,3384,18974
4176,13636,19969,4795,1901,10479,19132,16782,14220,11015,11892,11901,10591,7420,3092,10168,9801,16817,8052,18682,17010,5246,18006,15495,4925,2904,11687,12465,12233,7616,17233,16894,9479,8370,12221,15784,10829,15756,13723,7354,17327,15837,NA,17340,6667,16503,11988,3955,18905
7670,19304,4539,12548,9861,861,8235,3880,3517,11659,16059,15046,7931,4856,NA,2609,19475,4515,8922,943,6420,2304,10501,15810,8097,19487,17829,14882,5378,5601,3282,9927,19667,18320,12407,305,6779
1755,7649,16931,17550,11107,9922,14531,11807,9471,15476,17032,NA,3668,11504,5004,12791,10684,1838,1508,NA,4888,17182,6830,18975,2744,NA,10740,6293,NA,1939,931,16313,5557,NA,19150,19346,2824,16286,1366,13457,10285,489,16997,NA,6852,1615,3942,NA,3452,10209,19769,7605,13867,6321
8900,1069,6012,15845,15833,7060,6001,19666,19556,3234,12036,8660,5431,4647,7579,9845,NA,16814,7909,17037,NA,16352,NA,18613,8233,13959,15371,16984,14561,14588,1727
10213,8558,8769,15666,16825,18469,8348,19224,16028,11614,15469,3333,6278,1649,4516,4060,9067,9631,19470,15118,NA,18297,7873,1128,8570,830
17381,1985,3377,2108,1691,11548,18897,13027,6873,12795,15992,5135,11081,7785,16666,3799,7481,3302,NA,9852,726,3272,1642,19164,16972,13934,18454,4406,NA,10325,9496,NA,6703,1420,6617,12598,494,9446,4026,13317,11650,9580,18524,12534,16730,NA,3061,NA,2471,14266,7322,10627,17296,818,12023,19550,NA,17805,17559,8193,9023,16276,15668,4146
15719,3985,14836,4094,6700,9671,4892,1162,17073,7159,4883,10963,15048,396,13413,5455,6300,NA,15888,2804,4505,7725,NA,4912,18572,18283,15820,2820,10148,NA,10253,9587,NA,2350,NA,11971,12202,8234,12645,10442,5153,19642,17073,17471,12800,4836,1830,13588,16478,12270,18821,5659,18645,14038,7502,18721,1208,12959,NA,14823,3093,NA,13486,3696,17006,18997,11424,16427,12372,11320,16338
5828,19409,2665,160,13405,1326,24,16750,9030,9653,10098,12958,12724,12128,9536,2423,4985,3544,17467,15036,13088,6617,9339,362,7097,4394,13338,16013,4865,11229,1138,500,4439,16307,19081,1416,493,10355,13974,2462,4457,11627,209,15122,6756,5597,12221,NA,7925,385,8797,15698,5453,16514,6784,5481,19304
9029,10839,19438,12747,7420,17511,2510,19886,16828,1630,6182,8727,NA,11986,925,5832,2398,17392,19255,17179,5862,16139,14339,NA,19537,5585,NA,14442,153,18624,18585,NA,4502,18989,17673,4937,9157,4684,15413,4176,17161,1195,7166,16361,8107,1252,NA,18843,18178,4059,15394,15536,2066,6588,2068,16805,3601,3134,1595,2759,4512,8007,2300
596,16182,12372,16181,12567,11836,9623,16607,9581,5551,5875,NA,7242,4677,14714,222,11479,17130,11137,6289,11776,17913,4564,10304,11138,17554,14640,5379
18671,19531,8258,19331,10857,6880,1254,18617,7371,17243,19793,15685,7452,7525,19337,NA,17830,14686,18647,1775,16604,9054,13794,18611,11291,3092,15950,10217,9463,15443,2686,5510,12879,8900,15454,18245,8571,NA,12592,7470,7505,9799,259,18532,138,14652,3504,6178,11325,6235
8951,10438,14073,11442,9912,6316,11696,16736,7989,5342,18122,15147,NA,4650,16910,5448,14290,10335,4514,19214,NA,5995,5862,10985,18526,17596
14898,17316,5721,7277,19596,11774,2210,12545,999,13035,11737,3467,11113,1733,NA,18574,1118,11383,1009,14113,15658,NA,7665,10561,6466,17778,770,11946,4697,713,593,11026,13066,427,NA,213,8599,5224,11871,15856,NA,10635,8066,7619,17074,248,14932,563,8882,13655,17675,13400,6958,17580,332,2591,18052,NA,5906,10400,3142,17347,6962,610,NA,13210,19427,6296,NA,12517,11754,7952,4931,2377,6159,18009
5592,14908,276,2495,9421,15369,19731,18879,7555,13893,15992,4292,15454,518,13987,9422,10837,16736,15430,17240,NA,1340,5002,13658,19727,NA,15798,9473,10320,15539,6949,4269,7674,6894,4974,3177,NA,3950,NA,6886,5278,346,4161,6945,19311,11684,9282,12890,9192,7046,13348,14056,14139,13337,NA,7047,8040,7577,4178,4433,8264,958,5170,2152,10605,NA,5187,12287,3038,7450,15714,19155,18639
19604,10777,7690,10016,19643,275,8100,7284,8332,5957,16442,13303,14777,18867,1862,12183,9524,7218,11143,2768,NA,11083,13106,13875,993,NA,2514,NA,9503,13000,17407,11555,3571,15121,16901,8697,3357,3941,3051,272
3599,1662,2885,1362,19232,4372,5214,11481,8642,3751,10926,4804,16122,19634,NA,14746,2956,17732,16458,NA,5783,4121,17998,8430,8557,12041,16763,11411
14573,86,2849,5960,8518,11227,2751,558,15471,8963,4525,16872,NA,6336,1447,16953,647,8570,15476,501,19205,10636,1088,6496,12188,12008,8089,4603,13230,11483,6165,2473,18690,13941,NA,6596,716,16572,16796,8119,14036,11805,11653,18484,NA,10702,5355,NA,1938,11912,15477,8027,NA,10505,1240,2430,2327,15163,1984
13404,13744,16311,5847,11988,11963,777,6766,15447,17955,15118,6021,18958,4028,16895,8442,8008,418,16839,NA,19270,2674,19954,5188,NA,9620,12628,8521,12321,NA,12585,1976,15647,5666,19883,NA,7460,13806,6640,14890,2984,18639,18226,8325
18013,12274,3786,3761,8838,3584,19182,6944,10536,8684,13075,5536,11715,NA,16914,1209,5661,6913,NA,11726,17939,NA,3501,667,NA,16330,566,4121,11557,19818,1975,18510,8284,7518,1686,7778,18880,5971,NA,6364,5983,8068,9511,NA,17992,14457,704,11368,11863,16626,18226
17574,12693,4253,14870,19479,1571,3013,4283,9333,14416,1628,4780,16272,3380,17123,5495,3723,NA,17350,9236,1192,13482,14247,14506,2982,9564,3192,5795,8315,2238,18434,6813,9909,1622,2341,7204,NA,9402,12353,11159,1752,19874,4595,12012,13744,4828,17259,17620
9535,18896,11145,10113,4399,16492,14502,8537,11328,13021,8808,4350,NA,18986,11500,15369,8351,784,17252,13623,10467,488,12452,13060,19900,8657,16561,5057,4010,14664,14414,1220,2910,13525,14305,10554,4489,16711,5687,4248,11115,5780,10946
19190,5734,12945,7440,7060,14878,14273,3534,6456,15005,5799,2383,18446,12557,NA,2405,NA,5026,628,231,10293,17082,10412,12531,17770,10198,1210,8534,12341,14347,14835,11260,3378,11980,15756,179,2342,NA,8835,4438,2753,2339,9037,7996,17425,1219,9830,11067,10068,8622,12698,1419,NA,4902,17496,11092,NA,6359,13323,14827,8122,3439,12766
18258,17246,3396,603,7698,12616,11615,4974,12941,1663,7323,3744,13598,19419,15468,4539,NA,3123,2633,15234,8602,18323,13418,1547,NA,3061,1982,7950,2545,11800,51,11635,7151,636,17384,13248,18158,14657,6836,4650,NA,4795,14748,7234,NA,15964,8405,8934,441,10165,5775,12977,13213,NA,1992,4864,13257,2517,2450,1076,19780,562,4975,16986,7109,8211,11900,19270,13116
18057,2090,1892,5683,8245,13527,1680,8470,1271,8912,11803,4639,10711,18806,18064,14655,6639,8828,15608,NA,8419,11229,NA,13934,4727,14310,NA,17205,844,13369,2186,3645,16678,11481,8647,2935,8391,7858,667,8351,18702,10389,9518,16740,11824,542,10059,9110,18882,17003,7174,13708,16663,5146,5588,759,5268
10308,4512,12290,560,9319,11635,12808,690,15021,2514,16490,18012,3576,16895,17116,2291,NA,15564,6111,10089,15828,6344,6141,3538,19955,10611,15051,NA,14704,13073,5470,14382,NA,4044,17629,9529,17767,16351,6348,13665,17085,NA,8686,2574,7549,NA,1468,7253,8576,4672,18160,5461,NA,15681,8444,3711,12396,NA,5265,13163,17297,13889,12456,14702,17469,15952
17369,783,14519,10149,18198,18063,4825,8071,16633,15252,19816,NA,11710,7906,842,7998,17592,17205,16027,NA,19089,15160,17275,4678,4819,10510,18002,8289,13251,6761,18447,NA,1952,8606,2123,10511,3171,10984,4575,9757,18033,11623,14085,NA,11097,9528,9845,NA,18425,NA,7943,19009,846,19082,1923,963,NA,6091,5709,11044,13621,13812,2950,18798
9608,15834,8429,11401,3669,7417,15000,8953,9360,5548,12691,1556,13247,NA,2317,19652,14527,7561,9730,14195,2906,15645,NA,16292,16841,NA,10418,6642,5800,5167,2592,18555,1150,8034,2112,11254,11130,410,2410,19924,273,3361,NA,10171,1523,831,17996,15863,11259,1584,13042,5274,16808,NA,19929,6791,5450,12963,18951,12227,9974,8510,13354,15592,12252,19051,5313,NA,983,14573,2590,12015,13463
19622,18307,17165,9706,11308,19500,6857,15900,2312,7482,19404,9621,19622,1473,12566,4555,5177,2782,1374,2716,16688,14996,3983,NA,16600,14441,5218,4481,15757,2567,NA,19395,19445,16888,9926,17079,7764,13095,10466,19463,8868,14582,18751,8048,3649,1744,8092,9108,3471,NA,570,12142,10781,18476,15299,9274,8043,18910,14957,13276,NA,15667,7302,17936,4841,4494,3356,16673,339,4726,8409,16582,9164
215,14506,6533,19402,3411,16659,13331,11619,19795,10547,4660,10350,168,2063,4213,12441,12932,14529,17511,4015,3290,16767,10626,6174,12032,2970,17658,19052,16695,3312,7426,10657,14030,19165,13238,2494,197,17592,1375,16814,11712,10088,NA,6676,11654,63,9159,9983,NA,19304,17969,NA,5571,2621,11047,NA,4486,10687,6739,6921,15539,19126,327,9340
4246,6008,18472,11602,2725,5521,18480,12733,15861,2340,19722,1766,16140,5298,3177,4626,7132,6354,2773,15579,2346,14795,19704,7236,18382,6202,7038,2562,19727
1545,18458,3826,16425,10185,884,11468,6565,15028,10092,13214,11174,9280,14002,10549,14381,8729,8712,14871,11609,2340,2637,2388,4666,NA,11827,7017,1784,13286,1034,12913,15560,3344,NA,18385,14183,13467,NA,18336,4083,4827,4287,322,13958,7894,17838,2896,7015,NA,11228,1717,1853,15078,14470,8575,635,3291,14367,19887,7443,16863,8256,19363,6399,14369,11048,5039,17432,10841,15335,16533,NA,8816,4329,16288,5130,14202,4602
2930,19165,8432,6780,7759,16093,18225,13792,5812,285,18773,614,NA,13161,3143,3998,1655,NA,11021,1945,2441,3624,8671,4382,13221,17298,13469,NA,11227,19235,9823,NA,13288,4506,18161,12773,13352,4092,13606,13597,1747,324,1767,15345,5156,8799,9469,12424,15546,17564,5537,2681,16084,2989,NA,13906,NA,14320,2872,NA,306,14354,632,17717,13848,8470,3463
12714,14612,10753,13590,16071,3487,11934,18078,12609,5705,3809,15363,5935,2044,8876,4814,15385,13585,5131,9276,13424,15406,3950,13079,1153,16842,2102
16378,16271,6141,11116,178,7857,16425,12351,237,12279,15012,12036,18617,10694,14847,8221,15200,5401,8048,360,14680,10088,2632,19149,13843,9603,18937,8328,1818
3527,912,3870,1029,6018,19505,9015,6633,9263,19838,15029,18949,16675,NA,15793,11581,9091,6172,18511,11808,3641,NA,2623,2854,17695,9097,11832,7381,2649,2265,12166,3069,NA,2759,NA,4335,15552,10625,4238,6789,18753,NA,2972,17241,1764,19889,14922,13872,8813,NA,10923,NA,8031,12123,17613,13838,8357,14603,15728,15670
15833,133,3531,1189,3785,7990,8584,1445,5797,14958,3444,8422,1033,16052,263,NA,7147,13911,NA,12975,16348,878,16218,6526,15895,3788,6727,19234,11875,14999,15526,9459,6955,5910,18777,14363,7535,7707,9242,11528,8106,5312,9959,7450,NA,10485,12459,9749,15445,7172,6937,3649,8696,18628,16170,11733,13418,12391,NA,5039,NA,3719,1007,15972,11711,14804,6577,13314
8454,11323,4745,19175,19934,3311,1162,8639,2068,16710,5113,12130,NA,16775,6458,2528,3211,3384,13038,15781,14969,16976,13993,14718,18204,3077
10295,9421,9650,15753,13346,5451,9466,8490,5939,2943,17805,8813,6146,NA,17554,19572,18061,NA,9292,6358,9905,NA,13803,4410,14433,14764,16724,NA,642,NA,-1,4422,16529,10838,18556,773,6477,2021,7711,1021
2027,10928,12250,14174,3316,8158,3479,11916,15142,3124,9705,5867,19281,3392,13249,2245,7915,15253,223,3147,7781,6512,3841,14743,6361,13368,207,16361,11686,2942,3257,3290,11536,NA,13946,13863,15328,2742,30,12536,4409,NA,16040,7127,5370,4529,7229,17382,3729,10619,NA,2262,15827,NA,19088,NA,8908,18513,5280,11768,14440,19059,NA,13121,19579,17893,15284,3073,3582
1669,17130,12910,13324,5036,12980,12119,3571,10003,16949,17124,6688,10861,14863,14918,14362,4760,4002,6816,10476
3446,2083,9289,2103,15930,5302,43,13817,16465,19725,1318,4732,13720,14390,11437,15298,6422,12744,4102,NA,3311,11707,16822,17255,6378,1907,5788,19394,4697,NA,14316,2568,18939,11032,2780,5996,1426,16004,1953,9843,2795,11031,11057,2974,19023
17379,2853,12051,676,4014,9982,10182,12742,16532,5555,1265,15950,8837,14169,15049,9036,912,12389,18560,NA,16717,19378,1824,NA,12949,17175,14513,15504,4248,3796,9155,5589,NA,5559,8095,9091,14650,16924,5059,7201,2513,13820,NA,10793,NA,7546,4849,19863,16891,12385,12218,19528,13801,NA,3642,14599,12909,18825,11122,15172,1700,10976,5880,15449,15743,5776,3653,8709,17681,3772,13311
4686,16546,13489,10812,13731,9318,15803,15682,1705,19656,10553,517,10573,18180,NA,18322,7432,18764,10676,NA,8366,5412,17149,19323,2932,18327
8473,12168,8318,12095,7110,7971,5793,10125,640,12081,11150,NA,11843,11087,NA,11355,8155,7278,4947,9203,18442,11320,NA,4873,15868,NA,1600,10763,18871,11994,10040,NA,14510,11765,15755,8821,12199,14898,5745,16361,10009,19713,7285
13284,19114,11345,2018,16642,12900,18391,186,6678,10228,17933,2129,15084,18659,NA,6166,NA,9386,13110,17401,NA,11504,3370,744,9994,15245,19747,NA,5656,9171,11751,1521,10121,450,5451,2886,16170,16754,11062,6103,4268,11224,17298,11554,4303,14447,7187,NA,12188,15367,7255,10667,2012,4120,NA,1946,5633,11746,15600,50,10426,7256,3625,6551
11200,12550,6033,13198,628,1362,14129,13854,1510,3834,5759,12189,NA,16153,6608,18404,19365,18488,19504,2997,15839,NA,18452,14945,NA,16323,12261,13216,15030,10957,3862,17116,9743,18714,5970,18900,850,19188,14098,NA,10374,19924,8571,11114,8367,NA,10005,5068,19057,5773,18440,7447,15965,17138,15435,14247,15236,3063,2678
2809,18475,3603,19215,19267,2289,1448,13011,14854,11413,11767,2998,4566,16175,3930,17529,8513,9774,18681,16519,6767,18364,7950,11224,NA,6414,16017,2618,1660,NA,16767,8854,10857,2566,9231,13172,7057,12074,516,19287,5115,11029,17300,1829,18187,16721,8199
15078,17174,8667,10537,9876,18226,11135,19498,4387,15153,10542,18177,358,15929,12107,11807,19813,19223,4746,2769,1030,2728,3118,4329,9741,7957,17874,17184,13526,606,11124,NA,7772,9188,17912,4781,8540,2451,11215,18951,9731,18033,15932,2498,9392,17922,8483,778,7097,1393,8078,3229,13546,15472,3056,12685,766,17844,851,1054,2954,9119,4944,4072,2110,19017,12871
15021,8501,6704,18219,3899,17751,688,12505,19978,19580,2816,18034,17224,1112,18919,13223,10271,3233,9467,13495,8885,10433,19266,5201,12725,3263,9999,15341,2128,1169,16086,4958,510,15805,8345,19689,19721,2229,4120,7323,972,4726,7265,90,19901,11050,12725,NA,17336,13510,14714,18666,13119,12816,16519,12738,17284,18770,4824,14526,15609,144,13418,10450,2918,7378,10267,9801,619,3394,14710
5067,165,14328,18328,12138,2172,16237,18795,754,5800,8181,7603,7770,NA,5793,3793,11754,19207,12395,7669,15825,14302,10721,NA,1509,4577,4391,1967,2280,NA,8123,NA,13041,16507,996,3676,2370,17690,18732,11199,5938,14953
19593,9890,7196,6565,1064,1304,10338,18730,15844,9280,14530,18942,5112,1881,13530,4430,2281,18608,7728,8243,1121,7487,18047,18988,1013,15545,1148,15979,8881,9983,3544,3894,10762,7944,4720,17728,8533,14391,18404,18143,2667,17791,3256,5015,5879,7914,9028,13862,4390,NA,10846,12121,8345,10079,8777,NA,6322,5523,11747,1870,2937,924,11317,16201,12588,17408,3666,9046,13597,2229
3824,1154,12855,13136,6274,1617,7135,583,19754,16660,8758,19388,15792,13736,10591,19582,16857,11877,16089,17143,16821,6659,NA,13074,2533,10390,8740,19487,18424,18197,9321,6577,18872,7320,10594,15553,5181
1728,138,8601,1250,4074,8284,9110,3949,32,19945,19782,15456,12285,7630,6465,3170,14787,NA,10421,7042,5249,13921,13129,10588,15946,16793,11494,17258,6622,11607,6133,15644,NA,182,10392,7263,5341,6656,19654,1289,6935,7042,15598,17475,18663,NA,6431,10941,17247,8979,3749,12828,13787,NA,12160,7468,6257,5956,12100,20000,19637,18457,17842,12385,NA,18232,15121,3491,16823,NA,12813,7196,10164,12015,14723,7179,13154,12715
16118,11613,7540,12055,18352,19449,17599,14935,1260,13088,7654,11720,10816,18185,NA,6982,19928,1666,12885,1040,5789,16967,5641,5856,1315,4869,12856,11837,16357,10338,14242
17339,14087,934,10707,204,4867,7682,7888,17001,1979,9809,NA,13897,16320,54,8733,19066,13327,2985,12794,4447,14447,15803,329,1392,17407,3557,8579,NA,16157,3502,3404,7833,5645,8779,1083
5362,11180,18862,8496,22,6642,10624,15140,9131,9757,18068,5864,5876,16031,1730,6313,11252,18544,1299,12847,5682,10638,5388,2524,7636,2584,16297,8444,1366
9240,4156,9247,15407,6706,3019,2926,6269,12837,17519,14639,14596,8733,9533,NA,14183,14188,7339,11048,11071,18940,NA,2452,15450,6632,17584,4295,2463,14889,17681,2952,3066,18850,18162,17432,8867,17335,4558,9783,8496,8953,19391,5241,4038,18402
1303,6463,6154,5435,8359,18617,2819,15585,19032,1977,11469,10791,11424,84,7063,5770,NA,17605,4934,12604,6028,18748,13313,NA,18534,10341,12908,15976,6645,2940,8295,2085,16121,5608,11363,NA,1771,11438,NA,2255,16562,7621,9764,NA,15023,10512,19910,7338,12738,284,7692,1178,14643,8749,6755,2475,5222,17080,10234,9325,17847,18640,NA,13304,220,2660,8989,4107,10083,11387,6694,15056,1551
6231,14334,5122,6995,17440,15647,5429,5566,8665,1293,6683,19497,5881,9426,7869,16692,NA,1129,11175,7612,13659,9294,17846,2664,17601,12203,5119,3735,6630,7592,906,868,NA,3077,18246,10851,4427,19888,15386,13845,3692,1407,17829,12313,6725,13527,8005,9108,813,9536,13154,7061,2550
18763,10819,10965,13451,18157,14226,12070,5689,7040,10477,10968,NA,18730,502,2034,16237,6685,19245,9208,13594,4900,19310,14768,15574
18061,14614,12914,3059,6419,4162,11925,18679,5355,14499,4747,13208,11581,NA,15091,18742,4980,12181,7116,9663,17575,18417,3671,7608,1223,16022,15826,2639,17837,7177,13848,15581,2085,16719,8179,19819,18582,8024,16254,14984,8160,14976,14088,11240,2114,6628
13894,16606,7028,13375,2277,9233,12092,13553,8547,14646,11208,19188,2210,6145,3926,13373,18162,12449,1725,7798,17669,14440,8555
11887,15731,7884,17487,9501,16982,12483,11313,9838,8370,16944,13949,15140,17654,3106,NA,5199,16398,NA,9583,16526,19862,1147,19598,NA,2507,10908,3842,NA,15651,7369,19633,4613,14492,3866,NA,14327,2025,6409,5759,2097,7251,4837,12365,7539,17940,15814,8753,19942,14113,14197,9245
12350,19206,10800,14413,11878,12145,2403,10457,19130,14702,541,6944,9128,NA,4453,12231,17971,3353,14335,2218,6501,NA,9901,15484,NA,9019,11896,17761,6379,5785,15633,4993,8514,6113,11043,4418,524,11694,19308,7792,6697,14936,5072,7283,10667,9375
6915,751,1538,1932,15028,13334,8051,1796,15788,12472,13511,9415,16694,1860,15942,NA,11616,19065,NA,2533,6212,8781,338,4192,NA,9003,15165,9042,NA,18894,12672,2331,NA,2589,19896,9011,7901,9389,587,14310,18348,2473,10482,4388,11390,467,19062,14578,7343,15225,8131,13419,1811,19197,12037,8453,16425,7786,NA,5294,14725,17270,14787,16488,19123,3620
14064,6795,763,1747,4401,10782,519,11823,18646,11422,5797,5222,5687,2821,17404,11134,3326,6,7816,12132,6751,5139,13118,6816,11058,4895,7104,10688,9322,995,96,7526,1442,7394,9104,NA,8064,13419,10934,4490,2679,17157,5539,9001
17539,7073,18727,13649,16428,8663,16220,10576,987,11385,13095,4701,13396,10821,13241,11310,4035,15989,10673,7402,11801,17899,10813,16011,10617,10784,18889,7990,6665,NA,13809,10716,14719,5462,772,6849,12471,12686,16705,NA,18760,15267,3157,15284,11267,7566,11257,9094,5066
16648,16737,10007,1081,3925,3536,18101,12232,17440,9668,7791,NA,12896,15968,17060,12198,19070,10662,11013,6246,11090,8605,11276,NA,15753,10741,12706,8518,4870,5153,2474,16659,1657,15151,5816,19771,14957,19667
18929,5471,15752,16422,8215,9166,13425,8812,5823,10700,6850,12144,16779,15990,NA,12243,9269,2915,8865,877,NA,5862,16958,NA,12162,10281,6536,3753,19264,4357,6283,1812,1876,NA,4932,11551,5473,9186,9653,19758,19897,8081,3478,101,8430,11047,17715,12637,16996,140,16047,2790,5185,2586,12331,18941,NA,18867,NA,11722,15728,6431,19257,NA,16122,5437,12105,15419,12077,16700,13365,17736
6445,13509,16991,4952,5780,16523,10599,11361,8037,1568,4305,NA,6493,17713,13160,10633,15288,13553,1153,14677,3550,12189,15756,19998,14720,9435,2990,10463,7956,13755,18770,6768,14306,18525,13336,17419,5445
9207,3109,13646,2903,10225,9436,5874,10135,6197,18899,7826,918,15799,NA,19718,17274,8527,8678,6934,NA,330,14571,1256,474,11442,16880,6142,8069,5539,12132,5901,16356,6392,1939,18685,14916,13764,14118,4457,9667,13012,13344,12152,12013,4452,3841,NA,18891,12664,18680,14045,13224,14386,6935,18253,11703,4443,NA,10952,16340,17621,13484,8645,3166,11627,6915,5031,4506,19862,19490,3017
3997,17864,13307,958,7487,13641,10246,13155,7374,4827,13046,17642,16053,5176,8968,1991,14684,4684,14027,10648,12919,838,11940,17200,6481,12991,10745,12938,12227,9691,16652,NA,2644,8112,13556,17430,12111,3679,19227,17878,17057,19702,1257,17425,NA,17975,6881,11230,19655,18488,9259,19491,10312,3036,11241,19425,13749,11349
917,18747,13277,12502,9864,19548,16973,16856,8184,15010,11394,NA,866,13164,NA,5361,NA,13912,1920,13133,9848,15077,17627,12634,18798,15951,8463,11335,13925,18069,9301,2048,16906,12279,14809,7185,32,61,2103,9415,NA,17233,4207,6956,18023,7445
473,17480,10248,7090,17371,15991,10228,9482,4392,7220,17554,7308,1364,12161,5094,1931,NA,5497,2323,14708,NA,7501,4375,730,16608,459,4167
9054,9699,3622,2340,16182,18450,9098,4469,18206,9183,6811,7827,9495,16095,12434,15854,14677,17378,700,21,3529,10483,17338,4526,4223,9762,12019,14749,3354,18332,16141,2001,2998,1336,17720,10968,15673,4215,15834,10020,1801,14363,2517,5411,7937,13124,8132,11298,12563,5944,8423,899,17835,5369,1157,NA,5409,NA,16814,9655,2247,2825,2037,1467,17936,7724,NA,2520,7633,7891,16954,1950
15969,1973,17436,17391,10566,4443,19679,5882,14918,3575,2111,11919,NA,178,12705,5985,2464,12978,9650,17167,1406,15504,10890,1796,5268,11031,9232,315,12595,8967,18741,6410,15950,11110,14341,9121,12178,14287,1897,10124,176,19843
899,4195,15181,981,2681,12359,6017,9531,14551,15736,7696,5590,10130,5279,NA,5687,9836,14535,19827,15925,13034,4098,NA,6459,9179,9636,3513,2034
19566,11795,16259,6597,6492,6154,2449,18150,2053,9633,11009,15432,8631,9111,2985,11076,4209,11543,8866,7630,3871,3408,10513,2200,NA,1345,18874,8249,7898,14431,8893,10843,11763,7435,9750,2819,6818,14226,NA,2431,10039,13178,2923,7369,14117,845,17294,10302
10958,1643,7127,2991,5566,6621,14089,14145,18469,11627,16799,8455,11840,11744,9900,1802,7322,5971,9766,NA,5962,11852,3537,14545,6311,10317,11032,14668,16980,19018,6481,2052,18059,9270,5479,14752,4762,9660,11771,NA,7846,2034,13346,9477,12244,586,3451,11974,NA,7096,14358,3380,5959,11899,NA,481,NA,19363,1568,10190,14373,14139,13651,718,19473,11789,17332,6418,14931,4571,8659,12371,7805
4969,8679,10489,8995,8152,1328,14384,11477,6202,711,348,12264,NA,10509,3189,13285,13222,NA,14901,2769,5778,10155,9946,5605,9508,18138,11498,5376,4826,2760,NA,7138,19871,19604,11126,2268
1127,9285,7930,10671,14643,6170,19804,2691,195,1912,4293,15940,6942,7197,2915,8662,8276,10319,16101,10855,15911,3550,11978,14418,3708,6904,4124,3923,14299,16014,8691,9694,19451,7329,6956,7605,18884,14821,12809,16732,4606
8094,15632,5097,19508,9862,5244,1571,6837,16672,128,3609,13155,18995,8205,15095,8369,1531,18100,6353,9290,10875,16667,15811,6264,6509,NA,12953,7148,8898,NA,4817,NA,2356,19154,1267,14385,12044,2289,11830,NA,16076,173,15443,18667,8388,19604,6713,13128,12407,6262,14190,6019,17993,4572,3875,NA,1540,14794,3486,8103,4900,18191,7579,18721,4119,7432,18752,7215,7505,13674,10847,4293,7214,16675,18071,946,10709
17998,17203,10588,16486,15553,3104,17742,6000,6903,8226,14664,16853,12157,NA,15035,6720,13669,16078,2534,4572,3105,5504,18916,4221,5745,1835,14106
18885,13213,3414,3563,9368,3189,12301,4473,2832,17733,10205,NA,3003,13217,3685,1909,7868,13261,14559,19549,3134,12160,1303,8787,16751,11521,17506,14329,2217,8658,6781,14672,NA,8708,14507,11016,15311,2340,4734,2574,2551,4208,14295,3306,10146,17211,19760,19913,10437,27,19042,3567,19509,263,4260
18775,496,3455,5850,12546,3420,5342,5709,4516,16684,14755,NA,5040,5527,18891,1564,8078,11277,NA,3001,13801,1485,7559,7846,8123,10317,NA,11196,19043,13778,9351,13796,16384,17046,16004,5088,16908,3199,4417,4687,9254,2209,3023,4846,NA,9109,11622,12603,14098,1236,13753,NA,1341,7562,7555,7757,14222,7763,9025,12773,17783,13093
