8201,12838,4051,3207,14635,16899,13371,12075,4749,10920,1192,19377,9926,1558,9256,NA,3714,9844,15913,2987,15469,16486,290,4039,16274,NA,12781,2959,5820,3220,11895,8921,11161
438,10516,5559,19047,15592,18336,3597,9232,17277,5113,4849,16558,9055,11036,11888,3836,19427,11831,17498,NA,1922,4202,13236,15256,15292,251
2608,2685,9809,10296,14894,3146,550,10074,6030,19128,1524,9010,7581,17989,NA,11633,NA,8301,5783,7071,17798,14336,11303,14029,11190,13792,8168,9216,11703,11992,13592,18562,19705,18449,19235,2841,10724,585,17095,8931,7137,9986,9697,4364
4850,1860,4336,17069,8401,1676,16452,12088,11627,11261,432,5323,NA,9931,9174,17941,13720,10867,438,12130,1074,13111,NA,6514,14068,8806,2492,15984,2377,1966,4436,14070
5535,11204,15443,6705,3647,10763,3566,14684,8002,11181,974,12421,17602,1014,7690,17894,18246,7946,NA,3475,NA,3387,18098,15672,2742,4145,4346,7773,14317
17375,6252,18375,10498,14269,14800,6738,19962,6018,6958,7385,12546,15139,13994,NA,6351,1194,NA,6056,6615,6086,14349,5285,1120,1540
5650,149,8841,1448,7907,112,7964,14413,7603,7877,4420,5530,122,12251,14081,17102,8495,1270,NA,16458,13713,NA,17024,7162,15357,NA,1358,16673,3413,16779,803,10653,9620,8466,9083,9174
18923,15990,2982,9596,16271,5352,16349,13717,7132,16715,5121,5238,7728,4993,7128,15426,8718,1452,17142,16760,928,NA,18959,17900,7546,10865,8429
12387,16872,4726,5268,994,10376,19478,418,4171,10183,16776,13480,8816,6065,14543,16588,11309,7081,2529,5187,NA,2414,10235,15622,3108,5809,17339,NA,6237,10448,251,674,3120,2809,15121,19609,18877,11483,NA,9693,NA,11110,18536,6900,17724,2972,16619,15001,6866,16711
16751,12164,19345,1266,1789,6761,5991,6822,18158,3271,6267,10020,15480,17510,19241,19497,19862,15524,NA,137,17925,16592,19762,6345,NA,12080,2745,14536,729,11423,3816,2073,2815,15903,NA,2132,13041,1982,19030,16293,NA,14427,10126,4695,16647,6834,2938,18416,18067,14016,1671,5668,19072,8444,1322
7079,19484,18782,9191,9008,15061,17708,15046,2954,7069,8744,18263,NA,18471,8262,18000,18610,6652,19494,15980,7055,8024,8481,NA,17161,6093,18726,6120,10199,13675,11479,18865,6653,9178,19706,10961,14617,5619,6322,17767,10026,19816,10736,4565,1776,1205,8424,17674,17590,6501,3290,1153,15811,60,9481,8256,18522,771,13237,19024,12128,19359,3262,4119,2705,6221,18598,NA,16365,16929,13601,5152,15339,16334
2519,1815,17796,13224,18928,6685,267,17271,6884,815,11137,4968,NA,3913,11681,NA,2285,15415,12146,14238,13624,9035,14972,13691,282,14099,6235,14284,11444,4865,4404,12243,7336,1572,10382,15588,10762,5592,19417,2325,9615,NA,12527,1990,15067,NA,18288,NA,16776,NA,4217,4439,16659,12110,1870,19443,NA,13920,692,7844,19071,NA,1796,NA,13086,4911,13245,7888,6008
6576,11485,415,19649,12041,12950,3811,9813,10500,12149,8509,2338,10522,17174,18676,10783,NA,1897,4986,11914,18064,3002,4935
12513,11626,6592,4307,15261,14404,9305,537,14147,8878,15369,1950,NA,14258,11182,14740,18473,2980,6102,7637,6759
6299,16903,17355,15193,10201,11153,13049,11983,11805,3971,4418,19341,3487,9723,335,12924,17842,16292,1138,11432,18309,9221,10355,10691,12380,16089,NA,10543,9340,11214,5051,1110,NA,4682,2705,9743,1030,7244,125,17656,19245,3297,14197,2320,14547,19688,9682,1923,7616,16260,18276,3143,13180,14920,17966,8201
8201,3329,3021,10743,10319,18985,15618,10962,4237,13451,7432,5690,12782,8633,13864,7148,12446,7015,18189,15658,18232,604,19299,13289,17360,NA,11985,7655,13562,2537,13560,NA,18283,NA,13742,29,11347,4927,15845,5190,422,5859,3892,8982,48,NA,16076,13809,10415,NA,5569,4961,2325,5199,3340,10103,9303,3887,2437,13566,19345,6352,8023
11531,13766,2106,13731,5402,17515,11105,4305,15654,8243,18304,7588,1337,17993,5164,17236,1275,17743,15729,8690,540
18074,13987,18422,7142,10004,8546,10845,7887,8745,3854,3604,5798,2626,17546,19839,8941,16145,5043,NA,8396,10262,5406,1680,4926,5089,11090,1171,1769,19899,17660,1214,11605,18639,15489,10201,NA,4913,4262,8595,19413,830,2551,5549,7144,12656,10163,10094,18074,2887,2435,NA,17249,13673,12694,15291,NA,5269,3392,13943,8260,2570,4343,8724,12287,19246,10886,10777,12102,13908,5562,12211,7933,NA,16077,992,13699,5101,17977,1217
10073,1938,5383,8999,6717,19578,4218,8111,8950,4337,12780,18541,9702,5792,16159,NA,15801,5592,19836,14576,2879,12663
13285,13671,15379,10398,17599,15935,13095,3188,792,19625,7321,1528,2016,5864,6290,3320,18228,18005,8349,12395,16104
18712,6591,12462,8854,4406,6253,9758,6325,2029,3427,14198,NA,16418,6879,13670,NA,4726,4913,11808,18210,15905,14743,5752,2362,NA,552,16074,10886,9545,4268,2122
14344,6840,19025,1301,7270,17657,7785,4866,4504,1071,2680,14885,12971,19748,6098,6922,5778,2193,4115,14269,NA,1844,8114,3956,8851,2503,10654,13663,8784,1087,19178,1103,1124,NA,7174,3553,13877,11001,4957,3063,14629,2253,14918,10886,8526,2196,15973,14673,12140,1055,17696,3698
3237,18326,13619,18494,9528,9134,5952,19933,7765,11875,11500,NA,2491,6431,NA,17767,11435,17039,NA,5846,8148,19217,1092,11337,6847,7998,8615,5961,NA,15402,9076,16024,18109,19298,7362,9265,10289,17538,5993,NA,3246,12917,7025,7861,14296,11210,12829,19657,2342,3504,244,14644,5600,65,3707
19913,2019,12918,4562,6579,15689,16294,12804,13434,1937,14229,7313,18905,1080,5073,NA,6172,15578,18646,6132,6458,15195,5191,14949,68,NA,10096,2210,11810,NA,19540,17801,18972,12882,11400,19851,18650,8672,6600,NA,11117,2877,NA,15512,11952,3059,14552,14361,15473,17530,5633,17790,16752
18239,16154,2645,7162,18227,6033,13753,8153,3849,5754,17992,NA,19246,9941,3040,4759,4801,3797,2795,15360,9488,17372,18582,17968,18259,NA,1770,NA,2573,16841,18424,529,6657,8248,14600,12517,NA,8124,17804,1453,12954,15654,9797,14083,5507,13164,4898,9352,15324,13057,8066,14297,6839,286,16304,10080,2932,11615,7616,NA,5865,14832,6079,16250,19931,12034,9901,18075,17777,3289,13788,7211,2764,2602,15371,7912,5106,13223
2943,10915,18379,15848,15075,815,16842,7356,17090,8855,3266,NA,16282,17679,11899,17453,16093,11451,7296,5409,2127,18128,6128,NA,15516,17128,7826,16339,3026,1131,12671
3498,12176,7169,10319,13576,4277,10692,4103,9466,8075,8080,5193,6290,6947,NA,18259,843,10193,9464,3634,12950,17076,14974,11069,889,6477,NA,14602,5288,11572,16414,NA,59,10417,8014,12356,19116,14274,15885,13663,15955,NA,10413,4525,9946,5872,9228,9993,11500,1580,5835,18979,9476,15401,7723,19265,14897,332,13889,3779,2018,8259,7600,4121,16417,16978,14801,10666,3406,8097,17009,8742
8188,17246,17286,13663,8056,10107,5440,18707,11508,15946,7034,17336,1370,2816,709,19081,5246,19511,497,8165,8047,19904,2087,NA,2040,3572,10329,13768,18725,13251,555,6008,15078,NA,15214,7987,11084,NA,14702,12075,16152,7709,293,17736,11859,12656,5217,2862,9431,13046,12579,3863,7270,12951,10458,2300,1674,18153,3180,5358
18380,2671,3085,16556,12151,8161,2903,17440,7501,250,13970,6924,12499,18101,10761,11823,7250,10335,12218,14631,17184,3797,4826,NA,9000,17766,11332,418,14866,11775,8966,5591,17632,9166,10233,6421,14233,19882,12006,18918,1835,15083,17338,10361,NA,7920,19748,2449,16323,12806,8950
12443,3942,16605,17759,937,3907,9274,16768,15254,5898,6399,5980,8076,3929,10308,7193,4599,6544,14760,14210,10556,19258,6235,6354,11388,4136,1415,19928,6133,1641,16568,16469,NA,5490,NA,15042,17312,3850,16470,12116,18437,10623,NA,3413,6650,578,10112,16926,5697
6644,276,4366,10284,19760,19246,19651,12536,8737,11487,15362,13731,2285,17121,3704,11443,NA,19951,NA,7882,2062,NA,11394,19272,9508,10272,NA,6509,8501,NA,6220,1718,6474,5030,1222,11801,13206,NA,14299,NA,8069,11662,12095,6042,12446,14861,19663,10982,3619,15949
6716,7914,18,3511,1970,3022,14916,19555,17240,16440,15055,4342,18140,3083,5933,NA,2781,17223,16852,19304,16026,14654,15144,18494,853,16965,11457,16380,12582,669,18783,9059,2623,3447,NA,11881,12287,5155,14985,187
9288,2046,6196,5261,12569,1636,3434,13989,17140,10453,1637,16023,10314,NA,1688,14010,15964,1027,14620,5681,12508,2084,12741,19879,4893,11243,1325,1526,7576,14736,18778,11755,11073,19653,14063,15029,2321,18303,910,13376,16278,19622,NA,19187,5436,13804,17987,14993,10828,2603,9957,18793,NA,294,6157,5115,13663,11918,18931,13331,19214,745,6040,2459,2716,6361,14610,9874,10189,8375,12063,18050,5889,7552
8031,2097,6796,18557,9032,14609,11472,11674,10726,12511,3859,12933,17968,8122,10471,8767,16288,691,3130,15815,14627,13639,9180
19354,19714,18610,2600,2586,11927,2351,13041,4436,3696,4695,9987,9851,12570,12844,19064,6703,5762,NA,721,4590,8246,14970,16969,9186,1856,761,4734
16593,1023,2267,17007,14180,10941,16537,10903,769,15776,11829,1604,7471,10790,575,8859,4324,4079,9987,NA,1218,12023,4266,2208,8271,10376,NA,8227,NA,18727,NA,19979,1875,2161,18322,8282,8091,9221,15978,17634,1697,10148,NA,275,6460,NA,19684,1885,15089,14214,14832,10475,11377,3698,13721,16480,9466,9991,929,17023,NA,8097,6614,12833,13438,6230,9811,1673,16563,9762,1087,5756,5669,2329
5809,2368,107,16413,13817,3734,8422,4353,5223,12821,13259,NA,9276,8142,17476,3193,257,8201,6636,14247,249,294,3802,3562,NA,3726,19758,1767,15783,17694,7019,19215,NA,7148,9773,17120,5823,5200,7900,16739,1340,2126,12472,10519,15709
9100,8417,18382,19840,12902,10215,9788,1163,7222,13160,9629,1521,9518,18949,NA,8966,13294,13604,2926,6031,3940,NA,2330,17684,7701,17771,8109,2196,7542,19882,9896,11784,12133,14101,12364,7162,16780,NA,5085,4217,10630,16506,3773,15760,2986,NA,11838,15387,12266,9842,5173,14394,14267,17830,NA,6075,14272,559,6994,16870,4268,4901
14572,16915,16808,17201,2290,920,16320,3591,9699,17124,457,160,8909,NA,6765,9876,3897,3766,5244,850,14597,NA,7161,16218,8292,1989,14581,11604,17815,10912,19600,6076,7781,12590,11873,12318,15734,13840,8983,3120,12668,4167,1270,11019,5644,NA,16418,3403,5517,17881,15942,5429,4226,5217,7910
4398,2470,12387,11162,18615,12914,18509,12641,8185,19878,3877,9736,16259,18397,2545,4270,3465,1217,8994,15407,2033,5043,1832,7271,18371,2216,8129,14209,12553
14696,8934,8860,10734,5090,19687,1672,10332,341,3729,2410,9527,5720,2385,3993,9810,6601,19015,16024,5219,4582,5395,19187,6189,16084,12837,8252,10420,8362,10023,12843,17938,2043,10109,6801,4672,16190,2342,17424,18707,526,11499,17927,18545,NA,16695,7148,2265,11367,7592,1967,11685,16584,5683,1474,11189,2718,9946,5183,3974,13285,NA,16454,11614,2445,17947,9942,1274,12797,14019,3742,15293
7231,2310,16197,601,2029,11738,16716,2123,1729,8396,4885,3297,19032,16590,NA,5589,16742,7423,NA,8293,1089,15538,12753,2189,18548,13650,NA,2840,3396,6166,16732,4771,NA,750,10142,8098,19225,3918,4316,4218,2921,4685,3482,18292,9055,938,18715,18902,2120,7534,19365,7690,16411,18009,12664,2327,1453,6158,16377,10955,14202,4653,12318,12212,17104,13254,1340,NA,19481,14698,5827,17256,NA,12296,6595,19621,18738,15510
4190,389,3425,16982,7850,19883,12132,13402,7419,9285,10093,NA,18064,NA,17355,16193,11383,9079,13388,11535,9516,4771,11078,15317,10545,7564
6887,12523,9221,13516,9420,15725,8133,1310,19570,6215,3823,9871,15067,1709,19795,8457,NA,97,12168,7136,1193,7936,14787,12026,435,17544,1560,10029,18776,15158,15117,NA,8185,NA,9366,18526,5516,15670,8936,9035
12904,17272,4582,16270,18692,10908,19595,16040,16081,18146,3106,11215,14159,8517,18315,11034,17133,6465,8790,16584,NA,2883,8890,16285,7551,223,6662,18640,664,4269,777,12797,4775,7347,11229,19244,17100,11905,13587,NA,871,16717,89,13721,4522,15512,4247,2338,4824,15031,13283
5538,4680,3407,9436,994,2905,2906,2539,513,14537,7256,269,85,8355,19137,15111,15565,13469,14827,7349,10042,3584,17667,7265,17946
4081,19247,6513,15924,18502,17667,11353,16333,4998,10642,4417,16328,10032,4758,19271,15602,15495,12013,17660,13436,12618,18411,10990,1289,NA,14484,11184,2165,2233,14342,2997
19597,8900,5185,14331,1822,4526,19688,4023,4127,13697,8741,9933,8249,18523,10218,7817,2848,9997,NA,9522,7189,15915,14852,18466,9295,8556,12728,9080,6796,1606
486,1675,5700,1980,4974,17095,3270,17402,7669,5700,5177,17312,18327,13770,18847,5655,16477,15559,2551,10244,16982,18411,NA,18028,14053,13402,13152,2302,9450,14522,18744,12131,2893,320,9857,4514,10500,11709,9513,17968,17792,16302,18308,13418,6618,6435,608,9894,11678,14316,18676,17899,NA,9260,1547,5011,1255,12721
3125,15376,6457,8590,13413,16508,14201,8210,6165,16537,1933,15500,2954,10445,15219,3722,NA,875,14170,512,4296,NA,8681,7612,4334,4868,NA,589,7983,8979,7195,2010,8716,16115,4237,7152,17020,18976,4295,NA,17426,10754,NA,10010,13227,425,8780,793,980,743,12829,7607
1686,6193,16311,3316,3790,7707,9811,11927,5810,9877,16775,18653,3315,13948,15762,738,NA,15248,15689,15941,2915,12549,662,NA,16767,1538,9919,18820,4823,5449,10382,15061,16688,12038,12765,17077,3412,4946,15672,9627,2031,4612
12852,2005,13635,9565,8335,9955,9385,4334,17137,750,1302,9293,9197,NA,1386,1387,9043,9477,NA,5788,1707,NA,11638,14297,11048,13046,8158,1296,NA,19048,7744,16106,10997,17387,15739,4914,NA,5708,18622,11633,8238,6577,9313,15078,NA,19912,19081,9422,8483,9998,18224,NA,17054,8486,2734,10432,1186,12388,16649,14270,12939,7336,12141,NA,12874,6518,16278,19791,4228
3381,17254,9576,1000,14814,18254,2917,1364,18973,15491,793,NA,462,422,3133,NA,11323,15914,19320,5933,14688,12074,14733,4657,17663,7161,3690,16539,13344,11644,13620,2258,10382,11335,4445,8637
13215,8096,5776,7948,19056,17025,17096,14058,10156,17078,10904,NA,12701,2835,9545,4335,12512,9984,11325,NA,18709,19990,7596,330,7656,15760,2876,2923,19443,11463,949,12300,7371
9071,15929,5463,11774,2298,3140,4768,14069,1715,9024,12830,15124,12437,2567,8840,14399,7314,8079,18070,NA,18468,16834,4122,2925,13992,NA,8064,6982,7586,13058,6620,10876,6963,709,16616,1427,12751,8068,14635,1206,12101,13769,659,106,15884,NA,5056,5851,5444,9766,18350,16746,17849,2859,NA,12144,NA,256,6408,8142,NA,3172,3493,18313,5323,6171,12112,1628,10414
10781,8892,7305,5165,427,14899,12026,15108,17628,4924,16233,14610,NA,7573,NA,6999,3858,564,13380,18503,9586,9184,8133,785,5942,NA,11008,5446,19316,5345,511,NA,13778,5391,12188,16829,NA,8252,15237,NA,5226,12527,19918,13698,3415,13717,NA,3228,16499,4210,12873,590,8986,15691,10430,17443,15300,19889,19658,13467,7358,16381,4265,19637,8740,2911,17986,6763,9878
14209,11291,19468,14279,9039,9721,1032,382,8689,12958,17182,9643,15846,11612,8483,17446,7618,2971,9704,6942,6553,12468,1535,NA,9573,8868,6820,185,4394,3634,2595,15911,13603,NA,15910,2421,10170,13854,11360,5640,3304,5823,6037,8620,15391,8588,4174,17024,15879,8474,17679,18345,7888,506,1651,9617,16433,17994,18378,15154,11413,19663,19221,3769,14302,12517,17289,17606,18833,13471
8893,12585,5500,1731,15630,18541,11033,4413,12927,4831,13065,4963,9610,10118,7538,18181,4852,12174,19115,1961,NA,17701,12980,6327,15591,1014,7957,12481,13703,18614,18675,19233,NA,18435,3087,6050,6866,6625,5331,NA,18572,2376,3952,2545,4544,15158,2682,19232,935,11017,11639,10316,2115,8516,1557,5925,200,12967,13079,18501,9150,11755,16730,19838
9135,15100,7866,9118,2110,6999,12407,11938,4787,13843,3996,13125,16449,10158,2350,13321,19044,4639,10801,NA,19706,1331,1935,336,13800,7382,18948,14643
3136,9174,11334,9757,12265,18130,9451,15670,841,10329,1128,9311,NA,16576,15830,18876,11530,8957,193,1250,19972,12396,8235,14798,10695,13538,9099,17262,10695,3949,6385,372,8470,17404,3890,16398,9371,15546,9703,2681,10758,12625,9264,16795,18232,4410,8448,NA,7287,3219,15017,13900,18435,6161
19685,6872,15930,18698,3928,8048,2101,764,4246,2688,15362,8791,1391,7018,19110,7728,2570,18273,16124,1762,19950,16491,16318,6316,6245,17045,17582,5744,19713,16443,4204,1963,833,6659,13664,9579,1054,17181,11335,NA,9844,11850,16259,14051,65,10320,19811,5872,2773,16014,2435,8304,5943,19510,8529,6593
17297,7912,8462,18250,15694,18121,2470,18386,19496,7777,3135,3740,NA,10250,NA,9647,11741,17130,12527,15658,15673,13093,16783,2208,1123,125,6521,7716,8041,16763,17057,1017,8182,16303,117,2247,NA,11474,19687,10787,17379,10779,11021,NA,17053,2729,224,2451,NA,4088,18310,10684,14653,9395,NA,16545,NA,2421,972,13399,12790,5026,16566,475,12004,17833,2060,9648,1402,9032,5260,17893
2889,18475,5115,11936,13352,2898,11130,6928,18843,6711,17418,18261,12490,6278,1565,NA,13693,2563,9943,NA,14542,2409,18079,14302,5319,3779,10467,13578,16740,NA,8920,46,1645,16759,14846,1009,3655,4688,2880,2922,NA,7489,4382,7088,13495,3533,7032,19324,15362,16709,3737,12104,4273,4342,3470,19300,14312,14648,2621,4412,11998
10848,9240,577,235,17755,11469,17991,19056,6586,19804,19220,14531,19912,5195,4707,19939,11040,19669,6862,19297,11958,5788,17578
10375,14404,6193,16581,14438,2173,11515,15274,4521,13911,9319,12159,17209,5232,7925,12274,3501,NA,17928,2202,19128,5999,16051,2683,16634,9851,5913,7858,8246,11610,18654,5110,6982,NA,18970,12250,15775,14293,NA,2129,8264,6711,NA,13855,4786,4112,6424,4292,NA,8761,17706,8229,9004,18737,17599,8980,6030,9150,5705
16736,18789,678,8550,2322,5845,17993,14421,13945,11292,2178,880,12396,16848,9613,NA,165,16958,8732,NA,14675,1997,10199,6929,10777,1183,14385,13382,NA,13982,14803,7612,6428,1862,7469,5840,NA,18947,NA,4556,699,17076,8746,9728,14880
11315,17405,2303,12177,13675,19249,4438,797,1425,9839,19808,7770,16391,2154,12930,1207,13083,14793,12844,14665,13132,2453,3247,19226,11931,13595,2078,8973,7233,1427,18370,3793,19372,9605,15295,247,10142,1636,10920,6424,10203,13798,13245,4765,10814
9259,6373,18964,8372,4517,19382,17365,8132,12142,19659,3555,NA,8791,6425,1441,10038,524,1351,18683,15872,11573,231,18526,NA,11351,5119,13393,5569,11045,2881,9085,3582,NA,8365,15551,1910,6920,8100,5501,482,7164,6091,5333,19831,11547,18810,NA,11879,NA,17790,14329,NA,2095,11026,11033,NA,11589,1396,13376,9893,8226,16067,13601,9368,7053,8536,9185,8793,4034,NA,685,233,5317,19548,17446,12071
769,16975,16367,18954,16309,19217,11463,7644,5881,342,11337,NA,4018,8398,10631,19856,11344,16437,10954,2971,16686,5524,19016,NA,18226,2759,6189,19390,NA,4779,5099,718,NA,13058,6170,12774,18361,708,5080,5808,3165,NA,13758,2840,10817,11372,4781,14611,NA,6324,9715,13268,14343,1624,8805,6793,4286,7512,8176,14763,14596,8123,2593,11006,16542
17472,5031,8100,13730,4163,9683,6691,8003,18099,2570,14738,13332,19718,10665,6041,19387,4516,14346,11894,17821,7601,13189,15766,19765,NA,13627,18811,1118,NA,9830,NA,18866,15622,5273,714,5937,3571,9835,11644,1569,3506,9147,15281,4150,12555,8513,1802,NA,18545,16365,7051,6197,1366,1295,10792,12772,17235,3663,4766,12282,5525,19358,17894,11035,1228,15664,12425,10345,6235,7930,18981,12376,3308,15811,15209,9714,3250,9794
1590,19034,7872,13411,7402,19493,9183,13493,7853,15664,15317,993,18551,16401,5828,8562,1478,10819,12447,14494,3485,10593,NA,18513,1108,2712,NA,17103,19092,NA,3518,NA,6054,6496,2318,12540,17798,8692,18480,7778
5406,19094,16261,10431,5150,639,2166,7317,8174,1827,785,13713,14632,12776,7263,4697,4980,13946,2935,315,5900,2115,5186,NA,5652,13892,4419,11069,405,19520,7100,3754,18190,NA,6063,7906,8528,8679,16403,8314,15817,13121,14976,3313,8330,16011
11317,11337,5779,9765,19686,8256,3664,7461,16401,6233,5032,12563,15735,16505,7018,1274,1163,NA,16649,19885,11773,4327,15519,1920,14047,NA,7390,8658,1350,NA,4981,17402,9228,4975,10570,5748,17507,18857,17896,2549,19293,5155,12065,13644,3501,1091,1096
13847,14187,16596,5629,10124,18440,12866,16956,14183,9675,3248,NA,19794,15910,6254,18291,14982,5427,12350,5149,4015,7428,18958,NA,12066,12932,2003,2049,18855,15989,10785
16696,675,2088,4038,9756,3814,16404,2592,14556,5840,7601,6189,4196,10450,3022,NA,5869,NA,10729,5005,NA,16617,6506,14541,19031,11459,11112,293,2374,9345,NA,17747,NA,10931,18434,NA,8736,1272,18485,7420,11390,1936,5765,1830,2215,12555,18770,9143,15937,19087,17370,12360,17129,8946,3027,9598,13499,NA,6947,11323,5548,12675,12672,12474,5200,1305,15530,19297,17828,18664,19829,7395,17513,13385,9099,962
15915,16586,2201,1660,13856,13231,13333,16560,16299,8306,14491,NA,19052,12619,17147,NA,5122,NA,191,15128,836,19094,12198,1969,16352,7259,5481,3032,15240,6364,17612,16210,13721,6562,752,5213,18479,NA,15323,2626,14234,18475,4392,18335,NA,13267,18559,10215,1501,NA,19207,616,14388,7800,2724,16222,9074,14454,10780,NA,18030,11474,4447,19759,18633,18969,13356,8211,5801,13245,9738
16380,6592,7679,11859,10103,18952,17437,13315,12614,18897,11150,10264,13151,7695,13895,NA,349,6187,7156,13671,16625,19230,12758,18178,11547,9925,3023,11377,NA,1015,4257,13912,8441,5335,13938,10145,18452,15792,16545,NA,11849,9147,9462,18779,17749,9176,18598
12728,3621,8803,9588,13661,8103,4077,8768,13970,143,19148,12882,11857,NA,4891,11191,18656,4947,11073,17980,410,484,9012,NA,5330,19848,NA,11836,10377,3900,14150,16327,2082,4826,14233,8053,1479,16307,13965,14590,7822,6545,11545,14134,12399,5516,19259,19381,6815,19411,12096,17408,5898,11159,11740,9318,4319,8894,17500,10556,11858,18293,11312,1814,18983,12213,4858,NA,9792,18164,16615,10489,9672,4753
15161,14757,5228,205,8836,15438,10163,8965,7680,9924,2744,8179,17576,3119,9875,1785,8311,1830,NA,474,11174,8003,NA,13605,NA,16870,4067,1739,12536,2420,1650,3007,14882,12918,3857,7045,9997,6934,NA,18072,7584,11148,11524,1262,2339,17812,NA,18542,19388,NA,7066,15576,5284,14091,16841,12667,7451,8509,13669,12109,2385,9534,7654,853,6317,18363
17540,6144,9283,11175,899,18858,863,9838,12291,12152,17293,1395,7523,6068,13750,13278,12106,6424,96,6836,14760,17007,9518,9440,992,2624,11081
12197,10261,4346,15170,18015,9243,18684,10211,6680,2092,9703,12387,16227,1840,10115,14245,853,4262,12091,19969,669,1742,7018,4492,16489,11683,NA,3852,19693,NA,6560,15784,13769,18189,1198
19937,14051,18733,17842,9085,3399,18734,10151,5246,14436,10177,18696,16527,3878,687,11567,11565,15836,15182,14913,13172,9006,19405,18241,13469,4211,12642,1637,NA,17601,8843,15383,3482,18524,13769,13902,9885,17529,1994,3436,13402,2431
3321,8597,13151,3200,16296,248,6924,3028,1152,5683,18405,NA,457,592,13281,838,18955,12486,18550,19733,19780,10913,18805,4239,6371,19542,1293,4695,653,1985,1961,12213,3221,11645,16410,10365,9314,16453,5818,5787,9321,10294,19897,NA,19163,7063,3152,4540,17714,9623,6971
4457,17156,6626,7694,11008,10330,19761,7678,2051,4376,399,NA,9942,19851,17592,7976,6399,19797,4650,15949,16491,6116,4204,10414,11080,4393,5799,1882,15991,17713,2081,16957,4357,10470,5065,17652,NA,3458,11469,19019,7158,19106,4772,4092,17357,9725
8596,16482,12271,12700,11927,17645,3363,3021,9442,19758,15643,NA,7310,5882,13420,16427,10967,2231,14318,NA,15066,8151,13007,367,8145,8750,9715,15597,11179,15347,14841,14814,203,10270,NA,7028,18417,4350,NA,18744,19448,16412,12782,14285,13199,5778,18203,NA,903,17047,3494,18192,2700,14399,4147,605,6525,12118,NA,1878,6997,6117,454,19137,179,14270,16104,1296,16076,13032,11137,12658
8344,5402,13323,12958,13656,9513,7930,6776,4952,19245,950,2904,9642,5306,3888,18318,5615,5816,4600,16148,NA,2971,3862,9416,8306,1648,NA,7703,12881,NA,2148,14820,15392,NA,1325,647,11001,9590,3996,6392,4056,6794,479,18085,15404,6732,NA,14619,9691,5789,16029,90,5360,10915,661,19936,1831,NA,1144,5413,494,8657,15661,9494,7918,18983,19746,5709,2855,18785
9328,10278,8365,15219,2542,2565,13031,1559,2999,377,87,15989,444,17506,6740,3978,18788,19096,708,2216,10717,6791,17723,13403,NA,7353,13289,315,9922,6174,7858,1458,14149,69,6331,19741,NA,4600,3031,14114,5441,6013,19810,5953,4633,15117,8225,8244,13598,17673,2083,14367,5445,14927
16114,15879,8587,7242,5700,19907,19752,19675,12576,3780,4650,10484,19692,1807,17243,18634,2595,NA,10935,15518,18718,4685,1230,11805,NA,6984,11875,17344,833,2269,689,6963,12256,14291,11179,13946,6898,13424,16158,15551,19816,13646,6268,6801,18894,12259,192,13327,18903,8625,9541,12905,15635,5371,3130,5668,9755,11061,7738,8396,12975,6243,17962,2697,12202,6222,6570
8081,2647,7759,3966,1808,18865,18356,1720,18163,7342,10611,NA,18705,11264,12331,7289,NA,15227,11559,14369,1549,934,3807,4438,NA,14391,NA,15272,14122,11107,11678,13091,1806,NA,2817,8315,9295,10262,13943,18168,4962,6229,5882,NA,599,13170,16899,16337,16058,NA,4697,15057,NA,16148,11942,15595,5594,2046,7428,9350,NA,4955,1183,13497,10561,15942,14262,285
9690,6620,14211,4331,11981,5056,11133,3176,16747,1434,7916,13630,13919,5608,6555,8470,14909,14960,12822,9591,3438,10088,4012,14785,16219,1014,3126,17526,9036,2548,10841,16872,NA,12990,14214,18143,535,13257,15453,6159,4257,14659,12311,7711,19758,18926,999
1325,2111,5590,1039,17208,1587,16849,12521,2944,14016,7749,1665,14952,NA,4133,8593,NA,9486,684,14615,793,17329,NA,17241,18526,18370,17391,2657,4053,7090,3275,10050,17875
