6900,15520,1374,10997,6020,5460,15006,15037,10135,7520,484,6924,3160,17829,13366,18806,19507,9745,1346,NA,9621,4003,NA,3325,16397,7760,1380,4906,1693,NA,3287,4677,14756,13894,13362,13741,11060,12124,14197,NA,6193,3643,4636,741,3100,14884,7925,NA,15390,16767,5447,15301,12795,1662,13714,18540,17405,NA,5333,14143,18764,15331,10287
19227,14130,4506,14903,9845,10876,3118,10953,10975,4274,6500,12995,5863,8670,2362,NA,2000,9034,17579,18552,230,6268,2060,NA,18856,14341,11302,12817,18092,7196,9499,13947,9262,17413,15590,13811,12218,413,18624,19326,10130,7370,16634,8506,13532,4328,9180,9259,14039,17762,18908,4095,18882,17640,12223,5289,17794,7285,8449,4938,19720,12275,13432,19726,189,4453,12035,16866,12031,14721,12092,4055,2633,13151,19412,2749,4303,1045
952,17673,18047,9448,6020,8374,11644,4656,12175,13571,13084,4621,11154,10132,587,11059,6158,8235,16556,2084,19615,11091,NA,11896,17041,15647,10440,18153,18901,16432,6884,14409,18233,17969,19797,15084,2540,13802,5129,NA,73,3219,13564,19341,5423,9075,14889,3862
19439,8185,822,5837,5323,3442,17703,10045,2092,11941,16352,8266,14976,2218,NA,4275,8578,NA,15259,8480,2118,13793,12458,1630,8516,15330,15413,12709,9133,6834,2366,18294,470,10352,12235,4796,12183,11581,NA,16084,9558,14898,16539,14730,17784,12615,8007,19161
1324,9778,1560,16563,18319,7995,11802,14447,3499,923,19007,686,11359,NA,4990,16140,NA,16189,1245,NA,12497,17682,NA,19122,2101,1805,4720,4586,11910,3442,11549,7358,15323,6065,NA,10216,15673,3402,6371,6707,5164,17789,59,5337,16083,15372,19103,19996,9301,12083,640,13195,12306,16941,NA,7164,1536,8088,10753,17482,10173,10157,15770,14643,2992
7535,7754,16573,17548,2497,12795,19247,13822,2862,18832,10788,1011,3611,13039,4845,2989,16138,1182,16590,5656,9033,9308,12271,9639,10827,17699,NA,9419,6620,NA,19473,16594,14970,2772,18040,6916,11662,8290,14304,8312,7640,18463,6620,NA,8616,683,7536,5768,11355,8787,11288,NA,1508,5056,3904,7787,8034,18577,7427,2495,549,6847,3010,8960,9296,8236,10408,17656,8350,9247,3777,18541,9272
1359,3393,724,14066,15125,5371,3254,1821,15233,2998,5851,4035,3469,15937,8181,NA,9732,19714,7159,5624,13185,11342,15650,9564,6850,3635,7145,6365,182,14788,6900,1880,11724,10546,10361,14364,NA,8152,19938,793,484,8412,17746,5839,NA,16006,12823,11412,6207,9407,11809,19526,15682,2553,405,12201,15927,3677,14315,511,12375,NA,2079,11222,2657,936,13338,9731
1808,13538,19122,12892,10742,816,9536,6799,5668,5047,5809,6834,6123,14468,11600,13623,12569,14023,14879,6536,18048,NA,14930,2067,6756,7199,8889,8941,14140,11156,5359,3585,1023,8165,1443,7196,14051,NA,3458,6919,13769,18860,NA,8205,19961,9804,7144,4060,6912,6056,8403,NA,17493,9279,13730,12004,3703
13114,15277,14361,3427,10185,17228,1284,12700,19211,18533,17594,18976,2316,1297,15363,NA,12050,2254,8709,10475,14951,12417,NA,11240,18118,16459,5977,10210,NA,2443,7858,3122,16193,10095,8773,10393,10744,19678,18244,339,1220,2568,3202,18740,755,14933,8440,16442,13474,11567,4506,12034,3599,9848,NA,13195,19226,18873,16920,19222,9153,2883,19769
13278,14173,19336,15285,102,19293,6535,11905,17351,3740,7389,NA,531,776,16601,2363,6566,17044,4705,8241,2433,12588,12840,12425,14751,8233,8465,6257,322,19733,4878,8172,NA,16641,NA,11913,5547,907,3672,988,2012,14245,10654,13411,593,10027,NA,14899,2697,13140,13969,4359,16439,8225,449,14199,16401,2299
13392,10594,5699,12368,8176,13648,5466,8724,2853,3389,8286,NA,13511,386,9995,4198,15090,4218,289,9570,7135,1428,11283,7419,15339,17106,18371,14870,6248,2292,8508
16536,13692,6354,14917,14162,11814,5344,9863,10669,19,16881,10160,5485,9791,11307,3108,16095,17872,13280,16310,19920,14993,18037,NA,12809,3180,8214,6965,19556,13164,13873,15350,3203,1090,14108,7891,NA,12672,2916,15690,6603,9172
17280,11655,17213,17978,1429,2624,13252,1881,13669,13002,15242,10245,4844,2292,17890,18286,3430,18914,11179,4604,442,NA,5068,17503,4457,11853,16937,6882,5759,14043,6479,7646,15829,4740,2764,2465,19751,3835,17560,15822,NA,13223,5275,18357,7296,12835,NA,19287,6549,8263,10721,5304,11629,2792,NA,15403,6690,910,NA,7597,18929,10943,2120,1029
14517,13730,16674,4866,2571,10847,11039,11582,12696,15072,13181,364,497,9712,19449,15805,19228,18102,10525,15682,14198,12429,2182,2310,12906
14947,4124,14082,1828,271,4001,2391,13478,17920,17049,10017,3978,754,NA,12311,3690,16062,NA,12641,3705,1511,15967,10423,14924,6392,6983,13825,17710,10836,1254,4721,13095,10994,16149,4297,18552,5734,11303,18669,16409,3313,NA,8555,13917,5664,9370,14364,19765,18002,517,7149,15624,NA,5122,NA,105,2689,9384,5375,5814,NA,16587,NA,7052,5428,12454,17884,6339,9888,1538,12023,16861,12340,2781
13129,8059,14124,18271,7328,13457,14428,278,17329,14200,13387,2759,4054,17467,15886,19150,NA,6591,12415,19326,10808,13710,3220,16766,NA,587,NA,19914,NA,15104,7317,2521,4604,11331,19661,17161,5353
1110,16012,4068,620,4760,15416,18319,17928,8563,2633,18293,6971,13080,14308,NA,9529,7055,19106,5513,18750,11006,6700,4325,13004,1562,14388,NA,5600,18761,NA,9677,15220,10998,976,7407,19457,10502,7495,6746
19119,2567,13158,4439,17635,7138,4597,4383,2368,3867,11177,17400,14326,NA,4847,16483,15611,3235,4401,19072,11459,7045,15696,NA,16955,1937,12121,10251,8127,2565,2213,13067,NA,12194,335,147,6751,18009,789,7841,5425,299,3218,NA,7052,1661,1247,19948,11086,19521,16013,19654,NA,5850,4458,12052,4679,11406,10234,4504,12190,509,1046
14524,5596,19529,18867,8415,6534,11217,9775,9651,13960,12751,3033,19110,12756,15963,17452,14933,NA,6026,6696,1408,18191,3550,5435,570,13419,3090
4749,15924,6890,1706,13426,18078,11250,1731,14481,15421,3534,14041,18155,2118,1115,7263,5939,758,335,961,18289,12180,13544
17359,6893,5354,1992,7285,19972,18316,19754,6485,12394,6103,16876,17854,NA,1812,628,16915,15131,14210,1293
2116,5922,16705,12443,14298,494,7390,16352,10423,983,9330,NA,5076,15783,14230,11844,17380,3883,17614,1007,4154,11755,7089,9623,14591,16305,3481,6996,9221,12524,16988,14299,450,11713,8777,NA,1950,19995,5724,18383,753,NA,11189,NA,19616,16167,1399,8903,6154,14055,5332,14687
16566,12888,5361,16474,18561,17314,2484,895,17261,456,1505,16306,12877,4366,10747,10565,NA,8709,15416,2441,8838,3658,5314,NA,11760,14099,13302,805,12059,19804,8359,11088,16748,12316,3491,19744,NA,13234,6669,NA,2940,16910,19192,NA,12384,2080,19564,11384,NA,7642,6492,5555,6745,6054,13264,12271,5871,9849,16260,16031,7452,6882,493
3943,3149,10834,12449,1384,3001,13143,13650,4862,1588,15017,1499,6313,9424,NA,17841,2222,17114,2994,292,6643,5732,5432,NA,4717,7821,19493,10282,NA,1090,10529,1153,2573,7403,14642,10249,11528,7438,NA,17518,NA,14849,12328,10900,16083,8058,19575,NA,17055,10155,NA,19525,12979,4232,9936,11994,16552,19299,8115,12260,1013,8663,14298,NA,9577,6235,14450,16075,16545,15676,10055,8683,17013
19796,16849,820,1054,17375,703,3262,7173,15886,4923,7025,4536,6673,6740,15925,510,NA,13139,NA,2646,19325,17956,19979,18987,10107,NA,5347,9456,13154,15141,NA,10164,13348,10025,15912,4711,3181,7292,8749,5564,5230,2482,5500,3116,8549,18074,2047,7137,4106,14131,5607,13326
7544,5293,6017,2680,7,12361,12798,8709,7696,12631,8640,18372,17699,5385,4939,19964,8195,13872,11064,14909,18893,17984,8482,18967,5907,5691
10424,14186,16787,18490,17227,16916,15670,17608,12671,4784,8508,15515,NA,10972,626,NA,15314,18597,10294,16242,13917,7135,1792,12943,3888,11043,10267,9176,NA,2524,135,12775,5945,11509,13001,17480,1068
6367,10693,17343,648,7229,17276,8336,3707,18941,805,12247,240,18720,7056,635,2284,9090,992,12320,14792,4500,13691,15271,853,8262,8263,NA,7656,12832,18638,7130,5919,10904,14453,14912,15365,12425,10040,2003,7672,9872,3791,11432,5269,11730,11938,1688,12884,NA,10573,3540,2877,NA,14354,14196,843,2216,1422,12410,3061,14425,9233,855,10679,13578,93,7355,13034,7732,17659,NA,2742,5091,7065,7171,7914,19561,14191
2284,10749,1977,15027,9846,17689,18253,10327,12917,3691,10053,5543,19796,9464,12461,4115,12131,17817,7659,4377,14373,17653,11399,4086,2408,12410,6459,2177,10966,14057,13027,13283,NA,13722,19054,560,14344,3291,19960,NA,19720,11969,5856,NA,8776,9462,19865,9890,8711,11189,NA,5890,8360,NA,11997,15490,10076,19770,10983,10894,395,16978,NA,17122,514,17432,11934,18405,16610,2934,10499,18919,6539,12155,4819,10389
12613,4933,13336,11788,2802,19387,15811,13278,10572,19622,14960,2104,1270,15866,5406,NA,2907,397,NA,19708,9482,1998,4606,12015,424,11122,12432
14052,7374,1250,3711,8865,8213,18509,17276,9420,4286,477,6865,17436,9842,13516,1001,19950,5232,12371,13492,14878,4441,16862,4591,19060,220,12516,16555,18791,6843,6658,7,3825,3885,11883,NA,5547,10520,5293,5250,NA,15514,3520,5537,10339,17008,8173,3854,12102,16489,12266,17898
10860,13794,1395,4083,2268,14205,6095,16036,8568,14479,3548,9752,14124,5856,16839,NA,10171,19598,13102,17133,2395,3120,NA,12901,469,7248,9512,12783,16132,13169,2021,7568,174,13494,5776,10451,14421,NA,11623,15426,2386,17742,2905,13102,10302,3974,6193,10132,516,732,8973,15671,7400,NA,1064,17757,14648,19925,5475,19848
12079,14339,5264,1918,15158,15985,18130,19757,6085,9964,7061,11897,1962,12799,9717,13791,NA,1920,19115,3084,14628,1517,NA,17432,2175,6606,7436,10210,9168,12424,8275,10394,2260,7205,15245,16123,14924,4337,8931,12102,13068,7548,7960,19229,NA,32,2190,2686,12827,13611,12632,12480,19292,7059,3420,19603,143,84,14970,7576,1758,1755,13448,7364,15699
15083,4248,11719,837,3511,2948,13962,5227,918,11895,15397,9732,11874,14061,14919,13231,5762,2438,2159,12250,5401,NA,14916,17991,11103,NA,14481,8502,16601,2487,4888,17741,15683,7641,10664,NA,8670,16667,108,13940,3508,NA,14607,3622,6454,10309,4758,1677,19375,1553,1900,685,3073,652,NA,17887,12609,17522,949,17579,15661,18190,16035,11470,12819,2885,16567,18681,18093,16677,2277,7989
17990,13426,1203,12926,18734,5883,12902,11857,15131,3449,9307,17442,NA,19069,4048,1897,10243,1183,7651,15603,19870,NA,6692,3947,4165,17533,NA,13440,11376,NA,9314,16519,NA,16684,18151,10254,5069,18742,2078,NA,2150,19935,6549,15576,NA,18043,1848,5792,17344,11903,NA,6878,15624,19053,18729,1661,15738,10254,15291,10889,16649,3561,39,4643,15532,5336,17113,12414,3512
9556,263,8379,5028,3182,10230,10297,15512,6167,15770,5475,6738,NA,19357,5240,2741,1446,NA,17294,11455,6571,11447,15734,2130,18702,8507,14096,455,10704,18313,15698,19386,NA,13741,5787,3190,2926,2223,9956,18105,3336,6994,NA,12618,9320,15296,5011,16953,1372,16089,8793,9883,3657,984,19132,14650
12343,10470,15836,2141,7871,2779,9087,6498,12829,12123,3900,2428,18585,NA,7455,5854,17571,NA,5789,1217,13979,6883,4324,4600,15127,1548,8078,195,16346,645,16206,13660,12608,11313,6302,1798,722,6458
19195,14965,15714,2288,1052,18987,10995,5910,19626,6321,15095,993,3049,NA,1014,12239,9971,12303,17776,2219,14033,NA,17169,10904,7220,10822,6328,17795
8069,3092,16539,12339,15690,1458,1798,10104,16517,10089,15200,11345,10425,9236,14522,17356,4254,18180,17820,13489,2006,1302,3411,16306,12253,256
733,17725,14334,13823,5072,10360,6168,6244,6096,481,18677,2652,5544,13627,6579,10440,9533,4003,8526,NA,19126,18310,3112,19866,14782,10116,14545,16679,10911,1599,7920,3797,326,12404,6050,10115,6158,19918,8877
19382,4724,9501,3858,17878,12792,5313,3455,11895,10506,17522,NA,3957,8404,5219,8632,6192,10462,9741,5025,13976,18652,13527,7588,4357,11651,5971,2091,10972,7113,2459,14695,12230,19180,6486,51,8875,6722,17158,16270,10744
7060,15264,2854,3564,18440,13832,7221,10157,10305,1149,17501,8615,16236,19595,15247,6093,14210,9379,16036,16562,10292,NA,13208,2000,4632,18904,16966,2224,10211,11858,18943,4597,NA,3804,14256,8204,10044,18143,9624,11001,1086,16246,18162,16151,NA,10894,17172,2942,NA,11722,NA,19266,7199,13593,13346,15711,5226,8983,16518,15478,1307,762,1873,867,8505,14302,17156,16698,12686,10053,18011,17863,16898
4379,4496,9447,10460,17328,4222,8701,6882,5310,19386,15021,15045,12739,17064,11740,9680,15966,13109,8790,19271,10243,12696,17803,7212,17714
11037,8092,15717,14916,19002,17050,18920,9290,14538,2572,3024,7445,1672,NA,1169,6362,NA,17519,10883,2696,13342,13990,12915,10955,18750,15849,9004,NA,15655,NA,16240,8312,2711,10466,14751,12962,9570,312,15410,8776,15794,7722,19691,2574,11917,12341,9943,11861,18996,12172,4770,2946,16317,17620,7238,16164,1792,12329,4571,12941,17019,14895,18297,16563,NA,15116,12026,NA,17201,NA,5672,14167,13613,15750,14227
9552,1961,3871,4803,6701,12286,11090,12428,2237,17291,2647,15320,4469,NA,8469,NA,9583,76,16740,15838,8942,18869,5103,NA,16671,9274,13211,1327,6676,14637,6489,4750,7306,19729,6026,15739,1169,4001,15040,7641,18056,8866,3140,17400,NA,19456,16332,7942,9086,5263,4972,7585,9586,12696,6453,6073,13545,1859,11253,11716,11366,702,4004,2556,7650,3352,NA,5539,15928,NA,10771,5668,7090,16787,4873,16582,5997
19890,8115,14015,7503,16149,10164,6136,12791,14519,16087,5996,6448,11554,10647,8297,13809,6767,13061,360,NA,13358,8158,18395,4612,4565,2453,6805,19841,19629,10847,NA,3954,12645,NA,12448,13502,17394,16898,NA,7425,12829,19940,7515,15509,10775,17983,7928,2339,8484,678,5553,9042,17136,5829,6404,14088
12128,12088,9148,6477,12960,14855,3238,16437,14230,4825,11159,1479,14019,5241,8846,18298,11851,8687,9451,15165
42,2348,18170,3127,8350,574,3469,10041,18169,11427,3233,9171,16410,4484,1670,8191,6880,791,2844,15919,11593,NA,854,NA,10064,9196,17694,2350,3944,12859
6117,1454,13008,5452,15137,8431,10354,11269,13212,19874,14971,NA,2864,NA,7331,5664,8658,2414,11536,14230,NA,16765,4603,8893,17152,3992,9509,15457,14188,1239,18044,3792,14263,12378,1155,NA,17913,13834,956,14437,15815,17229,17375,9526,19617,19728,701,18047,2233,6008,11990,4290,19345,NA,14676,9142,4760,14084,14714
208,13078,9038,8611,11443,4144,796,7619,2736,6600,453,15720,11879,9510,6658,18714,16898,NA,7229,6764,7908,17017,5041,1276,7819,8886,17865,15931,16004,19113,4395,2097,3116,16082,3211,8604,8937,7017,255,7771,6792,13199,NA,4572,6809,14969,12419,18692,9482,2122,12399,7171,283,752,13202,7505,4429,10964,14072,3594,19540,12992,10326,9906,9299,1748,7289,4480,12201,15776,6041,12155,3193,6465,5554,8894,5249,440
549,7703,11552,9579,11849,18306,3650,1781,16507,7064,13889,11598,5609,17932,19970,16402,13350,13406,7306,2113,9999,8382,11007,8437,323,7430,NA,10061,16019,12161,9007,6059,9072,11727,5107,18510,4870,19759,13120,13944,NA,4088,10231,14683,NA,12512,18115,6885,16566,16275,NA,15546,6182,19900,14061,13680,NA,18431,11722,6821,8399,1118
5646,5437,11691,14749,7145,7449,14777,11761,7008,2130,14981,7421,429,5334,5952,1728,925,18148,10776,14407,16991,6729,10883,19587,NA,15617,6966,8484,14222,17760,14781,NA,6641,5702,15726,15695,15474
16688,17470,11011,9135,8312,14066,14271,17685,15802,15217,1248,15416,9166,14960,NA,4806,10104,NA,5465,13670,4210,NA,7953,NA,2337,4894,NA,10277,10519,12423,17199,2179,9205,2513,2702,1650,19993,15433,2931
12556,4841,12058,326,11465,6266,7040,6553,16383,3294,11860,NA,16567,13846,19594,NA,17648,651,NA,14882,18476,4112,7374,15607,NA,17644,13182,17103,8046,4482,7499,1902,1859,4184,17464,15409,10826,4721,12214,5228,6973,9891,11499,4830,15584,9873,7731,14153,15311,7211,15182,12551,6533,7244,7070,621,12762
18292,6925,13356,1141,8072,10243,19393,6358,7660,13558,15261,2668,16882,5644,5977,5100,17896,13887,1917,11158,11664,10545,4200,15653,3021,900,9562,14964,NA,3316,2821,16635,NA,18240,NA,15895,14848,13853,NA,7004,17311,6782,11008,5656,14809,5615,14779,16377,7588,2642,3556,792,9124,5172,13596,3674,5465,1525,18593,9731,9738
6490,15645,9501,1947,7644,15604,17969,10063,6840,7105,18763,3888,NA,8295,14893,18340,939,15641,NA,7289,NA,4380,NA,17673,7568,13388,17325,7390,19340,1762,18588,11392,14027,764,8202,NA,7779,7887,17385,NA,8875,8338,19553,14658,13582,4264,NA,19359,9795,795,6058,14557,16404,8003,15311,4421
