16397,18398,247,14703,2129,15792,1051,16494,17824,223,91,2507,15631,9727,3327,14581,13894,8715,16853,15528,8529,17123,6847,14663,11508,3334,8834,4361,954,18725,17241,9854,13178,14973,13047,10223,14534,4440,7402
15984,4777,11383,13761,17281,17722,9586,3535,15877,12329,15862,9996,11290,7555,NA,13875,NA,5479,19927,65,12083,19489,NA,5786,9387,782,4367,7254,8480,3764,17360,18898,7013,5484,10009,NA,16265,6470,15215,16733,13330,18125,984,NA,162,9197,15756,17836,2775,16288,262,19956,18562,1152,6061,5032,18770,NA,18395,169,5192,13512,9087,13784,15919,1603,13490,6294,402,6649
6719,17272,18525,3850,10040,2335,4912,3631,16518,18255,15280,337,10650,NA,18552,191,6670,15292,8031,13428,5587,15564
15016,12262,6954,17486,5955,18955,11590,605,8521,521,11003,11864,14511,NA,1090,14122,3438,17539,1332,19221,19800,608,2538,1934,10471,NA,15173,NA,16301,NA,12465,5945,9693,7437,12930,10883,NA,3742,5786,12848,1612,4066,1397,19153,5509,5990,826,19826,7681,16400,3668,16685,11270,3901,13779,19517
13945,1842,12002,2487,8438,18542,10593,4866,13430,7464,6837,7447,10853,7152,4978,16595,2833,990,2876,NA,10621,6545,18193,9510,9993,6239,4063,7100,9048,11879,16497,9058,4520,2749,2886,NA,14052,13102,7166,7747,8377,10744,NA,7856,12318,6045,17980,2802,18026,10609,15351,12981,483,14571
10327,14744,19252,11838,6123,9247,11920,10357,9615,11785,12080,16374,1174,NA,888,1557,NA,6229,10452,18939,11622,2525,13633,19186,14685,11057,19392,10777,14191,13908,1507,570,12813,6282,12285,9721,6316,15880,10703,4555,5723,17140,6315,19379,12215,16408,1972,13255,9633,19431,15445,4593,7032,4538,8490,18386,8839,12134,347,818
19136,18031,15562,16842,14345,4280,6797,12320,16293,12889,17308,2341,11072,9317,9901,14149,997,1982,19566,4615,NA,2178,6842,18559,3193,15085,9349,6097,6544,13276,15025,4067,2586,15538,1930
17378,9879,17042,8054,19660,14259,800,16003,3654,15874,2560,4879,18825,9196,5175,14541,19718,17900,11037,18939,2916,9408,4930,16335,17729,2574,11080,3092,NA,964,NA,13417,NA,1011,8927,NA,14916,16114,14857,4760,17635,4609,11062,17691,3850,9031,3800,4402,13407,NA,19136,5788,2535,9137,4112,15980,14742
19260,11985,15416,13765,840,18165,12408,19889,19767,570,8930,15833,14191,NA,18236,3474,14400,3316,8277,1869,7799,6002,8003,13098,1809,4974,15471,12902,7374,8581,16518,13068,4488,7321,NA,7056,11721,NA,12785,754,NA,12888,11964,19305,2738,3266,4436,13128,1825,3015,6112,9018,17888,2376,15465,8763,11147,3138,16607
11870,13786,12271,5716,4833,4396,19652,601,1663,14267,13460,18558,1493,12909,19546,19230,2877,15821,4297,16203,14503,4008,4870,2269,5482,5419,2061,6456,3031,NA,4101,7048,13615,8058,13648
13142,8050,8449,9660,11949,8040,17257,17324,16192,16379,11014,2082,NA,19818,752,16665,11570,1418,19140,12518,8090,7480,9211,19908,17399,13527,2754,15153,1166,NA,7517,3958,7041,12988,15891,17833,17265,5546,1915,15178,11934,4631,10086,775,9965,NA,4893,12313,15532,2137,NA,11035,14276,18752,9979,NA,18268,NA,2003,18684,15788,5554,6126,10694,16687,9485,7844,3732,2518,13797,3838,7956,7294,5350,11871,108
8415,4307,10439,2495,19695,13709,4992,2033,6351,16900,12754,3540,7061,6077,3063,9933,826,10040,13158,10927,5813,12147,6999,18130,10223,10051,17994,8037,7092,18241,15291,19575,19319,12242,9380,326,15315,2385,12582,145,3224,1733,8922,11190,8616,7760,10138,2649
6752,10341,1494,12866,7458,10517,2144,10783,10923,11133,11262,18740,6627,12985,14619,15246,11313,12668,18613,3702,8994,5141,16884,3651,1930,1178,12664,17445,5220,2786,2347,7875,467,4693,NA,8092,11684,9123,1834,3096,18195
14421,9337,16026,2379,19293,1041,3523,6177,2134,10526,17899,13096,19819,10437,3187,8056,10172,6349,18368,4367,6810,3542,11207,9406,18376,5981,13433,7382,9081,16208,4514,NA,7860,11850,16038,16202,10041
19803,12571,6686,5921,18431,10868,16962,6200,11419,14730,238,7230,17646,11203,18338,4026,4766,6038,NA,4115,14971,4693,15226,622,16681,7680,NA,13968,19108,343,15734,8528,15778,6630,6854,NA,19706,6832,17220,8346,7198,12021,3439,7726,18385,10065,1588,19940,3220,11421,15074,3565,18731,17552,19409,2510,11526
8259,10459,17578,6408,3476,15134,19782,8008,11872,163,14074,3368,9381,6465,7467,15523,11503,2539,7693,7394,11685,17242,19365,3595,4163,NA,6638,18944,7011,1678,18780,NA,14267,6069,12790,15947,17403
6535,3034,1114,8791,7875,10657,5923,8734,11788,2405,11809,12528,14423,6792,4333,19614,16661,15667,9541,3294,5705,6818,NA,2991,1202,4295,17820,11747,9639,16244,6939,NA,9783,NA,12733,6743,15516,17704,3214,16487,13521,1791,19142,15349,16139,8383,18133,NA,8867,9234,9701,14957,10713,16842,18758,8938,1922,12423,18424,NA,5296,17581,8945,12951,836,18779,9441,1232,11119,2778,14213,16021,12473,11270,9971
6705,16223,9398,19920,14178,11889,5874,5306,7826,14026,13793,713,19026,19304,9548,1325,11582,9148,NA,12246,9689,13656,1533,10259,4784,8473,92,611,17911,2054,18174,6443,NA,6780,16681,9159,1327,16957,19281,19415,16611,16141,8637,6622,16644
4392,14071,16409,500,14895,1300,4831,6857,10751,6490,19758,18769,4405,19806,19062,3367,6546,7523,9388,2968,268,11289,9828,12739,NA,7874,18120,10725,13116,12983,1161,16618,1791,10285,18911,16337,676,14155,10682,NA,12080,10920,7309,9879,1222,11490,NA,17142,9000,8278,7432,7595,438,3820,15282,11802,713,2990,11432,11705,4891,19688,9423,12032
12350,8537,8152,15645,4,2409,6402,18663,3040,14088,8420,3079,11758,9092,14120,12670,13819,18172,2719,1760,15776,13502,926,13714,8536,19022,10760,8733,12387,NA,9832,16702,14461,9781,3988,18816,19200,1483,2638,17333,12567,19418
2163,7545,9149,10136,6477,6336,4572,13346,5151,8218,6146,16050,NA,10275,16739,17449,7473,12861,18490,6859,11851,13766,4992,19257,3441,17397,19427,7567,6085,13231,7586,19869,14703,12318,1158,8641,7942,6887,NA,14212,8402,10169,19812,3735,18544,16364,12553,12190,13389
14429,3486,12081,1845,14987,152,14210,6835,9149,19697,16756,NA,11818,8098,15510,7589,7294,1043,1119,NA,4689,3532,963,18702,2329,NA,13847,6100,11652,13271,3544,17692,6085,5562,5877,963,8108
13699,7425,15345,10461,7559,9654,16763,9086,4703,8343,6596,5326,10076,4609,NA,1508,5144,830,7145,17531,386,16555,7065,12481,12597,1683,4109,16580,NA,13619,550,14447,14119,6291,1716,9564,15169,19491
6457,8338,19635,18207,12855,15363,7487,15699,7493,1072,14399,17097,12394,12113,5859,14376,11848,2536,15048,6710,16444,9120,10859,11534,14542,2804,8272,3878,8846,2528,19842,18985,7184,18488
16214,19751,8274,11723,17844,7039,942,14472,3370,888,12198,10819,5340,2878,18517,7143,17575,NA,11617,18314,11980,19340,3097,19619,316,15156,15996,16448,10130,16019,8157,18229,16069,3152,18127,8281,15503
15576,461,4197,6946,1715,3205,845,7149,7776,8618,12155,NA,17283,14413,18083,7697,1255,14160,NA,416,14246,12603,6239,13520,14811,16242,3906,3623,5838,8970,7217,17688,10305,4772,15174,6058,7763,9353,586,18664,NA,16415,NA,14505,4120,6331,4017,3806,13602,12722,1365,13647,NA,6487,503,8467,11370,10054,2527,5622,14395,4000,7398,5957,6760,8054,12259,717,9190,19498
17430,11266,12406,16143,5803,10508,15642,16752,5509,5001,1229,2750,1511,12022,NA,9998,13323,18830,9239,NA,3632,6116,13042,15588,18385,6827,18585
17007,2522,14731,53,17938,7696,1573,9669,19340,8585,2856,1881,4444,860,11950,14438,601,719,17090,11067,5682,2566,15478,5839,13384,19243,14905,18108,18721,16124,4350,16883,NA,19523,18138,10381,5495,302,9600,11967,16546,18268,13093,5355,5834,794,NA,8798,NA,6799,NA,15370,9394,5914,17940,5602
14949,8572,19455,12013,15222,5867,8173,9570,19310,2462,9031,9084,15826,NA,5174,NA,15898,6411,14759,17782,16170,11752,15100,12469,1359,8658,2292,19143,7127,3884,NA,9749,4885,12204,797,5467,3560,13842,8725,4442,15891,16807,5907,11335,18130,19659,19175,9803,15093,8693,11709,8673,2788,17168,11813,8800,5925,15957,3192,2003,11360,13297,NA,19676,4354,4937,17450,10501,5940,11265,18877
9173,234,18535,9577,12800,9512,4604,16440,14955,76,12952,10025,14640,4789,15935,4257,12182,13080,NA,204,2353,18448,14979,9430,5985,7881,1106,10381,4382,16705,15036,13064,19130,7752,19787,13260,18210,13514,11256,19444,13686,7492,17851,17983
17761,12133,3944,9674,13326,6961,8521,9794,10948,14938,6486,5166,14469,13460,NA,15557,NA,17560,19954,19935,14952,17309,13089,12667,19854,19377,NA,12418,19847,9338,740,4530,6682,17017,16472,12415,3297,NA,3898,3371,14579,1477,9716,14707,18226,16275,NA,15360,5448,13469,5546,17015,14246,NA,589,6103,15253,3700,17466,10416,819,2528,15059,19835,9404,14839,18336,18057
19557,16330,424,551,4774,16556,17370,2073,16205,15542,2710,NA,14127,2896,6950,18849,15881,10365,2070,13638,2670,NA,14286,6725,16580,18997,NA,6934,10251,NA,7769,8009,8929,1406,5614,6787,887,NA,1388,8858,30,12719,NA,16036,NA,1645,10969,12087,19323,5609,5735,881,15451,16196,1572,NA,3732,15085,1080,8195,15662,8719,13264,14477,NA,18442,10735,18742,2685,15499
12439,12667,15658,13868,1942,15720,77,16544,1031,3580,5215,6416,16443,18706,6048,10489,18860,17130,2896,4287,NA,7040,15309,19503,18781,14207,8288,9076,18574,6551,NA,8996,1745,NA,4186,NA,15800,3258,9717,19153,NA,17272,13211,13222,1259,NA,919,NA,3939,8190,3747,18772,6564,16559,9432,8305,14628,15001,7276,10524,5750,NA,17357,10815,11505,6938,7810,1479,3541
4719,5033,19800,13590,11623,8560,8329,17058,18273,19032,297,18098,11149,12325,10446,NA,9849,729,9474,8202,5320,18336,11136,6776,NA,8502,15199,18114,4228,10656,NA,12297,10727,12207,14190,18657,13865,4594,9577,12061,7509,15647,15110,2503,8392,9388,10818,15018,4414,4808,19843,602,13785,NA,6117,15566,13906,3924,NA,5401,7967,19246,17180,10169
10143,2746,13119,2951,2261,1886,6470,5277,14044,17729,5093,NA,17827,8182,1659,4948,10641,14885,17207,10969,9984,12367,15760,3974,15363,1116,16954,8807,17714,14803,7975,5055,11427,15698,16677,10079,18123,13309,6405,8374,17629,17890,11455,11921,13970,6849,8404,13290,1192,NA,7403,3315,3954,10313,19112,11089,532,18629,5810,7858,13063
1378,11148,13694,7106,13615,17418,297,4506,13459,6192,1590,11894,12897,239,17425,11411,12390,18782,18413,NA,15290,6138,15955,3521,6956,NA,8197,18254,19375,NA,19455,5996,13812,2979,16002,17009,10625,10597,18972,15821,7703,18497,19646,419,16109,17652,8467,NA,7647,5862,NA,18351,1311,2754,25,17160,18465,NA,12007,NA,12842,7721,3586,17982,530,2289,14569,11832
1914,17728,9725,19536,10406,9111,2051,9525,1037,5029,17365,NA,16731,16818,8565,NA,9357,14818,7024,870,374,17232,2180,15463,117,18054,19881,3582,19161,14357,2211,910,10886,6493,878,18418,2412,4272,13828,17804,5422,12026,3227,1044,8713,5603,14249,16338,16705,NA,7310,NA,13887,16615,12399,13580,1458,6386,17741,8144,2546,3902,7738,15399,16669,8493,6477,6524,7143
14240,13036,501,2973,10791,2763,14023,2127,3926,10208,9210,222,12748,12547,14614,19169,30,3065,15920,17597,12406,16613,320,17614,10975,NA,6409,9838,9530,14386,15450,NA,16064,6467,16544,6190,6770,16693,6705,9333
8791,3780,15286,8002,3660,1833,14991,9796,11929,2395,3407,8317,17961,1336,13053,4504,2835,NA,5769,11644,1750,NA,16911,NA,17526,5409,12230,938,5259,4116,8419,NA,5890,16243,NA,4726,1895,15717,1152,14038,9897,2757,12150
11459,2021,4861,11882,16766,7607,6401,1678,5568,6017,5880,12705,2622,15015,16005,1705,13466,2673,5049,10286,11352,11225,17059,11761,15072,12554,10062,19066
14185,18622,15281,14048,4033,17840,9243,15404,4283,19893,9048,5855,12976,19160,16647,17402,16539,12706,12759,NA,9994,671,5343,4226,19926,NA,16348,6039,16915,11472,4003,18191,12839,790,16411,9967,6323,19912,4808,18729,8026,18903,1807,11850,16876,19950,9497,16012,15949,5443,11123,17544,4596,5760,10182,10773,19192
19472,18915,17023,9832,1006,1256,7778,4308,18022,13670,8884,12822,18500,10932,18525,18893,9978,17800,7587,13683,NA,7203,13540,9800,17670,13777,11005,1974,8168,8099,12101,12824,15206,14558,7841,NA,591,1724,4703,7693,13637,7776,4457,9703,10118,1371,NA,15686,5401,18978,3924,10522,NA,11830,NA,576,13308,11357,13576,16933,7508,5439,6376,16890,12425
11532,13180,583,216,8372,3614,3198,4640,13674,9046,15901,18971,17407,NA,2462,12279,5458,19120,8406,4110,13372,4169,4092,15339,6798,17572,15873,5316,16547,5253,10767,10251,5148,18982,19522,6634,7766,623,5708,472,5525,19923,12348,9056,3437,5564,14255,4987,11052,11063,13664,10709,17964,12682,14676,19526,15188
8284,1043,294,7446,7512,3218,19398,18376,6708,3754,12749,5783,9286,5146,17941,13518,NA,1655,7370,19101,6127,11916,13554,2634,4313,14988,7144,1340,11659,13029,1883,6253,7335,1517,NA,11024,19825,6000,NA,18233,4931,5492,1623,824,13375,3969,10284,10359,14886,11946,19645,3574,13105,19273,10597,6375,1999,15383,3497,10887,19840,13433,1129,1152,NA,11389,15238,NA,11834,6578,18126,14425,4283,14547,18210,1011,907,2662,13663
9688,7081,17871,1720,6627,4016,14374,11271,12535,10735,13297,12522,7259,105,4302,7449,14635,13859,16638,6413,11754,11889,13792,NA,17267,4006,14583,NA,12961,12766,14649,3206,NA,13884,12085,5484,16869,4057,16658,8408,14443,5197,17187,5571,8920,17191,15173,5156,7869,12717,1363,12470,14648,1105,NA,2640,14746,7655,6587,15314,5560,13074
15025,8233,3109,16189,2810,12405,18279,7384,5983,497,6326,4439,13046,15168,4788,NA,4597,7190,17978,4936,2010,1555,19968,8882,16670,1373,7122,9930,17687,8175,10914,NA,8705,11240,14894,15728,NA,639,16594,6846,4455,14671,NA,7317,1566,6446,8259,1730,9919,4763
10589,8895,14622,16088,16454,2478,8836,1054,13698,13540,6933,12556,3554,5875,9431,NA,10522,NA,4672,8445,5655,10810,8544,6402,1834,12061,13266,15729,NA,16194,7296,2625,19735,NA,1244,7573,9280,13522,NA,2756,18463,10290,5338,7708,12962,9736,7436,9264,5268,NA,8196,11875,16144,10470,12660,13764,14977,18250,4651,10522,11007,17923
6988,14283,18878,11277,1351,19557,1141,17687,16229,13396,15081,12071,14714,11528,6657,11388,8589,15039,16539,15947,NA,10635,3595,8906,16421,13739,NA,4721,9291,11802,8812,13628,17144,6652,10043,NA,11485,4473,9258,11986,4674,7506,12794,18275,11432,19295,5505,5417
17285,6083,16687,7829,14577,11766,19985,9372,8924,8095,858,18225,7309,NA,2029,17424,368,6658,1438,17044,16451,3594,3933,15350,1897
9026,2535,18170,1901,7583,13988,4799,11672,9804,19693,8943,12783,NA,5677,5894,10689,1961,4616,7565,4371,12045,18791,4266,9030
16838,7596,16796,3921,712,1618,15349,8483,14538,7579,16912,1607,NA,3394,16613,1940,5533,1115,2790,17338,15845,16913,9679,10505,1561,16283,7498,6136,7808,19629,17581,12176,8364,15548,15139,5887,8453,NA,16498,9597,16416,642,10119,4985,15622,12363,15441,3433,3989,NA,6072,13889,1965,16156,6357,15927,19834,16791,14089,13933,5485,4881,17993,15840,NA,12348,13425,11561,13542,17562,193,13194,NA,16324,13675,19226,16201,14321,290
16898,11330,17666,15785,7683,18415,3439,19583,10770,15856,16851,6152,11895,15255,471,6447,9775,9993,2667,8321,2942,10135,7185,18407,2729,39,1169,13200,796,5251,NA,5591,18551,9068,NA,13158,12390,13565,5193,14504,10292,16871,4742,17483,8847,2501,1611
322,3758,5696,1845,7670,17132,4952,18890,4713,15848,3442,11082,9162,14834,17423,1211,15406,12955,16333,5794,10957,3256,8900,18460,10748,NA,15680,1781,8119,13464,16921,3492,4407,15988,10513,1881,NA,10027,19244,7527,11445,NA,13870,12583,11071,17989,7824,18305,4485,4260,NA,10326,6967,2865,12850,16177,4927,9012,9985,9472,976,3664,16331,10646,14101,7766,19516,19859,2824,4439,11726,14219,15668,18697,18250,17744,1426,12876
17590,6642,2072,9604,19757,9386,13925,12318,10097,1788,11030,5473,11817,6652,12424,10272,18299,5761,8454,19221,15699,2681,4416,NA,17046,3478,NA,1424,18593,14138,17787,NA,1215,NA,13784,208,9097,8424,1087,7082,14650,171,12038,9399,14771,10427,4377,NA,1731,2051,NA,17857,16876,5392,11274,14598,4194,1895,13307,4507,10509,17381,4587,4698,4508,15152,15436,11207,4868,8056,2976,13503
12913,11466,13581,6809,1438,8357,1400,7232,8873,16149,2462,6406,9042,9029,2649,7824,9216,13400,13475,7610,1631,18254,4810,9011,9439,7753,5218,2941,13037,5625,105,4024,14171,6906,7229,15768,5497,5672,2008,8732,13770,19503,NA,431,18806,12786,18191,1179,NA,7810,NA,15565,16348,8443,19746,19204,18976,12441,9466,2838,19370,12184,NA,17428,5252,536,3438,12667
13602,7050,19097,12608,15089,299,11446,8001,2192,3454,4182,12795,3939,1760,NA,955,15686,14984,12428,2076,5198,5413,4619,4660,6495,13154,NA,2691,19477,14442,191,1112,NA,11901,91,3957,18261,7677,16090,9084,5797,14439,16501,162,19598,14311,8935,6245,2761,NA,12980,19658,7555,3035,18278,9536,NA,14122,14163,4807,11666,7187,5687,NA,16473,NA,13232,15653,5913,3366,11754,2194
15553,11644,15493,13796,3376,15678,9131,2194,10042,14638,15633,8181,2034,NA,6397,NA,17332,12812,13732,1111,8655,6098,NA,6294,3044,9904,1734,3329,13526,NA,10380,NA,7473,2387,14496,13131,5292,11692,18235,7792,16103,5930,7858,11391,5986,5314,14048,19003,6252,18425,4900,14080,16217,14285,2752,12185,13197,14850,9033,5043
19780,16952,9715,19667,13367,5038,16881,7913,2863,14139,12210,10288,7070,4001,8584,11230,1300,4221,15686,17525,6240,7927,4831,2230,2307
14861,9289,9647,11885,18783,14603,9772,6679,15664,7222,17703,16742,11991,3090,16791,4469,16214,10367,4437,18707,19071,67,6373,NA,10827,10743,1627,7988,6307,2158,7781,4229,16344,19920,15106,4720,12631,19202,10560,14449
10143,9932,12091,18167,12021,4220,18690,17940,2677,180,8412,19096,3805,NA,12892,NA,1695,8581,11967,9620,2455,8312,1630,13483,10160,13869,205,4102,6229,9340,5465,9463,13282,13477,9118,11534,8407,18375,16922,16017,14629,12787,16466,18734,178,NA,11568,10880,10174,8970,14778,5297
13041,14467,11509,18603,999,8599,19456,7211,928,13595,15660,15205,4366,13606,15372,2481,1560,1222,7596,6487,6870,14566,9678,2874,2882,16204,NA,6938,4557,6062,10914,6499,NA,13225,2158,14216,7947,12330,13518,13601,3659,19520,17484,18600,NA,4358,6628,6904,NA,1319,6781,12463,19783,19366,17047,267,8990,17628,1356,10169,NA,877,2617,10678,410,18537,NA,1533,1056,3793,1322,51,11130,5828
9903,6146,11181,5867,137,13111,12540,7358,17137,19005,17720,1728,NA,13904,16675,16788,18116,1968,12941,16709,7099,7375,10401,13814,10513,3268,1120,NA,916,NA,1349,8936,19119,1253,15311,NA,4067,18933,19527,17870,16078,19538,17074,17558,15454,9690,2986,NA,5299,11515,904,NA,2768,19141,6621,1456,12884,NA,19985,5313,2532,17213,4184,16438
6079,3483,15917,8503,11013,3731,18419,979,730,17925,19176,4931,14838,1704,6245,13599,5716,8423,NA,7922,16859,14575,10804,17256,14051,3721,19580,4361,2816,5032,3711,14191,15752,12537,1327,1682,7329,5922,8493,17491,2358,NA,7399,356,NA,2456,1900,NA,4564,6019,7107,11226,19543,5664,11829,9599,9154,10387,6251,4807,11959,18424,7701
4722,11171,10272,18647,13101,2436,9461,16206,7645,5499,4368,9593,8098,10948,1293,16331,5339,97,10294,11575,14915,15166,3355,13870,NA,16398,2971,3510,17333,13814,13530,17357,10026,6588,19691,11951
3036,7502,3797,12507,15211,3266,3090,15531,17118,3743,849,18041,9262,19930,NA,10824,3718,9669,9929,18957,7605,3740,8792,11983,3791,5158,10558,9450,10934,14922,4856,3114,12290,13402,14139,17249,NA,6285,19169,14394,3872,15477,19332,3956,16023,581,15225,11972,8463,11413,7826,17940,NA,2907,10665,14848,3631,NA,6118,13040,17236,2954,5012
9117,17022,14622,7762,2816,14373,8134,11680,6780,14569,19040,13412,18964,8264,19677,8578,14244,8623,NA,9481,1197,2571,18920,18809,3917,12278,NA,11801,NA,1614,19768,1085,8389,14050,8541,16537
15610,4496,17109,2329,8919,9892,18838,11629,9964,11367,602,9830,13229,15550,4771,3803,16570,7671,18549,15563,18225,4800,11546
2400,1822,9095,17827,3984,12422,11903,7101,1828,8016,3809,8707,7637,8168,NA,4136,4910,13769,871,NA,18254,104,6131,11552,521
13259,9924,5638,16463,19854,10369,17482,12303,479,13164,4651,12554,15109,12648,10065,9785,10072,19526,11386,13934,19379,6343,15990,15366,9598,373,11018,1766,311
4855,14967,14980,5437,329,16357,8086,19881,13370,9299,18775,NA,8296,9542,2689,17629,11561,NA,11936,7022,6327,16436,11644,5332,7416,16944,1908,4592,3601,12269,16219,NA,8959,16480,7669,2789,4852,8361,5034,16386,2330,1321,NA,10778,588,5185,8882,4907,18522,19017,15231,10789,16960,2481,NA,16063,3763,8076,16373,15975,5246,18572,12549
17157,12160,3619,6719,5507,15254,13708,8046,2237,10244,5848,13911,10124,11382,4417,16726,NA,4554,3308,19877,10128,14424,9483,2877,2490,6888,7821,14885,18492,3404,8951,13562,13551,16948,18428,3532,12731,13779,2053,17652,16192,2491,8159
13357,11170,1104,5263,11144,2965,3278,6474,4801,11890,2413,6276,16286,3804,14817,NA,9179,10626,2639,9678,NA,3847,14496,7609,19251,12589,6794,NA,7825,18363,4564,18284,15237,8827,3207,1012
3553,16313,8684,13023,5379,6088,6641,14613,1888,2519,10741,NA,5017,8325,7218,4151,7187,12557,768,NA,18370,10108,6636,14498,16868,13218,12965,13192,3165,11770,8644,12209,17957
1359,5913,596,4659,6480,3675,1219,16087,19432,10498,11622,13789,11967,15765,6975,5476,15256,NA,15585,1917,1455,2129,1203,8779,3367,7881,NA,14128,NA,8857,NA,7985,10973,2416,13337,5892,6123,9917,1587,19031,19148,19804,5975,8089,NA,5685,11008,4807,13497,3778,16724,17269,14890,14609,13152,17044,15566,9928,8899,355,NA,12398,18264,2096,14294,4270,19396,14228,NA,8386,4679,8480,2093,18506,4381,17145,17775
6399,10967,17447,2326,7758,17351,2328,18377,4876,2657,300,19646,17972,8507,1236,4774,18248,NA,11132,19197,7873,4309,7697,18041,14667,11570,8955,8899,11652,11839,6260,2868,290,18318,16438,8875,12515,17830,729,12568,4419,NA,7611,5953,7955,17041,9985,3471,4589,10899,5076,6706,17002,14639,6334,NA,8721,4027,4346,17963,2326,1265,6480,11936
9659,16942,5198,16077,3325,14948,15195,5485,1895,15234,13634,15692,16506,10270,10403,NA,1557,1606,4761,97,11816,14314,17373,4770,9054,NA,15766,9896,13688,18664,12168,2665
19194,12290,11112,7692,13100,62,5652,6372,8354,2112,15708,1269,19821,6226,18549,7804,NA,310,15579,19827,13581,11550,1349,NA,1051,17406,15657,NA,17534,3662,2492,13423,4381,14048,19614,2189,7777,15074,14355,10691,8836,1043,13322,3376,10827,827,15232,768,5771,3646,6441,399,8315,912,15213,626,15302,15829,17079,13406
