3156,568,19786,19438,16785,1344,9018,12386,1447,14582,3776,16486,2511,15075,4739,NA,10511,12872,1145,3793,2107,NA,5399,7594,5312,12142,10603,18027,10678,11921,15664,4911,14617,9418,1200,3221,8300,NA,17484,8234,1519,7339,2401,6827,15434,9764,17565,11581,1052,7999,17968,12079,3644,204,5491,3829,3940,11919,17012,13138,12781,4092
9542,12748,9220,6627,1768,13382,12971,11232,6051,294,9268,15843,1864,16843,3043,13551,14765,14996,13496,1817,2534,NA,14163,2330,8998,8321,4606,NA,13849,NA,234,12413,9169,632,9769,14457,4861,2767,7491,11713,12101,8200,3221,12526,4699,17212,17419,NA,11934,705,11124,17071,15203,14375,6728,NA,7330,6671,17290,15996,NA,17116,6726,10318,11022,NA,7361,16720,4415,8155,18244,16592,19834,10886,15968
6121,1626,18612,3920,10987,8745,13192,16941,5766,1327,7736,9188,16646,13162,10095,10947,NA,3993,10026,172,7561,19026,3598,14817,13837,15456,1349,1773
18629,18977,6160,18554,5398,2744,2601,18532,2024,4383,1317,11602,NA,14786,9291,8337,11638,1718,14697,17939,7046,NA,2876,19971,6400,11168,18487,1029,13050
6830,9090,1046,15357,10508,18486,9366,9985,19653,4573,16906,13560,3430,9494,11549,6976,6205,6175,9461,8681,11690,4672,1927,9765,3616,7577,7260,19564,7670,1479,4931,16624,2984,330,5274,2503,4313,13286,14769,1181,11997,12940,13868,443,4163,1487,14155,16482,7116,18698,18898,11878,2979,5137,NA,4731,NA,19368,10291,8053,17185,15715,16294,1795,1091,2154,18186,339
14460,1591,12380,1984,3754,5464,13224,5700,1898,574,11469,8212,783,16596,8426,9494,4134,2799,18883,9943,14515,362,6433,NA,2852,NA,4915,8394,1115,3249,6144,1759
522,16596,12425,11898,13676,6505,10866,10645,16187,9989,11278,13199,2625,9610,5169,4686,511,17536,10291,325,14398,18622,18799,11998,4384,13731
8661,2177,15681,7349,19716,11124,14392,6666,12174,3159,8405,9052,19258,14509,6466,5600,5306,NA,10965,14969,14920,676,NA,14915,11893,12267,4284,6700,5113,15362,8549,10803,5272,4087,8040,19136,16505,9334,15718,1609,9211,16802,6926,6814,9768,7197,13686,1455,1033,7839,NA,9623,789,5852,19051,9324,683,12747,16898,6609,968,10070,16782,16880,15568,9800,11401,7753,14280,3048,4266,5282,7792,13216,17607,15920,12662,17914,7639
2646,10580,13859,8267,8970,3779,15240,5762,1309,16944,19288,15727,17275,3779,10509,1904,15845,11721,6354,5504,18608,7412,12144,NA,19465,13422,7976,14464,8329,8351,14126,10805,19429,3943,8262,16122,3655,1988,NA,13674,17384,19058,9508,11594,6736,18592,5907,9962,8095,NA,14264,NA,14006,148,16152,16442,12170,12247,7362,14325
19834,16366,288,6602,18428,664,2321,16164,11677,14724,4709,14047,2350,NA,18989,5561,14864,10143,8184,11523,17112,7123
3549,998,4324,4294,14471,651,16577,11211,35,2971,13026,4126,NA,71,2257,15705,19497,2111,12070,6881,15909,5885,837,8949,NA,7437,12162,13358,17944,17774,14513,11144,16662,17171,NA,421,19041,5442,7006,4225,7085,14194,16618,7888,NA,2088,8171,14276,509,9786,19805,16834,3257,7024,8855,18847,17547,NA,18742,15898,9688,18859,776,3259
12665,5009,15646,363,11754,15835,13341,2580,16097,3362,16131,15629,10631,9488,13118,3428,9938,6424,10468,10159,11792,14335,5375,14034,NA,11605,14129,10656,4626,13870,15237,6904,15103,548,3691,14642,4729,10315,13062,696,8815,13556,NA,1314,6512,6452,7703,3745,12257,15900,12498,7728,7392
4383,12121,1853,715,5050,8140,10776,7822,15087,17291,9466,11959,1162,11346,16711,5272,17175,10343,NA,19326,9355,18135,2878,NA,8373,11297,4933,10987,18322,11335,18255,2194,11507,18853,NA,13050,18173,NA,1860,5146,8758,2569,1415,9746,10640,19229,18182,5963
15146,16753,3281,4068,6357,17977,4867,5105,7481,18576,3201,7136,14692,2688,NA,1191,12663,3624,1469,14461,10386,6563,11890,1604,1897,17078,NA,13257,10879,9469,15368,6444,NA,14004,1520,6958,12436,2925,NA,9474,838,7960,10468,9803,NA,12332,2287,16903,6006,18266
2963,5595,2981,19420,9858,2664,18696,4014,8303,2803,11002,18771,10354,1498,13820,5582,15388,14050,9583,9843,8495,2937,15029,3325,19035,NA,18072,7525,1454,6090,6542,NA,8763,5366,7369,7375,15538,12723,19362,146,13066,565,9015,15215,18035,172,2865,18885,3653,11951,5746,13868,9101,17988,17743,5594
19455,4209,12569,4687,10223,14088,12961,267,17097,10640,19678,9057,10526,9175,13935,11558,14661,16859,NA,18571,14353,647,18123,19160,12943,17048,2992,5869,7192,18214,17708,NA,7405,10240,NA,17479,5326,4704,15112,NA,16389,8280,14945,NA,5390,7119,10355,6851,7135,11073,10067,8289,13335,7510
15806,13456,6,11029,6409,9742,6452,682,653,14612,2452,18448,15712,15906,NA,11766,5934,15171,19402,16513,7849,19368,14699,15876,12000,2005,11900,10487,6630,12943,11053,16361,7890,9052,241,10045,16354,18953,NA,5111,6169,7284,12746,5575,8260,16190,NA,2900,NA,2530,2863,19766,2771,5382,NA,14998,18910,10779,12936,NA,11240,2496,4288,16065,NA,16670,17357,3876,10424,7425,16703
7610,10965,15889,5512,5048,13357,7143,14084,2477,4074,9672,19174,464,2055,3695,8650,NA,17385,145,NA,16275,1322,19609,4614,11923,19090,8953,14085,2408,5380,7423,7426,9998
9690,18148,17727,10131,10218,8349,6012,13803,18556,13695,18668,11439,5603,5980,10267,13678,NA,10549,17552,7166,11705,6778,16842,4791,2162,5404,11897,16563,13074
18860,3426,4304,3021,9985,13172,7032,8722,15534,11733,1125,11076,18701,6841,12460,15958,11675,18742,10138,19057,3976,19303,7375,10322,2885,11162,19244,19304,6108,6987,8471,13907,11353,14782,1919,18600,17271,8462,10746,167,11345,10674
683,17953,3550,7673,12984,12976,12170,2559,14422,1931,319,13202,9199,1874,19851,18009,16941,14962,NA,11968,15837,8213,438,NA,5652,7170,851,744,7055,3723,16796,NA,19290,NA,9577,2790,13086,14894,9270,4119,6415,4829,NA,17205,4666,NA,6165,18731,18680,4208,9256,12811,9699,6385,2187,18190,17380,19911,8668,1192,NA,1040,7584,3333,18593,10848
18377,4019,9500,9228,14426,18622,12920,2684,12594,10934,12987,493,17424,19959,15564,15449,115,4013,9727,NA,7198,17624,7488,1744,6582,16053,14260,10596,689,19822,6541,13834,15648,5245,2647,17647,4180,16831,11843,10233,382,3026,15768,8852,943,NA,12659,2153,3885,11536,NA,3601,796,5667,NA,11144,NA,16057,10915,1348,15249,3874,17243,7425,17488,635,6539,3921,9467
9598,13157,12612,6178,5468,245,12026,13475,2908,13488,12685,8592,NA,14050,6200,7655,NA,5615,2704,2543,19262,4082,7087,19540,19595,7249,4551,10425,10491,930,19227,11345,12693,2855,10082,17267,6383,6270,13402,243,14650,8215,11173,2891,4868,11190,15862,5831,4613,426,12051,281,18036,7613,15252,19844
12259,13530,18010,15207,10129,16403,13703,5234,6161,1707,7882,18269,16682,13858,NA,6752,5387,15293,8697,2226,16159,18380,17532,8058,5617,5132,8754,14137,15275,5804,5755,17210,10268
10182,2951,2287,11070,1669,8258,5009,7697,14223,8426,16111,5472,9331,3157,12359,19904,2204,9510,14520,14614,281,6343
17402,3347,8403,14505,10081,14994,8909,5252,13335,16558,661,11210,5721,2316,540,17707,13954,19418,4547,14310,10917,6377,12101,7894,16041,17138,8115,7212,NA,12496,5692,NA,531,NA,5045,18260,5946,16007,3974,16419,5898,15433,13968,NA,15256,10613,12360,NA,16281,9388,480,6968,11375,14130,NA,10889,13403,5266,17694,NA,7891,7361,10311,1383,19530,3614,6172,15875,12417,7729,5801,2158,11173,4247,3618,13289
10036,10930,10173,9519,10221,13531,150,413,7072,12240,2254,15632,6840,6949,14041,5863,259,11642,18170,6338,18720,18078,3169,16673,6311,11799,19922,NA,5073,NA,17809,5601,NA,17700,46,4607,833,14404,15266,NA,16444,3411,5104,1382,14371,1513,14181
2613,4800,18205,4316,7151,7635,18849,11050,5704,19258,2608,7155,5966,11943,17492,9567,2776,444,8063,15210,19805,13811,14158
4721,13514,14045,5339,7797,3546,18618,229,11889,14119,9895,11223,4166,3332,92,14112,2742,3263,13596,13792
12503,5074,11885,2948,16627,11128,17040,5003,15596,16891,17275,NA,14518,NA,19764,4109,16119,169,4721,10038,10242,19056,7873,2678,6671,7962,NA,12011,6780,13753,5050,3275,5735,12437,2837,15410,14397,11288,2834,2041,8223,19879,375,15823,15133,2280,7472,9882,6130,18329,1971,8583,9371
17034,4357,703,2888,19936,18360,13015,17468,7767,12735,2300,14255,NA,6549,2488,10880,NA,12133,18595,12508,12522,4889,1280,7699,118,6839,5592
9862,6926,16934,10036,15943,2881,15365,15376,11078,581,8376,15488,13919,18622,3874,1251,8461,4876,3902,9392,18485,18675,8405,2433,1351,12361,18124,14543,11529,11819,18048
14084,1493,9517,4074,13466,10563,13682,14492,2829,11607,14587,549,10008,5747,9388,NA,5046,19787,11628,6574,16606,6410,6580,6405,13707,13912,NA,18384,12562,15883,5858,11769,4729,8251,NA,17848,4130,11444,16065,11844,19335,15966,11627,16235,16584,13497,17420,12632,240,11500,18461,4794,632,18698,16005
9351,11687,7478,4850,734,15527,5169,18135,694,15402,11829,NA,2374,NA,7908,13968,7263,NA,3390,14453,1035,7959,NA,17272,7270,NA,10667,5878,2452,9388,7748,16067,12385,NA,1034,17075,11577,11679,15821,784,18782,5306,15062,16812,18626,10930,1264,6377,5479,16798,8394
7763,8164,15279,989,15474,7774,12473,3161,15063,4515,3607,6552,16587,19247,2562,13256,15654,14036,10714,18421,2853,9335,7540,12408,5141,3905,NA,13296,19395,14195,19576,955,1248,9835,3983,5327,7988,19799,16329,14228,NA,12735,10645,16923,2755,18075,11461,17408,11421,9204,5328,10768,19775,1320,12028,13100,11167,1956,4816,1796,10271,16133,NA,2336,571,NA,522,14408,7112,635,8973,10751,8964,1307,937,13781,360,15101
9233,3679,19578,18291,14362,360,14375,8934,9582,18007,2658,1102,1241,13716,17051,9784,13392,8540,8626,1434,606,1639,17576,NA,11609,NA,15540,8715,9872,10793,19985,7563,11343,10249,11854,1073,2812,6783,2259,19849
4555,16448,6356,17196,15037,2696,9956,13377,16466,52,17394,NA,8894,12235,11685,NA,13751,10635,18892,12059,3785,NA,9986,NA,19571,2049,17569,7268,3400,2595,1470,5111,9954,16174,15946,17357,5891,13134,5088,4333
1960,312,6922,7694,12548,10142,15860,18968,9648,15514,2220,9264,1108,14210,10485,17887,13540,11715,19381,10086,NA,6097,18253,9375,NA,9659,8480,19867,9988,4218,12638,5288,12506,8834,8787,11605,1098,13287,8619,3856,3744,8137,13950,10542,13845,4026,7603,9008,7768,15895,1540,629,4869,15304,8937,9426,14493,15138
4390,1823,10004,16418,5742,1186,68,2210,12724,10318,11128,16665,13515,1738,13455,18472,12864,5744,2297,15833,653,8749,11682,19769,2113,8657,5133,6650,14275,17886,11139
9838,1729,8312,11741,13455,19606,4095,276,9196,4052,10697,9694,15090,15125,4664,16490,13108,14689,7184,3280,7000,NA,14485,15982,7136,16594,3802,5919
3112,12183,12664,17002,11650,4659,19300,18554,6929,6641,19547,4643,14903,5474,1776,6165,10983,8075,19120,18939,11696,4251,NA,18026,8360,4992,7162,13875,7081,7967,106,6279,2847,11760,12096,11454,17763,15005
9432,17702,420,11227,10812,17357,19356,16225,7600,18768,4616,4187,825,19767,NA,3459,15994,4415,4375,428,8948,NA,16462,3200,10711,17458,10098,3560,9838,3235,10754,2931,2305,19972,4559,3884,12310,8469,4933,2716,4534,6182,13801,NA,1998,1908,18072,3554,6947,4446,7334,15420,3103,15272,11016,14661,7039,468,2310,9552,15829,4869,13335,2240,14859,18666,6647,19197
8087,3014,10659,9519,10091,2035,16999,9616,13982,3101,19412,8432,17555,14256,1331,16218,14469,8125,11893,651,6423,17212,10126,4059,9601,12691,19592,10133,15478,880,7891,NA,19367,2188,2338,19052,11392,16867,30,12435,10019,17885,NA,18815,12855,17995,689,10540,NA,5796,5028,412,NA,14872,NA,3773,13987,1516,7517,10386,13442,13246
16257,8491,18122,158,8046,1493,314,16805,16971,2827,8331,7799,7165,19140,NA,9426,17459,8563,7301,NA,15750,2156,6113,13866,9262,14597,10249,17769,12739,13121,11420,NA,16790,NA,16002,18988,4763,1140,16755,16546,18510,2181,14334,NA,3614,15329,5561,14158,3146,12086,14312,17968,7690,9968,708,639,10271,6459,5563,4175,18820,7163,5587,NA,1929,1114,3232,3593,3946,19738,16854,9738,11510,17790,5687,2673
11269,7041,6527,8927,2286,18014,16442,4874,18933,8067,5234,11590,11438,18032,1017,8438,NA,5272,15765,NA,6960,4611,16852,11897,NA,4617,11648,15244,5818,13505,5510,8452,4975,18895,19718,17220,715,5702,13752,7197,4216,7811,14393,16132,16449,19929,NA,8985,4673,6501,14423,9320,1927,2107,15062,13502,3486,15273,10056,NA,7535,18438,12912,848,9658,19292
16115,13947,14267,11652,3677,2198,3209,15178,7991,4567,11010,19830,NA,17281,4804,15889,5742,19413,5719,NA,8012,14969,19303,NA,1500,10500,9063,16600,9612,12521,NA,4883,6891,3418,6151,13440
8616,17814,3981,17790,1025,15382,13147,19670,13505,1023,17932,NA,6362,16373,11552,NA,10746,13846,2291,NA,6606,5296,6435,7377,NA,15849,16995,12436,NA,11962,3512,6709,11748,10722,5968,18231,10397,7334,10957,10678,6623,15110,7128,31,2832,18629,17211,11068,4508,1806,15183,221,405,7498
19115,9294,12944,5817,19761,6223,11722,7576,5472,10773,13074,17378,12232,6925,4320,3909,13028,15589,3297,13369,11499,8012,NA,1122,19999,NA,13962,10994,18770,NA,8647,13298,2559,1740,9464,15355,3885,14346,10744,11091,2221,11820,18754,17687
18063,3436,146,7662,15063,9512,7462,9703,17583,16043,5784,11831,17605,7005,19377,NA,15051,5898,5631,17426,13396,13450,13779
18008,19847,10714,5007,4855,18261,10226,10228,11150,8729,17775,1984,4302,18557,7932,9505,7935,3934,19270,19983,18318,15499,17703,11079,9664,4974,6203,1953,5115,11906,10249,2400,5868,6790
9222,7021,7048,15317,11954,18915,5872,103,8653,12296,1620,4390,NA,7281,8330,5292,10073,2736,18146,8915,1135,NA,11262,6189,6395,12349,14682,13105,177,6012,11851,NA,5070,2455,19060,9707,10040,6450,18742,NA,6965,14208,10306,1867,6520,1831,1614,13259,17131,14599,18711,10619,15494,9719,5126,7912,NA,399,3567,6433,10840,NA,10866,NA,5917,13433,66,9396,809,18116
13789,12443,3233,11061,6347,17120,16506,931,12652,11847,11321,2031,1540,1350,9788,15336,19815,10338,4476,3484,707,19578,3887,4017,6326,5702,NA,2194,8516,12675,16981,6813,12184,13886,16687,4331,7681,15552,13577,7506,15275,6840,11719,4151,16264,6595,8638,9206,10964,17051,12580,14841,9741,8531,6778,11336,5713,19069,8457,NA,817,13067,7316,8993,11871
2388,8756,17920,10120,2173,5792,9994,11095,14185,12550,16687,4683,10198,12084,237,13392,9948,13282,NA,542,17054,2152,12754,13934,1847,4811,18503,19359,17990,NA,13264,NA,19409,9496,4967,14250,6740,16799,17193,18676,NA,4135,4927,8624,9146,NA,571,8537,16184,7167,6761,15811,11532,10006,5532
7957,17578,12840,15130,15721,13144,16400,6178,10780,18415,18986,8911,12213,17943,13123,4423,6929,15156,8534,15283,13609,12192,18939,16322,4439,12102,6631,NA,17258,17873,15131,11690,NA,3819,17426,13708,NA,19276,NA,11310,6723,7770,2399,7528,3821,11214,871,3151,3777,7197,13996
8520,10487,2569,16861,4561,1287,6423,3915,2658,10906,12108,2097,NA,475,4227,NA,277,3025,31,9657,10453,9619,6279,10761,4302,NA,4665,13671,3156,8895,6087,10559,11735,12544,1047,18979,5951,12604,10176,12694,13224,19204,17549,381,2363,3645
13731,9501,9096,13519,6502,17085,4115,11766,10667,16175,14451,NA,1617,5542,15482,18698,12876,2614,NA,17960,13694,2268,15060,7303,10983,NA,2479,17144,19182,10173,19671,15821,2582,9146,4793,14659,16147,14323,19397,NA,1694,8431,16974,4819,19271,NA,9962,15938,4502,8352,7189,6028,12166,NA,17437,12772,10390,12609,NA,16045,NA,4270,16069,16783,2039,13157,14155,NA,11341,18954,8483,17048,15399,10160,1381,11489
2655,8925,12857,17678,5726,11832,18757,2556,9856,14561,12208,10909,12489,645,NA,3081,2326,9512,7188,4229,14287,6226,10093,14975,5734,14097,4454,NA,17001,4145,16852,11907,NA,16583,12219,5688,7322,4503,5854,NA,3172,8484,3361,3874,14476,3211,4506,4767,3228,5614,15676,NA,16721,8792,NA,17787,19394,10667,11852,12488,2859,14479,4088,10843,5840,82
16508,6095,18425,16052,11656,11239,15279,248,14702,4397,3770,13057,3989,16951,19081,12314,NA,4710,8130,11734,1569,16401,13732
5472,3178,9429,15549,18209,8554,2891,16796,13984,10930,10452,NA,17169,12792,13681,15307,8417,9902,3422,7893,15733,16265,11375,10673,15396,318,12992,5123,16986,16464,1194,18735,4687,298,6812,16208,14215,7456,6437,4386,13489,18387,9155,17621,4626,10205,340,13499,19247,5441,NA,5756,NA,8029,NA,1989,9604,14157,7314,NA,2182,8198,8552,14019,19986,3533,10943,6559,205
