8970,18500,15298,14606,16170,12493,3685,13604,19264,6353,700,12223,13542,8709,3830,12375,5688,16610,4034,9846,NA,15559,12350,18593,NA,15926,12466,NA,1317,18033,NA,582,12294,4906,5420,7107,12726
7067,2014,1601,1897,7195,19018,18027,18793,8252,10275,8105,11918,8464,11692,5372,1133,8204,3806,2560,14436,19237,13039,12916,10391,9009,4119,12811,NA,1841,12079,18532,13615,6140,8109,16830,13177,10317,13300,19532,4498,8074,NA,14799,15660,9358,1734,14297,6640,15129,2996,19866,7942,2089,727,16596,7030,11323,1058,12155,751,7134,8258,12874,13786,NA,14879,14676,15860,4218,7568,2492,844,17661,2988,2773
12239,4564,18510,10869,401,14756,11819,7657,11410,2820,15944,6595,14633,1037,13626,3740,14442,1398,15669,6377,2235,18098,14442,2317,6388,12988,NA,1854,6934,4129,8099,7309,6984
11344,4432,51,14159,8965,8397,12100,17055,12282,11175,1453,2623,3432,457,NA,8376,17796,139,4180,16490,18593,13504,15014,16907,13707,2318,17781,10036,17398,11411,19224,10422,8295,4543,5031,10623,10260,13827,6045,16537,6582
704,141,11151,19846,9921,2533,18075,5550,9780,18241,1204,9363,15657,10874,1962,7440,13863,19516,11196,4788,16849,1866,7069,6360,17335
14529,15791,14717,19233,5790,7410,8998,8629,852,18209,10378,8186,3536,2115,18136,7010,16626,6249,3179,2203,7834,9870,17622,5534,5533,9417,17738,4616,14598,NA,2604,3224,15675,9629,7867,2603,15226,15560,2356,8942,2727,6980,9537
3401,395,15376,17690,9977,15588,15552,14829,7950,13199,18409,6844,13120,9881,7715,16609,15958,11944,717,17007,9954,14175,3962,4041,8348,8667,6995,3898,209,10021,13234,18787,2217,15434,7922,NA,7092,17180,5923,14661,10227,13889
10636,14056,1621,3180,16326,17752,14160,4884,10078,10032,11032,3741,5425,17474,NA,7054,10569,3995,10357,16897,2064,10126,14995
10336,1785,13253,18781,9346,4601,10022,6362,15599,7079,4807,668,6724,10387,8816,7568,9983,4175,10787,15576,14495,3977,10409,18971,7424,7657,19788,NA,907,14759,7011,16766,641,3769,8538,16643,9918,13069,4254,5183,13985,NA,18757,14067,13226,2752,16667,13041,6323,18695,1329,14325,6145,9456,8919,10284,10102,848,16036,19152,17902,590,12216,14360,NA,4581,1933,1445,6000,10461,2443,16870,13166,15107,8876
17305,13467,11580,8354,12518,5085,3386,7224,6665,12397,931,9888,10005,14750,17639,11928,NA,6635,1065,3827,6242,12531,16663,15971,8270,4907,2443,17904,3919,5960,10717,14807,NA,18856,11893,19942,18220,11270,4720,3586,1823,7142,19863,2383,7143,6727,6539,974,12880,9468,15222,14992,18057,178,12588,10073,8734,12319,NA,16036,6558,11306,16690,15651,9448,9168,6207,13270,15170,NA,6765,4845,7712,4775,6593,5806,6567
8066,15546,19509,12787,14915,4511,6148,16086,4148,9778,4112,16707,NA,902,NA,14641,12370,19161,4560,2116,12327,10144,5608,19750,5435,2188,NA,12950,3989,13110,6034,1277,8254,8656,6363,NA,14766,NA,167,18715,10973,NA,6713,13824,5958,10816,10405,675,295,14531,6985,9573,12865
9585,244,2938,6844,11279,19802,11354,1494,19634,17242,10930,8952,70,9774,11391,13657,4858,10982,NA,18098,19125,18627,19216,8350,4831,12146,4345,16937,4612,8440,8886,NA,2457,19638,NA,3850,16412,3652,13828,12713,NA,19424,18356,3021,11711,14502,16939,14471,2254,11789,18649,16041,49,8666,NA,10609,17551,8244,15389,5585,6335,18558,2239,141,13657,10464,6330,8278,9932,16530,NA,15270,15111,13565,13729,17128,16863
11615,17030,9417,5785,11821,6445,12725,8315,2289,14284,795,18598,13722,17259,6306,16390,NA,2474,2838,9041,3005,5380,14314,2844,16950,1746,18427,17773,NA,19645,12936,3870,18837,19581,4307,818,16308,4844,5745,19728,130,3815,2288,13558,7638,2420,17432,1475,2765,16546,7687
18433,5673,880,17198,19096,125,12138,14894,16868,1355,14327,18291,19593,9498,1178,15215,NA,2771,19348,19299,11743,15303,19992,12820,NA,2525,17514,17003,391,758,NA,17419,10390,17841,1786,18762,5840,9277,14467,NA,16596,11367,6086,10754,2442,11284,8559,14984,12284,9704,15366,17443,5445,10803,5360,14576,9198,13166,2105,17897,17837,1877,18058,7480,4377,16283,15776,15158,7101,6631,17498,17361,11932,8480,12333,6375,8403,17799,6941
1312,12991,11733,11292,17338,6841,19249,3763,7971,17114,6703,18992,47,NA,19899,2661,9189,NA,2796,15138,NA,12938,7792,NA,12421,NA,15006,1462,6030,14961,4505,15290,16049,NA,10272,12669,5154,14439,2313,5274,17685,17809,8836,16843,9678,4771,6878,2435,3184
7221,13431,8216,2799,16508,1738,2974,19113,1328,1406,14571,2111,12777,15202,14314,11359,17576,12456,15679,14847,7875,11415,33,5411,5981,11980,11423,7926,1992,16578,11957,15407,15438,NA,1388,1796,8205,12279,3145,6977,3683
17054,1548,10068,19957,8274,4285,200,19737,8623,4321,17090,1772,12248,14529,13223,19470,NA,8494,44,19715,307,3555,14313,17342,14817,3374,6895,128,18148,NA,8120,14466,3646,NA,9811,NA,17636,633,3428,331,18674,12841,NA,17650,18429,18648,7130,8857,188,NA,13408,17519,7881,5041,15519,13929,14134,8515,7247,17680,12807,NA,6567,13819,19354,8972,666
1942,15394,1393,16594,17069,15016,9983,3042,5643,2043,8082,6676,7426,5805,324,1978,2862,4516,1462,6018,9153,6710,966,6969,17658,13773,1350,3381,13292,14250,17741,14914,NA,12154,5054,1306,NA,6295,4358,10546,12607,10331,2410,570,6264,14047,5003,13778,18420,8196,16068,14812,18036
8906,1044,11619,6641,13987,19907,14397,14266,8830,13010,13184,2865,NA,14513,4951,18019,NA,4904,5594,7255,12368,13008,4612,1716,1911,1237,2979,15799,18175,3420,9006,16355,10092,7624,13505
7183,19542,19441,9927,8373,10438,9783,4709,17242,10060,3978,NA,17577,1155,5141,NA,2991,8085,12363,17070,1366,11139,4506,5805,697
15732,8274,19768,2282,14261,11661,14082,14489,17531,11891,16565,2130,18456,10713,3825,4728,12912,11227,17669,8702,17765,6610,5854,173,10131,15790,19531,6213,3514,10729,1032,8017,1005,12502,15513,7570,1675,1194,16868,6265
309,9209,14133,4516,1646,5274,9483,9207,14625,4984,1852,12243,14492,9252,2656,8483,16398,17544,3977,4025,4403,10954,17992,12933,19296,19851,6941,12939,16353,1016,9108,12627,17798,NA,882,2538,8005,15028,15858,11052,16099
7077,2842,11109,14212,13614,13924,2800,10721,6015,12969,11612,8552,16255,4698,12109,NA,7061,9407,18243,13554,17813,9677,6808,2881,NA,5834,NA,14876,13838,15896,14231,11616,3448,12025,757,19021,11698,18558,6790
4612,8682,19184,19611,18278,13917,14038,7971,3758,12437,18244,NA,14888,7132,7292,8567,15776,NA,2139,3799,15792,11231,NA,9883,17149,NA,9795,18445,60,15170,17926,8365,3419,15431,8076,9598,9779,17688,2858,2615,18384,18111,9686,7446,17489,8738,2206,6184,12725,17724,8435,12276,4817,NA,6648,9241,NA,9990,9323,9769,2116,11967,5188,18455,17020,NA,4048,5903,11853,19454,8589,16051,17984,3578,9341,8629,16399,847
7350,16332,19959,12806,3378,13615,16457,3960,292,10420,19250,17722,1679,19957,NA,7854,9259,14152,3799,14578,607,3836,999,17767,NA,15696,12507,6961,17170,15203,10669,8950,17656,17076,18501,13426,14263,1474,18826,17855,6197,598,11192
1646,292,5828,8817,4006,2711,11111,7357,3276,10140,6307,14061,18409,7553,13541,13482,13356,16611,11583,17316,1543,15597,19188,4647,16857,5645,12084,16507,19071,18985,10409,16529,12014,6945,16477,9270,13245,5752,10521,NA,4371,10934,677,3149,5488,11890,16678,8283,NA,16005,9764,17573,16347,8330,18622,9611,17041,NA,9147,18592,991,206,16662,16765,12804,12044
9532,3345,4304,14033,1365,18417,4000,2218,7487,2720,19943,19107,9783,752,394,15091,8713,12182,4219,5301
16090,6223,11489,1770,12702,3450,18140,2193,279,19923,14778,4660,19981,10029,6066,10073,3768,NA,19635,16333,8761,13864,NA,8218,9869,17462,19129,16351,14462,11277,2651,17273,5475,6093,18209,10322,9291,13071
872,14645,14286,14088,3009,17257,4857,1920,1203,7710,6790,11157,604,3781,13932,952,8518,10288,5659,17993,6833,NA,16307,11947,NA,6753,10933,15124,16900,19771,6782,14775,17421,98,14860,18412,9873,15124,12249,18242,15153,9932,7687,15260,17507,12210,10408,3063
1528,7036,9646,17587,4757,17731,11286,6582,5639,10695,6265,6878,9636,19959,7326,5943,11519,1922,11217,1214,NA,8729,NA,14170,1896,19960,NA,19873,16787,7409,10853,19969,1862,11875,4280,8698,4934,14653,5726,7584,NA,17871,9020,19619,5401,4267,891,698,17920,NA,1019,960,NA,7138,13910,19306,16181,9224,6201,17848,4632,12919,6182,9488
4693,761,8941,17076,582,9167,2438,6388,17357,4438,3945,17691,5669,14932,12610,8957,3687,4559,810,2473,4493,18194,8835,14215,3079,NA,10633,6015,12967,2116,19358,14942,2327,16313,10470,3828,2849,NA,14552,3167,5539,91,3035,8398,1325,5930,9380,16784,14526,18100,11930,NA,1880,11923,333,NA,19614,15280,858,17218,NA,18972,9450,15910,10549,1978,9680
4567,5563,14184,3751,19070,13777,12136,18887,6697,12890,17223,5921,1500,6570,5028,NA,11188,7109,11583,3682,270,6497,15228,16118,5610,9889,4403,15155,1157,7277,17590,1420,9395,8843,6936,7395,5677,12223,10171,5555,15257,NA,1466,284,2275,18250,NA,2022,NA,13691,12103,18930,940,5489,9324,8436,4224,10210,11883,12820,2468,8485,19724,17623,9710,3619,7930,4334,13055,12212,12893,8694,5374,12269
4930,8766,11213,5763,9434,17707,1616,18,19057,16621,4320,19684,15771,8212,287,7529,4383,12928,3523,11335,9869,1417,19462,NA,10542,18840,16927,2467,17865,2515,18203,5888,8811,19904,1693,14971,6932
7511,18748,2004,5375,17345,18212,11645,9576,4627,12249,4347,8961,NA,352,19804,12871,1594,2702,15065,433,17868,8614,19879,NA,500,13026,19132,6146,5449,8189,12377,14896,10449,8167,7959,11593,5195,13605,11283,NA,14400,12614,6303,7888,812,NA,3953,1172,10239,NA,8998,NA,1046,1997,5938,NA,13712,6034,1419,15340,1126,1366,5673
7515,14677,17129,1639,7851,2222,7052,13599,1769,2978,936,13479,5300,14765,6202,13537,9739,2527,11375,6719,10665,8586,NA,2177,7055,13159,10460,19439,3307,99,19113,16272,18984,2793,3632,15723,819,NA,19957,19620,NA,18156,16861,15266,19229,15865,NA,2096,8218,NA,18252,4388,7938,13294,15291,14323,13870,5338,17455,4182,16222,3802,14623,14359,4737,161,19563,17561,3231,18979,NA,17675,9108,11219,18621,8061,19186
2956,11829,19344,4858,1651,8014,9957,1337,2438,5810,5756,10886,4030,13147,12891,1502,NA,6525,17297,2013,9022,9232,5681,15639,13006,10695,5784,9386,15455,17903,15557,NA,6272,18961,15464,13009,15396,7932,12636,9530,13977,364,16104,3261,7009,1144,19651,4466,6244,5083,12750,11540,17338,NA,9249,16716,1425,17379,NA,15810,16601,5038,NA,4345,14383,NA,19514,11276,11005,11419,NA,4058,8734,9913,5199,1017,4384,12348
10652,16952,8408,14895,19529,14479,19433,2863,12231,5768,8725,18398,8525,13486,2996,18582,17373,16902,768,11378,17509,7608,8007,NA,18790,6836,6161,9039,14663,10402,14742,8848,NA,10073,9721,17323,NA,10053,18425,12045,12845,23,2126,5202,13032
18512,16346,11633,5312,8808,15066,4446,18831,18328,4181,12548,16546,6724,NA,10362,14742,3018,15888,11601,13560,13431,6979,3512,NA,18516,247,11713,12618,18005,13897,1729,335,18316,18424,13570,17061,16829,3759,750,15269,12653,16061,7284,9457,12174
5840,4276,8655,6081,10412,14238,15071,17435,4767,1699,16344,12021,NA,3173,14574,NA,12647,15974,5521,14172,10945,11227,833,3665,7453,16936,2900,6635,659,3696,3180,2800,4608,19572,12632
7106,14198,16747,19841,10370,2224,19082,903,10119,2550,18129,253,8136,7737,9114,19131,NA,14053,11484,18887,6602,3741,2054,18400,9672,16683,8017
15717,10508,5558,17360,11588,3076,17451,17405,412,3572,15491,10995,NA,10769,10048,7966,NA,146,1945,3131,15565,NA,17986,NA,13526,12475,294,6337,3184,14883,17494,17526,302,3920
1013,17129,19075,2573,9127,7441,14197,14485,11516,8599,9879,18442,3444,14352,19928,1967,13657,184,9882,15360,16731,5481,7364,9740,3327,8548,12347,10529,15378,9183
16455,19095,16183,8762,9994,11351,1879,7877,18447,10021,19827,1056,12352,18584,9497,NA,10584,9587,8430,13850,6593,NA,9563,8915,NA,18116,17796,12646,14402,7182,4469,114,16677,15392,12541,8591,11399,15425,17318,NA,543,2788,779,13629,5894,NA,12387,9971,15104,4418,13402,362,10569,1121
10821,4480,5496,2976,6221,16017,6755,9637,15433,1078,2887,2003,4700,16791,1699,2169,10790,8431,16348,16046,5779,6041,8574,11468,7451,9243,14211,19525,16715,8394,4184,15768,19921,NA,5157,NA,5350,9741,4909,18289,10677,4029,16314,2853,3480,12864,8174,13452,NA,17143,6232,8121,3337,14826,NA,6579,15283,15213,13971,952,17942,8797,8194,15857,11684,9972,3357,11811,2395,18843
12368,5012,14947,1304,17740,5899,9873,287,15955,2785,8456,NA,19604,18530,14262,12086,11503,19468,NA,12123,3153,NA,9215,7254,4467,NA,1013,10555,7058,19843,9028,19089,15770,9441,14445,16408,19487,NA,10168,16766,9138,8780,8453,1380,18483,19466,4076,11465,NA,8865,13743,16585,1128,18437,16785,10694,11398,13101,12664,7511,8692,17324,4617,7232,4963,14525,16787,19405
5901,7619,15338,3383,3388,19807,3370,11493,703,12786,4308,407,19084,5437,11618,8082,6414,6970,494,17344,13307,19950,1345,4359,291,15318,NA,15835,18704,2825,9022,NA,5418,4043,11861,18752,528,986,12634,17318,3307,2102,3437,5571,14158,NA,19780,NA,16882,NA,16642,5419,11970,17395,7483,15382,8956,12149,4650,16265,NA,18040,8438,18932,11772,16885,8126
8640,14981,13739,8528,2346,14636,18768,2300,1335,6270,4201,4221,17553,12571,16634,8644,6335,5878,18109,5696
12605,8470,8889,12760,8675,17191,2907,3229,18316,13467,5577,9473,13222,11526,15226,13881,9848,11510,1903,1838,19268,12748,9267,14046,6865,16711,2983,15814,3602,11049,4040,12075,16060,4782,3334,17296,16120
11104,10312,5318,4488,1938,14200,7130,7575,7994,1014,17591,11497,17327,8590,11471,5768,16739,11448,3641,9728,17574,2080,10138,15963,18070,7111,16444,6743,13401,1571,19539,1030,7599,5872,NA,5871,10717,7898,10956,17781,10551,987,18065,1283,9054,13425,1112,7019,456,9105,9026,1408,11223,5513,16948,2070
7875,19583,11619,19030,17069,16019,13267,14392,15869,10696,9593,7392,10791,6013,13420,3871,17053,19458,17483,19055,894,15449,7020,129,11506,8061,13085,NA,15602,13506,13860,8295,2586,10061,2612,2642,10988,NA,4716,6702,5328,8128,10799,14240,2788,10794,4695
18203,1965,11740,8910,4803,18541,11518,9814,6512,1868,12074,8902,3449,7645,654,14968,5773,6474,11507,4799,6326,4574,1411,13625,14301,13813,19674,9680,9746,6076,13170,1740,10992,9692,17600,9998,15788,16425,5767,16378,9634,13335,18183,13685,2884,2256,19931,6685,14368,18740,11404
18162,8104,16893,16498,8716,7950,3690,18255,4882,19880,13029,1571,10326,13647,7317,NA,14819,12054,10142,12710,910,15248,14657,17635,14288,12745,16180,11815,13532,15434,1710,18751,15955,709,4689,17686,9362,2955,1190,4225,6537,8934,6411,NA,19449,19496,7457,11921,8173,14162,15959,12716,14401,13604,14666,14752,12814,19117,9525,12440,9899,13125,8773,371,5530,4376,11228,NA,14013,4290,1579,10499,9443,4863,8429,10333,13643
13349,16458,1814,2945,11984,12630,12151,11611,15485,11658,9950,10978,NA,18052,4636,12508,1552,18153,934,7107,14607,19316,429,8118,6059,5930,9649,NA,17884,3884,10790,15504,10028,14128,5816,16468,NA,492,1022,5298,14858,15794,17847,6114,13557,3341,10244,4673,17478,NA,9092,9709,12360,14502,1792,18639,15211,4559,12708,17491,9041,7439,5488,5356,6172,1649,7393,9520,761,18510,2525,2320,4061,4843
19334,7288,11689,6051,13559,5959,16506,19862,16096,14265,11166,7980,17973,8775,12570,3497,14388,9838,3880,17531,18256,15074,18573,4591,8006
14632,19937,7083,3003,15697,1215,6934,19713,696,14299,17590,15145,10174,3157,16421,NA,8532,NA,10082,1773,13261,NA,6555,15277,17086,5763,19325,17072,6396,714,12244,4662,7850,605,6790,15243,10332,18359,4259,NA,6342,1203,16511,15300,12173,2023,7319,13552,11602,7046,94
2464,3583,18057,10320,19209,13419,6208,2253,356,11009,10408,6508,13447,8237,14887,14161,4444,14550,18307,NA,14000,697,11893,16481,4227,1568,19694,6040,11354,9223,18280,NA,11643,1977,7762,2903,3847,409,13438,14366,49,13146,13828,522,3264,5996,9138,3574,16042,3565,17771,13989,17628,19126,5428,13479
3132,17539,6308,12225,14941,11510,9485,3706,4526,10342,5305,14037,14346,15376,5806,NA,10456,NA,12651,792,7880,9126,3958,225,14090,1293,19748,3661,NA,4061,9860,13488,19912,11731,15581,NA,10466,8637,6356,13031,9405,7560,8797,19335,NA,15680,11709,NA,12206,389,15215,1074,15442,18914,NA,18971,18830,12375,1871,14617,5143,896,12788,13234,14911,NA,9397,1081,5286,15716,13161,4342,1339
6644,14566,8320,528,5495,763,9314,16659,17145,4455,2340,16362,12969,12666,16892,10185,12961,3418,14631,2610,2055,528,17449,18378,11787,6526,14582,6508,6403,15767,4085,8607,9743,14503,6880,5929,14068,743,6235,11368,9327,8689,13496,1513,7499,17165,4251,3066,NA,6209,16011,1869,13674,4708
14710,12266,5505,18290,1183,3511,4421,14913,6951,4227,3966,10302,3264,4990,4869,13623,7013,14418,19411,12537,NA,17905,2296,5077,10079,3194,11054,5721,6678,16889,11988,19599,13391,19027
6923,225,1393,17488,12727,4933,6502,13781,13175,6553,10453,16271,10445,10788,8613,NA,19636,15812,9786,2946,12543
17325,16865,2158,16506,2958,11441,17976,8872,14472,8114,707,NA,9404,4306,9410,145,9774,3719,10038,NA,11649,2422,13174,10363,18434,14626,19616,13890,860,19449,7858,18593,17452,16926,18479,15891,19042,NA,18860,19002,1340,4180,10786,744,16260,3303,18111,NA,6001,14549,5673,929,18070,15539,NA,408,6469,17613,5275,8699,11185,15294,18756,18008,527,3845,11561,5014,17852,NA,16288,16723,11083,15947,17688,17074
10032,16904,12502,19643,4056,6243,1585,10796,5421,7390,5268,11743,NA,3406,15790,4684,7669,13170,2376,17270,6698,11730,NA,10949,16005,7879,16049,NA,4830,NA,14851,8222,16940,3354,15683,13183,18938
16760,11099,19399,11577,18852,18419,8941,9520,3727,11296,2161,763,11031,1840,14381,NA,10684,9389,2684,6084,NA,18890,3630,15471,6412,5862,17584,NA,13370,10297,3594,NA,5651,19997,5382,17536,16902,2223,1225,4908,13980,11769,18784,11237,19081,3585,4457,15730,NA,17463,3465,7371,11967,10132,NA,12142,2081,NA,3181,16142,8932,8666,18371,2009,497,718,5494,6348,4629,NA,18930,4154,15370,18926,11605
17036,2391,17269,14617,13596,2746,2995,4269,8456,9469,4100,1860,2393,3650,6159,1582,NA,2452,13245,4961,1790,5519,15467,10128,11722,2021,7264,14829,14200,2357,5002,15951,3092,NA,14400,12887,5124,6319,19472,16482,17860,NA,15730,11098,11729,1568,2704,4558,9259,11882,17936,6019,19453,2290,8255,1262,15987,1668,10848,18811,16204,13845,19600,NA,11340,8044,NA,16919,6935,2343,9921,8038,18248,18907,17190,399
10014,13199,18344,12800,3794,19500,6274,16654,18530,12945,15322,3435,11599,19732,8206,177,14687,15252,15599,NA,13833,10366,12304,10670,5466,17597,12712,7897,7735,12971,17907,5157,7688,3106,18620,16051,2336,10110,986
11486,627,3502,17875,9253,5197,13457,3109,17227,11410,12736,16470,15044,12637,17248,14034,4758,15037,15192,NA,3711,3097,8546,17082,NA,9882,251,16919,15149,10932,8412,6115,5789,9255,NA,9676,11171,7323,3305,16161,5384,11084,7758,10713,5359,18276,5325,13371,4847,2232,6157,19770,8043,2507,11436,NA,11286,14351,2526,14150,2419,17918,17584,2417,18864,NA,11954,13472,2979,16271,6239,11693,7819,14209,4694
9411,371,18334,8994,11080,13248,15400,16138,9067,18391,16931,16330,4076,NA,11969,3190,1473,10234,1930,13909,13212,15201,15069,14412,6021,3585,18546,12090,13453,10583,16977,10805,9489,16646,NA,19623,14389,327,NA,1215,19438,1323,11369,18324,3321,3470,18799,4766,7505
3401,15395,11488,15982,15171,13551,5792,19172,12521,14762,5159,1573,17036,7477,NA,14641,1387,16198,NA,14377,17209,14789,16997,4727
18102,5980,2443,8842,2966,2937,13303,6828,1512,2227,15065,16844,14792,NA,17150,1909,1860,17932,5074,18522,18941,18621,NA,11216,10447,505,13308,10847,5897,9482,2263,6103,19188,3855,11733,13034,19205,19338,NA,14867,8254,NA,18484,13819,19373,17165,10902,10974,13533,9386,11098,16046,8892,10671,18732,17321,168,2516,2606,7635,18626
3016,16557,17159,7807,11354,8358,11710,10534,5015,3718,2614,15878,8435,NA,19233,3898,11024,2579,13530,4638,8257,4602,3792,2455,2149,12517,3363,NA,6992,13854,15656,5431,17724,4839,16422,9883,2261,NA,7825,19283,16250,3000,NA,8360,47,10522,1554,5816,18307,13447,18568,14259,3895,3098,16234,10706,8620,19679,NA,12937,1352,13136,1938,16213,14354,4844
7890,14981,17592,5717,972,15840,17644,2835,18069,10581,18376,NA,12294,4428,8020,11517,19911,15667,14404,NA,1915,1108,17775,NA,15858,11992,16513,14909,11721,751,16819,7264,170,363,17294,15612,3671,15910,11080,19491,436,9490,9820,19423,6324,12499,4884,5085,12708
16229,7150,7998,7296,18176,8239,14220,6595,17564,8722,15153,11538,4750,8849,18780,7610,19069,12403,9946,NA,59,4378,7881,6149,18858,15127,16737,16143
1227,3592,10109,8405,17488,7780,1761,4160,6167,9071,7048,5147,10764,839,12742,3350,11187,2441,19044,16755,2203,2162,7926,NA,3872,7923,NA,187,7635,6384,17864,8850,14790,2447,13754,8017,11045,11596,1116,10908,12274,13630,19327,211,16001,14353,7057,11553,3790,5013,NA,8861,2206,9517,NA,8065,461,1793,6420,14336,19764,5228,11249,1837,8760,5162,223,5177,7269,10145,1254,15991
13226,7552,12363,8532,7312,12266,17397,7674,11619,8582,11402,NA,19622,19177,3369,17151,9867,NA,16091,13471,16801,8352,3069,76,8485,1724,19790,15103,6201,13273,17476,18750,7899,16720,3642,2711,NA,12851,8345,3959,NA,14658,968,6524,17677,10268,9212,15464,15626,4979,1039,4997,13883,5522,8402,12627,17320,9112,612
17120,300,7818,262,7764,16338,13210,5766,18555,17423,13993,10177,6676,11131,17508,NA,10113,15973,8379,13503,14789,3270,8228,NA,12817,12910,NA,8408,19105,2166,15802,4378,14768,12899,4610,14302,NA,19714,10776,15469,11299,19914,13652,6702,269,301,6748,1743,9547
