6370,8654,12284,17171,15095,12204,11475,14260,5944,10923,17869,16745,972,16350,2515,10460,5027,14071,9206,10368,5003,11917,18325,1492,13810,1286,19599,2525,3313,962,8661,17394,18619,16147,6200,18658,16741
7205,15129,4395,11566,3095,2289,1147,5727,6594,13791,4131,19581,14501,13253,NA,12488,3124,18282,14544,NA,12540,7115,13936,13483,11083,82,16638
19715,19626,8740,15558,2209,12775,12217,6114,16315,9254,18690,NA,502,3691,19334,7987,7305,4182,3821,18680,9866,12116,8635,17070,14713,8527,18560,11891,18014,467,NA,2793,8488,17042,11280,5349,1724,12350,2985,564,11820,10798,6802,8194,768,13664,18359,12660,14698,10944,15914,14032,17053
3911,5259,15672,4318,1519,18077,2170,1631,14419,6789,8620,1866,17943,18324,15147,3979,11652,13415,5421,18375,NA,12667,1855,2617,1130,11389,17034,5887,5051,7884,NA,3305,8987,17128,11596,16442,19509,3061,1885,4965,7868,18865,699,9090,939,7493,4349,5215,18365,2482,6565,17242
14596,17521,18649,4116,15801,18834,8232,11033,11315,18981,8993,15313,2180,13857,1271,519,13734,13428,9104,12918,4305,NA,4737,3775,16641,14237,3345,9753,16868,11227,17415,17785
18407,19108,6861,3123,10317,12721,308,13885,8918,5381,11062,11016,3963,19094,16647,7279,12650,3091,2626,12083,14954,11571,13207,15404,2635,11746,3631,19629,4453,2552,12977,18832,7122,3780,14473,10555,3389,14197,7273,18165,14323,17846,NA,2799,2333,7071,3194,NA,18158,1502,13202,9813,1424,17201,7669,1295,9418,NA,12569,4780,10909,6524,15890,3147,12391,2202,NA,5893,15241,10379,4685,6103,11488,4128
5298,8077,3743,12198,17066,5188,4417,14051,1556,2079,10323,18426,10497,6999,19258,NA,17014,5545,12577,8675,3568,2011,14095,582,8388,2154,11072,536,9294,18938,15392,15770,18044,5738,4883,18205,15349,6251,16077,8376,NA,4718,NA,1531,1636,1237,6828,14062,526,14142,1402,11553,10262,3234,5289,10284,19188
2221,1813,480,3483,19418,15502,8967,8085,14413,11669,17785,9772,16319,10280,597,3690,2199,15071,7586,14111,12951,6620
5075,17609,6607,5401,12447,10647,5455,13470,7109,4062,2268,15268,17124,18424,16414,18192,8233,10827,12776,17639,6373,10753,19613,19721,14884,5763
6757,10536,12225,9011,15306,2774,18210,11889,16180,7151,5635,7562,13294,14041,4273,4305,12980,3005,17153,3292,9335,NA,463,16631,5932,NA,17618,2372,11367,7661,15984,NA,18385,14218,5641,NA,19194,NA,9768,NA,11445,14364,17365,10831,9806,NA,6706,12144,6618,19719,8184,NA,17281,5035,10285,18160,463,18878
14140,1445,18356,8489,5809,395,11690,19759,18954,6773,7143,NA,6189,3731,2490,2388,16178,11225,1887,11395,2191,19325,12365,14388,18359,17613,NA,11811,8126,7512,15432,924,153,9966,NA,4324,18839,15299,5418,884,19364,556,10812,NA,1092,14534,4933,NA,3541,8999,9413,15698,16155,10991,3051,395
13847,10376,9908,11811,19434,19142,19256,6059,5960,8091,2725,9136,593,217,5145,8042,1530,NA,2975,17333,9535,6528,14721,8474,18883,2447,17343,15895,10732,19500,18554,11621,2381,8118,12908,15778,17933,237,6200,NA,2119,4623,2364,8415,971,2781,6204,1236,14917,16646,8456,9961
112,9102,18753,1357,12258,7283,8754,3251,9538,12773,4097,10587,9934,17664,NA,4899,3274,11511,9828,3434,9205,NA,14878,4125,17329,1940,17356,10245,13323,NA,15735,6477,9822,19906,2740,8566,19626,14626,NA,15148,13170,10930,2351,14434,19166,14308,16886,10662,15218,239,8030,1278,7045,13714,18225,13108
16439,11212,1749,8800,9878,11186,3678,1219,8998,10996,2551,17220,17112,17893,3466,4641,3526,NA,11131,NA,15442,1946,18672,4005,18503,7867,NA,10336,14491,11474,17112,10879,16966,13655,1497,985,6208,18875,14039,18639,19572,19661,15004
13577,2405,17692,15812,19570,17753,4871,7176,4458,13692,5777,19018,17585,NA,4398,1392,6047,7791,9658,8397,5764,1617,2040,12410
14342,8467,13262,14318,8009,8038,17944,4474,11531,5295,2799,1399,NA,19125,1243,2636,5180,18359,5825,NA,14850,17395,5604,6294,18889,NA,6741,9894,17480,NA,15206,16421,5385,7969,2547,12881,NA,14325,1633,12028,4145,3287,5938,4020,4510,3944,2917,564,NA,6341,11458,8907,10497,NA,8722,11872,NA,7891,NA,18971,3330,7237,11171,13376
9863,7363,8966,1160,8745,8013,6591,1971,8415,15454,17710,NA,2856,2909,17926,8044,6116,11010,10579,NA,16706,3872,4483,6561,11685,8610,4399,5963,7451,15422,13942,15546,12957,454,18168
1115,5867,5029,17117,11496,8574,2245,16970,14477,14888,4101,2836,4932,9266,11157,8720,6292,1970,7992,6643,5360,11333,16953,16247
16501,13369,270,13713,12808,9637,13327,2753,14670,8632,8612,6353,7025,NA,19124,703,1318,4244,17971,8298,14687,9001,13270,NA,15773,16521,16397,NA,5319,10146,16295,4299,4753,18186,15515
1322,10405,13267,6569,582,4851,11253,2523,7342,13823,10468,10145,18344,7211,11847,9568,791,5127,11947,15388,NA,8917,3708,9721,9544,NA,8478,1516,17577,10989,NA,17563,NA,12838,9178,18535,13604,2624,2484,9268,5355
16899,12554,6458,14112,17066,17841,17671,15288,12992,16187,5309,NA,9363,1656,12734,1755,13171,17211,15557,17909,NA,4016,3170,5062,NA,6542,6706,2704,300,15354,14337,6500,17687,9870,5228,17414,5162,18928,17488,1157,7351,NA,12576,13342,19681,7705,6782,8545,16238,NA,17696,19184,7051,NA,16696,6508,1344,17115,13193,6940,5250,1630,9410,9649
11102,3287,7910,5078,2178,12770,17128,2363,5033,5476,4748,3591,3649,4006,2660,2927,13444,15130,10056,NA,5020,15926,5834,1269,NA,15679,19799,1803,5757,NA,13439,10554,11363,1051,13681,1025,5242,19812,14861,13609,NA,18375,18568,18536,4265,7655,8988,7858,NA,18283,16466,NA,6231,13242,5305,12275,17207,3582
18592,19773,16400,8539,6298,6463,10709,10539,4225,13336,17647,NA,326,16520,171,341,10228,NA,7740,2415,19822,13000,15642,15631,15037,4899,191,14020,5881,7609,13159,17154,NA,7672,9527,16382,NA,17086,NA,213,4191,3652,6798,7983,1565,5847,NA,2716,NA,1505,4077,9096,2376,1292,6376,8224,18606,10907,9779,6002,19531
10699,6304,5862,4516,5009,9044,9957,2816,17767,2551,12217,18044,8000,13128,11057,6967,16911,9403,4501,16042,8268,NA,7015,NA,10314,12320,14945,NA,1254,1994,13683,10480,18893,11463,19329,13915,4495,11791,2397,533,1997,16659,1229,11430,5099,12096,5363,6812,1471,12516,454,8794,15974,6948,16453,241,NA,6630,3301,NA,7853,4422,NA,11190,2273,8807,13918,9810,5281,5678,16521,4126
9542,4750,4945,12029,10355,15036,13498,2314,3813,1090,2015,13713,1600,2159,NA,5365,15025,10413,12124,NA,6865,3800,3765,3497,10245,16973,13303,NA,12810,6974,1771,19455,3116,7457,18779,9027,NA,16731,18518,9402,7431,14145,4621,4443,1041,6811,7616,4055,6931,13103,12634,6161,16429,5234,19939,10899,NA,18302,14306,13564,NA,10190,4725,18554,NA,16141,1362,12512,14707,6971,16581,5137,13145,10684,12168,11962
16187,12007,9221,18064,4946,2040,16467,2530,15984,11711,8969,14980,NA,4329,17310,6240,10919,18107,18832,12582,13926,15267,2130,5243,11154,10709,18991,15384
2523,17778,19665,4941,8992,15334,19449,11352,162,15894,12390,18621,6253,13722,3659,19315,2429,1922,12831,12685,7589,17012,14407,3071,10531
11419,11498,12938,17180,4811,18846,9678,5402,7762,13953,10276,5628,NA,1145,7421,17093,NA,11232,11288,11880,5234,17639,4113,15928,18646,NA,18976,19057,7785,849,NA,6340,16615,373,8256,10220,5961,17063,3108,18494,3601
14766,6093,7914,5356,17363,4621,6007,7078,2534,8476,33,NA,8704,17243,19222,4340,NA,18289,14681,NA,962,3664,11766,11754,13768,15537,522,7988,10872,11549,18051,5199,6718,9335,2571
11853,6502,9347,8638,5384,6616,7285,9268,7221,8128,11668,13393,10788,321,9126,19817,18031,15934,6067,3388,14374,14169,17702,11803,7943,17527,3874,14774,NA,11418,1696,8389,12884,NA,19718,1255,16008,19086,12075,15899,16437,10760,17954,6985,5731,NA,19863,6633,205,6576,87,17615,7424,3662,8403
14974,15466,15607,1951,19251,2897,6940,12744,18866,12217,3713,7602,14849,8004,9789,14410,14604,18670,19293,12522,3133,NA,11189,8562,5002,9008,10188,12591,16769,10437,NA,1814,7447,2986,3274,18649,3475,4632,18273,192,7746,14695,10005,18067,1361,NA,13593,451,8207,NA,3492,16434,13430,13163,16802,8374,5437,652,5253,3316,3243,12448
15756,7363,8246,17447,5677,4353,8006,3517,14703,8961,11179,NA,8176,NA,14737,10916,9947,8369,7018,17745,6501,15617,3087,10717,14466,970,4135,14298,4119,7746,5805,3251,3417,4679,6220,5683,7247
2678,11748,11131,595,16514,6172,6088,7881,11827,15949,18530,11473,14936,10323,19924,NA,13987,730,NA,7176,NA,17170,7092,10812,9701,4365,13261,12962,2919,248,9105,11321,17922
911,2616,17751,27,13762,1691,16052,836,6441,2469,15036,NA,19405,5704,6789,16731,13882,19516,16945,4966,12820,10534,9688,11168,NA,9302,11909,8310,15846,NA,16327,10846,16624,15835,9718,15963,3478,12810,11538,4394,8926,12357,6438,14535,3500,10073,16287,13367,17792,19376
19590,6943,13822,12658,11648,9455,17904,7247,10840,13802,19803,7783,11052,NA,401,15210,6257,146,8706,17261,19843,9749,16073,10918,10284,4672,8538,1733,6510,12105,3822,NA,3090,543,1807,NA,8630,3036,12577,4243,14168,5836,12192
6216,7649,2535,9708,5040,17325,10448,9135,10703,16620,1094,NA,8394,13132,8570,19251,1352,1651,14400,3178,652,114,14671,4862,12922,18527,14460,6117,10550,15499,6436,17277,17068,NA,15830,NA,5017,6701,8103,8897,5758,10698,16472,5681,19592,15617,14044,14601,16168
11836,3917,19171,13962,15274,4403,11358,9645,4730,17040,176,9804,NA,17172,NA,385,9103,12521,19140,10032,15338,5202,7191,NA,2968,13630,7512,4303,6045,6620,14664,18218
18812,18018,11052,9225,13575,9863,17280,5628,6472,1876,12156,16169,732,2099,19612,6575,12536,14119,12113,8691,4690,11863,18378,18769,9565,1307,12496,NA,11915,13928,17358,NA,2474,17724,5057,10991,9374,1225,16929,3073,3716,1220,4342,10381,17393,15646,NA,17827,15095,NA,5570,NA,16572,13587,NA,9944,14191,15298,16312,15537,19653,18284,5239,10955,13543,16886,3090,18262
18071,15445,17037,3174,11301,11320,16827,13913,9418,17913,8531,NA,18771,12565,15531,19529,16685,19367,4167,15801,14754,6604,2403,9736,19322,13926,15506,14295,60,16172,1777,1332,3646,19226,18044,NA,4249,6904,14302,12847,16824,17812,780,8450,7830,NA,5898,1290,18747,503,7001,9332,5263,8223,NA,3543,10632,NA,1497,10658,11176,6828,18481,NA,11170,2170,18150,2058,18554,16756
14862,12970,8772,11324,9999,11647,14497,2384,4996,13682,7704,11511,19986,12454,11650,16326,3226,2157,8570,11587,5481,5506,9887,4329,5710,2102,2725,670,14042,19992,NA,1277,7537,11145,13201,10282,10416,12643,11925,9920,379,2469,9948,6054,10013,1954,NA,8084,8292,8086,1585,18226,6785,7060,NA,627,4676,14512,11774,6689,14003,NA,4209,16737,14078,13525,6745,17012,17242,3034,8840,8305,14527,1947,17427,404,9783,10502
4540,9829,6175,12266,5865,3780,16147,14219,6833,8983,13679,12758,7144,14213,6977,1219,8611,10164,14120,3006,15899,4299,8366,16325,1134,4390,13927,6957,5630,NA,15534,3451,12538,9144,3097,19500,17797,NA,6667,9506,2997,857,19190,5281,4385,12157,9622,15687,7098
14125,14699,1187,19506,11669,8696,2992,6022,12254,6605,3618,NA,12590,7386,8416,19141,NA,2875,1944,6671,10808,1042
18451,18385,2171,7419,13764,1523,5118,6500,18994,2371,18633,NA,19537,6636,10023,2159,18661,11009,10106,9771,1335,4177,8191,16424,14591,13206,5260,17448,8399,4001,2169,12897,7260,9288,11471,3274,7579,13130,5541,14635,18056,11406
13831,9360,37,11532,611,18551,2064,2376,8248,136,12534,9539,9798,1409,18865,2740,11836,17450,18875,19515,11745,13880,NA,1557,15394,3777,13159,3344,10396,3381,2740,3605,11052,4207,5612,4600,6701,12467,19914,2022,19105,8715,3767,5913,11343,10806,18732,8146,5997,16952,12775,13986,16153,7380,7801,4396,1525,396,19089,6516,18003,5747,249,15066,15035
5288,3611,1861,17082,4228,19251,15105,11338,9714,18469,14105,6658,977,7729,18629,7748,7395,12255,4653,16108,1715,18380,NA,2343,1397,16290,6335,18222,10601,18289,5249,6675,7963,9166,8329,16504,12726,15764,19186,954,6980,10738,9740,5661,8460,9108,19258,5671,3406,9583,11480,19315,17309,NA,4202,19309,10585,5501,6986
9636,3466,3788,15518,7085,16975,6860,12149,7697,12230,812,12682,17729,18328,3567,13527,9534,7013,5711,10866,9810,18487,4376,17909,7874,10088,8640,2983,11585
12502,11263,4501,2969,19558,11863,6105,18913,9239,11191,14313,8499,14768,11667,377,18032,15086,9798,6365,7231,5367,1755,18090,4873,5451,7216,11342,13985,6234,8806,4362,2030,6117,7493,4403,13742,8912,14292,4706,12642,7077,18510,847,NA,5341,1595,10556,18900,6658,12431
620,13897,6992,2050,19925,324,10720,11028,15653,1776,7557,4524,NA,16376,1194,15155,15917,6719,11701,16538,10860,4455,13772,16189,12809,11941,19945,9226,18290,12491,14147,2465,6965,18802,18180,12091,19754,10604,19573,14243,9714,17964,14731,16943,2476,8602,4512,14145,12844,8698,4285,5938,1471,13287,5257,4311,NA,16337,10629,2471,10675,3032,15410,NA,9755,14080,6539,12182,313,3690,4691,18168,15640,15918,9513
9939,10823,2660,3026,682,11862,6592,13724,6173,12362,19005,1842,17095,12422,9329,4061,6264,11549,8779,1753,9891,1527,12654,2126,15771,11080,7223,19337,557,18654,3916,4734,3468,10780,5986,6180,15461,10790,19701,NA,12128,16330,16090,4275,16463,3253,2639,2870,15614,18485,16470,1115,10772,7804,19990,5454,NA,4723,13413,8061,7422,13070,7432,15494,10439,9748,16754
2369,19322,1454,4846,11485,11271,10365,8723,8764,7252,13070,10314,3283,2300,4550,19200,5815,3448,11515,9968,5619,12777,3480,11257,5932,17698,17164,4645,7658,6001,NA,10307,2645,3656,14663,16099,7802,18898,5372,14841,18176,7782,10999,8519,17319,6043,NA,19274,5425,5276,7780,5946,1772,8545,3085,474,18126,8208,15058,15045,2936,1684,5403,19127,2384
12773,6393,9970,11937,15332,17795,11481,10835,410,155,17508,9193,14778,NA,2452,9769,10161,9344,15470,8158,12784,18323,17052,6879,10395,13375,17889,2281,2999,NA,14206,16964,8399,12634,7631,4988,12840,10071,13445,4563,11268,8213,18710,5220,9238,19396,10900,6784,13703,6444,6839,15913,13719,247,16407,NA,7416,6207,8752,19338,18603,3379,11676,12548,18440
14927,11903,3651,3584,6991,7755,16634,6533,12961,13891,14034,19919,NA,7177,1334,NA,1554,9711,10842,14965,15416,17521,3060,914,14728,2451,19329,14615,11427,14450,519,4679,2569,2273,12288,12817,15558,5403,17415,NA,2405,15088,9838,13073,NA,18036,5666,4599,7323,13142,12976,18783,3214,19016,10293,981,11944,6160,17009,3605,NA,4250,4886,1219,15578,1157,17361,2895,7917
11088,19403,10557,17625,13581,19815,311,5087,5680,1912,14380,16582,4687,8190,5564,1102,14438,123,17961,19696,16854,2501,1337,17465,7948
14208,16710,10832,7368,11640,17501,13361,16414,10614,14599,9656,18189,3905,15363,5413,15264,9372,10720,204,8857,9018,13978,19018,17906,10463,8752,15070,4612,15130,NA,6158,5629,2586,11657,8583,NA,16070,NA,231,17251,4589,4335,NA,5558,12757,12809,5870,13389,614,14732,18748,11063,13856,13431,9191,1100,7734
10032,8033,1856,6282,1030,17023,17218,17822,6739,7053,6503,14052,4523,2822,11878,1252,17745,2027,11298,746,10712,3980,9518,17096,9080,NA,19422,9060,17161,8055,13852,13175
12642,18286,4291,3538,5399,5889,6168,13182,8661,15072,9518,6365,7705,15176,422,102,16019,7361,19337,2538,19405,8625,1441,19349,11698,16118,1033,11535,4620,19494,6494,15663,396,NA,5826,11819,8155,10405,11796,4773,16560,6642,NA,424,12761,8005,NA,9061,10807,6311,4061,18554,8141,10819,12569,5722,12312,8956,1801,9974
408,10382,13020,7282,2537,16058,2118,14129,11831,15251,15414,1980,17798,3793,12816,5414,7482,19030,10685,12544,NA,14579,5201,16907,19513,8727,19832,10706,15528,5621,13268,17964,5539,NA,3875,601,11710,9684,15491
6783,10244,7303,10382,6710,1957,7321,15722,9116,11996,13896,NA,8050,4901,NA,3402,3106,13657,5251,10566,18925,12325,8735,NA,13209,15528,NA,8971,7174,10797,13547,3758,8681,13058,1625,5008,8024,5924,250,18582,NA,3776,9101,11080,15579,17063,2060,7137,1438,5975,13262,9970,14047,3355,NA,5302,4813,NA,9105,13285,4171,3468,19193,18725,19277,5111,15414,15573
6123,3891,15178,7878,2208,18131,10227,5407,9707,11856,2751,12232,5738,6087,13722,1207,730,3811,9199,9900,7888,16579,6252,16783,12244,14545
