591,12711,2419,6113,2788,5467,8842,19309,9658,7449,4904,15113,9899,1381,NA,5200,5539,13211,14458,14582,3172,17878,19112,1407,7277,8842,14465,1533,16411,4354,9071,10036,14962,12111,837,11156,15984,15773,11902,13281,6813,2906,11827,4291,18268,10996,NA,4521,8761,NA,10174,11306,NA,15035,6781,13058,11551,1812,10672
1094,9359,86,7337,8121,3288,17878,469,11246,18803,133,12477,376,6773,11005,12462,10916,16366,14727,9499,17661,10194,9621,11805,11173,19953,17594,1987,8563,4773,15409,19592,5715
15416,17443,13528,18444,13534,1272,13642,4956,6560,18436,17176,NA,12687,15157,9439,11375,19722,NA,17163,10912,7021,15018,1470,NA,1549,9656,3516,NA,10435,10725,15668,9534,13065,17369,4708,9016,11112,17608,NA,16209,13566,1162,13601,NA,18105,6913,5168,6592,15692,17735,950,12766,5297,16557,12314
17886,15046,1504,3320,17928,2891,17870,7933,18981,16162,17701,988,17369,NA,16168,9294,NA,13748,19220,13824,5121,17257,15195,16071,16904,13506,16416,NA,11511,NA,11501,NA,18322,NA,19071,5215,5194,19854,14343,3704,17167,9556,6543,13298,13727,568
10345,9551,305,10931,16300,5336,12849,2725,222,1575,2634,19258,9705,1730,19384,NA,92,6809,1121,716,5087,17796,18465,7476,11387,NA,18222,19690,11515,16239,14187,9088,13832,NA,6046,9626,4087,7998,5473,7654,19919,6337,2887,NA,12894,16803,13689,13245,4540,NA,19309,10064,6330,7754,19515,14419,7670,6979,NA,7166,7335,4047,4706,4641,5382,11913,10649,12926,11812,4360
3472,15888,3821,17243,18028,14245,12096,8435,12251,9555,817,12654,16160,12289,9039,NA,19312,13359,12950,8524,11579,3513,8707,8056,16686,12493,7123,9237,17334,5079,19323
2195,14256,7330,14841,3983,16244,18283,15840,10087,1957,19607,5576,5139,10305,16297,19723,8027,6772,115,19688,1387,12919,11891,1554,19346,8771,6230,7699,NA,13763,3985,47,19350,7080,13102,5172,5184,4989,18883,15694,13133,10017,8300,431,13774
18832,9385,12869,13692,16327,4649,6789,7937,15800,12102,13041,NA,17015,9325,NA,15997,8148,16384,12268,3379,3244,10741,6608,11148,17957,3407,6494,15274,14781,10636,10461,5976,1151,7589,7474,8110,1861,3338,15070,16856,8337,6593,4599,3681,7770,14702,10860,12964,4538,9617,1143,3906,2063,19559,19953,2445
763,2155,11537,16952,17544,2574,7633,7378,1547,18564,17599,10017,11829,2150,4161,5498,3029,6918,3772,3503,12681,5062,12995,3908,19788,5219,3189,14162,NA,7029,NA,17332,2536,13280,3842,18756,6654,11454,8290,4462,2361,7258,3919,12431,15062,16538,16910,18678,NA,5296,11422,6497,12298,16606,NA,4477,13853,NA,766,1756,NA,19831,13769,NA,15035,5919,312,2510,19615,17655,13510,10927,892,6818,9204,9117,3770
19342,2331,18252,14531,12677,12551,8468,4864,6155,13160,14462,19864,NA,7957,16947,10641,11683,NA,16845,17330,10113,5239,2131,15265,6307,5301,14020,2704,19078,8085,14582,13133,13635,19199,17950,8586,6343,7754,5080,11177,NA,19414,NA,10841,4589,19337,10979,17649,5464,1092,14795,13115,15471
436,12800,12934,14804,3583,2330,6470,14069,6412,15167,16372,2373,NA,15017,14216,11532,14225,15157,257,6033,3307,8047,7246,6221,7277,2891,10911,7816,17255,NA,590,3840,17765,4042,5667,10859,14771
5086,7962,11215,12538,19696,5371,9999,7912,19926,3726,3647,2788,NA,407,726,15409,5904,5807,4,6043,10454,12217,1995,2831,14897,15867,11394,4746,7504,14301,511,11650,8159,15280,NA,6165,9968,4619,16850,14389,9809
15144,15472,5543,1739,12800,6474,1023,11314,18433,10357,2896,2998,NA,8910,2353,17403,2751,1907,17473,6312,19850,16465,12041,17849,5914,15776,14287,NA,167,18553,14523,877,13282,2644,19247,12874,NA,8251,5424,889,17466,10164,1468,19627,13055,6719,13383,12686,19330,18937,13381,1170,1650,15891,7635,19384,17182,17076,3901,10183,NA,13764,12564,NA,4674,9227,3723,14052,6296,659,7447,7692,4821,1146,11619,15133,11357
11258,466,6141,4462,11281,9110,4537,7623,8285,15664,6994,6621,4609,7072,15755,2510,12229,14629,NA,18093,5474,8200,6121,13208,3563,16932,4432,3929,6968,16555,9908,15133,11136,7838,8768,11278
2342,10535,5323,5149,13112,14557,2512,2485,441,9160,4585,2382,10798,NA,593,1894,12285,895,70,8457,15385,14954,18767,17779,7168,12781,387,968,19017,7785,1695,11147,629,6393,17036,8446,1988,6984,18458,2461,15468,1592,1228,13645,8889,2187,7981,11453,4780,NA,16254,17144,10219,13336,10504,12271,3023
12936,1680,362,2575,14608,4130,11323,5930,4342,19579,16628,12308,11645,15297,NA,6922,9245,2845,4896,9467,6391,3017,11526,5961,NA,15631,3928,8963,1205,19640,8129,245,8099,14220,NA,19945,17104,5521,10427,3643,3472,12068,10825,NA,15115,11078,10246,10033,13227,4164,8701,2081,3564,10331,6877,15790,19466,9965,19173,NA,18241,12289,5367,3253,11939,8227,8846,7463,17059,2947,5956,18898,12629,7247,2947,9383,18928,7493
2866,7562,10071,713,3839,2592,12548,19869,6801,5604,15590,15230,NA,1306,1017,12463,NA,628,10334,14461,NA,9271,6663,18367,12010,4703,7597,990,10237,5434,745,7875,3629,10507,9397,18022,1655,81,11820,455,NA,18664,17224,8889,18491,6424,18530
13780,11279,11093,6769,3190,10802,8816,1255,1661,5695,4054,15240,12588,15407,17985,NA,13464,5461,10157,4576,2868,10905,6919,11230,3776,7069
12406,11184,11472,4100,4801,15372,4484,17259,5208,12165,6349,NA,19271,3994,8593,2292,14215,4188,7970,18966,18646,7466,9321
16583,1722,14834,15151,19595,11130,2602,12881,10360,4730,15322,17354,18353,7035,12510,3322,16262,7332,6398,15336,433,13996,3002,13944,9860,6366,12048,15359,15179,12083,13038,6179,9059,1965,11247,3971,16546,9601,3746,8747,17774,8941,18990,4401,2736,7867,10721,14202,7780,7576,18769,NA,2425,2972,17115,1285,183,9816,8210,15824,19330,11053,6386,3660
11450,6305,18664,15476,19721,8366,6034,2186,3858,4624,4211,18143,10817,13890,10622,17791,19924,NA,2177,454,NA,3683,18793,NA,10899,4726,16603,12700,13849,3171,2673,12062,3746,7819,1901,13547,600,2130,6355,19828,15856,19089,12580,5497,3115,16449,18781,16342,2768,17024,14220,NA,18022,6083,9291,NA,3874,6227,19068,102,14414,5215,3064,NA,5808,9336,6803,3739,18385,9727,3507,16623
11011,155,6234,6867,14538,7147,19834,15932,9695,10380,5794,16693,4782,17097,18547,17430,NA,18751,11434,NA,19727,NA,7044,16393,11048,801,13424,18598,14588,11408,2386,11575,10901,7178,18468,NA,18089,15150,19075,4260,19033,7632,NA,3833,11111,16370,684,18248,12842,6280,12801
19046,1436,8799,10042,13868,6196,7478,2913,11518,17287,1324,NA,10396,NA,19675,10750,NA,13744,11394,19708,4858,11647,1441,1054,6506,6450,13532,13342,11491,17784,16940,18246,6144,10222,920,3094,9005,18148,2366,18604,2992,19339,17779,14981,6423,9263,12662,16015,8073,6617,18621,18536,NA,9091,8603,4889,9646,11101,10481,NA,5449,11216,13855,5391,156,12701,5459,4191,13413,3108,14105,1407,6945
16401,11953,7069,2431,9700,12249,921,9195,6932,571,7648,NA,4729,11046,10962,5794,730,8373,5129,12771,16187,NA,17696,9178,6961,NA,10983,3270,12501,961,NA,11462,8274,19671,21,11792,16666,14845,13090,12892,3196,6897,1207,18363,7106,13888,14843,338,12349,16711,10083,3908,6667,1894,13095,10779,1404,16100,1720,3559,5558,2529,19774,5437
12188,1140,6431,10217,14718,17049,13923,10461,7921,18390,14484,9114,15967,8956,526,7162,14983,4347,11028,NA,4856,13670,4362,10904,19023,6030,17788,19229,5317,3717,13544,5140,11260,5296,2032,9804,15176,8719,765,4803,7674,15143,9769,13303,2940,5208,2373,16059,7577,2366,13265,6823,2017,15858,18630,19775,2633,8697,10015,13238,12428,18732,13588,19504,19862,11243,850,11051,6021,15900,8515,1714,9892,16182,5365,11883,6521,14497
4620,16474,17923,338,15403,1160,2961,16097,12272,19893,3323,5165,NA,4409,18064,10401,4599,12650,1742,947,6767,18899,19287,5610,11721,6773,13428,10746,6495,15828,NA,3775,17466,2078,15449,11714,15993,NA,5681,12851,11013,13510,19893,10403,NA,15737,93,4051,15603,NA,17127,13113,15641,4666,1959,16265,7531,5014,12526,NA,4518,4833,18106,9010,4976,8398,17826,18403,11235,12533,14630
9695,5049,10670,3708,784,8762,19632,11544,16353,18540,15524,15150,10158,62,5259,12548,12133,3673,8625,2365,1731,4965,1832,2027,9581,15340,17597,10020,7869,14613,16117,13480,7763,8497,1621,NA,9800,17140,4595,8195,292,12704,9714,NA,1268,4767,4024,6216,5989,8135,5412,12496,NA,1292,2802,5238,4422,17263,11880,176,17924,NA,15645,13188,10528,5343,13520,16134,10884
18509,9638,16321,14612,9469,4212,11002,11506,1682,12026,17222,9734,7350,15757,17572,19835,5810,833,11843,18716,15489,9828,15505,6951,NA,4448,19762,14817,8110,NA,19462,7320,19576,NA,15270,4861,19729,17728,19843,2660,8300,5835,12740,11007,5832,18682,12039,12911,3661,4330,1775,9976,6821,10385,3397,3418,12640,NA,12475,NA,9975,12184,9429,5780,1097,16891,6886,18895,14128,5707,10765,9921,5789,377,6178,13972,8727,13813
4097,4084,5362,2128,14149,15436,19596,9641,12728,17419,9900,1084,NA,10581,19690,NA,13854,3445,16312,17024,NA,15045,8535,NA,19690,19453,10447,9820,16472,5309,10636,NA,873,6312,5322,16359,5578,6947,NA,12774,1456,5976,10072,12718,1032,1363,11194,4446,19277,7558,NA,14629,9297,11533,2606,7841,15373,13850,9319
19559,18344,14431,8958,9973,6955,14561,6679,15939,1532,17608,9765,11664,2455,2290,5670,11889,7779,17112,1086,19323,12541,12976,3469,15692,1715,12540,8713,6328,18170,4074,8099,1811,19768,6815,10439,16833,1782,18013,17484,3104,9796,18294,18162,4089,18605,890,18002,16107,19701,15143,6129,17958,14391,7852,8255,16517,13212,4911,298,14884,8050,18717,NA,10651,3398,12064,8140,16859,5630,17
9516,14149,2537,11670,18817,11754,17179,793,19796,1787,18906,6731,5048,NA,13844,19150,4203,16344,5424,14840,2078,8147,97,1026,5349,2424,1339,3611,11897,6240,18091,16202,6030,16579,13029,13737,6207,1013,15212,17711,4275,17571,1603,11821,15555,NA,13278,2287,7252,5908,14798,3571,4861,19441,15374,17934,14777,6578,8516,895
13544,13226,14071,6690,16171,48,6050,19273,18571,17540,6563,9054,11928,2632,3997,13737,4429,8276,19281,3567,8948,1160,NA,18301,13869,4491,11957,NA,12340,14973,301,6946,12967,1439,5591,NA,13066,18055,11463,9812,10147,7837,5662,16180,16028,2779,12500,19426,13177,NA,9627,8934,8318,3350,17401,1871,15994,9200,19489,9915,19928,3117,13419,7739,4486,9212,11402,3110,13774
9829,1375,5505,1502,14490,8739,18846,9986,5073,17468,18676,7140,7011,11682,19097,NA,1059,NA,2970,7548,13571,2614,14479,17430,18176,NA,3437,14721,NA,15491,460,9821,3129,14966,3471,3973,11833,16279,1603,15753,18626,19867,7906,9806,8049,7578,15536,5150,15737,NA,551,11629,15882,NA,1641,15802,8892,12952,16280,10899,1761,16205,13525,13414,9056,2028,3332,3144
567,5272,5408,6209,7927,3285,16629,7304,5460,15132,18621,13592,13603,13512,NA,18430,8553,10985,8699,15133,1613,6657,144,2766,9627,18756,10701,18434,15472,7089,10639,8078,6838,10325,11507,17409,7542,NA,17773,16623,4415,8857,2428,NA,1560,16482,7327,4705,4199,15316,13448,9424,14679,5308,3248,18869,1715,963,17716,NA,5413,448,9141,18041,19689,4314,8452,17304,6407,2639
15856,14967,7061,14515,10257,2426,7895,18578,14484,2492,766,8871,7194,7038,15213,8714,13534,12923,12320,15446,15437,15234,12080,1742,NA,19208,9492,12235,NA,17780,16259,5403,19373,4117,3927,11661,143,6653,4120,14523,6812,608,16420,3086,17424,2645,1716
4601,6190,12200,1263,6969,15924,10946,11214,9271,855,19098,9782,5279,525,18657,11654,7173,5465,15838,5509,NA,12089,3083,14596,3350,14929,4245,3508,7054
1912,1730,18998,2807,1388,4229,8463,11264,2234,7070,9470,12795,14302,17058,12177,19666,5747,13746,19333,6868,1963,NA,19539,2157,11400,6917,15249,11806,2909,8440,4659,15186,7274,872,846,5421,3842,3096,18722,17675,18936,592,18684,18241,8448,17113,15504,11890,9793,19,8522
9380,7072,5145,17649,19000,18152,18337,16127,5742,3664,17190,9859,NA,2470,NA,1191,3672,17263,13919,13581
8348,6923,11208,9145,16800,17161,8498,12930,12826,11079,19120,15555,14332,11578,251,13254,16605,19810,13276,3457,7876,19971,1833,NA,7988,11372,11692,18260,12669,NA,18037,10376,13652,15325,8516,1856,10725,16492,15153,10760,474,6952,8964
11821,19337,10475,12720,9437,17998,14862,8200,10148,769,5950,2322,10800,12592,5604,11531,7063,9116,5210,6082,1596
11977,5772,16295,4064,1508,16585,1350,3720,18988,3451,12924,19752,NA,8964,19059,10630,10980,5301,12758,9178,18518,7865,694,15897,17362,6149,NA,6660,13903,15676,16857,818,5603,10559,17674,2400,6168,7840,8865,14548,12472,7615,4781,14379,588,13610,6075,704,9766,13503,9989,1673,7674,12082,2599,16650,11256,13025,7803,12407,10602,14679,5888,1020,12997
8675,2744,12030,7957,5933,321,1393,6209,10346,8481,9784,NA,1443,2486,1181,8455,14988,15102,1378,18232,8104
5965,18125,9103,19153,17757,16058,9531,11195,8686,1339,1073,3456,15567,NA,2038,15320,11758,10494,15835,5400,2800,8095,16732,14832,6149,3963,10040,17247,3483,9524,10524,2355,7733,16418,7850,13375,NA,10616,17675,8844,6709,NA,6006,10842,8534,4139,14345,12215,NA,13382,12469,3664,16976,7436,1884,18153,2424,6352,19703,6679,19825,16680
1461,17230,5578,17493,5352,7118,5486,10589,2450,27,19328,16077,7733,19751,NA,5210,16829,17296,600,15778,13949,19299,12909,NA,14148,1745,NA,5955,17488,14685,13447,6986,8015,1266,17319,5962,3768
17100,15460,5952,7832,9049,1092,13438,15476,7908,10457,2738,11164,11869,11798,9588,15396,8318,9168,8127,8742,11515,7163,NA,4889,3320,5938,15339,NA,18003,12510,12383,17003,15321,NA,7774,16905,19955,6880,11270,500,16806,656,1577,14512,11231,13299,7404,18048,12235,15101,5366,8760,3391,16014,3426,14871,1339,7466
4296,19746,7661,18537,5380,2177,17080,8733,10567,13411,17736,2298,18330,10055,13209,2048,9586,13850,5327,19266,12260,333,17521,1491,15942,14933,13670,13638,1165,14649,9786,5489,3761,7287,19706,2879
17159,6320,5437,15413,16955,17620,7110,15902,17143,15189,10611,18751,1256,1908,3953,7444,6458,13149,1036,7837,8792,11739,9516,10608,NA,16759,17394,10450,16052,5787,6839,7003,NA,15361,4115,6665,9110,17326,NA,5839,NA,16866,12932,5948,10118,12674,14122,18912,16138,14154,1673,13308,19468,3415
112,17819,12727,18679,15416,16913,18063,1428,15441,6858,13287,5434,19067,6571,13235,16183,11784,3797,12736,NA,15688,NA,17200,4309,NA,4461,13182,4787,2304,10695,6254,9291,192,2343,17757,2249,19949,10477,17775,19142,15010,4290,8933,12800,12343,6744,15213,4775,17052,16099,19761,16437,6679,1584,13670,4972,6651,13029,11921,8797,854,9348,NA,18194,7430,8772,7536,6224,NA,16308,588,9820,4360,2823,1698,7283,10226
74,8852,850,7595,18106,5756,15199,14607,6546,8184,10214,2674,7659,561,9936,NA,17443,19931,3027,15258,12792,5968,16508,NA,11924,18389,17682,4920,9786,9165,13951,NA,12626,10420,15471,5663,19793,6378,4146,267,2876,2778,18569,5337,11311,6663,1470,7576,18452,6736,3208,2409,13013,13426,10600,19821,13539,14178,11272,13953,15212,14987,13320,6674,8254,18850,NA,4487,NA,16459,3692,7354,1250,10330,18347,9951,13143,13022,15454
10390,4269,15895,1621,4979,2458,8534,15719,3080,18372,16266,16165,8364,13240,19303,3149,18153,6908,16502,18656,17550,1554,10300,14051,18491,12833,6242,1818,3596,15962,11635,9632,17962,12715,5054,5522,12697,NA,9290,17348,4824,6140,8097,15618
16856,7714,6155,11534,16570,2421,7026,11953,13242,3486,7369,17757,13729,626,4110,4891,7789,12562,NA,12070,8216,16929,2405,NA,9879,9781,15457,18455,598,3938,6460,17960,19541
6132,7290,9984,14587,18789,18106,13146,6883,17529,15305,8821,NA,17460,14625,15436,19717,14928,18426,13958,5864,1882,10359,19559,NA,12724,7048,2064,6298,10893
10054,234,3103,18659,16311,18255,232,11025,4000,16116,17067,NA,8275,4269,6199,1712,9924,4253,3795,1709,17509,10400,NA,2293,17795,11615,17972,19421,2755,10125,19481,5179,NA,17639,18907,14200,17691,18971,3280,6572,6369,3882,10999,5573,2955,NA,5345,4237,5696,NA,15548,3349,8835,5327,17007,4156,15529,17568,13052
3689,2585,13081,9578,16224,1458,9882,2303,11250,3144,6640,NA,3890,6101,4522,11383,7767,11638,6842,11426,9456,12009,NA,3881,10263,NA,8007,13037,2718,10683,4216,15662,516,137,1689,13,13894,17886,3746,12361,NA,5652,6486,NA,12652,NA,15884,6303,14184,2344,15869,16635,11669,6241,15853,241,18006,18571,2728
10931,2248,15014,3887,717,18736,19650,2593,6949,125,8876,16816,695,NA,13568,12421,13074,14886,10121,7492,17386,14459,18778,10679,4661,6950,10843,18424,NA,424,7155,10682,12867,19296,19654,6739,12651,10229,14430,19318
12463,8783,19772,1744,1227,5877,5785,10277,3820,16825,4673,NA,13329,NA,18079,1681,12214,12733,1391,6897,4767,NA,14741,7130,13637,4419,18569,13287,2058,5858,13118,13058,8055,8802,17821,3634
755,2161,15907,7940,7089,8497,7354,1409,7250,11624,5099,13924,10045,2967,19989,9621,524,5499,10049,15579,7018,12091,9486,5628,NA,14121,6919,16597,12732,11597,18632,2502,6995,8202,13184,NA,5820,3100,19756,18748,14610,13995,NA,5426,643,2534,2466,17354,993,9988,NA,14579,5287,9142,6951,6293,16524,18266,19769,18179,13879,19080,10986,15823,NA,13188,2318,9866,16302,310,11452,15278
15641,18447,18341,18552,2036,2858,18719,8835,16507,16325,869,13612,7693,19531,11928,16144,4240,2982,11457,17077,19361,NA,10337,10877,NA,15671,1107,4009,16259,5738,11305,17134,9155,13953,17790,19353,2011,1190,5185,176
10534,18587,19127,1541,15933,6050,2568,5881,14200,16232,13985,19858,16495,12841,12698,15183,166,7238,11501,4600,17608,19814,1735,3991,4936,9959,9123,8247,11527,7129,11998,13534,1690,4280,13615,5899,7089,7314,10347,3774,98,4669,7235,NA,17616,3647,7750,12149,2309,16469,6723,12425,2432,6793,14256,10564,3678,11173,18570
9663,15867,14784,14641,19833,1233,376,11758,8972,2292,8580,10109,NA,16565,19752,3820,18974,6692,5334,8564,5310,16834,9892,1198,15792,1647,16043,11481,16045,3710,18131,5260,4790,5695,10197,14919,2574,15695,NA,2755,7838,7065,4796,18441,6125,11201,8966,12593,8190,16251,8782,8812,19505,19306,11384,14157,17752,3032,15205,18951
9503,17118,1969,10476,14008,10903,6234,17668,17986,12349,17790,1488,17246,8475,7152,8224,9974,5206,18559,13592,NA,6060,10902,12903,6907,17738,778,2803,19392
1031,15842,14284,5360,3178,13151,18747,1387,19190,14948,16028,9404,9467,19325,14452,10758,2912,400,12945,16027,17289,NA,6541,18934,461,752,7725,15627,8340,12283,1121,12095,6767,18433,19916,2411,9514
11112,3378,7203,10413,10794,199,18395,6672,5268,9513,19891,12842,10495,NA,15884,7949,14969,8966,11356,16751,7239,NA,5542,1960,1218,19436,10946,10321,1563,4645,15973,7712,19407,1679,5771,4567,15375,7954,7875,1500,NA,10168,16924,4599,1725,919,5937
10353,7417,3400,10900,16020,9286,3455,10007,17759,10471,3957,8403,4279,635,438,2405,1911,797,5550,15761,3674,7208,NA,8021,6629,NA,142,2450,NA,19640,15613,12237,580,3891,10457,7254,NA,4952,6351,NA,16849,7065,13768,12462,19531,NA,12643,13186,71,NA,15773,3542,12508,124,10101,12995,11831,2638,11496,5517,13007,10658,3923,9875,7497
18486,8185,10842,13348,11390,3131,8706,14006,1155,1671,4206,14607,3377,5491,6198,945,5888,13127,17833,8959,2648,6817,7000,188,3905,2425,18459,8747,6409,6328,13691,811,5405,11748,15554,2264,18922,13650,3986,6379,1304,18463,NA,7906,7753,9,17753,19610,12427,10555,15598,2852,7485,9431,9565,14339,1740,3178,6534,2106,5335,3587,13436,8995,9072,5756,15435,18052,5059,15769,16446,5714,7277,18481,18412,4016
