10525,5580,2647,7522,12186,3545,8859,7591,16787,14218,15862,18565,7331,17963,17527,9105,13288,18789,12772,6455,2363,15428,17573,10126,13547,16165,12264,7853,15902,6881
16789,9674,14106,10703,19494,10005,14816,1985,16090,9554,39,NA,3362,1251,NA,14898,19559,7809,16046,5544,15828,19189,10918
4893,6557,8536,12225,1918,3744,16957,4222,12558,14361,16261,19723,NA,14869,12903,11201,7101,14629,3657,9250,3563,18239,1571,10493,6193,7222
17540,651,14944,13447,5517,7652,9067,5098,654,19792,9062,1867,740,753,4524,3825,13825,4773,19298,16021,17258,2588,9521,7481,13410,8977,15010,19226,10305,8233,9297,9169,3184,2937,12830,3717,6990,2367,9765,7896,18930,1697,2588,NA,13247,9649,12283,470,6378,15150,17637,17722,2785,17039,19998,14567,9327,17884,7870,18432,14711,18392,NA,16736,9747,4704,10413,19949,7210,16735,5833,1674
3337,8938,19009,11836,15716,18303,705,19476,19039,15734,1432,3983,19740,17216,11573,2113,11550,14263,3483,NA,7622,1782,10369,2004,16822,2080,3120,918,2725,2335,6915,8294,9677,7361,13316,19244,19513,5087,11753,7265,12340,NA,424,3617,349,16788,5555,5427,5249,6432,15224,16562,19757,18249,857
16878,13637,5662,2594,7153,624,5717,16173,3456,15935,3798,14256,6962,NA,3781,NA,6493,11917,9590,15777,9989,373,NA,9075,19844,3800,16909,NA,13986,7096,12707,6425,18965,13275,8745,835,NA,19169,2808,13772,9467,18618,6309,11590,14245,10051,18884,11850,14567,6240,3137,6362,11903,3157,19822,19292,1473,NA,12036,12102,17513,7631,159,19170,7414,16581,8760,NA,15738,14594,313,1879,2121
5812,3790,17927,11413,2611,4638,13267,18443,1627,10971,18188,5049,6840,19554,NA,4911,15766,NA,10080,9904,2159,5105,1141,19083,6281,6597
18605,17517,7442,18115,4442,9864,1743,12258,11777,5979,1951,1527,19339,NA,5089,14267,NA,17267,17166,489,12187,18646,3853,18874,10575,7942,13550,6741,4184,13783,10818,14357,612,5670,1666,15366,NA,13483,3776,6287,11437,14673,14152,16544,NA,9850,18792,6410,18380,6231
13896,14806,17603,4018,4630,1319,13358,16753,12330,12298,4310,9746,1184,15086,9034,12129,1828,2537,3779,5670,13520,17321,17129,6673,9448,14606,5111,17170,16441,NA,18283,887,NA,10588,239,NA,2749,393,16965,10876,NA,8322,16901,10734,5225,2844,5744,11316,7016,15053,5586,6485,1208,17556,9913,3011,9840
16451,3386,6041,9971,5939,3745,8407,18557,10184,2873,4434,8887,7621,5606,NA,6228,5057,13759,97,15639,3256,17584,16808,7663,11952,18049,8655,11563,NA,11451,1888,14446,18492,2224,8015,19880,10963,13805,4893,12136,13486,8106,7622,NA,15141,10985,12623,881,NA,16141,889,9507,19747,8974,7020,19435,6708,114,15375,12030,16237,19161,4806,1554,10072,6197,17813,15416,19903,5235,16414,10952,4013,10063
398,17340,8778,18650,4931,11281,16931,180,19056,8651,18009,6333,3249,7989,1289,7591,18446,1887,17724,9705,13351,18130,7054,14103,8002,2607,19383,10936,2125,5899,2010,17145,556,15592,6585,7305,13524,11871,NA,6727,1434,10959,8253,4885,15248,5874,3192,11928,713,12945,14085,10378,2101,8574,12571,1340
5186,7266,18408,11702,2978,8929,3194,7512,1522,17526,17170,NA,7676,9377,6782,5504,18719,17696,8103,14654,19525,4281,296,14651,12244,16473,14008,9384,16027,13761,4945,15855,10244,9615
11686,18917,3769,3317,3511,19274,14146,1497,4927,4546,5472,4040,8220,16519,6902,NA,10230,10457,14340,15347,13338,19502,19261,4262,6181,12976,889,1849,17115,11743,18123,13112,17644,11055,14,2279,NA,18447,14508,15816,7985,19019,6464,18542,4627,17368,12854,10764
17884,4398,5706,14610,15088,5300,4705,11343,8946,14063,3728,18283,16953,4791,18628,17544,NA,13021,10052,19458,18791,11026,4548,18880,18542,2765,15510,13103,5826,12509,11763,NA,5378,16517,17747,2831,5337,NA,8274,16192,5772,5716,13647,15344
2660,10528,1208,2553,5568,18859,5076,16001,14043,7030,9931,7049,3014,3635,NA,3983,63,2991,1635,407,6251,7636,15652,19562,7166,13869,10726,13276,1321,5717,13018,15986,16637,970,19273,8772,201,9244,4748,18630,NA,6785,18288,78,3141,NA,294,7323,15783,16566,2624,7905,11590,1876,15098,NA,14779,5409,11463,17075,15096,1719,NA,4916,8031,5694,12918,10503,4899
7811,19761,7228,693,17075,1828,2589,11472,10314,12328,12900,11471,18927,6616,11236,2791,893,14165,NA,318,14830,16554,15760,8777,1327,6914,1640,5702,7500,18609,19868,10582,15506,2212,5372,6274,19155
16548,10302,11024,18298,19212,4866,17126,8800,10613,11647,13687,17908,12034,8425,14649,12392,7598,8871,14352,175,5346,17281,7110
11529,15556,7040,15500,16696,5432,17829,526,10559,13497,1018,8604,18947,1656,11443,9924,8460,11550,4280,17634,6533,2889,12091,10236,2768,14793,1610,14093,10213,2703
17369,7142,13951,15412,11775,12399,18745,7733,14090,16253,19777,10703,9055,19576,3565,662,3005,16998,15278,319,13590,NA,11768,15297,8096,7979,15901,18584,17622,1646,3639,4408,19594,291,13873,2303,NA,3652,1944,13182,NA,13201,10492,16962,10989,13405,NA,19567,16003,9131,9068,7018,8943
1846,7500,10528,14887,15157,15756,14099,14781,6000,5408,1595,19394,18100,9974,9948,18827,NA,6797,11129,17394,3972,7579,18840,NA,10551,16467,19934,10698,NA,6062,11988,4797,8625,17145,1736,7308,4287,1899,17488,9478,7756,4766,2793
14675,1839,6187,19013,7005,40,5487,6969,837,10617,13612,16736,18720,13143,12410,1919,12387,18361,10009,4973,4845,12760,NA,13850,5573,18019,13965,3132,2842,8515,16828,10255,11103,18274,17833,1891,NA,6000,3103,10809,15719,19883,11930,15468,9837,NA,10145,9289,19885,NA,9646,12082,18315,NA,19557,1765,18296,10997,5505,8261,18223,10326,NA,14944,10584,11165,14062,7993
1660,18384,14480,14380,18049,4122,6450,16351,6558,5047,984,19049,5283,3378,6285,827,13910,14251,14011,1011,11400,4209,17326,12957,307,10852,13664,10650,11309,5132,8447,14381,2799,NA,5146,3586,67,18818,10665,4389,NA,4138,19528,NA,15470,6151,14583,4720,131,7666,13498
3951,3285,10460,278,19767,13579,8997,18290,9787,17066,4387,3534,15797,2645,8057,17430,NA,10730,NA,10758,18781,4015,8098,16546,6994,16767,4770,4611,NA,5751,9765,NA,8046,7320,9334,16993,7727,8911,10199,19352,5947,4785,5805,15988,13843,9381,240,13976,3275,12773
18946,7628,936,17953,1223,18284,10249,16611,15042,14608,6576,279,12264,19941,15489,4661,13092,1401,14252,1322,8296,13282,10964,15967,4500,3633,13324,814,11043,11148,18715,1057,NA,6898,13225,3486,10433,14274,13510,1952,13734,11094,10454,NA,5948,9114,13427,384,8481,10400,19205,NA,13188,7295,14932,9169,NA,18437,5323,860,8390,18988
19009,2661,6583,18749,19192,431,13798,8059,14014,3190,5628,NA,12699,17406,18596,19258,6837,11012,14116,6860,18065,13739,17831,583,19506,10360,2502,9449,9630,3581,18725,4842,9744,9716,6867,8181,NA,2818,8226,NA,4341,13402,8502,NA,1503,2317,12811,15329,10865,7593,10309,1051
14021,2269,6062,3435,19187,6909,17790,17189,14547,6393,4627,17158,6281,4198,6552,13473,19622,13153,9016,8696,NA,3460,7949,18870,4027,1372,4636,8839,14869,3383,6843,367,7939,2350,1254,14851,10280,4433,16069,10681,10780,11635,8727,11775,879,5098,1465,4911,11145,11588,NA,8667,2346,2693,11324,15845,3496,NA,19179,8972,14897,9477,2716,15824,11944,7770,12345,19750,2295,16520,18013,6990,12191,3326,4998,500,2636,19205
19041,4007,6992,7122,11375,8291,15678,11450,12048,6079,12614,13563,10959,16677,17345,7817,7144,2275,14684,8441,16926,9480,12624,7229,8817,1824,NA,18504,4917,9100,1493,4124,7631
19566,4638,15925,12792,1138,15023,9534,7734,9128,8573,2382,NA,5077,18190,14586,NA,10855,2822,15411,15974,15672,NA,13986,11327,NA,14226,5901,19619,3484,858,18991,18976,NA,5114,10086,14989,4668,16584,6289,6474,11367,1832,15315,3016,8217,2024,7839,4599,11212,18190,4998,7721,17509,11745,17560,14276,12329,2663,1064,17576,7147,18532
19809,13320,10729,13687,5781,15506,9730,14970,8089,14256,6522,4469,14525,4611,18424,17238,2431,10450,16018,4300,16623,9220,9677,13255
3808,5371,11085,9236,10102,3788,3527,9266,19728,19414,9035,11539,9886,7206,19352,17341,11009,19342,568,10549,2217,14787,16906,6550,1470,4121,16652,NA,14150,12652,12803,12209,9769,4454,13607,18720,2959,3629,10009,16674,14910,3744,NA,17630,5973,14174,1543,7189,18134,19036,5487,15816,5086,7998,132,5658
6705,16652,12637,3940,10749,10292,10037,10289,2426,1009,1737,15091,NA,14742,1731,2675,10735,NA,6111,17174,1361,NA,8594,986,14009,6699,9863,5902,13318,12098,5262,2551,7444,3954,NA,6800,14503,15267,13723,10638,7832,8521,8691,11585,NA,10738,5229,5166,18926,10175,NA,16199,3204,2981,11389,9915,3609,15924,11867,3174,539,3691,3418,9019,13991,NA,19669,NA,16257,18147,401,3730,12333,1562,19241,14882,16630
13531,16740,3081,2969,393,4633,10803,15448,799,12829,10590,10084,16091,51,17202,NA,11888,4526,19007,13023,7642
1801,2708,6393,13711,7160,16342,8844,5777,16710,2205,16124,10455,15971,8035,11563,8417,7645,NA,7002,19865,5679,12190,17556,1265,7848,9769,9075,17973,1497,9341,4918,854,5828,1729,9459,10427
15083,2986,6015,1573,11770,6846,15109,16230,13099,19892,15774,6756,14383,2010,2392,10477,9727,2162,7860,1512,10177,3722,6080,1460,16755,7000,NA,6858,6187,18630,4128,8027,9591,2661,10800,6448,11978,2097,14831,12772,17442,3240,2499,5021,16035,2701,10108,9492,NA,19732,3928,NA,2283,2181,806,17117,221,16321,7480,3748,3487,4419,6087,17890,6634,2141,10422,16945,4471,19236,55,3467,14138,7249,17164,10627,12430,15993
9613,3169,158,19407,17898,11620,7692,18014,8781,19396,13869,881,16172,4113,4580,5624,NA,18047,18570,9283,9318,13623,4788,2060,11384,7462,18905,10139,18190,4930,2848,19742,13475,6704,13204,NA,13936,4204,15802,5962,16228,3836,1613,1327,2249,230,3257,NA,3485,16422,2483,14902,9669,14632,8152,5642,10205,10539,3013,12478,8607,12282,8055,8188,11579,3615,18755,12816,16287,13318,2363,7365,13062,13614,2680,7976,19218,13514
12668,3488,6597,6758,1847,18892,19348,16908,13903,7627,9739,NA,2090,7411,8711,1472,5512,5517,11583,17961,NA,6247,NA,8028,15798,12442,19633,7501,9601,15033,13734,8288,14428,NA,4516,19589,12080,7560,19696,17483,11283,2198,17779,3353,18565,3405,3629,8250,8843,19562,18465,6365,16127,4337,11600,13890,18646,12459,10577,1117,19397,13230,5062,1067,5397,10696,12916,19525,14292,NA,14000,15146,2467,5054,745,11343
19117,7336,17497,7721,15291,9749,18345,11417,10927,489,6383,5143,6492,12122,NA,16097,10017,16321,14215,360,2755,3804,15489,10588,5962,NA,4006,12978,18427,3817,7225,5544,11242,14520,13626,2833,6542,NA,971,8193,15470,2599,5814,993,4246,2562,16069,8575,8445,19487,8362,17604,6888,8083,4113,16971,6531,1250,4499,3520,13873,2986,13524,9008,13586,11599,12132,5083,2810,3997,1083
11703,19407,14342,12501,4482,6287,13876,6597,17559,16964,15829,393,15481,11291,447,6520,15954,19121,7824,12722,NA,5142,9032,5624,NA,4856,13426,11339,NA,6362,NA,6688,6066,7384,2962,19206,8124,6838,15142,7483,15525,18959,15385,91,19590,1709,7286,NA,2482,18371,15972,3012,3152,15092,3791,18299,7684,6382,8894,17252,8509,4768,18713,11656,15107,7827,12586
8076,3485,5147,13156,7391,14793,16471,12635,8745,3013,5172,628,18345,1311,4876,9502,8999,12522,7609,4468,5330,7686,18536,NA,15090,16019,12844,5166,7637,18120,6685,15561,17558,14079,3047
143,1034,11484,501,11770,18543,7577,7464,799,5820,17963,480,16653,361,NA,7282,7301,7042,5048,17134,14613,4534,14423,5691,1936,12470,16223,13900,17230,13436,16875,4945,9635,18653,5211,3,11725,17189,12636,8003,NA,14346,13764,1007,12173,3009,1438,6573,10856,3601,9423,4978,7542,18572,NA,18730,10404,5118,8196,4933,15704,11011,6169,2564,4736,2419,16749,5229,6618,17894,2184,17663,16212,1153,12041,7871,11254,1654,3571
9262,8877,8282,15192,17062,16112,9657,18042,10813,5616,11116,10285,1226,5377,NA,2333,3764,6325,9955,12203,8905
11651,13415,5559,19978,10129,2493,2524,11312,18801,3592,19474,12946,2999,18369,16024,17041,19153,8279,9559,3186,17472,NA,6922,8836,9033,11007,18621,3212,4419,15296,12256,13608,16615,18852,9518,1474,12086,17261,16474,2687,7731,8352,1342,12117,8018,1003,8271,6379,11889,463,5192,16399,5735,15187,460,NA,12940,10598,1362,1317,13444,18020,6688,5909,1823,19183,13645,11944,6157,13676,5102,18445,7208,2986,13689,7269,9408,3043
17324,10124,7955,15759,17155,11665,16986,11526,3753,3967,14804,903,7838,10174,8484,1443,14956,18250,1323,9189,17239,8004,16034,8134
8637,12059,15629,13966,10516,4112,12598,7376,18286,12726,18113,3256,18927,3146,5069,13773,7726,4227,19023,12468,16375,9451,18390,13489,8041,11432,NA,18206,17906,NA,2673,11236,12946,1940,12240,12139,17765,17934
12344,19760,13875,16359,12641,3251,7856,18105,11624,13015,19084,NA,15961,4341,8623,11246,19925,NA,19370,16104,7529,8708,5152,10471,1405,8337,NA,16767,5570,9922,17480,10582,7401,8167,7268,14211,NA,1031,15897,10201,NA,7055,NA,2331,11815,3680,6051,2204,2792,608,19026,14989,12066,15323,11310,110,17209
14806,2906,11872,17589,7923,19857,18583,19345,2404,323,893,409,688,16699,5609,17400,NA,15064,4365,3868,8770,464,3889,18199,10653
11573,4995,18189,10505,6791,219,8063,14182,3328,16514,14381,941,3666,14526,18837,1100,5309,2167,10608,13483,19386,8536,NA,7545,16199,4843,1495,16317,12122,NA,897,1974,9023,9642,12311,9561,7372,8530,1727,1105,2749,12179,19241,17755,10743,925,9834,7266,11669,5710,10898,19632,2263,1746,538,10286,6090,10581,3644,19417
19063,11065,13377,12493,3327,17776,7123,12773,17477,12802,5800,1754,NA,13632,18200,7964,19232,NA,13866,14869,NA,14925,2869,2593,6024,9189,11511,16096,17214
2651,11455,3301,7845,2102,14618,5324,4978,11922,16258,15981,14628,NA,14743,1482,10920,6056,14495,19969,19755,1482,4358,7156,3375,17554,4294,8395,NA,15077,4021,16584,16221,18771,7808,11288,16042,9352,9379,11327,6969,NA,17528,8716,14794,1597,6389,3230,8268,3211
10724,3755,17639,4441,15807,6537,16072,18266,13774,17602,19388,16736,13367,14019,19097,18321,930,8539,11996,5089,NA,16471,581,7628,8200,7505,2652,9896,16146,NA,15892,14794,16541,NA,7997,9296,4511,2621,17914,12537,14399,11536,15493,248,3128,3934
12321,4545,17194,6308,4465,12445,10868,4761,5587,3039,12993,15429,NA,3585,10177,6758,11748,1945,10865,12288,253,159,472,6087,18509,12065,1706,16847,4775,6394,NA,12270,4245,6089,15249,17547,1216,15628,5890,7390,2914,2707
11528,7673,8527,6704,12459,15105,14706,15224,3961,14066,18085,19463,5839,3537,NA,6378,227,13887,4327,14086,3363,2860,19023,NA,11520,16707,6060,16007,2931,5125,16562,NA,12388,9092,11383,12451,13477,19156,NA,1756,6063,NA,5118,10807,9385,16360,NA,3291,11817,NA,9683,9458,12542,6367,16632,19703,5963,12800,18088,3636,4687,2031,807,17484,7837,4549,15338,14666,14801
17843,1570,16343,4666,530,13251,4896,13333,238,12612,6503,13715,16717,4309,NA,6679,16080,18968,NA,19316,17451,5055,5052,17457,NA,5273,2519,NA,15944,5428,18812,13981,1943,5778,16953,11761,4307,5702,14142,8460
19533,18882,11529,14419,8621,2519,3385,3576,9228,3077,17014,NA,7891,NA,15928,10491,16201,14804,1353,299,13787,19851,12505,19794,12918,4457,12067,NA,527,6428,17200,11651,17850,11432,NA,5661,6353,NA,3605,4884,12552,3155,18006,NA,9026,18092,5615,14809,3388,6883,18385,8724,8577,NA,10973,16772,18388,16595,671,1287,14004
16473,10666,3446,7242,8264,12865,7593,8702,42,7409,11952,8941,9837,14472,7695,11449,12895,11992,16468,5232,1065,475,NA,3796,NA,18887,16352,18829,5811,4078,10149,16370,13793,11786,757,13466,15186,19912
14119,11042,8044,3978,8228,14454,4444,17069,17272,3380,15606,13960,12263,12419,12170,140,11086,2419,10032,17975,7788,10410,19561,190,6277,1890,9723,NA,5348,4894,14702,NA,11249,9590,11761,6423,9495,11947,10550,9196,15809,10759,17154,18087,15885,17575,18607,3226,17397,10853
4893,10001,3287,19343,9426,13421,14879,12757,15912,3390,18679,1329,4622,12996,12823,16986,8293,19378,19895,12832,643,NA,18842,15970,12968,NA,17705,NA,19513,349,5524,19702,2509,8314,18598,17764,2821,19327,13224,3554,7793,11717,8884,494,6891,9182,292,13903,NA,4887,13850,8345,17644,17512,12774,19360,NA,14133,NA,11740,19660,16510,12227,38,NA,13408,15121,17623,12444,271,5593,11413
4532,15728,13246,19193,5111,8413,13933,14189,1977,14070,11569,2666,1542,8940,NA,9169,18375,10381,15067,9848,17240,16687,14554,8964,3563,8446,19715,16918,18527,2424,15647,8084,NA,4080,2524,1922,760,4200,8249,9777,12184,1802,2676,NA,6586,19156,3100,5980,8199,3249,NA,8317,15074,10252,8411,15688,NA,19123,17754,14500,11466,9689,12673,4885,1647,19636,18237
7828,19923,13069,1623,391,6607,11929,3927,8300,1348,11028,8895,2478,9529,11765,19636,12180,15899,2400,6450,9455,1735,17411,2091,9542,8170,15066,4688,10820,NA,14007,19710,8865,8111,8673,16565,3745,9719,17990,15656,15695,6955,5232,19017,623,15366,6139,NA,18893,5978,4882,6932,13918,10095,NA,3774,13512,12707,16034,1887,146,18693,7523,11394,19200,190,15571,1539
19300,2898,14561,4075,19713,16988,4785,19690,16043,7157,5634,19659,18678,14059,10814,15805,4058,5516,14619,10973,7986,17298,1264,91,17664,7344,6366,3338,3694,9902,12322,3251,15607,17963,5726,NA,321,10050,11845,13133,NA,3743,6402,4293,17855,803,NA,7360,9741,11596,10787,159,NA,5033,NA,18517,15362,11717,6709,14522,18451,18543,15923,9345
5146,3360,10155,14692,14984,19308,1711,6320,14139,16985,5997,16063,NA,1608,14033,16819,799,8945,1900,19184,17869,2829,14626,10512,14693,10277,15492,5612,2324,2263,10113,8203,9339,NA,8529,10103,15985,4462,12375,19180,4122,8777,13376,6617,14278,9409,15552,19514,16026,14677,10276,4801,NA,5077,5752,NA,16842,17850,12388,15815,NA,2783,10694,7130,8924,15272,7041,5660,NA,15556,15393,17601,966,13581,11282,10300,18616
14751,9215,3183,11549,11009,5761,10064,7392,14372,1480,8676,9861,6034,NA,19540,2108,382,8451,NA,2869,6171,14887,NA,547,9634,16015,1452,8904,1570,13467,12481
2198,6185,9220,5145,3006,16417,15262,1686,19613,19291,4327,6125,2236,15302,2266,11689,14249,17568,NA,15127,14603,6417,3576,11820,17967,1895,7174,NA,8128,9858,3161,9447,13468,7512,5293,8695,NA,11055,16282,9896,14795,NA,18701,14470,13410,13463,13331,NA,19363,338,56,15823,13168,7686,8150,NA,12636,6035,NA,9278,12665,3385,2738,12391,14057,9357,8209,17730,15321,467,12386,5555,1233,9326
12015,4571,6260,2680,11011,7916,6586,11087,1469,4925,4919,16085,9063,12662,9545,1642,2871,18424,16234,7687,2960,2102,9408,17750,13732,8531,2428,7549,6319,NA,3242,18988,4352,NA,19062,18895,1980,9866,4155,14965,14945,4578,11633,3862,11044,14828,19176,5288,NA,17702,6041,12901,9740,435,10726,17318,2238,15747,13174,8651,17839,3979,8386,6449,7400,14759
19499,17837,6835,16611,824,6732,9482,11440,31,10245,3947,3614,9580,4313,203,NA,6519,NA,19330,10458,17876,19437,14909,14374,5902,19725,2066,10029,14732,15872,11484,3869,7185,3690,5174,1546,17930,5403,636,NA,19897,18292,12843,7441,14774,4218,7895,1744,10594,5954,16646,711,16872,15986,2314,458,11722,16433,13495,11613,16662,18298,3484,9906,15237,11077,13177,1144,17847,8758,14279,2758,19404,17978,5063,19439
4425,9791,14745,437,6190,7068,11899,15357,5991,1024,13298,8257,16090,19447,8659,12845,8431,NA,15748,607,5542,14863,7392,10308,15754,10782,2249,4064,15695,8332,NA,14001,18437,4236,2985,15127,12899,11400,17242,19572,NA,8222,121,12412,8863,10555,8535
11805,18727,251,11091,16109,4238,7590,3855,11729,4379,16157,14141,10380,9447,17870,NA,19821,9241,13193,205,10440,6154,19440,17312,15614,15925,NA,11388,12380,NA,14798,NA,12705,9513,18900,19218,8986,9014,3169,9141,18326,12440,12592,15692,14597,6,13979,1474,9726,3073,1357,16254,13928,19125,14937,18576,17394,NA,10476,7106,2398,8377,13836
8579,7767,13824,4039,9955,3305,18843,2350,6300,9604,16614,16092,16763,4556,6734,19674,15902,6893,NA,1859,7248,15616,14874,3224,NA,11920,13649,19626,NA,6480,19574,5255,7242,2834,7396,NA,3071,17747,3184,7253,8523,1176,17488,4598,8908
10324,5460,6673,12721,5553,2762,2192,16337,17228,11493,2651,434,14530,19952,11051,18408,6565,NA,17573,18237,13801,15607,19518,15497,2988,16886,13863,15547
17752,7901,2616,10323,6383,2153,15096,16056,12336,3209,11538,3211,10225,10947,1883,9533,7865,3892,9028,19910,7109,5104,15472,19553,1944,10737,6945,9455,17244,NA,4961,15537,NA,13198,11142,11973,5158,NA,3388,NA,12429,17176,1860,19203,10193,10473,8471,15811,9490
8359,5603,5405,18066,13276,3905,11179,9218,12701,887,3684,4423,11142,5431,8350,18927,12973,15755,4335,17350,5059,6259,11131,19697,16799,11625,NA,12073,105,17732,NA,4471,19763,13019,6525,12132,11032,14207,16686,5989
14156,9170,4096,16219,12080,8418,6640,12439,15505,16927,19721,NA,3161,NA,5699,13258,12425,15687,3282,NA,1857,8830,10623,5151,2696,2036,15223,NA,3349,1672,5633,5970,11600,8997,11729,1682,606,19630,15607,9545,1040,9961,5761,2008,8221,12731,8473,7590,8588,NA,13162,NA,9666,NA,11935,17835,3404,3791,12905,14982,3965,4386,732,5222,14614,10927,4260,16300,6945,19652,1827,19371,15135,13818,1937,14353
14499,8172,19887,2615,7965,3849,6661,11653,1176,15659,8911,2116,649,13556,19416,NA,1251,15265,10093,10775,12907,8449,17948,14495,13442,16289,NA,7289,18652,4703,2570,18105,4217,NA,15112,9340,910,11522,4859,NA,16092,9361,14394,7502,4139,10658,8849,13532,14741,9011,13163,18676,15598,5880,2644
18290,18494,13328,5346,3423,2885,4227,4601,10147,7649,19084,4549,571,708,6312,7742,17980,2729,3381,18327,6996,NA,18832,13206,14567,18650,11521,349,9273,NA,13209,6805,13025,2168,3766,4101,19674,1289,13003,11787,14864,19412,15452,8119,5516,11300,15715,1506,NA,13666,2777,18995,18405,7752,19246,18295
10778,1276,8463,1643,3169,4605,19495,18195,15499,14906,318,6918,13020,3206,5378,16127,3708,15857,5801,19178,5502,5998,3601,19513,12628,7741,1956,19065,17574,17739,17629,10307,13401,10468,2962,18330,361,13731,15532
10464,4543,8360,13140,18539,17649,18157,5236,3068,19533,8101,18177,9610,4132,14324,13513,8320,7264,12030,4974,1941,6200,10450,9128,NA,12345,7311,451,NA,2160,5917,15946,14061,19464,12314,12651,7091,17084,6026,18310,5617
5918,2810,6602,19794,15669,17206,1674,3678,1097,12154,10285,NA,8221,13396,14148,11460,14282,13672,12437,2831,7072,NA,3993,8622,3562,12093,5756,11247,NA,3063,15213,238,14177,299,19378,11512,17555,3983,1428,603,17342,222,13648,17012,7586,7337,18636,11817,3477,13868,4779,19787,4261,19577,7963,2649,NA,14692,813,10921,3458,9962,19403,13365,4361,NA,8741,1008,NA,8161,NA,3567,NA,8447,1247,3238,13416,16706,12531
19751,7047,7554,2889,14883,5648,1552,13858,19232,5128,7158,12986,3752,NA,6807,16937,11923,12289,10345,15579,9787,10061,16518,15592,2648,14451,4913,7633,18451,1731,16848,19335,4648,18664,8153,15574,14030,6327,1224,3603,NA,9,2609,10149,17053,14139,13191,2419,14269,9245,13420,7233,16780,12311
12323,909,4799,15637,8539,3137,6541,15744,8489,14915,5484,8528,17141,19695,9871,11620,8738,7796,9096,2597,15951,2482,10417,7862,15016,NA,11102,9303,16363,14700,1285,19570,8159,3965,2720,3769,9096,17937,2133,5422,18892,235,14863,16564,19372
9970,19610,1483,12713,10814,18942,12282,4464,4193,6015,15031,1468,15941,NA,16,NA,10747,15556,12071,3028,13680,7320,16416,NA,5735,15825,11737,12769,11281,13140,7804,8681,4314,9823,2032,3204
7285,11452,12506,9363,8729,10700,18915,17873,12028,13735,746,19969,NA,776,6780,3118,14152,10948,12748,5811,NA,9599,9596,11320,4376,5363,9682,NA,10985,10066,NA,62,11704,2467,11887,10745,NA,12760,808,15710,NA,2564,5579,1105,NA,7365,17389,5866,12688,1882,14144,13709,9246,3199,7479,720,10326,10123,4103,1478,19928,4933,16315,2011,13810
11169,10594,4905,6339,19987,10271,1051,18,1334,3761,5986,8536,17571,10930,16984,7581,14719,947,9958,8604,13806,12837
1773,10923,658,19140,6021,4981,5309,6463,76,15237,11625,NA,11300,16701,8865,13475,14922,15381,7121,17691,1063,9196,13312,17518,9561,9874,1069,12621,11290,NA,17219,12736,4676,12097,19917,14184,15548,1031,8001,2639,4228,5743,5920,9957,17991,4140,10462,7526,3965,10715,476,15528,5562,4764,NA,15477,6183,3473,1903,14662,5432,19757,10028,13053,5771,11060,1686,12544,4605,2614
3345,1002,5744,13124,5835,13064,15579,17936,12011,4230,369,18346,9384,19520,12711,NA,3656,11535,14449,4617,7163,1186,7390,13356,10667,413,NA,19670,2744,202,15983,1175,2942,2226,16440,17339,1801,13460,13733,9227,2267,18862,18935,5969,17913,2211
11461,8556,8426,12682,2169,9560,1297,11162,17799,17076,4516,104,4464,7937,13415,12800,6070,19406,1756,16363,19856,5258,15896,19380,2746,9976,11849,NA,6803,10539,10127,10846,9075,13273,6845,19614,15117,6348,2163,19048,4681,17757,NA,5376,1464,10558,16812,9210,17921,13034,74,NA,10964,11684,18014,3615,17214,17547,NA,7408,NA,10004,416,8845,4893,14063,15547,685,16046,18746,1569,18597,14816,3061
9929,1349,12146,7613,2772,6884,6408,16691,12127,10978,163,12591,2497,11459,12221,14403,2892,1734,11983,15268,11975,764,13820,1906,16742,1446,2999,3794,12282,3887,1843,17438,8456,17297,1854,3476,5026,8195,14742,NA,13440,5447,11064,14906,16018,14350,13060,18890,16248,1608,3142,9024,NA,4919,12712,14788,9117,66,17905,NA,392,10632,7205,NA,5079,10418,19407,2887,17738,19583,10483,2029,14142,15767
19409,9841,17985,236,2539,17353,6933,6565,2236,12067,16300,NA,8381,9402,1830,8007,19278,NA,11458,19154,5233,15064,37,10445,NA,15110,10937,15754,17924,833,15456,17221,14069,8074,10410,2133,NA,713,3539,463,16751,4492,16053,14303,3695,19077,5113,17918,6774,NA,19154,NA,3253,11840,8836,13825,2965,9960,9234,10603,14366,2050,1558,18259
4664,16232,8993,14606,12557,10477,3704,1859,16542,942,15928,NA,17632,NA,7520,2399,13225,13120,4914,4583,NA,16312,NA,11992,7709,9477,590,13449,2610,17204,15028,9436,15516,11419,1124,9422,NA,17513,2980,16903,12887,5800,4122,6510,4882,10196,4555,13917,19907,6199,16413,8135,16276,2222,3517,NA,2090,1965,10501,7274,13897,NA,1678,17840,10230,2138,4247,1534,3933,6922,6506,8752,6115,4233,1231,6008,9609,18324,15003
