15200,940,541,14259,35,8462,18846,13879,2247,19034,8590,9982,19592,13127,NA,17030,14252,9410,10924,14851,7578,3158,NA,18750,15206,6993,1397,18208,19120,8107,15002
11455,16115,14288,9838,17868,15050,18751,6477,3051,7272,5042,9152,3624,18880,8304,7475,19624,4546,12530,NA,16060,7313,6841,NA,10077,1930,9661,18611,11757,1077,13984,10700,8733,10549,2373,14986,3881,15320,14795,19016,13025,6448,5458,14462,12388,9997,12544,17056
653,12704,17062,7269,11343,7119,15386,3776,7978,12577,19308,13539,9539,8857,16561,NA,3100,1486,13668,NA,2587,11508,4879,19387,5562,17767,14310,15281,17375,7861,19651,3948,9914,5358,552,NA,9771,3931,2322,NA,12281,17383,7037,NA,12276,3176,12659,NA,14954,3250,3509,14091,NA,8302,12633,72,10631,11555,NA,13792,NA,16430,16517,19222,11752,13989,9194,11218
11709,17934,14466,7610,10982,908,17751,12439,270,1858,2846,4988,NA,14539,13314,12226,1022,1605,9821,NA,19103,17297,5028,NA,1824,15703,6594,7575,5419,17174
9810,59,3419,4728,16507,9458,11802,13879,8595,12293,18593,12068,10733,17562,13048,4043,15972,5438,12728,1405,2843,8628,6560,13685,7442,4245,6254,NA,5893,5144,16972,6680,5999,9012,10693,19142,5231,649,14294,9597,16394,4108,1214,3917,NA,8938,15578,4571,1839,14834,19762,4789,4980,19978,17708,NA,6987,576,5089,12858,5545,NA,19564,6843,5704,13607,12971,3120,12833,2243,15240,18607,8231
5165,17605,2946,12553,3491,9492,16096,6190,12796,17488,16875,11153,1672,16827,10569,7583,10929,9953,7382,17275,3228,1247,19455,13510,6235,2319,16373,3329,8455,17770,14231,3942,4040,8945,9797,19404,3993
15267,7847,8502,629,13953,5044,18829,15383,8303,18181,3923,6250,5654,2091,NA,3726,5285,559,10252,16571,NA,17295,18186,NA,18348,6830,16515,14073,9143,14899,16130,17966,16176,12736,NA,15019,19020,9665,608,8651,14622,14971,116,15906,15694,791,19094,1853,4026,7442,16584,19817,12852,14874,10480,2427,10232,19531,12082,15201,11042
9985,3871,11119,1488,17136,11707,10243,2795,1836,7744,12620,12005,NA,15871,13367,13242,1416,14228,16715,12718,13325,2358,7423,NA,14882,6610,14794,13553,NA,14788,5087,4879,14153,11755,13610,17217,17094,13315,17845,11906,1992,6920,3386,1585,7647,9701,5121,NA,11820,17663,12609,3434,2201,7698,564,10936,10837,1156,7401,14483,8332,15594,NA,10016,NA,5727,366,18042,5983,14269,574,3072,19963
14516,3257,8604,14503,4607,6951,1849,16058,14029,12262,9438,1241,488,7059,9297,13112,3642,1680,420,14624,17329,8326,5000
10625,18957,15137,18993,16470,753,16099,11126,19588,18425,6699,2494,11799,5373,5601,18861,9927,1643,17224,18432,17331,15558,NA,8751,18854,15082,NA,2904,10844,NA,10011,18765,18829,2961,4256,14008,13269,3574,15900,16341,18638,11047,9150,17875,13028,17414,13422,5319
887,15639,10266,2430,3900,6815,15015,10254,7524,17926,15784,16387,5213,13179,9066,14913,8201,762,NA,6613,6090,12364,18309,18423,2180,NA,2853,14762,NA,3186,10967,18222,NA,4516,17715,17268,8869,15919,12429,NA,2519,2310,19944,14465,11068,12776,NA,5900,11451,11958,11750,1091,7168,10942,19505,12412,18408,18177,5929,13815,11625,2169,11372,6704,14343,NA,17585,19001,17767,11063,12508
13812,18046,1076,8784,18882,9458,13770,11025,16946,5504,15626,3331,8334,9973,16844,NA,16711,278,822,16141,12048,1754,18016,3054,14734,13309,13465,4029,5971,NA,11327,14698,16566,5846,13400,1762,5512,1231,17496,11584,1832,4491,10636,12842,12354,17994,7297,4744,NA,9240,8330,16545,3137,1305,8644,14765,9763,15877,10267
12137,9349,18428,14112,1625,16407,0,11204,5632,7514,1173,8120,7957,9301,14037,7231,215,13728,15515,17137,4944,6850,14980,NA,17919,13141,4620,13163,15092,18207,3051,869,15175,5665,16061,11984,13415,5250,16540,14378,8975,7980,6453,12747,18964,13579,2830,19535,18042,6295
18314,8787,15075,14038,17191,11733,1309,10424,19726,19082,6771,2055,NA,1087,8178,6997,17694,11711,355,5914,12512,11596,13391,4554,11404,18730,12147,4288,12850,13338,7576,15142,NA,15709,12600,11189,2506,7945,16899,2052,2514,NA,9023,10294,13767,14484,13129
3867,7352,11199,17897,18977,15688,1719,3473,6372,1245,10371,17057,19828,3001,3429,12109,9583,NA,19501,1147,19380,6439,14285,10428,8579,14461,4810,2558,8412,17704,7350,3141,4725,17023,19029,4809,18083,NA,11744,6353,3727,16816,2575,16829,14192,17139,2104,NA,11036,14283,11541,7599,NA,13956,16770,17044,5837,NA,11191,NA,2509,10201,11830,15144,12409,11300,516,8118,8450,10312,6420,7749
12706,15482,16699,15920,4554,17108,16755,386,18769,2217,14684,18381,17052,10964,18138,9104,17916,3527,6787,6886,15019,2951,13102
5606,15446,8877,6210,6774,5914,2884,17805,328,7292,16278,10743,1126,NA,14073,18004,15388,17614,13759,2494,NA,16662,11285,15284,15660,16630,3445,14768
9911,18422,1927,8292,14918,5080,8598,5879,6901,9507,9395,12816,19180,4994,10255,12745,8932,11671,2176,791,15000,NA,7634,18549,3027,11635,15719,3985,19158,7322,NA,718,15506,12527,16329,18279,11572,12155,9355,5454,16994,12629,19907,9808,622,18287,18057,13623,NA,13507,19832,7723,9122,15607,2143,16276,16682,14773,16815,10524,823,14626,3403,NA,1230,8182,7324,7335,7081
8761,14857,3413,19490,18350,10697,3926,12470,18526,18066,4855,NA,18315,5341,15711,7710,9674,15597,4538,12913,9444,12552,8452,NA,16094,2072,3297,9374,4885,8070,12940,16616,NA,14996,17667,2918,6358,4652,8186,675,16689,NA,5477,14869,10664,3624,1913
19053,2251,14124,10018,5580,4570,18581,348,11558,15488,15163,10863,13949,12285,863,NA,19182,19506,3611,9581,14745,5780,NA,3849,19489,17214,7945,9589,11213,12424,18816,15630,10105,9605,261
3769,8354,14465,4081,13915,9569,702,1385,6388,5387,4148,14486,3257,8011,12168,13216,12441,4736,19296,11627,3483,2779,11976,15767,12826,2077,17689,19208,6529,11639,10291,8939,3358,408,8817,7501,4972,NA,9718,13533,16832,19684,13977,1172,10864,16210,10711,12791,808,12332,15716,96,804,5976,13152,16772,11105,18419,9106,18136,10200,NA,2557,11504,19968,13861,NA,8716,19685,5378,16719,6659,10648,8110,14888
17136,10081,15180,17717,409,7409,17318,4759,8257,19623,17777,13263,19738,NA,15432,324,9796,7587,161,17044,19947,6546,1767,5095,NA,12037,6083,1182,6383,10824,NA,733,5870,7936,15483,12702,8654
3552,19443,18745,13417,18260,10695,4634,3704,13271,8993,15194,17681,8500,NA,15455,17586,8727,5146,5592,8918,7682,4202,8637,1793,15667,4764,9804,233,8692,NA,11283,NA,17163,9338,9953,11272,17707,2318,9332,4712,9978,4410,3920
8932,9616,6339,15356,331,13816,11489,8476,10892,12561,15572,9026,NA,2092,3641,245,4253,18167,11922,12072,5327,14691,19026,15968,4846,858,11261,15435,17360,16811,6403,8955,478,12505,10526,9131,11214,17345,13521,4052,NA,1509,14789,11738,11504,13275,13893,802,12460,12589,18369,NA,844,9521,15690,11227,17849,5486,10299,12722,6194,3067,19363,16781,8176
11266,7975,1105,18793,4686,12936,10839,3483,16677,1781,8504,2714,15351,18734,1834,5053,17982,NA,10276,10687,12020,13399,18008,NA,13542,15694,5583,5071,18138,17543,10758,11291,945,17754,3237,11376,18729,NA,12259,3138,1527,12141,18207,9518,2787,14119,8514,18304,7653,6816,19251
9105,17013,14282,9034,10049,5588,7400,14340,11472,10539,370,NA,17,13038,5109,6127,83,18528,5410,19629,NA,3606,10908,17573,8486,18542,5002,1118
17163,18181,7262,8107,11991,17875,17131,1932,3386,13029,14951,7099,12831,8546,8682,8029,9106,4467,12483,10428,4208,6713,19603,5370,12817,12002,4094,13242,12114,3560,1530,16364,19142,5038,15099,NA,3641,4089,19845,9137,1298,3534,NA,16423,NA,2820,4817,15930,2803,10633,18231,2267,240,19429,14361,17151,1947,18684,NA,5933,2744,9158,14239,6840,13437,6344,10615,14899,16175,19610
17730,3247,9825,18288,19784,9250,9499,7189,15590,5890,7080,655,2131,7306,3270,5928,1076,6278,9904,9626,10440,3565,NA,15339,NA,11082,8313,17032,1967,NA,828,19366,5496,629,14333,301,14234,12092,2398,1875,4627,14501,17548,NA,9948,524,17593,7169,8974,9691,4436
1375,5614,2010,10252,15704,16261,8700,5538,3824,5870,2055,17935,577,NA,2197,4798,11567,629,15118,18236,10838,7879,13729,10331,14224,6666,296,3287,NA,15683,NA,2437,16379,302,6644,2909,17447,9881,13735,19684,11556,10619,5604,17673,19310,13380,14580,16456,NA,3990,16257,8609,14557,2705,1261,13879,5838,12462
4562,9462,3883,15070,13263,9481,17392,15349,9906,19822,15115,10829,9346,NA,5350,5024,10361,17619,17842,19394,9824,12342,16561,365,14160,19620,17027,8877,8533,14493,5047,NA,9673,NA,11664,2565,10254,6864,9665,14393,17352,15081,12962
5354,15189,8960,11061,4850,12873,14448,14478,13825,3942,15943,3288,1764,NA,3207,19580,NA,12362,6602,12584,15266,6841,7320,6546,13536,13907,17471,11907,NA,12160,3988,774,5544,18815
19758,4376,1117,16220,9695,15519,5029,2222,2189,162,19069,NA,6841,11283,14375,8582,19957,19083,9818,2909,14349,4564,10086,2086,10379,13345,17231,NA,7825,6963,13080,9143,9316,13473,NA,10031,8071,14051,15868,10823,11410,14793,12669,11852,7398,16074,6617,18371,12527,4836,19068,8046,3047,4908,15801,8707,1117,10912,12456,14408,4369
14942,7948,5061,9427,18399,15101,18903,10355,18071,2865,17084,1359,2323,8201,19514,333,17476,12647,10346,14874,NA,19009,5806,NA,10766,9595,3253,2763,18568,14463,4672,5289,4012,3820,10798
3792,4293,9003,14622,432,4011,14290,1988,17008,14387,900,NA,724,2783,17964,5722,12124,15711,13895,10634,11632,14776,NA,16715,4839,6828,NA,8325,15095,NA,15834,13325,15589,5627,7691,11260,9270,11078,10178,6403,14961,19607,17987,14719,5028,11264,2003,16649,494,11991,2679,NA,10962,2576,NA,413,8097,4045,1788,12859,8150
13136,1908,3883,6652,10534,2143,1489,14867,1841,7255,4407,2607,13944,8146,5890,2475,3142,12104,NA,10060,11679,8622,19827,5778,18186,3322,14880,7698,NA,13647,9754,10820,14565,13820,8211,1813,NA,14229,15406,16765,4792,702,17805,19010,8937,16335,16587
7612,1114,6772,15366,18714,14629,7364,2603,9412,7113,1447,NA,17343,17729,13722,8071,8470,NA,13031,19575,NA,15052,1332,18292,12717,7807,6693,4474,8697,17528,6696,11818,14797,7036,14575,NA,6116,495,NA,1315,NA,13331,17977,4984,16989,6260,236,18146,3588,3972,1273,4460,3622,12486,2348,17550,16363,1637,12976,9634,12395,13581,10743,13854,8931,15466,477
17905,4031,15565,12754,10260,10177,17938,17366,11014,18102,17265,11032,13500,8646,12117,15537,12675,11980,17068,1940,3195,17637,NA,9405,8429,13812,15425,12914,12776,16337,13567,9260,11740,17002,4226,12864,3522,10296,NA,7431,1130,8000,6506,2087,4401,9210,19400,16220,11674,NA,18218,2093,6796,7548,10854,NA,18739,10444,17301,19428,14568,NA,8053,15017,19904,4576,4082,9223,6222,6241,17984,5930,6474,10758,17172,12667,10785,14779,9869
13096,16426,11628,12061,19229,14982,13385,12559,8991,8989,5727,11639,4079,18225,16381,1848,55,3566,11718,19239,4259,5029,7282,10054,19082,5315,16729,13441,2169,16565,12558,10808,11488,12123,15465,11294,16405,6214,13397,10655,18182,3272,9304,5962,3773,16300,7146,NA,788,7955,18358,17471,11183,15555,8304,NA,15683,7337,3566,5825,8852,NA,2338,NA,10709,11685,11601,11792,17009
14112,3924,18654,15305,13303,8551,4959,7103,1232,6784,4422,1533,NA,18723,123,5314,10312,8443,15838,12292,19147,5126,13400,12480,4001,6108,10610,2704,7403,7393,5485,4590,2928,12193,15325,9260,3634,15201,15318,14887,9025,6586,6134,15411,9787,10407,15218,9443,13677,NA,6245,14110,7500,1539,NA,19819,839,15783,14969,4195,16986,16109,15749,16501,5544,5528,18019,NA,17125,6297,9330,18557,8513,8675,2198,106,18971,18224
1139,15351,10520,11879,2479,18163,2387,16193,19564,13405,19289,10514,18578,15225,6166,6727,10480,1620,13319,11931,16105,1289,4517,17280,16784,931,8621,11056,9088,18489,13562,7975,1739,13366,13707,10356,4473,16147,608,3376,12780,9653,NA,9623,12466,498,15116,9798,10430,6911,7685
13309,17162,16467,2648,257,18906,4924,5779,8486,4472,19550,12329,650,16270,NA,8694,NA,19467,14785,10117,11841,6022,158,18516,17540,3467,12968,15405,2065,5846,10639,3597,18018,10181,8071,18393,NA,427,3793,555,NA,6274,5062,799,7790,13589,17046,17074,515,2071,15701,11643,4467,5091,1408,7018,7751,NA,18025,12831,8852,14136,12093,6727
15996,4353,4443,4008,7642,12696,14137,17598,16826,11210,14518,NA,11011,2386,NA,17851,16894,15613,13488,450,1476,NA,4804,18646,10105,14708,11563,8206,18389,NA,12655,NA,3414,4517,5623,6265,9543,17452,15764,4598,14860,830,9535,3446,18391,NA,4077,7584,14494,11009,11316,18806,6718,572,6543,15680,15622,5546
10656,5293,10284,7421,9731,13,8831,5542,12815,12354,16847,NA,3508,2703,13892,3148,16024,NA,13000,11441,4983,NA,803,NA,12624,1527,12162,6469,5771,10059
8743,14350,6853,14366,5751,12769,9740,3515,15918,17341,13200,503,884,13572,17270,13764,2619,2282,8291,18141,NA,11013,11472,15769,5341,16097,3279,19076,5532,1977,10246,5591,2118,18048,2382,NA,15588,NA,16694,3629,15620,8653,11803,14944,8490,3712,NA,14022,19510,4960,10288,8118,18968,4906,NA,4014,575,157,13023,NA,14913,11000,2194,5372,19084,13277,1688,11485,834,NA,7578,10333,17774,3584,14261,7628,15630,14616,9097
18115,17201,13466,13644,8576,12431,7133,9207,10215,4644,6678,3524,16761,16168,10569,NA,13349,17121,19283,NA,19076,NA,4949,13784,NA,3990,2635,5777,10748,8436,2927,14970,6462,4383,18271,9505,2732,11437,9210,19229,17786,13275
18084,13216,19412,12749,11301,225,16048,15575,9682,15001,16196,NA,6374,18542,3849,8582,19810,13148,402,11573,13531,8708,10672,15964,18611,NA,15879,3175,10795,10395,8115,17847,5490,10307
18769,16633,11790,13347,16360,17994,3901,14924,12226,16225,10386,1997,15570,3051,6622,15209,3934,611,1216,16502,15903,NA,6156,14360,16390,19870,14240,14270,13864,19642,3353,18455,10234,17622,12981,8119,NA,7959,14273,16747,9474,7442,11437,3531,1041,NA,8252,18238,NA,14036,9430,2678,1663,7057
2841,14473,5767,3050,19908,893,12008,13208,1182,17627,3155,14433,16148,528,16861,9761,8025,7789,NA,12634,7435,NA,19452,16472,13352,17987,16895,12182,16795,1262,6339,NA,8743,NA,6622,13844,NA,11729,1354,724,8744,17375,13055,2039,1736
2436,7031,8544,8728,16698,9122,5983,18837,2427,999,5251,11998,19173,9158,41,938,NA,12362,13400,781,9943,13942,4722,6089,1334,2550,NA,8706,10642,NA,4610,2897,14666,15589,8886,7483,10298,14916,6817,4671,18837,11562,665,NA,17056,18595,13430,11201,6418,14280,10568,13798,11906,3110,10967,16939,11571,8408,4653,2014,2767,7711,17856,16796,7442,NA,8158,10078,1074,975,4400,16483
19507,15401,12393,18729,1667,1762,11769,8945,17488,3832,12339,9336,137,18067,2888,16071,3025,19382,16784,18974,12209,12908,NA,2719,19998,7106,2274,2832,16501,18784,16592,17684,8767,NA,2933,NA,6779,13572,3692,5759,14320,16392,15305,4895,18502,2318,14015,12648,12369,5721,10969,57,19934,14491,14138,17640,14000,13777,4743,15410
12253,12007,6018,12564,16029,2497,10962,18059,19853,13496,2449,5589,1425,19251,11355,10430,9217,14740,5634,12088,11564,8503,NA,19398,11147,12521,14288,19645,1897,NA,19022,11948,NA,9238,19065,1913,1588,17101,18164,298,4247,350,561,1724,2107
663,12718,11841,8895,14187,4024,6698,10761,5151,13419,775,16107,19708,9082,5878,6241,1035,6028,13939,8677,19083,14761,14242,3439,4066,4386,14863,2919,8620,NA,10594,13352,11302,6447,3415,4557,NA,3812,16090,NA,13922,16894,6953,17889,10963,11815,7006
18643,17537,16396,17917,14375,15300,19504,1002,15246,3243,14721,5295,7555,12709,10273,17063,NA,3833,1186,10198,9666,19652,8933,16448,12557,567,18724,11699,17361,5595,18742,16833,8384,8485,338,7259,16583,11113,NA,7470,12675,9984,19542,11757,11903,11964,250,13573,5203,11137
17788,13905,8095,4014,6256,8643,4917,18679,7296,2181,940,4525,11169,10612,16042,3078,10055,13687,19672,NA,891,4759,3041,5640,2050,1028,4521,12604,9636,11908,9122,6870,5314,NA,17295,9114,18635,19853,16710,10394
17829,10332,4752,16587,5493,11151,1119,14439,12008,10768,13300,7202,2213,11830,17635,1726,900,5791,16115,19689,17895,4841,2613,13664,NA,5081,11415,13565,12228,6826,NA,10088,16772,11916,19284,NA,3037,18417,36,6448,NA,15859,16898,7775,1543,11718,3683,11606,14696,1819,12799,18622,10789,8127,789,7645,NA,11330,14824,4403,16393,1586,NA,19543,19007,17926,15338,15004
18933,9961,3161,7260,9651,13387,4200,12022,17551,1432,5731,13685,9010,15954,18352,11312,NA,5234,13491,6133,5229,15238,16180,1470,8161,9961,NA,7269,NA,3975,15712,7876,17589,3604,10906,11355,11940,NA,8075,NA,2625,17403,15427,6817,8503,17614,17628,12637,2765,15808,NA,11495,14629,14734,17480,10416,14194,12656,16688
9610,14991,10990,4367,11245,14301,12579,2349,18737,19491,860,18417,2624,8293,9980,15236,1337,8893,18839,7363,1595,15246,12353,3536,NA,2387,16521,12633,1447,NA,12046,18058,2148,7413,12081,14282,3200,15351,10736,10214,10199,10634,15037,11994
3003,9691,371,1145,4600,2148,1996,17221,18337,16653,15532,7135,12181,10219,2006,NA,15764,11970,NA,6006,15379,9405,19748,16683,3,6857,10831,16562,4888,18090,7628,10079,2374,15010,17247,5170,14134,10759,8608,6313,5786,895,10649
12292,18658,10247,4647,2433,1601,1721,14790,2745,14031,13637,10845,8413,17564,9073,3709,18395,4654,9476,18262,10234,11476,4414,13387,10132,NA,12094,8912,13697,14307,5787,10872
17727,11449,13323,15136,9642,11411,16841,1792,11703,18664,8716,8926,14979,7639,14416,14981,16340,8664,4535,19202,1669,4061,11875,350,NA,8570,7189,9938,13377,11518,15829,NA,8032,NA,7625,51,13516,1556,NA,8838,17307,17153,1300,13553
13494,17058,8699,5150,5943,6102,1196,13125,18847,7373,11723,14447,607,NA,15189,13626,13461,4856,13934,12143,15344,874,12110,9532,NA,7176,18115,5616,8291,1143,15850,18746,1522,3195,8682
19735,33,10964,3590,14299,12996,11326,16079,11633,11075,891,8711,12825,18827,9386,7492,19184,13535,18199,1679,NA,9396,14524,17073,13691,6140,16544,11437,3347,7263,10782,16951,8816,15706,NA,2143,18792,513,5564,18797,8687,NA,7690,NA,2606,5259,12969,338,7808,4188,17457,19591,3064,469,2735,14572,19830,10714,4238,2319,6407,15885,10697,15883,5414,11998,13655,18397,NA,5162,897,12496,15133,NA,835,2487,9958,16735,3259
15169,4715,1128,5081,5815,12396,2005,16960,18666,6588,3673,NA,970,2493,4950,4140,18653,NA,9073,7794,6895,4031,12770,NA,1535,9509,13402,10415,18069,12820,11700,10490,5483,17841,6357,3345,6705,10533,15274,7180,1744,13885,14291,17807,NA,4869,13648,18017,1998,9515,13561,15148,16676,4510,921
5420,13070,2798,780,8204,5971,6207,7903,290,991,16607,NA,9575,NA,10369,10934,18922,5057,19777,10200,3029,5795,8581,19425,17487,17388,1291,15699,5912,11326,19114,NA,18045,9095,9020,8098,14653,15475,4620,4883,16271,238,13894,962,5467,2164,10459,8832,5541,1213,NA,370,15696,18067,15227,19451,6383,18365,16270,1523,NA,1720,14658,NA,3616,9327,2128,8405,9893,10930
15751,8432,7410,3222,19676,347,7760,7370,6544,2918,11123,NA,18950,1471,NA,685,10593,11004,7893,4281,18861,6301,18537,NA,44,18924,17800,7067,1910,2512,12100,7824,5201,4603,1997,4160,16133,2741,5966,NA,8800,11843,2118,1873,9625,11119,17421,NA,18945,1605,7314,10334,12565,NA,4998,NA,19804,2583,17720,14960,12844,18680,13614,18836
16154,9248,4146,7016,11241,3402,7153,14887,9346,8898,3700,7174,13373,11260,17956,18952,NA,9596,NA,7879,12313,18346,1816,NA,10732,14273,12061,12936,16500,18465,13725,14647,12801,2146,11938,2718,15363,13718,16791,5880,15017,8780,8874,3627,3792,3995,2232,5152,7475,11812,9332,3817,11083,14333,3702,14935,7608,19922,15271
9277,12672,16275,7504,15465,19900,16942,16417,2984,16089,18374,13663,5234,5915,6908,NA,11008,NA,1698,16734,3829,15842,NA,11143,9853,17744,242,19565,4386,17906,14326,1713,3173,6597,2741,2546,11136,2737,10166,3924,12432,10952,15901,12655,7057,51,17493,4450
13332,6,19108,15423,18213,11564,14843,19573,19268,17379,15448,1075,16535,6850,13441,19416,16869,195,3564,19081,8501,512,18348,10612,6521,13874
17089,17165,8464,6752,6637,17369,10707,10964,5559,19965,2332,8285,19319,10118,NA,14293,11673,19856,18871,19991,3666,NA,13831,19186,17861,10288,11579,19932,10687,14591,19822,16540,9858,2025,13354,9002,7210,14366,14830,4011,9620,19186,16035,9405,3768,13584,16190,18715,9499,8842,16723,2399,2050,1664,6252,10582,15635
12436,461,15913,12808,948,12663,16187,9542,17095,1535,12602,19681,NA,17358,NA,11210,8391,14907,4195,16360,NA,19995,7771,15927,NA,10963,14121,19543,NA,1983,2318,12976,15480,14191,5590,11358,5165,2686,13521,16970,13268,10811,14536,735,18007,11362,11961,8295,NA,11563,NA,5113,4713,11136,17634,8488,14411,3004,3284,18561,6401,4322
3495,2754,13602,11296,14097,11356,17188,7947,4018,5399,7931,1155,3259,19095,3674,10859,7230,9705,16855,17271,15764,6252,15511,7552,6259,9455,12424,6861,38,5108,5392,9530,1742,15167,10966,7152,17299,11693,7252,2996,13581,15542,5574,17843,16071,17621,3256,4541,19560,3587,11962,2959,2893,10177,13
7607,1246,562,18223,5302,24,17057,2476,14336,1546,6233,2257,11603,101,15134,NA,14559,18341,11032,13230,8362,3055,5528,9016,7007,12758,3710,11770,100,NA,532,179,NA,9599,11720,NA,6516,16357,2412,18706,2519,14804,8104,NA,16603,5071,5833,14054,9673,13340,16191,19674,3171,3729,2311,3684,12195,8753,17745,19023,16612,119,411,14395,16261,9452,5388,1644,11458,9940,17166,14204,12407,16564,12953
590,18259,15191,19205,15492,17233,3118,2906,17128,8113,1983,7440,5548,5380,17438,17228,16615,3031,6133,NA,3930,4667,NA,18780,13103,14096,6904,5276,16510,18598,880
11697,18806,13393,107,3917,9044,14902,8365,12224,19180,4285,19043,9446,2999,3192,5037,15221,4537,19631,2354,9675,6590,7029,8327,12088,19144,8352,556,6173,8685,7336,3572,720,8107,16206,11583,4487,7465,19657,NA,14162,10427,4837,6630,7896,3146,626,2185,4033,12225,3218,987,9892,2252,16328,7267,NA,19574,16688,16632,9851,1637,10540,6993,1779,NA,768,13237,12293,18827,13878,18633,9976,5562,10404,16201,10258,15227
7940,18333,5615,10189,10323,14159,557,15163,4102,851,14677,11294,749,18838,10131,14754,520,4016,12990,NA,1387,NA,16326,1516,7147,16916,949,13324,10235,18211,17093
2458,8808,6516,9276,10726,8699,18758,6362,5941,12170,19234,3018,8890,13832,2979,896,13783,16102,13138,18709,2073,18592,10759,360,10183,9655,9659,2451,1821,10538,19461,13329,15775,NA,12481,6157,5434,NA,6031,17263,4115,16475,14416,13967,11101,19276,1465,10563
15090,12495,7451,10700,1711,15054,12580,14439,19912,11247,5745,19764,7531,NA,18320,10610,2505,9663,9579,15929,3554,11114,13229,3090,19465,NA,14578,NA,8727,NA,12560,1214,15089,5316,14670,2021,13041,11888,6994,NA,8703,5557,15931,NA,12194,16062,14730,19976,8794,6236,15554,14217,415,15386,18000,4954,5417,14390,13399,NA,17220,7082,18006,16135,9983,14305
13175,2613,1601,19494,13797,15946,14544,6991,15878,10238,3061,2757,2394,17080,NA,2378,2826,4494,3325,8954,11998,6108,13453,18515,18735,14545,5358,5721,13591,12630,14494,19238,10336,1398,18632,15135,4363,NA,11408,1935,4285,19522,15907,5645,775,2270,NA,17288,19818,13258,9600,18130
17130,17856,857,14777,8106,10629,12123,6660,12342,16614,1369,904,14229,18061,18500,18849,10849,12651,10802,10301,NA,2158,5003,3180,2806,1590,8254,1835,3618,9350,NA,6380,19520,2732,17072,16125,1589,6980,4999,12180,16882,15899,8321,8500,18566
17519,6105,2979,14074,13886,7826,12591,6278,9847,1031,6579,17478,12652,15076,18041,8376,10361,4504,10973,2985,8826,7866,11838,5908,14552,12967,10181,18918
17712,8561,6326,4901,17077,10203,19218,5395,16808,14945,4929,9186,10099,14384,7246,15917,13631,NA,10187,883,NA,16981,8400,5471,10604,1069,3853,12495,3717,1330,2057,2222,3736,1235,17804,483,2103,18037,12333,12984,13238,4446,17066,6537,7411,1134,7711,3817,16724,9335,18142,10781,16496,6310,10494,5628,8130,NA,9086,4278,3563,4258,2316
3791,5002,9071,4875,7123,397,3305,9673,1200,8226,4284,NA,9631,3868,8992,11907,18723,6685,4063,8085,14631,9174,NA,7427,6007,5426,8934,8191,NA,2938,2569,19707,14106,1739,6201,16433,781,2828,2267,19572,5012,10143,5835
14182,18878,2704,12721,6671,17220,4147,12083,13023,5296,2427,91,10855,5230,2503,4102,12188,16382,NA,17747,18347,13846,15685,3329,19072,5270,12139,6656,6326,14154,9621,13977,13995,8374,2463,4535,4524,13361,18019,10671,17464,16003,17563,10536,947,NA,6450,11000,11142,3621,12695,7650,19816,4955,8856,1507
15133,4183,18726,1014,2991,16731,18508,1565,5415,11820,8668,NA,16337,14951,8713,9820,14791,18551,17826,19187,12541,18508,NA,7060,4935,NA,5913,7064,8393,10336,7424,1466,2308,7338,1386,8815,NA,14778,18621,16186,19923,3980,18509,4843,19276
