322,4436,2950,1684,3092,16964,13469,16978,18234,11850,2579,5664,15800,NA,7089,17379,NA,2969,11477,NA,11048,NA,1266,19991,5764,13568,NA,6163,69,14777,10273,NA,13355,658,NA,18259,5944,9761,729,18517,96,NA,7971,6235,19748,1045,9548,16094,17468,19707,8955
11223,15736,6951,9086,8348,13006,2785,11347,2436,9548,5361,19433,NA,18239,5138,1964,15501,13190,18331,3009,722,NA,3342,4523,9986,14130,11468,18689,8016,8213,18322,NA,17584,9406,NA,19797,4156,16338,1734,14484,9708,9950,1426,12218,11395,NA,16128,12868,7267,17960,4577,426
6822,5007,17316,537,7878,10180,4379,4753,1710,3577,3649,2491,13089,19127,135,4257,8592,12692,10775,4629,7895,18460,14362
8271,366,17019,18301,1856,19536,5292,15690,7488,17794,11852,14043,11724,16032,6209,4692,4567,14351,16307,17164,10822,5546,9352,14646,18000,NA,4678,9071,19982,NA,17395,13493,8279,6191,3277,12015,13020,6684
19685,10641,6381,18294,13283,2764,9331,10504,12098,15028,1406,12218,7896,18106,10826,16822,14566,9739,17790,876,3184,NA,357,3201,9438,16730,17961,8534,10526,13343,17806,12982,17847,13686
4086,11226,10933,1516,17177,16298,5211,8249,13657,14514,8762,1538,18060,19691,9933,10104,1007,2360,NA,19698,15131,14456,6641,18641,19708,9959,13877,14548,572,17655,19171,9007,1455,12579
15561,3825,14129,10501,5552,7713,2750,2414,18439,10841,9006,11162,19689,6381,12976,8268,16093,2460,19570,11678,7186,9489,14091,6203,5296,16114,NA,3456,9569,3396,17786,8293,900,4948,3653,7396,11562,NA,7485,NA,3036,5484,16016,2865,NA,4723,6594,2142,NA,55,11299,17841,6258,8875
5694,2587,14,2452,11113,11209,7688,13883,5751,3509,18062,9563,9730,15898,18864,14883,18698,1814,12896,2330,11349,6819,6782,NA,9887,166,7888,6594,3199,17398,4173,16161,NA,10683,5345,11538,19233,16058,14617,12165,6008,13533,8827,9161,12388,13571,15640,5593,NA,12238,17439,795,2849,363,18835,4787,756,6646,4579,2845,6181,10736,15149,6424,19325,19865,16415
6077,8688,6186,7462,9606,5797,13758,17428,13726,1428,15034,14538,9173,2299,10204,6007,NA,13480,4278,19428,3747,8249,14285,6850,3821,6482,12971,13096,17862,5888,17474,15836,13120,2694,19437,NA,12205,2551,8834,18688,7010,5031,17222,7978,15905,3891,4410
3344,17398,16968,11112,18933,14807,8907,18585,19518,7981,13998,8563,1975,17089,13868,NA,1535,15901,254,13058,6429,10188,12905,2601,14860,4378,19729,2770,16750,17625,14335,11284,14935,14618,11806,1823,9787,18490,14032,3399,4202,18720,14242,7513,19515,4909,17133,19674,NA,19121,12408,15029,6199,9920,6378,7425,12183,18648,3135
6315,9587,10986,13274,6655,12588,13250,7383,2756,3890,1244,17459,NA,6997,4496,NA,300,16216,12276,3186,19899,12474,19707,18578,11757,8463,6150,8347,15933,14771,2789,NA,18119,NA,7296,NA,8348,314,18404,7090,12132,NA,19796,3220,7531,8115,15298,16125,NA,5386,13513,12612,2055,4097,NA,2917,25,12669,17619,12146,8636,7151,2610,6995,19405,4497,7933,7825,19855,12282,16259
5351,15971,2449,11650,5674,15239,15456,5532,17496,19746,3663,3021,12559,14703,9876,8499,13883,276,NA,3180,18750,17093,14228,9089,19847,8690,16410,14040,17046,5768,1002,14312,7218
7051,14171,6221,14277,18869,1865,2880,5994,5879,13741,7960,13604,NA,12872,9571,13443,3738,6155,13166,10790,15669,2312,12261,19821,10675,7216,NA,11186,10321,17031,19833,3013,10657,2196,1496,10598,12539,2477,13867,17997,13980,18054,9530,11459,7806,14183,18712,19250,18769,1949,16399,10760,17188,10531,19866,3736,18543,2101,5826,1703,4958,14822,3327,11225,17484,12975,14223
18504,7016,2177,10526,18259,3070,19645,17390,9138,17949,16565,18242,12514,10567,2497,18562,NA,3822,17368,10481,13317,9558,11024,3140,12547,19184,16411,7234,5216,13264,9632,17584,12312,11659,NA,7236,12636,9807,3071,1748,11823,7783,NA,17292,6068,13038,NA,10907,18459,14219,16633,9601,2036,15827,6271,8229,9581,7096,10994,19831
17220,18455,5590,2982,4773,13470,19375,18100,9216,19397,3889,4465,16785,NA,10699,NA,17000,19503,5408,8393,10968,17742,NA,6239,11635,18650,11692,18849,2059,18627,17330,11576,9633,9848,2485,14454,16964,8108,6911,10066,NA,8875,2836,16323,2739,6743,3627,19060,12180,3266,694,6509,13646,19723,17644,6276,18555,NA,18919,10201,1422,18526,4463,4448,10730,17802,15458
2407,9073,17983,7250,16125,774,7715,4958,4408,2165,19375,8434,17010,6910,4698,1211,15120,8579,641,6027,19047,5366,19762
9261,3602,9729,4992,6044,4457,2252,14284,12344,8487,1676,17367,1392,7766,16882,4969,2926,2914,15445,9871,1764,16392,7138,10137,NA,7098,15368,8064,19013,10355,6817,6652,19733,19247,10154,NA,10835,3183,18421,1533,8818,15816,17762,16221,16524,4222,16301,4057,10426,11409,15346,18754
6497,17331,1317,6363,16485,10950,921,6587,15472,17046,16780,15579,12137,NA,2920,17591,NA,13836,379,8054,2251,8164,17108,16912,NA,3918,15118,1651,4394,6659,7493,14504,11094,6082
7196,12782,13661,8924,7119,8372,4481,10629,5154,14670,15107,NA,11288,9129,2969,927,NA,11186,12571,6284,17251,4378,8594,19797,5162,4028,6865,NA,8654,19597,3458,NA,4871,5558,NA,14301,13482,4264,NA,15704,4483,3343,9696,18735,4532,9315,5709,3290,10836,273,199,10935,15116,6678,877,16382,10662,19289,2282,4064,8396,10357,NA,13159,1011,12955,18957,13661,5986,14356,5644
6064,19962,7140,6651,16030,6754,5471,4315,7,13074,3504,18754,14354,5924,1425,17860,10816,946,13740,8620
10747,5889,7018,19499,7426,18339,17468,12478,14206,17344,19222,NA,18105,NA,14204,10945,NA,1304,1707,2473,11024,19994,8964,NA,5262,106,1038,2446,4817,6100,890
1953,9250,7688,12784,3365,10450,13347,16793,2510,2958,18866,19757,15011,18279,14112,13938,17547,10575,6602,19996,11065,7325,16054,6286,14718,11378,NA,17718,1698,NA,18645,15634,18621,16918,6344,2690,15864,200,872,5758
7109,9190,17343,16902,19505,1778,12342,6993,15291,18353,12386,10988,7228,18641,10397,13853,18720,12548,19162,NA,8232,NA,7631,NA,10324,NA,2460,2085,679,5428,9541,16413,5118,9108,17726,4441,NA,5025,4716,12761,283,17567,5010,18804
3071,15194,234,1320,794,18692,8639,735,13758,9633,4179,12978,8796,17510,NA,3052,14727,19969,10055,17481,7183,19827,15886,18711,14150,16558,12169,NA,17458,14540,5772,6957,6529,19379,11357,6081,8284,1234,4707,10506,15415,7075,12671,377,NA,15633,7231,9043,16696,10468,14878,13751,1782,6115,6465,19977,3577,1501,NA,3141,12513,NA,17741,7188,1901,14369,1791,1600,NA,6022,NA,15649,17586,13865,13839,6118
3734,5905,5698,2098,33,19895,14726,7748,8507,3005,14790,6814,11895,18755,11187,NA,17419,9102,7972,9376,17305,16171,8670,7689,11961,13722,13596,378,11303,16151,4358,19763,4315,17390,4277,NA,13798,18255,14912,4815,16212
6391,7166,8928,17418,695,7639,14871,13468,5810,72,7367,4840,3321,5877,18835,11475,14189,16846,8543,NA,6053,NA,17457,1244,14291,6411,14212,803,15348,16567,19517,17320,14512,934,15093,9224,7956,NA,8607,7962,336,2142,7603,3165,9948,2069,1267,17772,8044,15897,15892,14749,4453,18603,NA,19403,2456,15483,359,18129,15810,NA,19285,15761,13478,8563,15812,10368
17772,17536,10785,14543,15859,8406,5154,577,12155,18248,8051,10179,16534,NA,10864,5981,17657,14100,10123,367,5910,2387,7868,15043,4290,7538,1378,461,2178,3677,10232,4046,10987,5703,3426,NA,15860,NA,4108,15860,2540,12719,15688,19077,492,5679,9297,6905,9727,1546,1639,17888,710,14796,17481,1582,5679,15469,8645,2700,7996,5991,11130,10773,NA,18144,173,17750,10121,4671
4754,143,3054,10407,7264,19089,6377,19900,8664,6229,2023,14761,12372,17736,5934,17089,11973,13070,NA,11032,7015,4667,13417,14666,17473,7301,1611,17109,1112,10991
6810,9447,4549,13436,2172,12807,8952,18056,11533,570,5124,4299,10926,3075,4577,6111,2298,6110,3348,1664,6868,12166
4814,6063,6194,3819,10079,18470,15924,18150,18903,9591,14563,10454,6590,11369,NA,13059,NA,10073,263,830,12456,16974,18571,NA,2386,NA,9433,14981,4581,4140,NA,5174,8275,2636,16469,10535,4465,7396,6642,6978,2168,17423,11329,1351,13785,14308,19329,12828,7392,7959,4585,698,NA,13428,6565,16589,16684,4778,18008,2594
8677,8355,750,14181,13062,16099,567,1478,62,12165,17246,6850,6326,961,3499,NA,2542,3596,15016,15023,17433,739,16731,788,2788,NA,3676,9986,6448,1573,11467,18584,13668,18654,19789,3752,17645,14042,6350,19296,15155,6981,NA,10787,3484,19304,14195,13881,9796,12393,18456,10554,6474,3984,15149,19739,1411,12320,18646,7578,2826
4569,16886,18660,4520,3841,15017,15045,16215,13113,11820,15115,19246,14384,5764,13052,NA,15031,NA,1598,19732,13964,7505,287,384,1081,7800,6530,5583,14847,10304,7268,541,7377,5156,15166,2833,18810,18748,5071,12027,8783,5442,12111,5339,10927,NA,4536,2968,17305,2495,10125,NA,14976,5437,2955,10555,19369,17722,8241,18415,6771,12489,9824
17540,9202,17300,10141,8531,18446,909,3314,14680,9920,9897,NA,14195,12142,1994,4775,19737,13485,2346,12576,4947,1187,11099,15623,5573,17952,8971,9365,12618,5265,10062,7262,9837,5145,13754,19591,15898,17216,3211,10808,16899,19199
696,4059,7621,13917,3994,10636,11379,16521,19577,9784,15231,16162,NA,11188,7694,14505,18837,6793,17177,13571,11737,17697,18912,2367,6140
10788,13325,11718,3045,1775,1610,16362,8322,9443,12766,3705,13556,11975,7501,3846,2603,3465,12660,1544,14927
18742,10453,4665,1754,11062,14121,9270,2246,8041,16004,8207,9503,11595,6056,4523,19484,3940,NA,7373,3341,18822,5400,12752,16105,12744,8692,19904,18316,8952
2977,12729,4089,7263,16270,7157,16151,12785,12393,3550,6362,NA,3837,14235,11076,6402,NA,7479,2603,13283,14850,5951,910,19963,12500,3351,7256,7175,4570,18422,6919,5990,19286,14192,11865,10894,13996,18489,NA,9686,16805,12817,11144,11577,12274,17644,15071,19274,5660,7979,NA,11110,12794,17407,1298,6688,13314
5736,8301,7940,19160,5918,868,16949,8786,1077,19813,11698,10141,1859,NA,17896,6358,15193,17333,11632,NA,8152,11294,16604,17639,8792,16855,14989,14994,10257,5440,NA,14447,2003,12915,1859,4354,4524,10100,9006,19413,NA,8540,11050,793,18748,18818
10859,7359,14433,3973,9221,19385,18688,7456,2428,13385,14287,16003,16268,17326,NA,11657,NA,15363,16206,2336,10675,8130,12369,3621,16451,3653,801,3252,NA,4055,269,13892,NA,17093,1409,11079,NA,3843,15490,NA,5325,9541,19313,17854,668,11602,5643,7697,2457,16384,17245,12938
8648,2057,3285,18237,4160,6980,13374,18660,8093,3893,2447,NA,10967,7749,6637,19885,15540,5944,6431,8470,10427,4746,19889,16960,7464,15419,10586,7678,4355,12586,11607,5500,15722,5856,NA,6904,15547,3720,14961,NA,10177,2973,19158,NA,3680,16002,13033,1964,6789,8677,3089,18792
18540,1129,4289,611,8756,418,12456,2502,17499,18640,1573,19026,3920,10515,10153,16065,9594,8493,10015,19230,2909,12444,17077,18104,13834,NA,16384,4455,11989,8104,NA,14957,16408,13845,19811,3637,12884,19530,14252,6700,NA,12350,14593,17227,14546,13664,16492,16028,12928,NA,7119,4811,3436,9498,3289,8376,14647,17681,15937
11379,10044,12193,19969,12959,5118,8320,16741,12806,12685,16033,4286,16881,14556,7321,17603,9509,4532,13376,12483,3778,5385,7892,5796,NA,19418,8451,9260,16913,9120,19285,9545,12491,14413,10263,2434,5492,3716,13637,NA,5560,14524,8714,11223,16215,14786,13064,11608,7398,17935,19873,8229,12215,13081,4158,NA,9661,12342,4677,7937,14126,NA,19660,3007,5858,4873,13202,10358,15804,3653,13559,10046,10086,11721
4282,2902,17064,9408,12596,9124,13412,2588,8040,1354,5331,2399,2011,17384,13422,12159,9169,9123,2346,7553,19399,9697,1309,14346,16040
6163,2714,11461,9157,6442,8247,16489,15208,10525,29,3187,10900,13647,NA,13016,14417,3697,9129,5289,1473,441,1807,NA,19004,8480,11984,14837,NA,15272,14314,13236,9406,15693,1937,7610,17212,8851,18563,5344,5976,1473,12857,2602,5882,13499,6223,11341,2709,6337,226,16250,7128,NA,14386,2120,11055,11229,9699
12674,15606,18694,15439,8750,2551,19075,14429,16557,7803,3363,6463,13644,14095,17400,11029,NA,7914,2526,2644,3010,15055,4380,NA,4115,12394,9459,NA,19368,4969,1265,10951,2434,5268,5088,1057,4216,1121,16767,13759,11216,NA,9739,19690,3871,19238,6848,19959,17358,12738,2240,15324,11969,17913,5378,6626
15701,5009,3741,17139,1605,13531,4673,18164,4625,2093,17169,18515,10961,14619,NA,16907,2734,11974,5890,598,5970,13552,3206,4979,7624,NA,19946,7204,4782,5972,8450,17820,4065,15005,504,8903,NA,643,14578,10739,5573,10909,18539,3456,5032,415,13177,NA,2050,9972,654,13174,19848,NA,13496,14628,17815,2558,17541,1947,1718,19839
5484,16315,8347,14646,10384,4024,3391,11517,5242,8190,4554,18457,NA,18406,4824,17968,6206,12869,7935,NA,1343,6999,15189,9535,10203,NA,7475,12765,17418,12942,18982,13782,7583,11776,8267,7508,18470,12197,2611,NA,1212,9837,14558,15270,18129,15709,15795,12208,19608,8163,2466,11935,15853,NA,15629,4309,12996,18444,7164,2867,9539,4289,19194,2565,16299,9913,5088,1144,2114,15167,9662,17548,NA,2011,9960,1960,19382,18881,16549
9920,2868,19363,16552,13082,16517,15919,4240,6645,7372,13258,6661,3415,13700,3223,15850,627,3460,2531,NA,12786,19759,2415,5780,9144,1412,7285,16021,14132,1314,18255,NA,8571,19028,2361,7315,8837,7948,11919,578,10908,505,4361,16871
15291,3137,9013,2105,8044,15469,10390,1980,15888,15714,12452,1321,18265,12900,12513,423,10133,4185,NA,11437,7663,10888,8576,13837,9174,7076,13585,8897,13798,19137,4764,NA,14448,3305,4863,18480,3720,31,37,7668,5937,9520,9334,11325,NA,9195,17200,NA,10754,19626,6708,17540,117,9306,13221,8156,19530,11995,NA,4589,18234,12048,19259,16260,18633,14097,13987,3823,4792,8610
13205,5296,8948,18168,709,5948,6321,12966,10175,5672,274,17695,7507,17847,18446,4508,9570,1908,NA,14007,3825,16687,11705,7809,16671,NA,19151,11549,16038,17464,2494,13638,5443
11191,19124,18458,8461,18219,16154,8539,19143,3605,17493,19523,6017,17349,18329,NA,5890,385,2879,7580,8094,NA,15209,487,18465,8974,3778,9453,10550,14250,14956
15940,2824,10425,9287,5899,16606,12385,1284,5164,8404,11843,5478,10736,4055,15248,9277,6479,NA,18943,7273,5267,1851,10839,5374,NA,10280,13654,5732,8585,NA,13637,13643,12305,NA,612,NA,110,6580,6972,NA,4847,4110,6361,6851,16428,5453,3507
5541,16907,5555,5731,17340,12670,4770,10294,18957,1005,14925,689,15273,16592,NA,3143,8319,11910,4448,19848,19026,3580,15855,17195,5445,17027,19006,17272,19109,11114,6699,3835,11308,2205,4435,331,5230,7483,11638,NA,12834,NA,10006,7398,2931,14117,10442,14647,12095,14436,2271,194,10739,19843,16625,3031,967,12174,16799,10172,NA,4046,NA,17297,NA,19737,17997,NA,8091,7274,1853,11984,4903,8668,6737,9163,7132,13755,3776
5899,16382,18244,8627,5389,18528,8566,14864,8355,7197,3097,2850,8335,8958,17737,14639,14474,10269,6778,18581,13083,7680,12670,14932,6971,10865,19516,16179,NA,18401,4763,NA,12728,878,2207,3868,7508,608,2870,7387,14848,11932,19301,14782,16772,18658,1169,1408,12652,1564,13504,9830,12992,18458,2256,14713,13695,802,732,NA,11140,8327,2029,10331,18057,892,4206
19456,10410,4641,10214,2308,2986,15531,17041,2534,12925,19727,15011,6719,7883,708,2313,11068,15426,8949,7425,12850,NA,16295,6206,10923,19356,530
6706,2194,10822,3371,13251,302,14536,7246,19991,2891,15603,16850,7449,9646,14524,309,18833,14094,12702,15250,19970,5500,14726,NA,8581,8352,12760,8222,11881,NA,16104,1412,NA,1562,3743,10589,NA,19651,2939,17659,18015,NA,2648,12287,11977,NA,17038,6090,14498,7690,13401,15151,NA,5553,13905,12786,2321,10265,13550,2209,18807,16234,NA,9243,29,17841,10171,12572,6985
18864,13123,5690,2791,13781,15755,3641,5539,5035,11202,7452,1106,10702,12231,4283,8777,NA,17592,15846,10922,NA,3758,3521,NA,2812,4301,1392,1379,8556,2270,6558
12543,11681,16794,3815,1622,4578,18944,1974,10198,19549,6017,8220,8336,10742,5886,4874,3374,11222,7147,3578,15339,1908,3399,19796,12021,18313,2233,5350,5475,4916,7427,17367,15641,1272,10,75,9738,8991,6160,8410,12268,7366,12634,5958,6624,9282,15126,12365,19146,6024,11771,13895,4595,19584,7653,19053,17815,14846
625,16841,17561,3318,14161,18228,4003,1998,6288,8520,11512,17809,4159,564,18968,12923,4340,8692,11251,7171,7156,4440,7746,19734,9760,11260,14897,13559,8780,18920,3400,18458,6076,1091,2603,10784,18802,6237,NA,6034,2271,NA,15611,6867,10456,1610,11051,8631,8611,11727,11081,NA,7778,12274,NA,19683,13866,7178,5307,11446
13920,13210,7881,11233,1227,13359,11625,12247,14089,14432,1237,6958,4050,16156,12610,6849,NA,929,1815,NA,16808,12659,5044,5073,14139,5219,6529,9257,15924,NA,16367,19786,3372,12798,830,NA,10354,735,10939,145,18708,8407
5981,3406,7101,4205,12104,5777,17554,11045,12051,7609,19329,10297,11058,6512,11000,65,16638,5088,18562,19280,14305,16214,9140,13435,10041,8825,6711
2722,9692,18651,3028,12770,16697,13489,3062,10744,17041,17897,14330,4874,17944,12592,875,7025,4394,7618,11229,1897,14793,18256,16374,13672,11074
10191,5284,14632,8545,16078,276,3437,17615,13814,11516,13478,6562,19175,12928,15765,5950,9752,2775,18693,19339,11479,2226,18898,18877,14115,8839,12137,11449,14762,16489,17408,NA,5219,3819,1378,16685,5674,NA,11447,12922,19102,685,12344,5208,4837,14419,12395,10049,13617,3698,6324,6937,9368,10970
12341,8664,15051,10710,16922,17220,9722,12398,14584,13542,12983,6687,721,17590,15149,17545,12308,9342,8726,12907
4019,12507,16163,16384,6496,130,12318,14879,778,8568,6030,16638,12866,3788,14356,8536,NA,12271,4880,9877,NA,440,NA,11343,5320,3410,1351,15672,3435,17343
1967,11106,13054,6390,17531,16541,9217,13834,8140,16302,11805,17565,12998,13123,185,3455,18801,4941,4996,NA,6882,17137,11681,19649,9133,4610,2356,18184,11513,9779,15938,NA,97,524,7103,9652,300,6384,19230,12447,6260,1137,12094,5335,NA,8618,2194,13720,6035,5387,NA,6351,3162,12188,7982,NA,14107,16190,5726,5086,16854,9637,187,15703,1098,12412,17042,1322,718,11881,19110,1996,13518
3418,8587,13850,5529,5663,14731,4777,549,14696,13997,4700,13213,17461,1276,8255,5894,6585,8390,1512,7520,13954,13482,15169,7900,12644,19388,11601,12017,NA,5334,6395,7823,4886,16159,8188,18005,NA,12289,12658,7971,4755,10440,17503,3832,4109,4985,NA,15269,9123,14280,7925,7096,14477,1952,17596,19070,13950,12357,4790,11593,19987
8306,6219,3477,12789,17405,10448,16155,4718,165,18555,8781,7421,18194,NA,15692,16702,9030,NA,12839,6604,7620,8015,8640,1857,8717,17684,10489
6361,2916,2605,19372,3721,2176,13162,9681,16270,19632,10580,17120,10130,944,12590,6913,NA,6988,NA,8769,18327,13271,8689,326,NA,9114,2028,4398,NA,1931,19627,NA,4817,14992,10137,19114,17679,13983,17420,2237,11698,16497,14281,NA,1623,13834,7119,12979,14558,18515
7436,6286,10834,18171,7376,2714,15170,2377,16039,8687,8729,19488,5213,10999,16115,11824,17633,8585,8780,14677,7984,8510,NA,14072,14572,19875,18578,15802,11057,5408,258,3946,7651,17156,2506,19217,7426,8260,877,13436,19138,238,16343,9236,1848,13023,NA,12881,4174,10987,470,13461,16610,11518,4968,10405,15274,5982,11949,2316,7327,16617,12688,NA,3540,17725,6133,5383,2913,4580,11278,15859,8656
10091,8437,7554,8874,11053,3927,13517,8073,7220,13394,10084,17026,19504,1064,19030,8882,17904,16148,16053,13961,4778
6460,5490,16826,5502,14822,32,7614,4788,15603,7796,13100,16493,11482,16337,8672,15286,18712,18882,6649,4244,19339,17073,8050
1529,14990,18015,11401,1020,3059,14353,11603,5253,18234,14472,NA,5872,17971,11497,18007,16971,11248,2732,9072,12155,8104,6217,6775,1905,4495,15644,NA,800,17510,6089,11320,5198,7126,17187,NA,10673,NA,17762,12453,19985,1257,8855,12210
19421,2904,15363,7597,9592,16650,18520,3469,7875,13582,10444,NA,14212,146,NA,15444,17235,7813,10520,9127,11550,NA,13673,6804,13256,19499,8704,7608,5750,2983,15155,15212,8211,18699,7254,3688,10605,218,17262,1024,18270,14851,14691,18203,9632,NA,6993,3611,13262,8554,16379,5074,6222,17504,799,45,4205,5116,8292,11474,16713,16345,15916,5103,9758,6358,NA,2738,9285,2440,NA,12725,907,18422,15532,8923,18908,2094
19305,6565,2920,11414,11091,13312,12211,8309,11076,18402,17614,9866,8168,88,NA,14801,13981,18988,NA,14591,440,14499,674,NA,6194,3517,13431,11008,17659,12470,8571,19854,NA,18618,4923,6292,16159,11477,11307,NA,4150,14518,10655,1543,15214,390,40,16623,8525,17953
12299,4883,3002,13262,2029,15944,13179,5249,5988,9440,1364,NA,5911,17639,10726,1293,14026,5469,7544,13380,15079,NA,17281,10626,19475,5920,16091,18379,12378,6640,6255,19106,8511,NA,1386,NA,16950,449,14785,14485,16083,10915,18051,7321,1427,7517,19567,NA,19309,NA,18598,16266,15517,8780,5821,7659,12685,8460,NA,10872,5838,16014,8097,12392,17085,13527,14081,469,18389
7794,2441,9565,10255,11506,6921,17694,11048,11571,18048,16601,4673,5741,7716,9862,9844,6010,5085,966,776,3387,15643,1208,608,11884,16968,7917,1992,NA,18524,15525,3507,18120,9773,6137,NA,15610,14883,12871,13827,5498,16921,13543,7590,15948,10191,16546,3035,NA,4573,NA,12572,6371,19112,10200,NA,12113,8696,3428,7092,17151,8577,540,19763,3916,5691
11245,1359,13138,18048,8628,9423,8641,18247,17714,10857,3823,2107,12257,19873,8276,3396,10378,12285,2508,NA,15154,10719,9169,1861,14130,5921,NA,5765,12678,1009,11973,15483,15542,787,716,9181,15871,11814,8416,18601,10037,19699,4761,7147,2517,3227,18574,16243,4622,4190,5066,265,2075,10324,10225,2758,17053,16130,4596,15496,NA,12662,18632,NA,10163,NA,7442,32,1206,14272,10636,11310,8212,17509,13974,10266,4264,4571
13496,19722,215,5728,3315,11370,10016,4320,1013,17183,4555,13382,18375,12462,NA,12741,2001,NA,9685,10601,17113,7779,8237,1000,19324,3103,4265,NA,467,18687,11202,8654,11425,NA,8073,14472,2164,12514,17918,16529,6799,10665,14768,6882,19801,575,3278,2682,8342,1585,11916,7772
