19244,1815,13099,4250,6915,13429,6833,14068,18653,19098,17410,1748,3245,10743,7932,11420,16993,15478,15755,17702,NA,15150,11499,NA,5759,1907,18803,14811,9038,1880,NA,80,4294,9250,9506,18093,12504,13499,12452,18700,5740,5324,1451,808,19759,12128,17920,3371,19513,12786,7624,NA,14935,454,16219,1570,5152,7128,NA,19147,11024,16018,13660,15829,16227,11950,1753,1629,16022
15670,12854,17987,12948,10203,8764,10915,7907,10344,6264,6869,6680,16885,9228,13999,NA,9702,2527,15841,3447,12429,2265,NA,4989,3143,17985,7574,3169,17414,1571,8450,2116,18360,8077,NA,16282,5487,NA,9454,14783,1177,4365,10807,11192,15923,4732,NA,14445,12525,11869,19199,9676,681,7378,3867,16499,13292,6522,8317,5342,16407,7196,1386,5338,11706,8999,14822,9156,3784,NA,253,5557,372,5866,12613,11437
19362,16473,8863,2219,8094,2265,19971,7627,10901,12144,4069,13200,14009,8181,17786,18098,2419,8044,6861,16065,2928,18758,4527,16135,16683,15211,NA,15641,2018,6975,9175,7299,3381,9753,239,735,NA,19869,10073,8167,9471,4142,4440,8139,NA,10954,15646,12460,12987,14706,12732,10244,9547,17975,13116,14390,2942,NA,19271,18231,11756,10347,6335,3004,17367,2527,15763,2828
15936,8741,17139,11434,15998,1726,2794,9704,4796,10026,12022,8240,7451,5569,13289,1419,3559,740,1923,4293,16185,18331,8619,17737,4301,2556,12141,9112,10480,1503,761,18874,6734,NA,3851,11210,19798,2684,14787,2276,1918,13542,12067,7363,6211,10114,7016,5232,3073,5114,17829,17546,11556,2063,17995,14627,3206,18518,2113,8566,8114,12748,3032,4042
15834,3474,1879,15374,6906,5918,9497,14464,17901,1575,228,4497,10018,15398,6127,94,12603,7858,15389,2720,317,8031,15626,3642,13381,18254,17953,3057,753,7436,3360,1811,18228,8295,11702,1289,16643,2108,4704,10287,11071,6690,8512,7204
6258,5502,19524,4752,17483,12236,19281,5990,14222,11310,740,2919,14941,11962,1602,16472,3419,14352,5180,10646
15856,4596,11176,13552,16658,1170,5742,370,7741,10978,7834,5786,14013,9255,9983,14800,19,5715,14510,15728,NA,14115,19763,19533,6748,NA,11975,7618,11609,435,453,9067,15623,18445,18902,18952,2192,6850,9190,3519,15024,8271,19676,10655,14654,1806,1610,15682,11734,128,19734,6286,1112,8916,302,14014,1699,6323,3149,11004,15398,6198,6638,10662
13426,12607,5028,5977,7808,7111,2030,19468,4719,6549,13134,8650,NA,13046,8654,3302,8520,16068,7916,14217,15240,14398,3936,3422,17902,1599,1076,5679,18307,11471,1764,3195,7882,NA,16136,17079,9809,15584,6027,7383,9174,NA,2100,NA,6161,15122,12151,NA,7040,6336,4178,13483,15910,8456,6620,9261,15756,15498,16950,5943,3961,7059,12726,5703,14384,8464,11705,590,9797,17679,10445,19016,17638,18809
4698,2161,16584,14707,5377,8426,11039,19039,16422,10632,17505,15707,25,696,13483,13065,11784,8267,5012,14441,19773,6682,17497,8122,19592,8069,18738,4584,7003,5260,4879,15363,13739,16874,NA,5752,15814,9494,14518,17322,7832,16357,17396,6184,18027,11498,19737,2434,NA,1170,16754,18251,13036,10428,49,9922
13376,11490,1198,15426,2706,643,4800,12534,1285,4933,4604,16108,728,8691,7292,16704,5139,9708,NA,5816,NA,3043,14256,6662,13424,8603,7872,1141,18342,4103,130,12455,11169,16115,7995,15630
1542,7696,3925,16749,7231,19986,15731,1685,6338,5404,4598,NA,17387,NA,5680,1243,10349,805,19728,3044,3142,9925,3683,2747,15914,17426,10863,15909,NA,6451,17283,19137,12891,9188,2829,13095,13830,18197,7397,4692,1061,NA,9281,469,15051,NA,461,1439,7476,11180,679,5731,14513,18005,506,37,9778,19050,19632,18585,3121,2054,14139,19789,12473,13570,12501,5340,16050
16017,12977,10406,167,5292,19343,12499,6519,15534,1776,11240,382,18101,13814,12444,NA,1860,13881,15398,11729,2758,14379,NA,9177,19781,6624,9268,7507,6534,16080,14218,6700,12670,6917,11907,7664,9157,1810,8316,2974,11819,3360,18084,NA,15324,1659,15939,2619,15473,7131,14106,6148,5104,13495,3226,8849,15372,8673,6784,7692,3518,18180,3894,8913,17916,8834,18762,7239,45,5159,9901,11390,4484,14874
19225,1071,13597,7190,10931,18754,340,11802,6902,8658,10029,6216,13059,15312,6980,4058,8898,8346,19352,19815,12184,13233,6486,1725,11717,NA,3090,1379,1039,16683,2505,11305,14270,8991,2817,9870,8610,16071,1155,12474
10023,6729,1598,7107,14846,6733,518,11064,6271,9072,18446,12914,16759,1906,5296,13300,12042,17814,2191,90,3738,16986,174,6580,5205,1804,1226,NA,17215,9882,NA,11816,12158,8965,17470,16277,3455
16691,7480,8140,12895,5418,11074,11321,14595,2140,14476,7314,18951,11544,15744,NA,9139,19434,10631,19744,12810,11625,5593,7072,6952,1426,17422,1243
14195,18054,6799,9539,5591,5108,9702,19411,14462,9124,2925,18347,3857,14902,532,NA,9645,11434,12442,6289,979,16122,NA,10744,NA,7770,11681,4624,7450,5506,9183,7434,15924,18407,18904,11959,14188,16943,593,395,15786,5824,5437,18354,16165,16031,518,12784,12144,2326,12904,4027,19059,2882
17539,18065,694,7438,11750,18430,3105,11540,17814,6971,18973,NA,11870,18870,18916,19152,10536,15347,5076,17693,1006,8051,18596,10603,19937,14080,13600,6386,11356
4625,19178,424,8391,16128,4991,12425,6023,18426,11368,13586,11643,12286,19296,NA,19386,13823,NA,19668,17883,11007,4310,9083,8179,9553,13933,14743,16416,8655,5787,7266,8040,13417,18041,6703,4398,16976,14531,4440,13405,4588,15032,17219,12761,NA,994,2757,13745,8316,7357,8725,4397,NA,12673,11093,17246,4328,8948,11680,15368,2099,12737,14245,7575
16197,16020,11868,5483,6489,15446,15946,18856,8356,7371,11495,1572,NA,15867,10360,5571,3321,2946,11420,13514,12000,9692,14078,NA,14582,19576,15129,6371,6619,3175,8821,18002,8336,14609,12442,17999,NA,11214,5201,NA,12407,3779,16595,14604,13032,4244,17896,9880,9065,7056,17415,19745,17532,8514,4089,14060,18656,17527,18474,1324,808,19174,11822,19513,2162,13410,13976
7625,3603,18311,5894,12476,3039,17219,9102,3389,6092,17545,5304,4652,12722,14717,12230,9739,9853,9834,695
19214,7998,7341,12802,7955,11775,4398,15671,10574,12127,12381,11205,18782,5386,12551,15486,16220,19973,19377,NA,4815,2152,19869,NA,17987,8397,4245,8790,9282,7431,16054,11197,15073,NA,2713,11865,3671,3795,6396,4957,11560,18775
19942,10467,14660,9879,13661,8437,3429,7625,12217,13915,8262,97,523,NA,9730,6546,14989,3139,7395,10003,18320,4977,6873,4164,18728,15585,8344,3658,NA,11286,NA,10580,8314,12627,5267,9560,10494,139,6530,14761,5695,15930,4394,8134,13784,12446,16468,5520
5759,12716,13724,3796,17097,12502,18535,12850,7095,1179,12592,10085,15265,8222,13313,1891,16535,11657,14699,6286,NA,2715,299,NA,15875,2524,2204,12592,13416,19264,3152,NA,13796,1670,15228,6761,762,5168,16223,4680,9213,1046,8965,17379,7069,4614,17762,10700
17186,18075,12799,8075,13191,15237,15633,12522,7089,3664,7077,3092,1805,15837,7961,NA,17683,5134,10193,9050,16338,13990,NA,7426,11473,NA,14819,1424,4482,7911,14466,NA,4788,10204,11616,10061,4327,9989,11389,16943,4076,8769,5611,9003,11583
534,349,15070,11293,890,10460,14940,6903,17552,17100,19165,7993,14979,11591,15648,7973,17117,17547,12166,6806,NA,10507,4488,7057,15143,10608,19189,NA,18596,9521,16912,17411,895,2892,NA,1006,NA,15989,8687,NA,5594,15787,3455,794,12080,12093,12083,13663,19406
7076,18937,10625,7801,15060,8711,2603,19359,4810,11782,10335,308,1418,5138,13852,NA,11853,10223,NA,6422,13402,19611,18167,11083,7138,8778,15395,2281,NA,2655,NA,17995,9946,19132,16698,14976,14549,13595,3823,10726,18740,NA,5954,3542,3150,NA,4375,7641,16376,7145,18899,7958,10460,13666,18219,4661,1968,18603,15082,14805
14806,6289,14839,15963,6463,3,18936,14928,14536,12413,1908,12874,18284,18390,NA,13819,7627,3484,8912,NA,5189,8110,938,557,10172,13416,4744,NA,2343,16550,14302,15449,4150,7092,NA,3505,NA,881,10726,7399,8880,4731,114,15876,7207,5238,17345,17005,8264,NA,6844,19793,1373,17763,14376,16969,7003,2017,15690,16481,390,1029,8279
3224,2584,11730,6501,19134,680,14559,82,1114,18012,10676,NA,12431,NA,17552,9303,11423,7573,7262,17026,1202,17907,1630,NA,17136,843,5657,21,NA,18038,8274,4558,2037,3343,14136,14119,7932,10676,3274,5342,4465,17076,17227,10914,2140,7201,6346,NA,19749,15851,7794,1143,11156,12450,14704,19281,4399,11918,8572,13906,11185,11525,130,11031,773,2967,NA,9542,14111,6978,13019,18366,751
9440,18881,17122,16084,3966,4481,14350,17125,10283,7097,3633,14204,427,18276,17295,3924,11512,2494,8542,8720,11169,18351,7492,NA,17244,672,5654,11765,13875,13246,16561,3779,5829,17038,4551,4999,15807,614,10294,288,2707,584,19615,5032,NA,6222,18861,9390,11854,4469,10223,12554,8344,11407,13994,10219,NA,122,17064,10526,NA,10204,7079,12255,17028,2723,13928,15606
6577,12587,8403,19840,6679,5220,15991,16899,7336,10477,15606,5961,9394,15609,18862,11713,5076,1923,987,7354,55,15604,13281,4476,19501,6135,4990,16665,NA,12018,19691,10951,12468,16544,19406,18949,15875,13698,17299,7806,1849
14597,2274,8565,4348,19648,13451,18396,1958,3208,3080,14704,8390,1684,14038,1552,1258,NA,10880,17923,387,384,1626,18942,10392,7033,16948,16862,5255,1469
16339,14170,11376,2690,17157,12906,6012,5599,18015,7395,17264,7161,1540,18542,9193,17073,NA,8916,321,4860,10337,NA,3709,15555,11802,10301,17456,6184,16705,NA,10995,3969,NA,12498,7027,11999,14949,6421,NA,13648,1650,13359,7668,2601,NA,17414,7170,329,18716,2612,NA,13604,10965,15776,18397,NA,10592,8104,16988,11208,9457,8958,16024,19068,3399,9555,14950,10370,7834,16737,13428
14146,6478,12440,2321,2818,13721,7357,5173,9896,6175,16103,13210,13412,1352,17266,12992,2624,7433,19924,NA,8401,16682,5044,13389,NA,12416,11405,14239,19452,7536
7992,19705,13098,2702,11576,15309,9169,7706,783,5258,9185,4747,712,15783,3742,19996,14003,16384,13688,4029,2325,7022,3486,19424,1770,16950,NA,3190,7951,7012,15616,18084,NA,11179,15709,1985,19543,526,14258,NA,16713,849,3052,8222,4929,11419,11006,17161,2747,17767,6478,15970
15384,4558,6781,15356,7197,8797,12037,14290,15765,7139,5386,19326,15452,NA,2965,11631,11123,17351,NA,5776,17154,14714,NA,4300,17369,1757,3653,17698,207,4929,16870,NA,5453,742,306,13044,1801,15794
2033,10178,13278,16830,10034,19680,18516,11970,7044,7774,11496,11316,9299,13769,5538,6037,NA,9195,9095,10322,12943,4226,5367,12991,NA,17043,2674,11226,7248,4565,1388,15273,18279,NA,4400,19954,9116,16719,12030,1217
1264,11546,17839,14786,747,3927,14073,19841,15433,12833,15450,3163,9933,3066,362,NA,2680,13728,NA,7427,13502,12843,12607,17317,8744,8506,15038,12479,6689,1209,13702,15335,3818,5737,6956,2597,16429,15171,13565,17338,6964,12746,9547,17675
11383,18849,8591,12719,5940,19053,18311,9847,13623,11679,11962,14667,122,17282,16086,19263,2391,2169,6304,2503,10198,18510,NA,8556,11389,19543,5073,8411,15658,17304,9028,14390,NA,11053,7207,677,4239,12337,12906,5933,3219,NA,2155,18581,9885,16484,7353,5695,NA,7579,7869,NA,3541,4214,18361,18674,NA,9015,15870,14904,13464,6928,14975,16811,NA,5858,NA,10942,7103,15839,2543,15734,1758
13850,10827,13861,14975,13778,7986,4532,15716,18022,13713,4590,12145,12928,7073,18416,13967,1294,NA,16385,603,15159,8169,5277,734,18352,13349,13766,5650,8029,2701,14769,8659,14196,17097,15636,17853,5049,6783,9135,990,19182,541,2766,4772,3304,4501,10804,14567,6432,4474,7826,67,3422,2199,18754,2712,17682,15675,13763,19704,3742,8398,15709,7612,6407,2102,16829
15801,19582,16981,806,16575,9006,9721,6503,10283,6880,1659,13256,2966,2567,NA,1577,20000,8736,11393,1686,7494,17942,12949,16141,8533,12845,1717,5551,10520,10839,1903,18685,NA,6398,2680,138,15092,4183,14378,6288,8939,12541,18289,5454,17167,2698,946,19671,15207,19374,7165,4356,472,9092,14612,17064,1871
17641,16178,9520,9293,8482,3836,19700,4479,6181,8225,19496,10679,13489,3355,16958,4290,10339,7318,4074,19960,11574,67,NA,15390,10921,15900,NA,10805,1759,16733,14236,6937,4134,8990,9620,15126,2418,898,2859,12934,13487,15889,7262,15891,16875,9692,6408,6736,14912,14991,19873
8552,17325,16488,7524,8522,12350,19736,6450,452,9676,6692,12594,NA,8190,135,2312,18826,12537,17780,18131,11090,NA,16389,NA,3846,5472,19768,8831,9661,12329,13162,9460,9661,2504,15062,10026,16865,17818
18435,17207,7892,10286,11697,16613,1494,397,9531,1654,12990,14686,12734,9627,13702,7999,13364,5130,NA,16564,4537,345,NA,13724,9877,2289,NA,16700,361,10572,17428,5942,1990,15822,6810,6108,8750,16216,14758,4851,18859,15,5317,2205,16920,7609
3211,304,4142,10078,818,8971,19062,13911,16216,10484,19625,1529,NA,15421,14437,2426,1200,3494,4936,9310,19190,5519,2032,5135,3109,11593,6966
15411,13142,6475,14384,2589,16490,5467,14918,14007,13458,6354,373,13236,11710,9361,14209,3861,NA,13629,7543,8856,7576,NA,2438,4216,15224,8416,10263,18116,13966,14025,1339,1291,NA,7605,7892,13908,9092,16711,9323,NA,18932,10670,515,11379,4328,2913,6928
8698,4887,9186,14937,18097,2540,13029,6342,16844,11077,6260,NA,17642,NA,2680,2005,NA,630,16460,17602,14786,9561,7602,7982,3157,9016,2487,7556,9617,4903,18058,5176,8897,548,19698,5735,14649,NA,13564,NA,18843,19357,4358,11589,10085,477,11115,17574,4119,17462,4068,15642,11852,1015
6042,5107,12311,3475,6618,18801,6784,7017,3533,1766,4449,8284,16010,16341,5154,18291,596,17638,1065,14492,1671,NA,15308,15167,1143,11160,6319,4768,3008,13568,4514,2570,399,3167,19014,2401,10140,11967
8309,5679,5110,3209,17989,6287,6198,5813,14413,14161,13589,2780,8851,11966,19017,15104,12510,14345,NA,8364,365,14124,16850,12777,11708,3492,19476,3118,14224,11169,6982,9996,NA,12870,15501,8412,14622,12213,10235,15122,15926,3743,3139,19666,18730,NA,17995,17745,7412,12298,NA,19551,2577,11137,6735,13647,16091
2308,4896,15735,7900,8763,16176,3143,11997,15094,4741,15480,NA,4851,791,6997,14620,17980,10981,15625,NA,1155,19146,7641,14007,3322,5865,8418,2730,NA,14364,9510,6353,13958,2427,3846,10602,1257,13323
16483,19296,3811,2195,13519,4531,12082,16814,187,5679,6655,9362,4706,NA,2393,5615,11980,14477,13645,17374,17164,14250,2822,779,351,12756,19431,11814,NA,5754,NA,10016,770,10206,14025,3614,5160,17122,NA,701,15819,9456,12671,10693,NA,2977,2957,14717,16259,14228,19417,9685,13381,13176,731,8865,12780,13935,14848,7591,3109,12225,1297,1542,14331,8549,3071,18494,16133,8984,NA,5927,11639,1153,18816,334,9,19680,1994
5608,6084,12523,16422,15956,18704,9518,16428,17380,15191,8066,14820,8345,12975,3068,19754,7755,9164,604,16685,4748,8593,2808,11033,4703,8184,15459,NA,11868,8347,7794,9608,9408,6791,11961,3843,19290,12972,3197,17579,9978,14520,16838,9001,2994,1794,9661,NA,13892,6602,1086,14589,8307,NA,16721,10988,3021,2318,2944,1012,15167,5468,NA,16142,13409,874,1233,19035,4544,3726,11689,2232,15133,9332,1228,15096,14067,16757
6885,3787,13098,9343,1615,11534,9597,13652,5584,15455,13595,10830,NA,17133,5328,6398,4049,10697,15833,7549,4474,17636,3615,14114,6551,13775,12320,12991,6000,8898,267,7381,1450,14905,8191,15856,5311,8565,212,NA,12477,7746,10565,17383,8554,13459,539,NA,15886,5365,14672,15225,NA,17682,456,7754,16572,17522,17600,12174,18506,17448,2751,10845,1515,2843,14548,17158
2183,18474,15663,13130,2905,940,1915,2171,3345,17668,17541,9398,16944,8484,15688,NA,6287,187,5209,2849,75,18274,14761,6317,2844,1744,1983,19664,15620,19536,19684,NA,2909,8701,14127,NA,259,18453,11303,9501,3317,7635,14383,7013,19543,17485,16081,583,10274
9798,15044,12306,6438,12412,11855,19431,5538,11311,12924,7742,9980,1765,3857,11350,14550,2036,12669,2046,6087,12253,1245,13291,NA,1492,NA,3984,8677,15517,6502,7318,2599,11870,4577,993,1838
19365,1351,12128,9692,14688,13754,17179,17446,2085,12944,16959,1810,803,18100,4262,160,16302,12255,14041,16515,6034,NA,8788,11239,1059,18391,NA,19887,16377,1567,337,NA,15181,7998,10319,8583,5077,9352
