17417,16792,7744,19781,15503,4337,9409,14386,1774,17341,12462,16990,4233,15494,7525,2449,5208,10316,1036,16233,10054,17946,2562
11527,3832,12934,14934,854,14677,8138,16264,5174,102,734,13044,16291,11958,15864,6236,NA,74,10274,2522,14371,2122,11112,10317,16943,13629,12488,11240,2772,4834,NA,12327,2917,3458,15316,1477,18372,1532,7208,16516,338,400,18713,11032,17396,6645,11543,16092,9123,11482,879,17372
1790,5384,14604,19292,18782,3184,14005,8135,8033,6903,4329,NA,12748,6448,NA,11373,17526,5513,2434,19287,11850,3468,11506,8044,3033,6398,2528,NA,8936,2896,1866,6759,6543,11336,6272,16319,NA,2590,3017,NA,15087,2925,7918,17680,NA,7081,18918,17901,NA,19347,15512,452,18117,12142,7869,4929,16245,12528
13721,2821,1628,1268,14752,16784,5143,7679,16999,11968,2521,10054,8621,743,1604,7986,11392,14378,409,18491,16115,NA,9871,18622,18893,15635,103,NA,4269,3222,17397,19023,9469,19252,18474,15691,NA,13077,18084,NA,15397,NA,1937,4915,13209,15896,19016,6943,7371,18412,NA,9065,NA,7907,5676,4562,715,3958,3681,11134,5823,10029,6437,15699,11718,NA,8413,7851,18255,NA,9087,8447,4833,12826,7557,1714,14569,15214
6676,14157,7395,9388,19070,18060,18139,2049,19933,7872,1109,14376,1956,11762,19672,2045,14185,6035,1112,3639,14019,1657,5758,4303,16281,14077,15726,18946,10863,8942,16238,9324,10620,16989,13352,13081,19370,1318,9510,8830,17236,1265,9486,6763,12199,2267,16603,4773,128,10847,8612,12341,NA,4051,525,19124,16233,398,7062,209,14007
762,993,12927,11668,18345,13812,19090,17396,18192,3223,6947,17385,NA,11720,1533,6827,9099,NA,10870,18339,12391,18800,10939,5622,18618,16754,3771
3775,18157,16652,6554,6500,444,14786,2516,2470,2061,14069,18900,15255,NA,14353,4357,8632,18259,9870,10746,1790,NA,15104,16658,NA,8240,920,19602,7650,NA,19184,NA,17169,4456,6644,6413,835,2161,2924,16946,9761,8856,10803,14718,11887,2618,16869,14094,717,19901,12766,NA,13896,NA,5129,NA,13560,18018,9459,8817,15132,791,1804,NA,8909,11556,7262,14861,NA,5003,11935,17785,12150,780,10485,1266,6120
10911,9567,13229,11430,13654,4341,19558,19919,9686,949,13270,4760,NA,5760,12763,15485,10964,9972,16354,17177,1245,12440,15490,7123,8493
5392,19342,391,4515,57,5188,10814,15885,19368,14957,13825,4461,2723,54,7082,6480,5242,18961,9687,19579,6124,1399,2544,10915,18492,1903,12983,5025,14641,15857,5838,NA,19490,8742,7248,8546,17430,12417,10239,2480,3841,19993,17904,7442,1975,1894,NA,6936,16975,2777,8166,NA,4188,NA,15881,NA,6928,19553,396,7740,11579,3263
7100,1303,4782,7370,15771,8569,4955,13825,662,14276,2375,1495,5505,19933,1306,15842,5756,8917,13595,5557,3694,12415,9122,16069,17802,11087,NA,3657,5128,NA,5575,19898,8369,4432,993,18297,3603,8013,7205,11539,14142,15143
3422,9984,10325,19806,16081,10738,4738,982,7732,15640,10335,14622,5930,18145,4471,14496,NA,15026,3514,2774,3492,10756,7016,16488,2245,2036,1894,NA,2594,19846,9482,7863,15557,NA,123,11160,10583,10028,7823,17143,19107,4733,15362,6985,13981,18669,10698,NA,2915,7136,84,NA,19243,6977,4662,908,6130,5231,2187,15047,9990,14738
9468,18937,9123,5502,12421,685,111,14827,6164,10596,119,15098,NA,16112,NA,18866,12107,1359,5121,9611,NA,18214,1808,6584,19133,19464,12875,14313,8124,5742,NA,14195,2635,16295,2584,7566,19154,17565,19685,11517,16445,669,19289,5176,16918,NA,17966,11170,17699,7346,17416,12715,6130,13669,8195,5884,3495,3835
2781,16776,17526,15000,10095,2708,2638,17826,18767,105,16129,9008,17486,19815,19337,10073,14454,8442,7726,12684,NA,3412,9380,9506,6079,2959,2634,16089,7546,17455,9783,NA,11108,3878,8185,15913,94,NA,3236,14649,4202,3277,17366,17405,NA,3941,19842,12642,12321,6868,10894,8072,4603,10223,12960,3772,19663,19002,13783,7801,378,12488,1837,15911,2008
19389,19478,11484,164,728,2518,259,5976,17794,4395,11413,NA,5187,6304,838,14413,13244,8083,10891,3982,NA,15959,5342,1984,6677,4522,16591,5781,8397,3536,80,14046,16319,19888,9669,9613,9899,8264,18407,17109,19790,10886,13586,NA,11489,10570,14805,14091,15688,11983,12724
15862,2610,4605,226,16848,8218,2513,128,17927,19905,19955,5299,9897,16766,19706,14087,14297,NA,9169,16553,4956,17324,191,498,15406,2326,19096,3873,5473,5920,11599,11400,NA,12804,7518,1623,2222,12889,13014,19645,3985,15966,NA,19020,7615,NA,8072,8199,10746,14861,510,10247,19297,5114,6730,10336,13110,3352,1822,7741,5515,5181,11192,13923
3239,8291,9557,861,855,16,14983,6717,459,14392,19643,10865,625,NA,3219,1919,11730,4645,4978,13673,5707,NA,18845,17831,3297,2313,12502,15707
20,4902,18756,8387,4122,6528,14533,16126,9595,9160,9570,10300,15224,13292,NA,12158,2171,19526,3687,6166,10370,10128,9296,16433,13870,NA,4442,12634,15471,19173,1970,2326,2027,11802,18844,9095,8220,17685,6429
12113,18996,4677,9829,8259,4138,5676,11363,4496,12376,14883,NA,2629,8855,3040,15720,11250,4976,16814,9629,10273,2614,16708,2297,11983,1066,NA,1087,13787,17405,14924,8258,15537,NA,1941,19412,17133,10092,NA,19024,17883,18888,NA,15502,NA,16678,2046,11630,9807,19207,18614
9414,15637,19214,18614,10363,1826,7079,15046,9546,12489,17953,NA,14981,13655,11686,4081,NA,3920,7016,NA,10806,527,5991,6577,8044,13831,18824,6686,16620,NA,10460,10933,14586,10727,9761,17527,10015,NA,8637,11657,12928,13207,NA,1506,13004,6828,6052,1024,17597,531,4257,3541,16187,9612,13510,7861,6380,8976,4398,9506,4217,2222,1291,10403,19073,12352,1019,13585
18186,9366,11480,3603,5955,1341,11592,6291,242,7467,17584,6611,NA,3730,16016,962,9707,14089,7372,530,14824,18545,11203,13284,8254,11268,823,8162,NA,6705,15562,NA,8719,19725,11924,1165,1872,10675,11536,19850,3497,12391,8297,2989,2435,NA,12433,6365,1861,11307,12170,7328,11273,10586,3073,8033,6332
15371,16916,19456,13509,14797,11286,11580,16405,4208,8172,3253,NA,216,10294,13413,5561,NA,15212,19646,12081,NA,10570,103,NA,6746,5113,6382,8466,1967,4093,13342,16912,13717,5392,7891,4410,14889,NA,4354,19708,14692,769,9449,1231,1420,11211,9607,9377,4013,15029,8497,2851,15408,12662
4940,12083,19025,2380,15860,11221,7833,6863,4548,4797,15378,10673,6110,13483,10274,13702,15295,15642,NA,18854,573,NA,611,9092,3888,11175,16680,14452,19288,829,3681,10628,13425,11214,11782,9388,1186,4925,5916,2487,2669,19926,NA,7060,307,7239,10177,1394,322,4036,15255,11043,14718,19018,2249,NA,18914,2540,5037,17011,11225,292,10461,2728,10327,9696,5915,5468,2744,11993,NA,12118,5922,15656,10099,1621,12950,8384
826,2771,8466,3581,7601,18568,4933,16362,6080,14423,2374,14491,15563,2721,18625,4255,10248,8884,19864,13496,16481,9776,8496,10688,12011,NA,12434,18191,NA,9894,13966,5135,12026,18778,19329,1077,5578,4725,15929,15178,13616,4195,7365,19770,NA,14718,4696,1262,8326,5134
14681,11963,12079,15826,15574,13820,15934,10312,11064,5689,14124,8885,19839,10104,NA,13384,NA,15252,18202,2947,5458,5665,15096,6173,13279,13293,2457,5239,6566,15073,14245,16402,3015,18460,6507,14557,7696,4689,12377,18984,10336,5783,13955,19282,12707,7273,1982,15405,487,19632,9463,10627,17239,5753,7221,10313,NA,8679,5536,6624,10984,4339
6093,11131,9180,7321,1306,436,8581,4320,13200,15500,19965,7664,16226,7520,2652,NA,3408,3230,NA,11052,1015,1906,19425,3180,2918
3029,14833,11972,17026,18425,2375,5079,9852,14452,2299,17363,15924,19633,10035,6917,7837,13360,15334,9335,11987,5491,1564,15847,3161,3152,203,750,3069,6859,15330,12389,15016,14329,8617,NA,6311,16161,NA,1508,7117,13258,2825,8977,15868,NA,8338,5827,6422,NA,14477,251,11777,16167,10206,814,8295,14372,8476,1951,NA,10876,321,6459,3256,15601,7054
13371,1868,823,5780,6782,15637,2613,3689,18344,4310,8925,4202,2480,1533,17611,NA,8494,8985,12155,6380,4512
10004,2547,16933,15215,5678,7076,18164,17214,16131,5515,14736,10493,7995,8184,4369,15525,19260,19833,8331,3306,14824,2726,2385,2642,10468,14106,10718,17458,14642,5381,13854,17696,14699,4061,NA,2828,5298,11120,3501,10951,5684,9580,4384,16430,19348,18148,18316
14599,17851,18465,152,7200,1850,3205,16136,8362,12447,16209,14864,12306,13340,5822,18449,16903,8941,6317,15138,NA,14665,7435,14489,17378,12408,19004,16202,12070,6838,15144,8487,19086,19423,14088,808,3064
19172,1680,9251,9972,594,18025,13668,8997,9726,8034,7519,9172,15777,16446,15228,12770,17704,3662,NA,4046,12373,458,17561,1897,4088,3138,2698,17416,10309,16035,5838,10368,3284,8502,8780
2216,14342,4741,602,5255,2587,13033,12253,18475,751,2031,13339,18871,13746,6340,569,3150,14151,10499,11270,17503,19242,11125,15754,12578,1027,14121,1629,5940,948,3254,7427,13506,12495,18392,11185,2699,11611,2655,589,3135
12622,5792,4641,9422,19262,8989,15366,8130,10588,11412,8061,18324,2744,4078,13993,18053,12050,NA,5685,1188,11196,19689,7652,12345,15346,8892,9717,7820,9877,18210,NA,19375,12841,4140,17909,14812,7331,11716,2858,2636,5896,9860,17075,17243,NA,11540,10460,NA,7979,10679,13622,2180,1903,8089,2401,13440,12881
177,7485,17280,11357,852,12247,10045,228,12439,2134,534,5446,13305,6519,NA,14600,498,9997,17428,19371,NA,19700,NA,10300,18845,9536,4837,990,17059,15040,17855,11573,9819,12974,632,9937,7455,18586,14998,9071,14046,6493,13126,1376,3320,6509,NA,8597,458,12140,9920,13286,3149,10584,7711,15782
9978,4353,13674,17346,10942,13703,11450,2281,7024,8015,2524,6312,9884,11155,15842,3536,18470,2519,17802,3479,9590,NA,17574,3657,18633,5608,8207,651,10292,17501,NA,16413,17146,2709,18195,NA,17579,16620,16053,10374,4145,17141,2876,NA,9057,889,16391,14361,9063,18937,7200,12446,12742,14546,9506,9688,7102,12928,NA,17473,12343,12975,7040,19885,2683,814,11576,17318,4226,9620
19170,1575,18930,16173,10485,6672,11369,17877,11803,16907,104,19431,6436,NA,5494,19713,16774,16976,1467,1441,13195,NA,10941,16754,11591,8134,18859,NA,11057,13594,12224,12939,14971,7394,7285,15180,4747,19373,18562,1717,17017,4034,14620,10177,1504,NA,14946,14194,4513,2820,9130
8522,4158,5291,17027,8527,3209,4641,6516,10510,3893,15213,16148,9,17298,746,10344,15759,3316,8864,2389
6784,2473,13470,7354,16977,19033,5977,3308,4176,18959,15476,16815,7825,2605,19037,NA,7590,2632,4996,17004,4615,7665,14888,19332,4452,15886,4130,3316,7223,6423,11195,4670,13470,8037,4094,6770,13720,15332,14817,12168,NA,7612,1606,NA,2298,9352,10423,13833,7103,1684,18791,11384,15735,12374,6323
15804,19700,13193,10399,11614,19432,7559,11075,56,15919,9707,5427,13340,1970,1559,14132,5488,12658,11321,10382,12978,19616,6311,16249,4562,11532,3618
11839,13395,11982,9588,16207,4159,8738,19617,1444,11642,9894,4307,17856,4009,6359,9455,NA,5930,NA,17888,9843,13371,11659,9527,19162,12217,14307,15597,8783,14145,8598,12539,1265,19546,17612,15359,14176,8714,3788,11229,13628,19253,17518,14307,8822,4653,2100,7795,3839,2124,4202,19880,15635
16663,11841,3995,18222,10402,5324,16034,12596,13133,4248,18914,18740,NA,2981,5518,17844,7787,19407,13248,5361,6289,13404,19569,14900,17604,2918,9080,19379,10991,1893,16497,7726,234,NA,413,100,3986,5289,17815,19229,97,19952,15351,5878,7099,15670,6379,13109,11514,9908,7761,15104,7479,5962,12441,2224,14997,1099,18864,6711,NA,16402,NA,5461,124,11567,3692,6746,18597,8747,1063,10589,2088,10044,19752,14065
17148,3853,5112,12767,12589,1531,7121,13995,3404,6658,9897,11182,7534,11032,NA,9777,13781,13212,7151,NA,15638,11252,10937,3218,15270,18195,10996,17978,14088,3177,3574,NA,957,16777,2942,NA,16685,7113,14742,NA,11353,4485,18704,14956,NA,7304,9019,7485,1301,8446,16241,4240,9388,3187,14618,12968
10695,25,17773,4340,3847,6512,8406,261,10195,14545,16819,14147,11049,4194,10933,NA,3235,15174,19597,10364,1425,5901,15347,18487,12540,7630
17611,7445,3305,6995,9924,8203,18034,19751,11007,14166,9614,9696,NA,19836,12329,5490,NA,7543,5528,16080,NA,3533,12417,14421,4949,11352,17049,NA,3308,1635,11304,7533,NA,6828,2551,12229,10727,2348,7459,16010,2291,8831,1660,19054
8852,18040,18413,16693,15897,1600,18377,8155,7139,14955,805,333,6973,4861,14383,4456,17483,3046,15688,10926,13913,NA,14047,12159,4719,17734,9873,16332,NA,12532,13544,19736,13322,10089,1379,NA,6154,10464,9623,7619,9546,10697,8718,14538,9585,8327,16482,8876,9604,2074,9206
9925,5077,2953,12239,17552,17377,4482,1366,16229,14202,11042,8387,15306,9321,5174,14971,6928,19118,4047,2038,8098,10511,8106,8666,2702,4253,12599,10867,6068,18440
9932,7968,1648,1434,19571,7578,2408,12999,18344,6851,603,1793,2457,12059,3089,6683,15907,6605,2557,17972,NA,1872,16895,3589,13789,2601,7116,12763,780
6189,10541,2782,14844,18661,9254,16748,12130,17915,965,16340,7857,2957,11455,8368,6404,15095,18456,12957,16581,NA,13824,NA,19541,11145,1560,18049,9606,15331,11145,16702,3000,12766,9866,2811,15170,NA,10078,12476,3238,16932,15821,14313,11284,NA,9349,5646,14537,2256,4240,12139,9827,4307,19487,1714
11417,3078,5352,6249,9921,18661,14798,11751,5454,1371,1253,NA,13840,NA,13444,NA,10036,5640,8526,6199,8437,6833,1472,NA,18522,NA,4579,3568,13934,10222,14147,661,14609,11368,16626,6161,6092,1060,3259,9553,NA,17070,6180,3868,15748,2612
3228,12641,18442,14602,12029,14724,4593,7972,4479,4721,9502,5117,9625,13397,7700,6426,10768,10471,16439,3289,4850,15244,11972
402,9655,13480,108,958,854,4666,2691,1672,4769,14632,19455,8287,8628,7608,NA,9562,10686,5376,1452,9104,15141,13312,4260,908,18240,4041,8415,15158,18118,9337,3241,2627,8445,14227,10595,9590,19496,NA,13899,5091,10669,17013,8611,12170,12242,515,4247,2918,14761,9722,7486,17646,11539,11188,5393,NA,10439,12843,14511,11505,9519,9403,12854
7009,19743,3574,856,12228,3124,16250,7674,6570,19868,11215,19623,NA,17892,12426,12451,19657,NA,13987,69,NA,10132,2960,NA,3455,5860,15114,3262,507,12256,16129,173,16223,4016,12930,10032,19518,786,4221,12682,NA,4040,5304,11639,1889,NA,680,13772,6059,17184,NA,11232,17067,17405,17938,2898,7890,NA,5752,7981,1506,12232,9632,19962
8230,2295,17696,2615,16184,12451,4175,18368,2132,8617,2874,19674,19731,NA,2056,2268,18981,8058,450,7459,13753
19515,18588,16582,4994,13593,17213,18043,12575,17871,8895,5950,4581,14648,17780,2515,9891,2330,3252,1600,9182,11551,13060,12855,8266,4293
8468,13142,14501,508,15224,5261,12986,4464,5641,8877,3541,18159,NA,15493,10441,5744,7289,NA,12888,10684,15089,7877,14298,13845,3313,11013,10693,714,18888,19488,17664,11232,14032,13459
10696,16569,456,10296,18844,17542,13620,11912,2238,5741,4552,13101,12788,16315,16143,NA,15352,8195,19240,68,4503,16728,18200,13197,14730,4591,13623,14978,13483,6252,12471,16220,19525,NA,1224,NA,16107,1073,NA,16708,9365,13140,5175,5965,11546,16495,15179,8063,11251,14928,8966
3985,17421,3082,4945,1492,1035,16482,9854,5468,5062,1116,678,12581,6971,13287,NA,4481,16516,7826,12654,17139,10324,5100,5365,12074,4286,10108,19525,10933,8893,14812,NA,12656,16492,3626,3795,8727,2333,12612,6450,13579,12786,3617,17586,18635,15047,15421,14138,2950,11480,1547,15159,9992,6633,5397
285,14840,15495,6616,9317,18165,503,8311,3874,10270,3465,18465,15389,9559,3559,13922,16832,2837,10592,16209,14250,16915,7200,NA,7682,NA,431,740,5758,10569,10188,4376,10353,9931,3173,9198,1051,13800,16605,19339,19869,11447,346,18521,16569,6812,8771,6608,2062,17917,11310,NA,11475,13766,12374,2486,2181,1219,1252,2501,16427,NA,9215,8303,15919,11064,9011
18656,16308,16217,1961,13162,5362,14106,18020,7453,17251,10451,8224,558,NA,892,6557,NA,16788,17340,19194,15147,10647,17304,960,16681,11855,13029,6661,7991,19283,NA,13904,NA,6510,14916,7180,18875,13058,13162,13576,14761,2788,9275,18748,7321,14186,853,5303,612,19444,NA,6015,NA,2966,16651,NA,1707,6474,1256,17773,10012,5114,11631,7447,9933,NA,11973,12727,13048,15043,5078,11512,18004,4442,14614,1056,2512
3739,14310,12953,9855,8778,3931,10318,12495,17052,10996,6484,NA,3510,1530,2963,7903,NA,16752,9016,6072,884,19314,16103,14011,13937,1812,600,11138,19440,4533,12147,1487
1153,15264,7009,15993,13456,6791,6389,8479,9734,4882,17490,8918,13772,262,9048,NA,16437,5762,NA,19387,14230,9216,18052,16039,10318,17665,16659,NA,7222,2223,6753,16106,4391,19818,16543,16079,18544,11882,239,8658,17954,16579,7127,2118,NA,13793,4162,4278,NA,16105,134,7337,6479,2716,1987,5034,16419
11519,13296,5176,18923,13397,10129,6270,993,11959,18921,14344,16580,1202,7229,8921,NA,9191,11474,7388,12619,NA,1910,1635,9593,14172,18669,10191,6692,7565,13483,17521,18644,NA,1536,9096,3107,3655,15205,NA,8075,19890,11988,274,2255,17521,7187,2205,4584,17565,9641,462,10301,14645,5901,14229,15054,NA,3556,4127,NA,11576,6668,9480,1072,1288,4386,10079,8209,4003
5811,15705,10892,9441,7989,12907,8611,14173,6385,4879,19104,902,515,4242,2320,18740,NA,14180,15638,13865,11368,17862,NA,14676,15160,3469,10339,15274,14583,11604,5254,4766,19050,13235,3885,10382,1111,12529,11548,12711,968,9630,4857,17248,1235,3412,71,19618,NA,8832,7695,14080,3771,3744,4272,18952,2541,18080,5517,14742,10476
3319,19878,7640,10299,3311,3820,12816,14172,19346,18082,15226,6897,10614,11018,3655,2046,7575,NA,9795,4380,NA,16572,13049,2842,4635,8267,NA,8493,6437,1999,7654,18463,5337
18707,15758,262,11739,12896,15264,11884,12365,11540,15319,19689,3663,3316,13920,2064,17762,10723,16748,9428,9137,17784,4280
16273,1250,2454,2321,2002,7644,5129,9946,17079,6539,4687,5042,12977,14416,693,12774,7407,15330,2312,17359,18143,13391,6906,5704,8703,1718,9813,3352,10558,NA,16097,17693,4219,734,14026,13226,15041,11301,6335,13851,17205,9874,10285,2519,14877,10119,9523,13240,5644,4560,9816,5964,3713,372,17707,1094,15840,17347
11740,3209,19231,16329,7726,8331,323,277,4972,16991,6553,13101,2165,2143,9260,14514,13153,7029,11449,16579,15378,4382,17463,1232,3837,5325,17174,NA,4487,19734,NA,16264,17908,17000,10176,19008,339,2129,6413,12608,16025,9821,4745,16800,9670,1106,2348,17964,4168,13992,6625,11572,16549,4495,6332,11569,1118,802,18461,13125,13708,3430
19645,6433,282,6949,6127,2477,17480,6491,19793,12927,19382,6137,12968,15183,13245,5768,7510,7744,12393,1458,17936,NA,17765,3747,8283,6061,19698,11294,NA,17647,17561,18299,6083,2032,319,12521,19766,1588,4854,7761,14678,17286,5063,4975,3341,10911
9467,7246,12629,10506,4438,4388,18733,11391,5711,17601,9848,8343,12833,17766,16076,9366,16410,17951,NA,4568,13868,14758,19556,NA,15306,19065,19677,7976,8259,8032,16586
9495,11452,11236,15790,14115,10478,18742,19319,15317,13253,2621,1022,15722,16862,16419,5087,1586,5326,6405,15376,10626,12882,14089,8609,3215,4545,11264
14784,17385,4609,15226,1950,2990,7487,3551,17172,16655,9851,4760,13529,5217,8213,9073,NA,1544,7001,NA,297,5232,8417,13338,1133,13555,1301,15914,2053,14859,8447,12169,NA,5524,16096,922,10921,8878,6174,16727,9804,13917,12435,1706,8385,14317,11859,4063,8384,6066,13568,501,4730,16475,15843,6193,7104,16392
397,4114,14877,5540,5461,7851,698,14777,10204,10175,81,13260,8393,1344,12397,18861,NA,4288,16355,9532,4048,4345,17652
19772,16928,3560,13498,2478,9349,14738,1086,18136,6106,13249,4733,4724,2748,13510,8906,873,10473,18928,2018,13165,13965,2061,12741,10883,6165,18392,18012,19982,5587,4346,7587,7444,4782,NA,15175,6926,8176,17823,3298,10421,6443,5280,10710,5188,12556,13771,NA,8058,2519,5657,14036,1558,NA,234,16406,12843,11754,19544,19177,7253
10342,12304,14340,6841,7137,4278,5010,16472,11620,3925,6727,11347,599,7430,NA,5296,15909,13297,18251,7083,8805,5599,17630,7919,3355,15758,12666,6863,16934,5256,9465,17095,7984,15793,8592,15425,3301
5695,18038,3259,13476,11637,8789,12642,19560,11761,16094,5119,7982,16708,17833,2841,7634,13450,9382,8688,1677,11746,5022,3108,8011,18154,3363,4457,2761
19471,19841,2474,8970,2468,7216,876,3283,9700,12967,2577,4827,18231,2720,18830,9137,11287,NA,16188,2648,3984,3271,18135,NA,875,13559,914,11041,3802,3733,1435,NA,6432,215,NA,957,5505,8644,13026,8851,12181,7982,12019,13203,8190,858,1273,2934,NA,11042,NA,5379,14574,15837,3432,12671,19826,8385,6341,4531,1341,NA,17871,12630,2089,1707,8369,16317,19556,5231,3454,16215,15193,13036,1834,2208,19966,1989
18507,9465,9082,7797,6620,7456,16276,6342,4356,4764,19285,5271,4358,NA,10947,NA,7210,14976,14911,15453,19587,2725,NA,1673,6782,NA,10834,11968,530,7123,9358,1592,2088,NA,9217,15576,2202,1527,16528,7760,NA,5811,2277,8794,6345,5663,11956,14494,4217,791,5054,15750
9862,1183,18603,19546,16912,11553,2381,3127,14681,17525,16574,7977,6236,17401,13,6858,528,2986,3947,513,4244,16943,920,991,7189,5899,6890,8786,8639,6204,7032,11275,5221,2096,2295,7901,17060,12492,5581,3332,11070
10998,16834,15591,7633,16189,1986,425,1788,8990,1054,5422,14254,11183,360,19505,18320,16373,11227,8348,18255,19660,16976,19442,NA,10348,1830,8703,12107,8850,13588,5558,1065,7068,1656,13613,8414,9250,15216,6906,10425,9355,17849,7118,5517,NA,11293,1932,19478,7351,7937
