10978,4331,16984,15558,5979,10301,9297,15297,17152,6731,4419,17578,13201,4691,2806,10032,11121,6415,6796,11296,15206,3205,3081,10077,15837,7269,18664,17219,NA,14712,15664,NA,18613,NA,770,9920,16239,5821,13773,1638,14574,17046,17308,3531,3238,17200,16044,NA,16464,6075,NA,2261,11829,19446,13429,13371,9362,NA,17266,16396,9473,9696,15342,11242,5014,18533
11015,15648,15185,3488,8250,9828,8193,16217,9192,19301,2570,7480,7885,19656,7844,13390,13510,NA,2224,7254,18229,19111,5102,1983,4180,NA,3323,8508,NA,18416,12705,7033,NA,3376,13596,17573,777,5707,515,97,9463,10195,NA,1524,14809,NA,19597,3446,10070,15266,674
9995,4559,12498,15282,679,13355,11677,5871,1554,12375,13891,9118,2108,13369,2221,701,2927,5187,6160,5989,15769,9231,NA,8122,19758,18344,17220,9683,13111,18535,4145,NA,2640,14737,17714,14386,NA,7740,11988,2246,10052,8779,546,15337,1841,18267,4510,14328,NA,19770,10923,14859,3315,10877,13905,8337,17316,11763,842,19214,1384,6904,1945,9758,13630,7864,13810
15234,3655,14772,8063,5640,9786,17526,4770,6898,11322,3773,9536,14278,8719,19064,5843,NA,14115,3107,2606,14573,12291,4322,18265,16648,7613,1051,810,6012,3286,10899,4612,10361,2346,5789,17408,19084,11947,5914,4101,11946,12059,NA,4321,1961,6455,14301,NA,9808,6178,15302,3861,1783,17654,NA,12362,19024,1754,18284,14505,455,11347,NA,17278,17325,17586,11154,4085,4492,17710,18988,3009,7310,15216
13572,8364,2054,14783,4072,5136,8523,8853,10613,12722,17787,1111,13650,NA,6854,4909,14066,5926,9210,6352,6424,17578,8455,9415,15228,5695,1969,2881,NA,6802,15947,19988,19571,18970,14680,15267,8549,2847,NA,551,18114,5076,3078,19002,6541,2545,10904,NA,294,NA,5290,5051,12097,14764,3430
5819,19171,16303,8543,670,9003,17252,653,14974,10647,5633,13555,3628,7307,5439,7114,4268,17623,2269,3874,NA,9838,6841,14074,16916,NA,10121,1897,15460,15794,9636
15292,4730,16795,4456,373,6026,3795,9210,17734,17829,19794,10091,17977,15261,NA,15472,NA,9895,10185,397,11439,15031,14637,18432,12721,18098,12790,8159,1803,3754,17556,11690,10862,36,9969,16338,19670,1634,3338,6978,9460,16559,8102,332,19598,10977,5353,15732,4150,8900,NA,13127,9637,NA,17674,3654,NA,6778,1071,17352,2623,11379,14152,2307,11717,6221,123,2810,12550,NA,14387,NA,17866,19358,19600,15964,8802,9342
3064,10699,3254,19738,15898,19062,18383,14852,12455,17978,5087,886,7513,11244,7361,NA,17857,14890,12133,18687,10678,7683,3227,4426,6668,9910,9318,7,7790,15206,1559,2218,17454,13497,15340,6418,16929,15178,16043,17398,19120,10793
10752,5921,1982,8326,8645,1850,18354,17503,4721,4441,12967,10094,6177,18914,6801,15252,NA,8927,11989,16191,7152,6282,10808,14894,7014,14604,9411,13369,NA,16984,12176,578,17064,18350,769,7599,7862,3555,10256,16621,4622,7765,6891,15109,1920,13802,2142,17235,14509,12223,NA,15682,15180,12849,10538,14428,15429,NA,8325,4045,18457,8488,12059,12459,5718,1675,14734
17566,15974,13132,2633,19417,4998,985,17043,10110,17116,16364,NA,11395,6430,12876,16124,14800,12119,8965,15580,9372,6058,5941,9737,17616,6643,6421,6678,4773,18492,5696,18169,13847,15477,5622,18552,10776,19713,9603
4780,12217,16377,13442,17043,5543,14582,14097,9925,13642,4771,NA,18480,6063,16049,3810,19191,NA,2286,NA,5373,4169,4514,5848,2280,11628,11566,13320,18569,NA,19585,5496,12604,NA,8818,2426,2447,2773,17914,14874,7055,11251,19779,2635,10255,17513,108,3058,4560,10555,NA,8307,5092,14662,3156,NA,15789,NA,8723,1065,5833,1676,5649,12472,NA,14496,14873,13476,2807,18347,9243,5603,15243,10523
6474,3243,3529,10299,4569,10004,14659,17566,3567,10809,14008,18838,15726,165,3703,14119,12023,1718,14273,18707,6662,1949,3296,3328,16988,19526,3327,912,1118,NA,7513,14173,15172,3030,17379,17916,4574,1443,9474
7976,2038,17529,10264,3980,14738,3736,258,4280,1095,7691,11172,15866,2667,13098,1104,12607,10040,3553,10556,4160,NA,16511,8563,14743,14619,10293,1162,8880,8036,14301,12144,19293,6388,2869,3307,3823,14181,15199,14871,18496,18005,17695,18032,8507,11054,13872,9767,14512,3641,2017,2182,1943,8087,9100,11066,6770,8519,9642,15740,NA,2789,19943,1129,17397,15960,8965,7579,3372
18890,8487,17626,16310,6222,18303,16746,18741,262,9839,797,18354,19513,5597,10566,13073,16839,16580,9720,16913,NA,8405,13195,18084,15754,NA,15993,7770,NA,15162,14250,15167,NA,15947,1651,12636,7033,NA,14260,8760,6215,NA,1564,761,16160,3114,6136,15059,7748,17425,NA,474,12441,15955,14371,13548,9952,1214,16856,13936,14479
5162,14464,9282,16073,19762,75,597,10778,9438,6631,19508,10405,NA,2688,12680,NA,8197,16264,13340,9471,NA,6576,11236,852,12144,NA,12877,2214,15969,17496,8053,16729,15882,5685,2544,13409,2316,3580,15896,18465,217,13576,16413,3482,NA,461,NA,17696,12115,2368,17225,1337,17856,2009,13121,12272,17601,47,8345,9114,19946,10848,19065,2879,NA,17560,18555,15140,6713,17075,4585,8459,13303,10546,17982
18452,18950,13138,1438,7025,19231,214,4337,1299,13767,6342,6231,2818,12646,NA,15392,12414,14129,14149,NA,11859,19520,14534,164,12700,14239,9174,NA,18477,10731,2691,19511,19225,17913,15459,8048,9942,15016,976,459,NA,11044,12466,17849,18837,12820,17606,12226,5230
7518,478,10162,18513,11018,18010,3748,14458,2454,10867,200,6796,5516,5284,4891,2381,11070,8414,8593,15332,168,4499,12255,5413,13113,8209,13002,13899,16008,6149,18720,2356,19235,13230,13302,19383,17398,3284,12392,5276,NA,8387,10175,NA,7557,2185,NA,6390,16373,8592,7665,9550,3449,19747,NA,13605,19522,10503,7494,NA,4652,18914,15779,12836,8382,15760,19628,17925,NA,9453,14248,17262,903,8346,13539
18221,4496,11377,572,998,15102,2735,12072,7588,12994,18302,17256,9497,14552,17050,14072,17832,16976,NA,17830,19191,17273,610,1459,3350,12658,19627,19772,1347,13178,5641,5385,18246,106,18411,5734,4737,6577,NA,10396,272,2482,17888,13933,NA,5949,17285,15692,10204,15050,19701,17086,13155,404,11736,190,NA,7342,8360,8082,8724,19683,1484
13143,17738,15740,18305,1035,385,11469,12764,12573,13714,17797,6528,9203,12226,4908,1493,3151,2166,7606,14777,18801,3163
19714,12961,14646,19998,7376,1672,15302,967,2391,7149,17840,3605,NA,18205,4670,14231,9789,14756,10252,4560,5517,12455,4919,10826,6292,16708,6081,7463,13864
19559,429,2439,9273,16438,14526,5937,15556,13884,4558,5422,5339,18897,17381,13381,11637,5274,17061,8255,NA,6270,9419,2797,NA,17380,2863,5645,17991,12296,17901,1212,1069,18888,17804,10545,NA,16004,4316,14432,15614,4648,8190,5959,13270,9874,12068,10195,NA,12970,7011,2862,4963,7610,15520,NA,18356,6388,3932,4794,15750,19294,1969,5189,11522,19974,11366,10878,3234,9906,959,11870,795,11121,9327,18208,14932,3279,7467,12252
19720,4837,6707,12115,15791,15818,4195,7246,8840,15536,12644,NA,10525,10468,NA,3167,15308,5310,18144,11191,1925,NA,18170,18591,16188,11881,4885,875,1492,NA,19849,16547,16948,18385,12574,14965,3548,17035,6716,NA,18912,16165,1748,6831,6884,3111,13589,7098,2051,14005,18482,8127,NA,9071,6523,19165,18003,19808,13735,9555,1960,18304,11849,11019,17974
15388,7672,6331,12940,13872,14933,13206,10270,2568,3076,6503,14352,NA,7842,3668,558,13136,4281,5196,2315,1214,2465,14281,11405,351,3222,3639,10493,11771,14277,NA,13891,18604,1378,1401,3364,8017,18191,10007,1980,10644,11370,4302,9619,5258,7309,12377,NA,5995,1629,1196,13505,18383,NA,16185,9902,10062,14617,3810
11598,6554,8394,9089,14604,19181,11428,18066,9357,7859,3769,14411,2828,14768,5730,17018,11155,14108,17085,9049,19967,14362,NA,4979,7473,NA,1413,10081,17892,16725,7801,2423,7187,17476,NA,5381,3606,10929,11330,16835,2821,523,7315,6623,3099
10327,15897,16292,9441,8051,12839,19206,1508,904,13475,4753,14419,16108,1273,16969,15121,1284,7053,11860,3895,1371,18483,11433,15463,17928,13560,8939,8381,NA,14884,4265,2265,5422,5681,NA,7943,17707,4375,10079,40,15867,1874,2712,10476,11239,2664,8192,18901,2828,NA,9554,13195,7735,10020,15233,758,15524,NA,4477,19648,17931,15083,2395,11968
11794,5232,18064,8822,5938,19685,1030,16894,1833,5397,847,12785,679,15151,5616,9650,19447,13621,7057,14240,16945,17527,11788,5333
15795,12175,11517,8376,19058,9219,9693,6147,15351,14933,3395,13171,4760,8189,707,5499,10557,14135,18567,19674,11997,5681,15577,4686,8034,13100,NA,17331,1171,13425,14271,9056,4029,7695,822,1104,9350,17393,16846,15814,17257,1506,6353,11520,4511,16134,15227,19935,8044,15904,2916,2379,12716,819,14171,9302,19944,16280,NA,8869,6296,19385,3894,12901,19203
10889,17973,4953,1882,1150,872,1126,11525,8723,16296,7774,12315,14522,12535,8130,6709,16326,4677,10752,16217,13164,6620,309
2373,10689,13045,163,16398,18306,11015,3457,16931,17852,5591,14612,NA,15698,5607,11546,10701,16029,16973,18158,8458,16732,17196
8767,14670,3288,9725,10376,8848,6251,5408,4608,14936,12345,17472,14836,19973,7641,8759,3468,12562,19166,6677,2199,3289,8468,14
5139,7102,17215,18308,16646,6850,16693,5799,5191,17492,2855,1271,959,9437,15377,2528,3454,9167,5147,3658,11030,12912,13285,14911,7587,9705,155,16816,5275,NA,796,145,3523,5174,6705,8163,14661,6037,14393,8285,7164,5847,NA,7251,16658,NA,11620,NA,9842,3077,1768,11134,3410,14926,NA,10280,NA,10309,15618,2569,18314,1389,NA,11547,4772,4819,3960,13796,17491,633,3500,1185,15971,19459,8807,11200
3371,11410,16509,430,9004,4257,18459,3322,5776,9792,6504,15562,270,15940,121,994,6283,1882,364,16262,8639,15595,2755,343,12902,11659,14856,NA,11644,9488,1029,17093,13874,16571,12760,4157,14708,823,13792,9035,5500,19254,19319,10321,14253,3541,3839,5625,1658,15007,18303,14501,1141,14692,8208,7570,11890,5724,19079,12316,3018,18635,527,4370,18397,7492,13126,17696,6621,8768,2956
10382,2892,16943,11136,14724,3578,4198,4519,809,10512,3316,8158,NA,9880,1085,16920,10790,9329,14728,9773,14054,3786,15617,10584,122
13590,7479,7655,1126,2732,15986,13766,12556,19844,19170,17143,8729,7848,11334,16364,14082,759,16541,9028,7580,4292,15978,18220,3550,NA,13805,4816,14281,7041,16320,12255,5232,6031,2036,3303,NA,6747,11741,61,10951,14014,2217,2033,15106,9419,10730,2114,17398,5057,18657
4342,15813,14719,10761,15201,16261,16129,683,8711,15558,12600,NA,3672,15827,NA,12630,NA,8033,9146,11078,11667,11628,5981,7024,4067,591,9613,15731,1730,NA,6716,16089,7497,8244,7529,19312,14930,NA,8448,9623,NA,18503,9112,9369,NA,887,15211,NA,362,13560,11319,NA,3942,11502,12508,10749,NA,3392,NA,3967,4705,NA,10212,7091,8413,8793,17454,14428,3087,2625,15697,7066,5653,14172,6048,19302,596
10150,9182,16659,9864,7301,16197,7159,13466,2133,13528,16930,8304,6247,9913,5648,16339,15069,17414,15312,NA,554,564,1244,3751,9932,14921,2204,15808,16657,13613,10036,2670,17902,13527,10877,17132,19017,2544,771,4251,3347
2136,11651,4721,13282,7718,18217,19882,7166,14430,8795,8099,10063,16137,9742,9209,12859,2320,16010,12228,4129,10492,10651,1023,3012,16411,6142,19236
6879,13235,15864,14648,11026,18491,10957,19099,3286,3217,13660,633,9511,NA,19140,14572,18450,313,4516,NA,1468,4296,NA,12737,13132,15264,8850,13257,19602,6995,1264,1174,13315,4415,474,6208,11873,18506,11698,14925,2315,10012,73,16724,3494,NA,14619,5625,2691,1430,12583,10818,5732,NA,807,16453,13883,13160,16620
2937,12953,7165,19123,15589,4613,3753,1763,15678,3736,11509,6007,4360,8399,2806,9352,6012,NA,7919,12461,18910,6851,1918,4189,7892,15613,14756,2581,1648,11727,12901,1359,711,19006,12529,10653,2438,6287,18491,1061,12791,14797,13963,16153,16654,13739
17578,7175,5392,132,2905,8464,17602,10544,13484,15684,73,12065,NA,14905,4665,6721,3576,16009,14443,14138,17538,3627,6032,2933,15008,NA,19817,19177,NA,19508,5121,9763,16137,16402,7257,8943,4230,12086,8837,4540,8840,7946,6210,3347,1581,4065,10109
9897,16715,8830,7867,5426,6091,13005,4709,15245,10043,13123,4656,17357,10080,5780,6059,4688,423,2871,3386,10345
3500,19617,19727,11583,5711,13102,1330,12391,10652,7319,5911,8669,8801,NA,19161,10712,2135,5106,17603,8869,1000,16299,18150,10393,17289,14548,12769,3706,1789,14827,12959,15456,5675,17289,11215,4436,1932,10079,19384
9421,8552,16064,16062,12009,12295,12599,15068,30,2815,17452,17196,13577,2539,1862,16712,849,13661,13249,12298,NA,96,15605,1233,NA,6689,10890,6258,712,18439,11803,15089,NA,13423,12691,1979,7557,16769,1677,NA,17092,14934,9411,19568,19889
10853,15248,11772,17872,8869,6227,14268,14392,13287,1909,18837,18998,NA,13069,13037,15511,19954,19136,2933,16156,7019,8596,16475,7176,9065,13191,4940,4330
2328,608,3846,18939,9723,7475,728,4595,19563,2665,14118,7615,17112,1305,4667,2939,12976,4797,15411,1819,15064,6206,14412,1707,10924,2176,16794,4421,NA,590,16277,5028,8837,8893,NA,788,18729,8971,7791,1042,8122,16796,9620,14129,17164,10608,8043,7994,8626,NA,12681,12615,7799,4183,4303,10816,NA,14831,16750,7063,8881,7825,18216
17351,5260,16735,14003,15994,6749,4520,12196,3827,11149,7575,1756,544,11415,19,13695,18687,15700,15088,1838,5707,9112,13516,1752,19242,5338,6269,5991,8604
6698,2062,6755,15028,15351,6228,14449,10405,15668,14921,15071,14162,18216,7435,17170,596,9247,9447,7328,13155,NA,11738,7834,8676,12793,19268,NA,2240,6152,16098,16457,NA,217,NA,505,5370,1234,9728,8674,1539,9617,13407,18004,14322
15922,19737,1775,15448,16130,11919,7389,10537,5613,11713,15734,15528,NA,1826,214,1865,2036,7016,8736,17497,14650,16140,18548,8010,4119,5024,7869,NA,1430,17209,16874,8352,2322,6620,12380,1902,13614,14714,16677,5613,19939,4836,9406,NA,18291,1577,NA,16787,8191,12871,13335,18040,5855,1330,12859,5525,10117,18812,16814,NA,7195,11896,2072,3209,14365,13987,4817
10084,1892,8181,12998,17731,12475,13076,18912,2322,8896,13506,10636,11807,18588,2658,16188,NA,17806,9114,11606,15852,NA,2081,124,15243,9151,18580,NA,9313,15549,8817,4793,12913,7425,16217,18086,10570,3665,12986,11997,5272,16580,12460,7651,6193,NA,10999,4045,9402,16763,6729,4546
19639,19413,3997,16788,19362,5093,7602,10985,4143,456,17583,5096,9129,14744,5587,14248,8756,5158,2338,8130,16229,145,18083,2209,NA,7602,NA,359,8314,13337,NA,18859,NA,18904,5391,2105,4929,12843,15918,17719,11802,8941,10229,9137,6234,NA,1369,19219,9023,19992,19105,NA,10633,1121,927,6029,7100,10871,10096,4028,8422,NA,5145,3875,18703,14495,19131,22,2497,19527
19055,16772,12440,3114,4661,16675,11131,18429,2425,3638,11712,2747,11721,18674,321,5201,626,9412,8852,13914,8577,497,7189,16402,8763,19636,19119,1397,16983,2823,534,15399,15092,NA,10229,7405,16731,2695,19838,2407,NA,10662,14693,NA,14644,1312,14015,18853,17100,729,5386,NA,7340,13192,19160,9635,13096
16264,15619,2080,15793,14614,10662,16869,521,13042,17694,15501,18870,15438,3209,10652,3043,19471,7478,15691,9874,10177,16546,12420,15055,7986,3308,11505,3279,19445,9904,10575,7949,2365,493,16865,NA,19023,11670,16801,3264,14439,8652,3232,8206,7623,12134,14103,16017,15917,15373,NA,7169,16938,NA,11974,7266,4538,5048,7751,14463
18514,2484,353,2797,6240,6556,7939,2774,17385,8990,9000,3196,18403,5802,6341,10541,2321,1581,2377,18377,12960,6683,12972,13610,13786,18514,11389,2015,4563,16955,1895,18993,4320,8108,6760,19518,1112,7399,3744,16169,NA,3643,2698,14181,19351,13576,11046,15169,6220,4274,19679,16087,12647,9891,NA,15201,1529,NA,3191,NA,14617,19587,6143,17942,3579,9945
5984,8530,8660,5379,1250,12293,19101,2476,18625,16822,208,10745,NA,8895,10608,13033,1020,NA,14094,9762,17503,11139,1143,10724,15786,4456,17373,108,7377,9722,16753,13479,7993,6502,6035,15864,5095,NA,11151,18166,4226,8969,1042,12606,NA,18521,11608,5653,16241,9403,18713,8837,10661,10315,3655,5769,12871,16820,17592,17502,1275,11520,7102,12932
1678,17009,5672,9031,9479,743,11579,10302,16459,2953,19720,8717,12859,14765,11826,13601,NA,818,13717,14358,4686,5513,3373,16290,19474,5222,10902,15729,8885,17788,8151,2731,11450,775,10411,2069,NA,2170,16192,5243,7559,19459,4821,19327,10851,11957,18648,12246,279,61,944,7483,15711,9407,4017,16384,17124
3973,6709,18762,16792,18496,8082,18667,3473,5979,1974,14022,2485,3741,NA,17083,NA,14608,16690,1067,2224,13796,2368,19570,NA,19816,7586,16191,17592,11589,16769,9504,2583,8943,17738,9092,16728,12451,1947,10638,17993,5640,736,2578,14017,12961,18153,19463,6515,15906,1524,15249,15728,830,2240,2596,NA,17101,11635,37,17717,NA,8686,15886,16343,16759,11622,19857,11159,16908
