5511,5360,9670,3731,19991,18614,9371,3382,12906,11762,8237,10852,NA,14459,3765,15296,NA,3423,8536,5882,16168,14697,6072,19969,6848,10445,16142,3945,6943,NA,14488,14538,10868,NA,16647,3560,15898,14419,16236,2725,10612,13807
12189,6356,10217,8158,13241,3959,6030,8929,18640,11904,19118,5248,5823,4749,19555,NA,3110,13836,11398,NA,5529,13339,1845,NA,18341,15822,14577,7822,14270,8648,17897,NA,9851,14490,10945,3329,905,8675,16787,14412,10727
14917,15056,19268,18104,5569,18680,14615,17522,18636,2640,5144,2034,11481,5422,4306,8032,18950,2518,15689,9468,6805,3517,15574,15178,5777,17985,19417,NA,4261,10307,11902,3884,3006,2497,NA,4627,5838,13482,4661,15518,8796,11697,11407,4523,17792,16099,2575,NA,1889,11282,16453,17956,6634,17521,NA,3681,5350,10931,16211,3838,3464,14449,5480,4254,1753,818,16859,9855,584,NA,8392,16575,14076,1160,19771,4064
4427,16379,9985,18016,4837,12712,16894,374,622,13569,16020,16187,736,NA,10940,3983,10590,15876,NA,6837,10222,13506,8033,19897,2033,11863,NA,4386,16733,10235,151,12089,8399
14749,17501,12517,1238,16727,10084,8301,6324,2971,15896,7884,16152,13294,9861,8231,6114,7893,15424,15769,9143,5345,17584,17441,11994,8961,4313,18082,7962,12235,6575,NA,15340,17644,6356,11330,16836,NA,19840,11680,2663,773,6411,3670,10242,19948,3301,NA,19606,2214,13120,NA,5032,5349,18321,1353,NA,11438,13754,4362,13359,2654,2897,4028,9946,8144,NA,15498,2229,2228,19275,10802,6955,17189,15633,7498,16434
4960,12843,16987,8122,15767,833,8248,19914,2334,1590,18701,16671,16700,9419,10025,14306,NA,5433,17545,NA,18948,19750,14132,11787,7780,8524,4545,1512,1807,8475,5812,13449,4553,4616,3551
14898,13339,19365,2773,3935,19971,1377,9091,16232,14422,863,19571,NA,6262,NA,9920,8852,6322,2307,175,7873,NA,19044,NA,8353,16343,11850,15533,11613,4756,11300,14456,7865,1467,13176,12617,16571,17770,12390,11381,10954,925,8902,8874,14611,3551,12134,13285,5561,19939,1372,2287,17666,4190,14397,2883,11532,NA,5908,15249,14105,6233,1259,15789,6327,6507,5107,18405,710,8328,NA,13277,7313,18674,12286,16105,13412,6134
15006,8343,17919,7269,3151,19269,14816,8459,3803,6666,10695,5120,15499,15076,19586,NA,14819,2963,11662,NA,4107,16229,1059,11302,11192,18063,19578,11849,11529,18978,17267,17295,1396,15759,10308,NA,1239,17950,15366,911,2845,13611,18691,219,16975,18961,10050,NA,1903,3542,14973,12076,17024,7453,6292,599,16885,15021,9903,9334,18112,7772,NA,4239,14400,19145,19034,15462,8420,1736,10526,16955,19573,3963
7044,14027,15505,18375,15250,7515,761,9279,15639,11654,984,13851,17942,10468,4055,3349,16300,5060,NA,721,5727,16805,710,5171,5623,11950,10581,14822,15774,3257,13133,3517,17321,8885,6555,540,2055,3679,18897,17419,11476,14306,18817,4486,499,19254,17793,8934,3150,18511,9731,1410,15398,3830,6776,3581,19525,3464,4593,5316
6820,19432,1490,3478,7615,17416,9281,12269,19713,13917,12265,16409,16727,1389,6315,7525,12816,3368,13287,12152,12263,15452,18141,18691,NA,19398,17696,5859,411,13717,5193,2694,2551,7673,14303,NA,16814,6745,2094,16706,13862,9286,2026,5737
5776,882,14042,16240,12137,14762,5755,7391,10285,15298,12089,NA,237,1589,18281,1244,7825,10993,13811,19389,14587,19942
4278,6999,1701,2295,15457,5117,19681,10907,16745,15037,159,12667,14775,12116,18888,19667,2560,NA,8552,10468,1154,18003,NA,9518,14247,18468,19523,15861,15872
17249,1296,15588,568,11248,14765,9549,11818,3066,4433,3756,12468,8073,10265,474,14640,17141,15014,11752,10181,19878,10864,7030,10985,14919,1723,19790,18438,3790,14228,1685,NA,1339,16013,8604,18169,19808,2623,13458,15328,3529,14687,8596
493,6774,11861,11306,18824,11254,13466,11531,1909,19552,13276,NA,12442,3042,12334,NA,18808,2467,8213,10935,12928,17357,12684,19694,167,5186
16536,12301,18066,13844,3883,7337,11498,16545,7529,13201,15502,3893,15364,16372,2322,3851,15440,15145,NA,395,14316,12012,9235,5189,15424,742
6003,17271,8021,17233,15039,13561,12600,6821,2524,8153,15354,11934,16824,NA,12997,NA,5282,16757,3985,NA,1673,14845,13875,510,625,11697,12650,8446,17186,16214,7663,99,14975,18809,19082,16989,16058,10552,1789,14329,12733,3866,17332,3303,13296,771,17057,NA,16454,2381,12783,NA,9601,111,18994,NA,2836,NA,13870,8981,19753,13780,12226,12861,13801,13204,2552,17457,4829,17653,3874,1101
13904,184,15362,4346,4668,2288,16818,5089,16895,189,19859,10331,14803,9673,12051,5462,2993,11471,14569,17527,7204,6155,NA,17038,2030,2921,11983,7613,15971,16471,13837,4412,9728
1582,17548,13656,9964,2847,7315,16921,12990,8849,13418,18851,3850,10479,127,10926,4647,16242,4433,15722,3960,16522,6180,15969,6669,12898,4159
5751,4944,11031,9018,9579,5325,996,8823,12284,8159,14307,11151,9471,10265,5858,1798,10496,3122,17354,13721,11056,12667,19723,16431,7551,2222,13970,5296,8471,5568,19996,5122,2729
17452,15085,4387,9741,3769,4330,313,13658,5219,792,19013,9957,744,19531,8312,8119,8061,6034,6911,8049,9191,18748
729,2304,4423,11304,12539,707,16113,15713,18079,13744,5229,2823,10164,19680,14155,224,4795,13524,14471,11023,2505,11882,7586,10615,2804,6030,2147,18063,8872,1036,335,13973,19014,13559,1821,18057,9894,19798,5152,10556,5967,9661,638,10151,18667,10205
4300,9154,16547,8425,14320,17015,14700,2831,13730,15620,18207,709,NA,14306,11423,18664,NA,5977,2499,9242,12795,335,8877,17572,NA,14681,642,3570,16179,12476,8187,6501,10153,10981,8342,11606,885,433,19365,10704,NA,2106,10860,4392,19745,17328,11007,3993,7739,5972,13003,10935,1234,5983,19962,7449,11455,19626,3326,4111,15142,16699,5080,2153,16366,13469
15397,13211,18655,1509,4720,19001,7922,16646,9757,8375,19832,18868,13964,15326,8521,11962,NA,16529,14297,4374,1729,16107,NA,7228,1066,9609,12666,3564,13136,4418,19203,12840,8318,4332,8846,16990,19677,NA,18055,3508,18986,NA,2293,12717,7242,12434,7277,19827,8748
6214,9277,15147,1810,6067,7440,8912,3455,3175,12550,14597,8836,15915,8220,2792,246,2490,13349,14916,912,4807,NA,14859,6358,16484,536,6021,18800,14276,5409,NA,6784,1616,8284,18096,17975,8103,3723,14072,3754,2577,19609
15055,7599,1720,6836,9695,8876,3679,947,12764,19183,16698,7729,2901,150,6985,14651,18809,9937,15515,7060,9411,15405,14321,17750,15280,908,14841,469,12746,4959,NA,9110,9183,19099,17943,4553,12203,1052,3331,14079,1288,7041,17346
16159,16961,16151,19130,2056,14124,15738,5803,4604,5722,8793,12338,5184,NA,19284,6356,12652,6917,17426,12031,17320,5708,NA,1026,18781,748,11226,7300,5972,4571,15474,15876,2119,14440,14879,5639,10559,440,13541,7740
16552,2060,19427,12853,13177,11629,1150,1099,2297,5644,15192,7407,4612,6166,15177,18512,18842,2060,19790,19953,NA,7388,7810,2063,2078,6006,3252,2434,3189,9490,2037,18404,NA,15987,813,12030,12566,9626
17593,5503,1467,1638,11212,4913,2111,3217,14409,16855,8392,4272,5373,7531,NA,16203,1971,6000,1231,NA,10860,14411,12386,14239,362,10183,3748,6279,18706,5451,18839,9836,18389,6880,18798,15592,18190,12286,17646
13580,1369,8581,8446,16183,6442,17374,5527,1192,3471,8687,13337,10396,6670,NA,10285,5420,1067,3258,7939,6083,4439,17365,11697,NA,8094,NA,11374,4845,636,NA,14131,19283,2560,6814,10453,8546,NA,2390,11744,16335,2619,14985,14010,19814,7772,7686,15391,14405,16410,11045,19546,2111,19591,6619,1838,11376,13279,4848,19575,544,5140,8633,16831
6175,18527,16032,14993,6883,7937,3540,14999,9987,13467,9579,NA,5402,18895,NA,12744,NA,1225,13724,11389,NA,13989,6064,15644,5459,8882,18043,1689,NA,7656,17475,8766,14396,NA,16442,121,8951,9453,19571,14311,11188,1961,13076,13347,7217,13583,8947,16883,4662,6885,1729,14102,5299,NA,1160,7322,10079,7199,8744,11829,4227
10601,6561,10762,4550,16847,15443,12164,3107,13100,2450,13935,13223,9144,7356,10056,7449,NA,5858,8977,9661,NA,15975,12601,3786,13575,228,15310,6086,7126,1468,18363,2884,NA,8995,18219,NA,17811,7644,19563,14459,2441,15894,5708,17151,18715,333,17176,173,19702,NA,5511,NA,4107,9510,2145,12724,14737,18857,10129,9480,16233,17751,16781,9053,10339,11323,5443,16046,16789,3308,11951,5497,18147,5721
12779,12899,7656,16358,8626,5255,6665,2569,6772,12383,699,6890,9558,7613,16963,16960,4067,8507,9708,16832,10587,8266,9219,19901,19983,NA,5139,18763,16549,6646,5554,8366,17517,3171,4374,9549,7654,NA,4210,2883,15214,13236,5716,15587,16308,7036,NA,3391,5244,NA,13938,NA,2292,17989,15505,10819,11185
4890,15941,14237,13942,13769,2979,17771,986,495,5281,863,12097,6404,8009,7504,7565,9339,19965,5629,16990,10786,6012,11583,2102,NA,2712,8196,1811,12027,7450,4603,10078,13487
16764,1594,5089,15797,2491,13257,3658,16204,8303,1225,4428,8803,1177,6598,19794,3375,13355,14932,2346,3129,9037,6540,14798,6239,19912,11896,8399,1195,8713,11045,5489,5058,13904,11466,8893,7802,11401,18435,5321,19094,8580,17395,14673,10605,1311,15866,226,14337,NA,7062,7482,1240,13962,16758,5691,19596,821,11234,2796,16399,5863,9036
6370,15767,11632,353,961,1140,1706,5746,2346,11039,12123,1160,13197,11963,19986,1157,6423,10460,15495,13506,12252,9671,7339,4954,9369,19147,7326,5401,13675,2049,2966,18215,8818,10433,NA,18049,NA,964,5882,19200,10406,9743,15307,689,14359,3783
1503,4170,976,3236,5520,7275,7938,5862,17208,7513,6676,5882,1140,NA,6507,6830,11056,18709,5089,NA,1963,19790,2602,5402,2419,19469,16904,18665,6128,276,18950,4025,18712,15048,15475
5689,3140,17929,3784,16917,12852,15031,3921,1094,11521,14061,10911,13937,18732,7793,10099,14414,1075,1205,14857,160,13323,4662,3557,19615,18366,10471,10011,13907,4500,14210,9313
6273,15146,10248,11183,13542,6666,11765,1058,9284,342,4450,915,14168,6603,3283,NA,16529,14437,5371,17406,13533,17194,15167,16384,NA,15007,18034,84,NA,19573,12458,5686,14111,14440,8446,10926,16141,3372,1321,15644,18863,1462,8873,2183,500,5028,14306,1918,8730
8910,14859,8615,12990,5855,13021,17589,10643,7139,5002,13429,NA,5135,6542,19697,1551,4906,14909,18399,3005,7354,7226,7837,1292,NA,13287,NA,7855,12934,3893,15118,NA,11692,8025,13588,13959,3472,7049,14945,18008,17224,319,3616,NA,17953,14873,601,NA,1497,11454,2333,NA,1760,NA,790,150,4102,8944,17782,9886,9612,9316,16031,7150,9884,1389,12946,19567,19700
4864,19470,7321,15896,19375,18180,17743,13880,5856,12855,5038,9392,1831,2781,10316,178,8760,7530,18572,4853,5845,19382,2609,13019,2344,11930,17238,8390,4288,11791,8928,10969,13968,11584,13783,15477,7552,15457,294,2521,11168,17630,16920,NA,2957,18257,13676,8777,14112,NA,16768,14109,11344,9510,18869,16604,9065,7372,17953,8082,8933,11475,14539,10845,9165,13792,18734,9131,4666,10359
12683,2574,7289,1703,2529,8579,5999,10219,4136,7439,914,17452,13976,18349,10065,NA,13163,NA,16204,8128,3991,11591,13105,7833,2513,NA,10726,3946,7307,5494,9316,15908,10183,4994,7107,6305,15848,8248,5807,13899,1421,19913,1848,15853,15085,NA,695,12427,10018,6866,5222,NA,10637,1169,19797,9226,19032,17133,17240,19601,17808,11909,17571,540,12709,NA,12639,15880,19018,10286,5695,13477,11993,6860,19571,10565,4535,5495
15602,11229,3714,5246,8260,6190,19817,15815,17931,12726,13744,5661,5009,1172,10163,NA,8620,18911,8469,8784,16433,19826,7295,4297,12316,NA,11435,5038,19181,709,4551
7666,7535,14788,18346,19472,16268,10979,3543,9151,8411,11825,5675,18693,117,4985,4747,3312,5283,325,9145,15836,18089,2369,2981,1767,8204,17041,12799,14710,8276,5704,585,8515,7439,16682,4439,14789,16661,14219,7036,18861,16971,6059,13440,3072,19639,1737,4480,1593,3372,5722,250,2119,19668,18541,4421,8937,14474,19543,5090,684,4639
13064,11298,3072,2566,9935,8640,14276,17872,11038,16755,4428,14102,356,8000,11025,13720,17253,6363,13675,1780,10475,4629,9306,17065,5419,4701,17042,14444,19710,3457,NA,14200,3569,NA,1566,9277,7024,6160,2635,16449,9463,18694,3805,14727,12104,17060,9479,1308,2120,1018,1091,11496,14327,9067,5250,16124
9824,4460,3377,6997,3720,7826,11305,5297,10215,16831,11011,16026,7634,NA,12120,13177,17362,17073,8966,12612,13010,19521,16695,1496,NA,16681,9417,2071,3459,6825,5802,11614,12539
10385,13026,13490,13966,17558,19184,12645,873,1121,1706,279,12644,10509,19304,15701,NA,10186,4462,3331,2209,8645,8898,14384,9771,7710,7783,NA,18624,2857,2648,14183,8101,6161,13808,12843,NA,13203,16255,4996,6978,5932,9323,8686,7757,2821,NA,12592,18309,12536,18592,19272,14528,6241
19580,15639,13140,9774,9251,451,8154,18828,6564,8470,2680,657,4860,2679,NA,7845,19644,9715,17082,432,12765,13459,12813,4561,4731,10227,9433,6049,4538,18333,7717,2649,2383,5582,9411,4951,15477,6722,18532,5453,16305
10279,4576,8465,12336,10088,12297,11122,11857,10854,17213,10024,973,8061,531,6852,NA,658,4987,6417,NA,4120,14955,19036,13504,5144,7780,7364,356,17396
2853,12231,5284,5697,402,12795,15192,1744,16534,990,10309,5877,8200,13009,18068,2482,13767,2859,10347,5209,14419,NA,905,16970,7984,19273,NA,11885,15289,2388,12328,19166,237,1614,NA,8676,NA,10996,4907,159,3851,12654,330,8412,9124,4668,11377,4993,419,15806,3786,11558,NA,3250,5298,12081,16429,18983,NA,13761,NA,14360,632,NA,19518,7290,NA,3404,3039,2755,3888,6468,19003,18757,6949,16763
6711,9237,5371,12154,4230,16905,19839,424,1363,3761,19023,18904,15787,15221,8021,NA,18658,NA,12513,2821,15048,16909,NA,9412,NA,15482,7184,417,15232,3419,13576,1184,13122,590,19983,6946,17048,11141,8405
6147,9442,4316,2408,15932,18815,19063,995,11708,3489,3740,5688,12840,NA,16258,11512,18147,19060,NA,19340,NA,7382,19126,7190,18652,1901,10937,18656,1144,12447,15514,NA,47,NA,3546,13212,9950,13630,6220
2754,10984,14721,108,6816,1027,2624,6368,2612,10766,15666,NA,11974,18802,4253,9157,6391,NA,13566,1499,875,6759,2194,19597,4459,4107,1253,14285,7657,4798,7922,19758,8265,13168,81,17419,11473,19802,12746,8883,3388,3344,16331,NA,5174,10532,13499,18363,10651,16901,2344,1363,7615,7508,6781,10462,8795,12678,9619,8166,8233,NA,2983,NA,1867,17104,17310,NA,7512,5815,8888,523,18659,3653
13155,13216,9654,12778,6318,18217,12444,12944,16041,17596,252,2283,8552,7682,12133,14453,13912,10320,7140,19896,10700,513,1076,15404,13593,4548,2599,5588,NA,7811,NA,10777,1065,2907,19515,13613,18485,1180,18049,2492,19314,18589,19568
6343,16400,17512,19792,3846,4777,15541,2469,14779,16749,13866,16217,14604,16964,1813,4458,17720,4749,11098,11165,13914,8704,NA,2087,1762,15346,1533,16077,19353,9685,13259,9498,10182,10227,18387,8715,NA,6085,NA,19151,13120,1380,18756,5687,982,6007,17736,651,16107,12708,9182,9722,3527,2505
12398,7062,5992,9847,18171,2148,6533,14337,15581,15637,8128,13820,18747,19983,NA,18368,778,11496,1348,510,173,10419,1218,6775,17750,17550,13135,15612,6587,11946,16886,11526,12795,17854,NA,7182,6533,1796,NA,9092,3739,15944,881,15747,2305,13031,19978,15134,19559
