6182,6862,2102,11234,18607,16504,2607,8275,1751,1140,16466,2806,1000,NA,6086,14663,4273,587,13857,6971,11408,9736,2460,7451,12564,17279,12808,10696,18068,4666,7600,13420,4918,4544,19270,9742,2010
1557,12120,10697,3379,11722,326,8520,17392,16931,1867,422,12005,3977,14050,2907,1258,18882,NA,12673,19964,10970,2086,17688,11113,1878,2482,15562,13283,17765,2704,2260,8859,6769,3076,14602,NA,9885,12024,5904,12378,8859,10327,10122,10247
5450,3004,3987,19206,5319,11780,2966,13150,5906,160,3773,13753,5743,6436,17744,16573,10395,18920,4055,17592,17889,NA,15224,19699,8346,11736,15602,18359,4606,1111,10181,5421,18626,11333,13419,5470,19643,6118,3397,19108,9110,18582,6943,3132,6097,1338
12083,2315,6333,17839,7157,15976,12960,2286,12990,5765,19683,NA,16218,5767,14736,10332,15839,19964,18098,NA,16523,2167,10780,969,12823,10682,19580,12132,12493,3660,5998,7511,13567
3572,10407,19128,9506,13880,2712,618,5522,18538,1428,17546,12844,17917,15619,5086,15830,6828,15697,2690,14896,10971,10904,18785,7852,5251,8509,6863,14132,15155,6307,11020,9211,8571,11503,12562,18419,10085,17462,19832,13479,9813,11760,11566,18560,17406,15322,15113,8669,7346
9382,18585,14836,5188,4271,5990,3235,18670,17464,12765,19966,10723,10966,5574,14100,15989,6377,10037,7139,10647,1550,8291,5486,6728,11589,724,4078,14817,18197,19967,NA,2331,497,16510,5812,17135,14595,11170,19221
14516,13676,3039,5245,6057,3821,18306,12137,19205,11949,1353,18377,13559,7356,NA,17574,9674,18269,1915,2306,1790,14210,11791,18079,6928,17510,16342,15341,10296,13533,8533,9823,15296,12835,1854,8315,NA,10433,NA,5922,16723,10727,NA,15792,19198,11096,978,2859,8159
16773,19863,6074,18373,16499,14130,12906,8630,11452,3659,18464,2597,NA,12885,12344,12375,15820,16733,11623,3922,11176,9494,12615,3829,15607,2781,11835,12823,11689
16190,2682,6282,390,15595,2958,915,9199,13414,2252,16819,5346,10218,10292,10752,15515,12112,17481,9067,NA,3890,5515,14790,6473,15628,15116,11386,4852,6319,7136,NA,14142,1018,2242,3306,1952,1613,6924,8882,3096,12998,NA,963,17998,3366,4155,17023
16477,15668,12894,16589,16779,3787,11992,17844,13820,17853,15079,17295,3305,7545,17343,4876,14776,10316,8032,6817,7713,16197,6507,5631,12081,7142,6103,17010,3702,15341,12985,462,NA,6297,NA,19214,14152,19480,17623,18517,NA,9065,19453,19879,5485,14795,12920,4490,8795,11677,16023,11958,11607,15825
10894,10820,7707,7055,5099,9793,1315,16915,19185,243,12916,14822,NA,10007,15961,6277,19290,15167,13136,11898,12474,16350,4253,2653,2015,3965,18308,2649,13575,5181,1352,6042
6501,5205,2078,2415,13643,16304,11609,7939,18440,3555,10290,7027,11075,14111,NA,7343,11369,6770,NA,4390,4397,11525,1139,10157,2257,14802,NA,7528,19780,NA,9604,11604,462,6117,4637
729,8437,16814,9658,712,95,9512,16899,4149,6453,10411,8013,11027,19228,620,15596,16168,7271,14943,7255,15487,6195,18997,511,12047,3168,10651,NA,10468,14641,13910,10693,1276,8472,6032,4519,4128,13063,223,18210,13276,95,12015,18176,10772,10465,NA,11006,6861,18162,383,5803,18255,NA,10748,14610,6847,11314,14080,14900,7336
18872,5721,2404,18053,5689,4119,11266,12929,8179,3,8987,5548,11388,NA,13284,10874,19770,13593,1164,6236,438,12943,10871,14324,9930,NA,15946,16713,3013,7475,5720,956,6731,19712,19437,8988,5302,2601,18014,NA,1592,16468,15054,15739,13145,6369,5890,17952,15204
8136,14950,15114,10809,622,922,15777,13791,12994,16473,118,6262,10624,5520,NA,4069,14813,8945,NA,6387,19613,NA,12918,NA,14995,4665,8919,NA,17563,14827,18504,16968,13874,6820,13529,3128,12178,12802,13384,NA,5387,12472,6066,7332,1978,13052,12019,10415,14796,3825,15091,11700,NA,12063,14784,17174,NA,7313,12875,16264,6638,7969,9877,6376,6374,14067,14050,1181,2941,12658
9240,12248,16544,13221,7717,8279,16427,18657,3751,16753,3791,19385,NA,16194,6629,794,4547,13929,5091,10470,NA,4578,963,1456,15966,16667,13661,10381,15641,17959,10490,1039,8929,2720,13068,1650,19403,16806,19627,4125,17871,13418,NA,17491,1957,3612,16905,18882,14850,9014,NA,8549,18426,15077,5481,NA,4953,11869,727,14065,13882,6165,NA,6186,19854,6985,14895,11242,14554,13668,18137,6408
14729,6687,187,1030,19382,3563,5938,18997,10616,4939,14305,17111,3496,16368,2931,17821,4646,5072,866,3052,18884,11973,5986,18831,3923,14055,12087,981,13655,10075,4723,10833,12684,13168,6583,14644,17983,11702,19467,4936,8265,10715
2909,36,14986,10146,6849,13216,852,19697,14904,399,697,7544,18843,3219,17904,16155,6972,NA,7848,14196,3036,3630,19384,12252,1447,16073,19377,16475,9871,599,10167,4763,5636,10777,1175,8195,6733,2628,2279,19282,14892,18355,8023,NA,13731,8160,8911,16651,12053,2590,5621,17382,4849,11969,6896,4032,74,9285,12060,5657,19143,17319,13031,1791,7221,6810
6818,12113,14300,19926,14571,1677,8265,10772,15578,2854,776,7875,5467,4084,11150,4899,NA,12207,16671,12280,NA,19540,1676,338,13304,12489,2412,4586,5505,2474,17795,16231,985,9462,19782,17807,17893,5101,NA,2639,1321,18398,NA,1139,8412,18471,14844,14000,NA,7557,14571,18048,4975,1919
2528,16912,9232,1973,3180,4986,18743,12795,16150,11855,15278,12403,512,1932,19819,13489,2192,11232,3595,2510,14163
7976,2777,10323,9465,13983,16954,12525,10656,9978,18852,4929,6487,12423,18070,9099,15664,10746,14434,2325,19050,3212,2683,NA,14065,15475,2019,6853,19213,5229,NA,16007,NA,6781,6089,14041,5065,4590,7366,3504,7600,3750,17831
19848,11108,14302,15606,13625,17670,8144,9913,15696,15114,9959,3063,NA,5243,5885,7477,10956,8068,7411,18399,12241,13078,424
2845,6212,14212,14469,8583,8679,4511,6897,4075,3627,11260,19982,10391,15726,15426,3550,13654,11913,11333,8413,19712,NA,16133,17892,771,2358,4468,14575,3173,14772,13702,4221,9397,14082,7531,5449,9404
11809,11594,4294,13300,9363,17534,9773,16385,11099,4215,12909,18076,2991,17615,9553,19604,10642,15684,17331,12996,13901,2633,12386,13500,6884,19355,19602,19059,18369,3671,14081,8993
4037,13612,9467,5111,5705,4526,16197,17,19596,12084,7752,14918,3304,4232,NA,2435,303,1962,5813,18695,5061,686,9136,18463,NA,16288,16345,10672,17858,16697,12240,13778,1469,14006,10954,4750,16790,7613,4556,2943,NA,12457,17317,19548,3221,6866,16285,1152,16279,18821,1113,19952,8407,5521,4180,15962,230,6979,8161,15961,13308,6075,2851,19194,6629,17271,NA,14358,5115,3500,4739,10531,4235,12229
11697,17501,6155,11790,16688,14398,15203,8652,19549,17516,1854,13362,11323,NA,13069,NA,9673,876,16682,4499,15512,17121,14020,16902,14664,NA,3298,19097,NA,5428,7404,9355,9481,10682,17977,915,510,15778,15986,10387,17135,10100,17854,5804,NA,15626,10276,4824,7513,8598,15440,17084
2983,4134,1625,9114,17512,19928,2657,17965,19396,16716,1562,17188,15573,4875,4282,NA,19753,15339,19626,7631,1755,10667,5708,18795,6862,7509,12468,11004,1138,19726,19049,6879,17485,5709,18972,11570,19560,NA,13694,14794,15031,1308,10202,NA,85,10421,11968,17390,NA,4791,2961,14207,NA,9334,10063,3690,5650,19874,10457,8283,137
13139,5180,14484,13192,2355,18504,837,18482,288,15821,18157,19183,8465,18810,1126,16255,13632,13867,NA,2149,8851,3128,4260,7424
2258,10569,9322,13844,19064,13298,928,844,14521,4969,7794,18900,16350,9056,16560,8809,10234,946,8166,18322,4466,12632,16606,NA,9863,11655,7449,19417,2812,707,17840,16552,14081,8479,15372,15495,420,14723,3649,16794,NA,17964,NA,5077,9916,10067,NA,12946,7037,12912,5534,16803,1022,15550,4382,7008,6390,10954,NA,705,14481,9474,1712,7875,17222,13117,8400,4780,19730,6604,NA,9422,10026,8833,6922,7299,7308
18101,16007,11082,8937,16620,881,2824,5433,7409,17149,11987,6085,16738,17452,16285,4629,10313,5416,18956,NA,5492,3203,6054,1492,16066,NA,10119,7984,5355,7872,3009,NA,11053,7875,16173,18384,13303,NA,19925,8497,1690,12630,14379,6619,6692,17620,19112,15071,4837,5402,10780,2092,17751
11992,9699,14223,12323,16989,6485,4280,16939,2013,8818,6740,5695,328,6139,1955,14173,14604,18547,11432,17058,18370,17930,2426
8676,15283,10695,18874,19856,4916,1082,2250,3966,12769,11110,10875,18510,14631,3197,NA,7234,11190,14357,1302,14174,2469,6959,6276,13941,NA,11682,17805,11035,15157,NA,9164,12169,3875,1045,6753,5209,NA,1975,5085,12511,778,6939,19462,6551,13689,6386,6198,11983,11053,NA,16121,4715,321,9666,11034
1880,19830,15684,18175,15470,8378,12942,6432,2102,9412,10791,18946,4447,16741,15607,16297,17185,3966,19116,7299,15449,2952,5956,15662,NA,11313,9069,18616,262,1097,482,5205,13544,2371,15776,15677,18416,12574,13078,11213,NA,14961,10182,NA,30,7733,474,14960,8753,NA,9693,14667,1388,9567,7244,7285
17878,7272,6575,13088,11047,5116,2177,9805,8497,8409,3331,5313,19515,4941,11767,5475,12911,7306,10390,6752,6148,17884,16168,NA,18149,NA,1134,9655,17279,585,14256,4567,1658,NA,19538,5173,302,12920,15067,11910,17515,NA,12889,4807,6046,6054,1163,NA,7398,3599,NA,17923,5176,334,8270,6435,3869,10671,237,2623,3515,16290,14748,12007,13067,8536,14838,8617,6578,13035
15651,16358,11734,5599,13300,5065,14154,12615,3099,98,4609,9469,9242,439,16877,14757,16415,3115,11782,688,10441,17334,NA,605,14052,89,10407,17226,10197,110,15552
9291,5564,12788,1570,4883,14461,13433,6042,11743,594,4917,9133,7918,8962,8432,12996,NA,343,NA,3587,1434,6107,7609,2768,NA,7986,18644,12567,16159,18172,3621,2204,18751,9240,18368,16872,9534,5063,13938,8291,3086,13014,NA,11997,6356,5236,3219,14892,1723,5711,8797,8045,11713,NA,8762,18281,7218,3923,13545,15903,12099,14258,5863,NA,4750,14358,12401,10907,9627,16050,3942,17744,6609,12890,6531,4457,4952,17514,12071
8428,9451,18447,16770,12210,15148,18863,7370,3797,17073,11517,12914,NA,19143,2146,3976,18018,7120,10313,3760,NA,17303,17188,14326,11867,10437,9407,7775,7537,3739,4157,4640,11808,154,7869
11884,10635,8108,19664,17573,9554,8426,12335,7266,2143,4458,9100,7189,7985,7490,434,14878,11666,15184,8749,69,10613,NA,12897,10603,9526,15475,NA,14742,18492,11846,1574,11119
18749,16544,11789,16567,18767,4538,9057,15726,73,17242,10026,18503,19810,15838,593,13423,14128,896,13503,3238,1730,6099,18820,18869,16184,4747,14321,2744,4226,18009,19932,7733,NA,18351,19637,19248,18144,8613,3983,15283,1942,NA,11651,1790,10213,19616,11285
11006,16891,1781,4,6418,1779,8859,12274,5392,821,10254,11052,634,14237,16594,6183,17827,3399,13000,6211,8929,10422,15598
17734,6388,3817,781,9989,19596,10330,2547,11280,10753,13619,3508,NA,13001,15103,18874,11965,19790,5724,10978,19456,13493,2304,15179,16082,6518,6935,2699,5282,15306,NA,15318,9343,NA,16447,370,3834,12782,8153,15832,4316,NA,1695,7036,4341,11353,6821,18437,4282,14374,5376,9776,3878
11441,6521,3703,13601,10968,17611,16213,11908,7734,10688,11658,12162,12834,471,16559,18463,8745,NA,8853,19740,NA,18755,3450,17798,NA,11160,NA,18327,18742,12611,10039,3844,4517,14062,NA,19216,3494,15199,15266,6356,1351,9797,5822,3380,9673,8771,7798
18689,12195,8509,3272,2398,1847,5281,18896,2210,7489,7162,NA,1271,17119,6895,19029,8653,7120,13033,18729,11478,NA,17539,4203,16945,1700,2414,NA,15398,11644,12073,12835,7065,16494,19274,15061,19660,12447,2188,3152
14110,71,5441,1803,10173,11531,5968,5335,16944,13420,13258,8234,3561,4095,1384,2316,7559,8758,13361,15382,15602,19412,11094,10435,16298,12049,2900
11462,18003,16806,4551,12672,3098,18370,9202,7215,17905,9969,18315,12472,7104,4076,6343,5209,5363,15818,6524,17912,76
9011,14104,156,4074,2659,19551,16269,7588,16932,12865,4228,12776,10404,8588,NA,14039,9709,12941,12781,14232,1550,15156,16030,13065,NA,9231,9810,9260,8811,14481,3944,18690,NA,12835,11030,3976,NA,8569,12495,10769,7164,2977,NA,9282,4400,8803,3131,6474,3354,13651,2886,15577,4800,11410,2332,NA,3512,4230,NA,18590,475,1832,14467,14583,1702,18317,15932,10821,10695,15353,339,14010
1184,16830,4588,11766,2523,2926,4678,15327,2026,9436,15542,12643,3585,13129,9005,418,8889,17461,10976,12669,10990,1203,8703,12967,10502,15558,16540,9847,18183,14960,15293,15343,8162,4768,1501,4687,11815,17868,9838,8351,12685,279,8208,645,10132,14791,7458,16797,7463,459
4310,16230,8242,6466,2416,16444,8762,4843,13209,19971,5459,16690,18391,18973,13354,NA,2010,15315,3500,NA,1497,4492,13311,13519,4780,11632,4812,5339,19756,NA,15163,18998,16136,12147,1061,10883,1624,3959,17810,16465,17104,NA,16827,9315,3634,11104,4273,16154,6917,12435
12144,5674,14768,10883,3430,10686,11496,11419,1023,8802,19025,487,9637,5221,17071,7063,16585,13735,1858,155,19591,2718,2722,NA,12100,10367,NA,17010,8462,14395,9145,16819,NA,6997,10483,1313,1622,13357,18390,3576,10566,571,18511,12043,3036,1853,5545,6585,2382,17377
15231,4948,6341,6329,13461,1389,8103,17137,2385,9118,795,13107,NA,2705,16086,6175,7072,3067,14950,8565,12521,8209,2773,3514,5567,17360,9263,1589,9165
3119,8575,10915,2341,7219,1504,12455,12889,13651,16100,19920,NA,6443,2037,11158,NA,7633,10010,16014,11416,14905,2290,NA,5138,18833,16828,NA,5632,821,12931,18401,12982,4416,5461,14418,9074,NA,8502,5954,15742,8693,NA,15898,19153,4418,4626,9150,11839,16946,1418,12949,9263,12674,7192,15458,NA,10926,NA,7336,10081,18068,19134,12743,17135,16731,3299,16590,11250,13439,12874,10789,13207,18522,11167,14760,5603
19936,580,4196,19413,13006,8970,17186,5345,9735,13301,14138,5200,11680,18847,7319,17688,NA,10536,3613,382,2093,5757,4571,NA,18310,95,13058,19026,7390,NA,430,NA,15455,4650,8710,6520,570,4669,18878,10282,NA,4787,4588,15746,17699,2804
10338,10006,11107,19543,876,3654,8134,2555,5284,16380,18999,3241,3863,NA,8136,6403,16062,3589,4481,11087,6665,11774,18868
12487,16278,19885,6616,15920,2226,7359,14065,13713,15,17655,306,2467,450,11501,5155,8977,6445,239,19279,16173,5592,9836,3708,15286,12188,2683,464,10919,16664,6294,13195,2450,NA,4472,18110,9663,7531,NA,645,11544,8407,8879,13455,6831,8319,6821,7712,18955,6703,2770,10002,1026,18366,14770,10096,19931,NA,15625,1764,16569,10063,6096,17650,5782,8851,19524,1812
5265,1619,2003,15864,4132,8883,5311,8809,16299,5205,3597,10104,3015,NA,6372,19652,11153,3343,6269,11703,6457,2139,7284,4673,18912,5573,6548,15741,7579,19496,17850,13351,9873,13585,6569,NA,3194,1995,NA,19643,15699,4013,6503,2197,4049,16399,NA,15365,1919,3525,4029,9417,5178,14939,NA,3527,7191,NA,17597,15351,18058,12382,18965,4912,13400,7636,3180
7924,17532,6597,16041,16951,249,5975,8247,4158,15896,14763,6255,10129,4521,10850,11887,15204,18911,3143,14413,12848,4943,7004,NA,13129,17852,10537,11217,19170,754
4356,12994,10057,8453,4817,6669,16863,10450,13458,14513,13508,NA,18807,14871,533,19759,5201,NA,17036,1037,4096,7786,13803,15078,5616,12628,2182,15597,4719,4137,5545,NA,19897,11933,12514,7494,14054,2751,13225,3846,16982,12839,NA,14157,1307,650,14850,9764,19984,14336
16653,9751,19724,17633,12555,15938,9911,16491,15338,15365,3611,5413,10849,8712,18452,3826,5569,8080,607,19335,2897,NA,15869,15412,13545,6251,3602,NA,15180,1758,8093,10211,661,1760,15190,14483,7628,14390,3632,4686,18471,6783,4677,8405,16468,11137,10939,14914
4051,19422,16042,17015,16008,9915,9172,9400,10488,15393,11612,628,9529,19370,6167,NA,1961,NA,1779,7858,NA,3888,13290,12535,14939,9997,4483,19369,6985,12305,562,14608,15288,824,NA,7759,1002,19742,392,18806,18883,6731,6780,1448,478,13445,1913,2863,18939
3026,15381,8124,14308,8283,2406,13028,4407,13515,6550,9496,2486,13380,11604,12263,10881,11564,10246,NA,8619,18888,17153,19306,9754,7403,6600,857,2291,10809,9881,6737,18340,16020,11046,19500,11741,5456,NA,18108,3922,10804,13265,4038,3895,2441,NA,16313,19933,14394,17198,17929
8094,16518,19880,17786,14468,13694,9713,17802,1165,15897,4992,17333,12802,1000,19934,12452,9938,15491,16025,10480,16640,5658,8869,17144,11519,558,18122,627,11871,10857,4962,3453,16173,NA,18623,6372,13605,1012,12582,8928,16287,16073,464,6167,18612,14218,16323,18189,4790,10196,10591,7330,827,8030,5796
12031,5447,10174,17591,2745,9504,4914,16723,12288,19957,12294,NA,5627,1124,307,18196,10084,18658,12025,3682,501,17630,7763,7574,13547,9660,6575,10040,19346,13612,NA,17244,17596,15439,6950,14460,18220,13463,16402,1229,15716
12409,3556,4608,15764,6469,16869,16311,2378,11686,10662,8794,8839,NA,2875,19765,12821,2843,6840,15454,2343,2471,NA,3891,NA,19786,14120,NA,17159,17061,9959,3874,347,19316,7570,11496,14916,16056,4507,15656,1347,9333,3535,14684,6139,NA,3280,9193,16646,14556,NA,18977,5834,7492,16218,19339,8274,17070,17835,16730,9064,NA,9981,4596,17292,19746,12342,5945,5967,8814
11661,19953,14504,5062,4880,8469,8,15967,19268,4760,16428,NA,1448,15425,950,NA,7515,19638,19872,17987,18476,17945,11464,2774,2355,6882,19385,12273,576,14874,10446,618,2655,9130,NA,10255,19072,12113,9570,6312,18108,13206,1952,11253,12566,14281,17461,1586,NA,222,16012,5969,15560,3732,4535,18994,9587,3937,3548,1722,14031,19827,1992
1270,12972,7897,8322,12925,9074,2506,15542,19477,19342,11537,12065,7795,5077,7018,7962,10201,8671,12383,12400,1171,10177
18017,192,773,12570,1673,14177,101,12603,13553,452,4801,2030,14915,5381,12728,15442,5506,3153,418,NA,7985,2973,12112,NA,16854,3580,13488,13333,16594,9252,3889,5272,19229,18785,5093,477,16918,7895,8472,4832,18283,11794,17645,1039,14532,6229,16572,14617,10261,4066,1317,1118,12396,16567,15529,7866,4881,11173,10451,16242,8942,9682,15393,11554,NA,2250,14010,9641,5667,18518,8940,672,12310,14103,11547
16441,19916,7019,8628,5358,4139,17883,17228,15280,13070,2138,2758,19916,17271,17302,15974,7758,NA,8916,17781,NA,8556,18813,18675,NA,3345,3662,3452,16059,13101,14560,1601,5009,5671,7769,1833,9659,NA,4842,3276,1764,14464,11157,9786,6740
12430,16159,13818,1007,14505,18682,5195,4759,1357,11708,192,10588,14220,8665,14095,5045,19636,1666,18422,13210,13345,15081,7020,7101,12452,6829,16161,653,6150,3934,19121,991,13578,671,688,9477,15830,NA,8442,10896,2321,3804,17458,7986,3928,13971,2688,NA,577,4022,7762,12067,12040,7505,16197,13007,12409,2742,19763,5887,1287,NA,5234,13842,13624,NA,14371,14872,4364,19418,12783,7280
19439,7978,3336,10034,14130,5262,18107,5942,4741,2516,15186,16974,7524,9422,2262,18657,16369,13335,604,2675,9158,12901,12948,11306,18181,1154,2564,14359,16568,18088,2324,8283,NA,7896,686,8427,9794,16113,17811,11864,6101,14163,5104,15526,8347,3242,11353,5454,16841,5164,12220,14725,8089,5029,8228,10880,13500,12866,3857,453,12985,4900,1592,17433
3125,18671,14899,10931,1167,2146,2352,8513,1829,14370,742,2389,1940,16376,NA,14483,NA,6828,19470,2121,1616,7383,15940,12964,15949,6025,18073,11331,9078,16121,10339,3678,16953,6798,708,7576,12279,938,18070,10497,15629,8399,5933,8879,432,10805,1043,11970,NA,6221,16517,12913,1689,15758,13020,882,19878,NA,3107,4455,8685,3253,11066,9272,4173,3311,3528,19646,14155,7567,11288,833,13766
