1930,18677,17189,10558,9974,15916,3044,19459,6690,1559,9012,16856,2216,2143,13900,16060,18471,5624,6275,13126,7129,15188,15212,3587,4866,6814,14451,17432,1578,806,2313,5295,2535,13686,9408,9684,5320,6482,18451,1421,14578,5305,14901,10203,3761,3277,831,1907,4400
8607,18516,12619,830,13453,19498,1864,3056,7456,16081,8627,12948,1353,14629,6910,3368,7193,17393,3262,1775,6815,6139,12676
808,15045,13537,17854,1847,6158,19040,7935,13643,17020,19732,7965,3668,9698,542,14849,13117,18067,5964,14158,11285,4077,13203,16263,18435,1273
911,14902,2009,5935,8387,13885,1221,4714,4547,11342,15544,3055,11783,NA,11819,10920,6735,982,16031,7428,7369,17384,9911,4389,15629,4379,1751,15399,13539,8945,90,7882,5362,3858,3018,15773,NA,19471,2581,NA,8726,19748,19858,4239,4632,NA,772,6906,5238,7581,14068,10348,293,600
2370,4677,16596,7518,6433,16944,17808,15673,11783,9787,1107,18794,NA,6645,10391,13445,18095,NA,2601,NA,11479,390,NA,10221,5719,15327,7629,16555,5609,11493,18757,1173,14689,7302,9063,10271,15073,NA,3043,13002,14714,9775,1302
19322,1536,14611,18087,8370,9676,7828,14315,13991,13803,16175,18918,1923,13382,NA,11028,17036,7318,NA,17146,1989,18702,6765,7897,12708,5382,17757,1182,10168,19728,12027,3041,14353,6866,17441,1946,19503,263,14925,15746,17971,14917,9124,10448,7992,13447,1967,12196,6454,8536,848,3978,1445,13504,9342,1269,14171,3345,8743,3364,2530,14047,14343,4822,16194,288,11902,19457,16349
8353,6336,12392,7395,16525,8951,16868,11869,8976,14119,17540,3600,12698,4906,14016,1492,17620,5251,3582,5917,17120,10801,9866,1848,NA,1681,727,5634,228,11868,15775,1017,4883,675,19171,8878,10339,18453,8587,15013,12359,18500,872,4084,7481,14256,NA,10180,8979,18500,15202,11775,2511,10743,19361,9555,9859,2948,2354,6138,19283,4698
4563,1441,11505,10413,4574,1501,12394,16556,9912,1406,17388,15091,2845,13686,14897,19605,6824,7855,467,4029,18114,17981,10124,11464,10783,11087,8829,988,9232,8286,13981,13605,19148,9893
9163,13318,16392,17116,19919,5398,17804,17042,10424,12027,5914,12228,NA,2892,14619,12723,440,16556,11163,3683,4137,19636,5222,471,3912,5292,11145,836,12300,7644,14405,10632,NA,1829,6708,NA,19993,10528,811,14480,10119,18954,12537,12903,11881,3749,10967,13729,5545,8887,17156,3455,8158,7415,15766,16040,4298,9167,10870,17699,13020,1805,14009,12987,5061,14503,3186,2991,9785,19174
15811,13379,7600,768,2950,15645,10509,10145,4311,6026,17091,NA,3340,2229,6633,4469,6732,7442,NA,12017,15842,5964,NA,15910,1792,19076,8994,4062,11562,15825,2997,18734,7568,9177,19400,19023,14384,5249,10248,15756,2298,19675,9840,13169,2143,NA,10330,2708,NA,6182,9188,13101,11390,17189,4455,12235,8877,9126,6352,4836,11245,13919,4893,19650
14407,5263,13506,10581,7753,11202,16412,17718,3632,13406,14664,6625,1002,NA,15966,7209,1813,NA,7157,9335,19405,772,7836,3131,14558,271,18502,11614,10988,4831,705,6696,16320,12978,NA,8532,12783,NA,15306,7898,11287,11068,13978,1170,589,2830,8928,NA,1828,8962,9896,15335,8041,NA,4705,17057,11501,17436,12426,19816,12391,13947,10007,7637,15644,3351
6983,14680,15020,19795,6070,3177,17701,1372,3909,18504,2181,15580,9573,9905,11257,12664,12047,969,11794,11021,15984,19986,6788,8519,13289,9987,4424,5451,11162,3782,17189,6899,6581,9667,NA,7801,4308,7320,NA,3982,9508,18312,NA,8692,15924,11919,6729,15531,4292,5685,11032,10284,10034,9748,15732,14703,14458,19054,13626,6812,5437,10337,260,18640,12868,19565,6398,536,1214
148,1390,19871,13613,5026,4430,16711,13397,4099,9711,8149,19168,3086,9782,772,17626,16015,5006,11570,4575,11021,5641,1190,9794,10012,18293,9805,1907
5034,13948,4716,13533,1758,10356,3877,4690,19270,19166,4315,4291,12493,NA,629,3727,19967,10651,11554,17057,14462,NA,4011,15966,15744,18210,16296,15428,13843,16905,8855,382,6961,3555,NA,4105,789,1672,19207,18887,7823,17395,9466,16043,5746,3738,4990,792,16835,14572,8890,4205,NA,6739,9182,8914,16253,2914,12931,NA,9767,NA,14614,8657,11048,17633,5235,2720,2865,15297
19529,13016,19486,15349,4442,11371,14327,8533,17546,8059,4401,6900,17695,12563,14503,15330,NA,19723,14372,NA,14876,14036,16589,10096,9763
14394,468,1406,12817,17452,14753,6358,9244,12105,19794,19302,4153,15851,4384,18430,11861,15712,1126,19185,15592,2280
15064,7534,18084,7782,2976,5121,583,1846,7663,14057,10944,43,19945,2446,10335,2845,3317,5831,9555,13532,18836,NA,13473,8885,NA,19549,NA,18498,3766,19626,8011,898,2024,8297,2102,12134,NA,17179,15043,6150,16306,14044,11899,13868,6981,1269,1562,17696,6249,NA,11664,14412,12999,19826,8615,16301,10902,52,16407,2415,1389,4414,6695,5674,3542,15315,13170,10172,12567,5206,16139,14327,6194,NA,16480,9607,13762,8224,12099
5292,11469,5679,16791,17049,12474,6033,13346,3014,15079,6205,17945,19307,14317,13656,2580,729,9861,11399,16463,NA,5480,15776,6228,601,11485,9244,3742,12222,5966,11555,16332,17349,9068,5082,2665
19224,7322,3123,5523,16931,3071,18352,6253,4282,17716,6895,10105,1271,15659,7194,2397,13560,7254,11641,9881,19714,11394,6909,6353,7055,16432,9384,7007,17664,16235,13827,NA,13049,NA,13873,10354,18080,6317,14415,8241,NA,2509,14253,NA,19726,4043,13993,9027,4320,3705,8638,2771,5401,6150,5701,12354,11302,13465,NA,5844,NA,5864,16322,14293,19763,16061,413,7094,9612
10176,1424,16353,16660,3248,2438,17196,8412,5720,11113,19260,NA,754,NA,15772,19599,1833,1484,3618,12013,6681,NA,4177,7330,6681,2172,1008,11125,5793,NA,6863,19064,2426,6279,3349,1846,2837,11354,11601,8952,15046,9274,580,13609,4936,13347,6848,10544,12003,NA,5497,15247,4331,7641,2061,5552,4132,9530,15296,4966,4192,7289,18708,13890,7118,6620,11813,17601
12648,8089,4980,11854,4053,2404,422,9703,1817,5067,13078,13988,8666,10437,2029,8077,11013,3307,6576,14087,16968,11445,15579,18324,16085,15235,3644,17999,NA,18389,19049,18605,14579,2594
15096,17296,19071,6348,15905,18789,8791,17212,1341,14532,7393,6212,4290,6731,10644,14023,19907,12778,5086,11292,19432,3980,9632,18161,NA,19937,16912,6974,15388,18611,8680,13660,171,3502,4121,349,17860,9720,18551,17307,14681,6234,17447,19196
3683,19564,8456,10707,2290,6794,4387,11618,4431,18039,11511,13225,5534,11615,19791,11933,362,18705,5979,NA,975,9618,2740,3415,5393,17103,11701,13517,4850
9615,7543,4249,18723,18328,6922,1571,979,893,13028,5773,5640,13989,4844,413,7143,12614,6470,16661,6783,9944,13987,8669,30,4722,7527,NA,6325,12916,6777,14017,15262,2819,16416
12821,2137,6949,6197,7739,10552,12155,2584,14046,19068,819,19096,NA,6152,416,12650,6413,3968,34,12588,14350,7319,19486,7869,17843,16795,11115,11669,NA,10785,906,18939,7228,9447,9556,11667,2310,119,8154,NA,2153,2072,4265,6385,5666,2506,6432,7958,16703,8216,9499,1968,18404,5441,9704,18999,1977
319,19967,17948,12055,1171,3847,16591,12655,12376,11177,4952,17904,6770,13390,19209,7214,12114,7065,14917,192,1097,NA,10344,16977,16165,11624,18400,6575
4955,11879,12301,9538,940,12384,16039,3487,8150,16924,10599,7514,14407,16277,13601,15109,12829,1190,15766,18536,NA,18036,12366,10769,16357,1468,NA,6276,19814,3452,11752,7402,17994,19102,18636,NA,16493,1924,3026,6976,4440,5847,10680,4925,11986,10080,19355,2223,12652,10977,14045,7461,NA,13973,6705,15026,18690,19414,12162,4410,3912,9812,904
7033,16512,18808,17634,1836,14724,16331,7453,7653,9132,16830,3291,19846,10759,8557,11679,11482,NA,5979,19235,4280,3437,9507,5186,17372,9662,14965,13845,7409
15285,1692,1295,2451,5501,2769,10821,8278,12681,7982,19009,10608,18061,9392,9579,NA,5299,7620,18215,7906,NA,11036,2876,14120,14534,11463,8715,4216,4414,NA,18700,18525,5004,8492,12387,NA,3396,4728,8617,6820,11612,5353,19996,6742,18508,1265,NA,12028,9267,5382,2246,11991,18466
430,12887,7253,3899,19085,2425,4602,13280,13536,7949,11888,NA,12788,938,2523,10804,NA,8196,9719,NA,525,2110,3112,3830,NA,17235,8569,1001,NA,16508,16701,3802,17792,6621,13535,12028,18363,12137,17036,4925,12966,15754,19174,5161,12487,6603,1979,10456,5129,6387,17458,14264,1939,1572,1211
1030,19651,16832,15628,14661,3039,1244,2153,17971,11338,16597,1034,10853,5903,12262,19607,5450,7556,14517,4069,4818,7217,11573,4087,10957,12253,NA,7266,19088,1349,NA,9823,12590,10369,1673,823,5428,17976,NA,6755,4357,7661,17353,8388,7932,NA,12849,2937,12792,14870,19303,15037,9126,8757,11488,7632,11412,13007,1427,6636,18659,NA,375,10035,10685,9044,6425,16598,13475,10968,17413,7140
11211,7471,11,5863,8078,9500,9850,16579,13199,4307,7334,11731,9770,17235,2560,NA,14026,11170,2255,14103,18591,8019,8125,NA,13327,16277,7825,6368,15397,521,NA,666,11537,4282,7020,18707,12053,16654,19201,3403,1571,11007,2149,8203,7407,14257,12606,18328,14292,4777,3879,9595,19468,16162,3197,9209
19622,9628,17596,10212,14278,16837,6864,10675,597,10392,16181,15119,NA,2345,2129,9965,NA,694,19963,8184,3104,7624,18266,8211,17397,4851,2857,17532
575,13819,15699,18425,9030,6669,14576,6200,17444,11051,7072,13425,11113,4141,18679,6829,6522,11975,7710,6022,NA,6023,16540,13900,3458,12126,8568,NA,12276,9653,12481,19228,19143,2117,97,11152,10193,2019,NA,18900,2635,NA,16542,16500,9394,17236,17103,15796,4060,13876,18755,4500,6427,15611,3759,18140,9827,NA,3603,16465,18985,439,2107,5266,15071,13638,1862,3508,18837
9131,6037,11216,10888,2933,4570,5947,19902,4955,3641,16270,NA,4848,10636,14844,8595,96,18487,11566,5130,14506,12199,15328,13113,19211,804,12974,NA,7159,10069,9956,13390,196,2043,10006,6012,6750,14069,2149,6837,6555,13486,698,16086,5698,17197,NA,18768,14846,8642,15532,19837,2202,15442,8612,1743,4908,3156
11704,15752,8235,7459,14396,1847,12557,6799,539,5052,12776,8586,2264,1375,16198,16928,6826,384,7038,NA,2860,9115,8452,12690,12018,3648,16429,19682,NA,8509,4221,8331,339,11203,9142,NA,1708,12735,878,14405,6479,15617,12199,10059,NA,16883,19093,6353,NA,13184,6987,12288,11705,17079,838,NA,72,9754,4419,18241,15089,10895,14890,10260,16165,3650,10738,7693,17459
6712,3985,15796,17796,16873,2765,6117,582,12290,5401,18577,17316,554,NA,6404,12173,NA,9312,2338,NA,4753,16073,9291,15590,7035,19440,5824,2016,11636,13692,14121,4495,4983,16373,6086,5488,NA,15980,12374,NA,16773,15305,19701,19895,10683,19957,3280,4955,7948,16472,NA,736,3079,7471,4295,1138,8317,4792,14160,1634,15456,5574,12349,12178,3016,2116,10461,5874,13899,11001,17722,16665,3369
16611,15062,4645,7235,2939,18357,8242,16631,9923,8823,15738,6479,15875,9218,7361,NA,8702,NA,3515,NA,3308,7758,9573,143,4261,1822,9510,11160,12797,1194,5574,17491,16252,1019,4248,479,18140,19863,2708,7820,15622,8255,6992,12238,6403
15042,10520,1457,3357,8591,14438,5880,17201,14881,8142,2575,2541,NA,3160,4605,9465,7679,2396,720,14160,14833,16152,11964,13009,14893,7273,177,4109,13110,19140
15922,16193,4436,722,11731,23,683,5248,8771,8890,4258,NA,7537,12977,9776,10973,15752,8187,336,8602,4182,18593,11285,5683,15486,14557,11714,12362,9074
4497,431,8581,7481,1955,2790,15040,7061,6622,13149,6750,13581,15885,11364,5031,467,NA,828,NA,18431,1039,6002,8936,546,4690,5214,5179,NA,17612,10673,14688,6296,NA,831,5947,2933,9684,9778,9332,17434,17990,15490,3380,13775,19245,10118,10636,5811,16292,4171,4948,8540,10089,8484,3875,9063,5444,5294,8695,19001,NA,14895,16892,7224,11385,17234,999,8656,5350,8927,3167
1953,12435,16465,3175,5015,107,16293,7337,18807,11473,5269,8789,1179,5060,9126,16594,18464,7604,19585,18045,2130,15326,11243,13878,16193,NA,9518,1964,12213,2970,10812,19368,312,5675,7721,13460,9403,257,NA,6722,8750,19655,NA,1794,NA,14955,15160,NA,9399,8604,15159,4247,18708,8554,18852,15234,1421,17192,16816,15823,7699,19323,10127,13648
5120,2702,10658,8832,11961,8309,4962,8396,11022,16804,10192,NA,14940,398,14143,5007,436,4322,7252,16056,6151,NA,8293,19360,1642,6950,3541,5827
945,19466,9464,6222,18072,10222,9198,15342,9131,13388,18539,10630,5234,6593,15940,NA,16060,14044,12164,7174,NA,13716,13424,19364,9152,NA,2342,13088,4582,NA,5392,11873,5357,7451,3934,19447,487,6980,16729,NA,17176,18298,17800,19813,6099,18871,16487,18551
5881,3301,6296,5710,717,9563,1552,13037,18285,19184,15592,246,17173,7738,10102,4201,16480,1707,14049,14671,12946,16743,5390,4602,14585,14489,15302,12492,13901,19877,4258,13597,NA,4099,4591,2493,2141,5334,NA,10022,4456,19132,18955,19924,16391,12584,14470,19002,8784,6464,3331,14839,19907,18084,8109,16378,17926,8423,4683,2004,15252,12198,13001,15706,4237,8228,9313,17418,4602,1824,NA,6906,17747,2994,128,18781,16497,10023
4086,9529,16050,3711,17048,5908,6401,3328,5738,8658,8785,3550,16752,3263,6147,18405,18824,12112,7390,3046,14147,7976,5643,8427,17990,8284,9544,3830,18555,16318,1784,5689,5067,8525,7183,5021,15080,4918,8103,1598,13517,1972,17555,8870,16335,19541,19521,5501,10354,13681
16650,18094,16022,5050,12464,19618,11943,15756,11478,13206,774,17395,NA,5255,12806,10452,11274,9510,15706,4367,15317,19154,18624,NA,12734,11566,18091,NA,3885,10905,4494,1305,16341,12935,444,7658,17295,6629,839,6200,16697,13884,8114,4199,8133,1895,NA,12426,7011,6404,10142,16379,13215,7369,12015
4073,18923,1082,11466,8732,6102,8264,231,204,12521,11933,4347,11601,5453,514,17519,13316,4179,19889,18506,1373,14586,14429,19647,12149,9378,7567,13910
12036,13805,11984,4591,9975,16166,10669,334,16413,13163,18479,13627,15674,7342,8628,17275,19442,8479,17292,1917,3199,12930,NA,4870,10131,3139,NA,7752,NA,1888,NA,8529,15258,5284,10400,10711,8909,18553,NA,12170,8222,16664,6650,18123,2415,18781,7361,17287,19864,15678,16800,409,4592,8998,4155,5586,18098,5058,4294,266,10579,13700
15344,542,6123,17914,4059,12407,9691,14763,3887,11112,19566,14922,2158,2176,17929,17814,12495,11216,13495,2504,14179,849,3010,18351,9655,13274,7969,1859,8478,NA,2862,14994,8859,NA,1154,NA,11001,15956,8324,957,13881,18395,16295,4284,NA,10267,15737,13232,1083,10754,11474,10290,19846,17773,16314,5985,1616,10718,19383,12831,10810,13253
7797,11959,4393,350,930,2224,377,186,11231,12162,13601,16635,17039,8490,16700,NA,4075,16975,7726,4862,6216,3359,3256,9017,11234,1470,1957,1397,14433,12151,5469,19424,759,6764,11695,17750,9107,18,3479,5816,190,7091,8769,12555,66,12426,19385,6043,11857,11510,19715,18679,7666,250,3757,1576,5235,NA,14928,4222,1702,758,5110,18364,14648,1024,10002,NA,10853,18366,NA,12479,3957,9284,6186,5951,18769,3005,13036
1596,14110,787,18721,15510,9267,16941,166,5071,17202,16022,16099,9011,4856,7108,11290,NA,19337,17817,355,17108,16090,9591,16402,16259,13819
2187,14493,13631,534,7342,18724,19008,19841,11533,17992,17083,16466,8269,10133,11321,NA,19109,127,16281,19296,16140,14709,NA,9011,13726,15104,9844,2208,17425,4752,1806,3078,18538
10869,4012,5560,461,3604,419,6310,3319,3348,16300,15607,17223,15544,1022,1756,16636,14053,19706,18668,13849,13309,16030,16091,17894,16168,1452,2391,10560,14240,16861,9839,5557,14511,4949,15266,2352,1071,9917,13369,13947,19781,17809,9594,6350,15241,18220,18713
9875,12353,10808,5781,16339,17162,16614,3871,5998,9926,18236,14140,8903,6580,8056,16564,13003,7663,12137,13533,7266,9384,18059,939,14871,15859,7582,16297
5483,15463,15404,19283,5465,15775,9536,13518,603,17656,14368,14880,16928,9921,16435,17478,3683,11131,1812,6616,18920,12594,130,5498
1115,4225,13347,10590,16203,8313,5351,8851,995,9813,8969,15787,11608,17136,15055,18821,7450,16621,16244,13924,NA,11657,6948,13096,13023,17722,13185,2049,7492,12241,4821,6940,11096,15674,14238,13289,16688,3317,12777,19054,18353,12669,963
1665,18664,15011,13376,14553,8659,15369,5673,5132,17630,16467,4541,224,8550,10991,NA,3873,NA,13505,14371,17798,8614,NA,3210,9376,4347,8649,15616,10631,8206,10778,19822,17075,15368,4339,3464,2623,107,11685,6416,15712,9719,9025,12255,NA,3300,19583,9009,11567,9748,4725,17021,456,7658,5859,4063,19944,663,NA,9400,9386,8254,17946,17184,2842,19320,18262,2648,NA,1596,114,12794,12013,13029,14878,4851,5370,2824,1819
12919,18874,12366,3609,16957,1202,18887,3504,10479,3657,12911,11307,2048,19141,127,NA,12111,9096,7184,6655,NA,7752,10997,14707,247,10455,8545,2157,19787,17856,12603,9333,17349,3821,7593,2176,17939,15825,4578,14148,7835,14260
19724,17195,612,3101,3246,17729,16692,998,7853,2596,11592,17210,1606,16797,3391,10937,18479,9527,9914,1378,1865,6064,10368,1847,14380,NA,13761,167,9510,8952,19736,18773,2787,10519,17718,7813,10897,13849,9225,18373,NA,17115,3580,7710,12282,4236
4040,17151,611,9773,11837,4602,736,980,580,15098,16903,15277,3835,16162,17195,13306,10142,8750,18444,656,1205,13101,5129,2285,4308,509,1532,18963,8988,NA,11191,9810,8138,13918,18596,19848,15765,9619,18758,4340,15315,7810,4862,NA,17418,19049,14269,492,12112,18030,NA,15693,5683,16107,13211,5876,5918,12835,1424,16356,16269,3936,12686,19731,13438,15196,864,6382,12399,10923,2563,6422
19573,12249,19734,3633,9111,3182,13960,16636,7845,5087,9442,7579,7492,2209,3073,16849,16181,3401,15818,17729
6726,7949,5344,1001,11052,616,13109,12573,14764,7032,14845,9243,16025,NA,17269,15955,4197,7505,5579,7834,13161,16699,922,4504,13201,1821,NA,1811,4910,1685,15094,NA,17098,5581,11603,16341,7569,NA,5649,15615,14269,6283,10624,4558,14027,NA,14272,NA,18487,13356,16169,12507,5129,17526,14678,15893,1014,3890,10637,4160,18157,3234,4538,4012,2442,13979,7186,8873,2165,17876,1284,17892,14796,6237,17247,1952,649
3182,15344,13937,9756,17027,16742,320,11007,9248,1125,5140,12915,7146,19933,5784,2697,11394,16449,2743,7029,3557,15183,15563,6617,14718,9321,9945,10406,6337,1978,9256,16667,11996,16162,15560,14643,11022,10739,4402,3689,NA,15326,11289,8281,16937,7046,10085,436
19155,4822,16729,17018,14265,16118,592,8360,16412,4676,15901,19442,NA,8119,10304,19163,5520,2926,16787,6539,16513,13868,14757,NA,16687,8114,12209,19435,NA,18485,15478,2189,1206,18117,766,6714,10555,930,NA,5461,8963,7219,7602,8013,2527,5787,3061,10160,4840,8409,2932,12883,2671,5605,506,18636,8052,17922,12388,10332,17866,14644,10195,11826,19198,2435,10417,6142
5991,7722,18174,2648,18757,10191,8916,9359,16147,19991,16117,15428,14345,4039,9238,2369,3599,16146,16209,18323,17015,4973,NA,17555,8860,17738,17691,6656,2935,17139,11985,17085,7581,1337,2049,6170,18154,7713,10087,5240,9794,1411,NA,17256,5717,15952,15883,14536,780
8982,11052,6416,17586,15963,8529,18911,14719,14682,5231,8786,18245,NA,605,19700,NA,14408,14394,17993,10443,15377,13029,3333,19476,10547,7351,2907,17978,12159,18824,1036,18090,18726,13277,9363,3304,12874,5428,NA,1760,19489,6715,17452,NA,18336,2819,10062,NA,13507,5489,10624,2322,10961,14462,4990,9044,15888,13978,225,14281,5210
19669,3826,10468,9597,18397,12761,19634,6550,10915,11705,18777,NA,15111,8481,13535,15626,1194,4744,5095,2997,8726,9711,10758,8894
3890,11826,17047,5075,12751,12538,12516,18842,18133,397,7087,145,14058,NA,15348,423,10542,2701,7022,6319,9967,4459,13386,15145,14406,13569,5659,4266,8312,9993,2427,NA,7761,15849,8922,982,13922
11018,13974,15733,5642,12066,13378,16946,4509,2647,11446,16201,9632,17904,18068,NA,2542,15472,9225,17412,3910,7093,3632,10545,8162,7772,18800,NA,2903,5427,5082,15556,NA,3033,1575,1438,13724,15602,12766,19645,6317,7635,1909,13515,NA,15360,NA,1170,2183,13868,7540,11450,220
15369,19689,12196,14443,1931,7435,6401,8432,6899,10028,5470,1094,261,966,12430,5471,9030,5671,461,1864,13433,NA,17554,6356,3235,19506,4139,17488,8199,494,9449,18662,13926,559,1170,12689,17556,7386,11604,14446
7237,19719,17748,6943,17946,8587,277,14101,3915,12537,15283,10068,NA,11706,245,18737,2444,9091,7558,8606,15294,1364,12774,12641,13589
10593,13635,9610,2102,4518,2740,4918,4702,6400,19732,14146,17621,12964,1668,13359,8395,11381,1081,18478,4058,17195,4246,19049,4090,1712,18432
11520,8475,10404,14087,14709,18625,14307,3700,13330,8678,7890,622,4958,5444,2850,8928,12914,1138,8728,4134,3503,4119,NA,13835,17868,3301,1487,14542,11852,10528,18627,533,10096,12779,1452,7002,NA,15177,5329,18307,14293,3176,17780,10042,13680,4235,4809
1426,2283,12732,1631,16255,3258,13906,8326,1000,15717,3518,5747,1196,15640,5271,NA,10489,626,13569,912,3400,6814,12670,5926,8561,19117,718,NA,12050,6107,6636,9777,2028,3299,13625,18366,10765,13608,4800,NA,12144,13968,649,17468,14783,10212,4753,19243,1640,14855,19192,19305,9826,4201,8125,6888,8759,19040,3393,10754,19583
12616,19165,1831,11005,12090,18576,14211,14201,17178,1096,10903,3235,16067,14219,4382,3277,468,12333,229,13950,NA,1526,15030,11847,15291,12843,12429,3217,NA,16410,13204,19078,5361,7380,13050,14612,16396,4444,8458,4038,11915,10010,4169,12864
16009,8467,9439,11155,3441,13941,484,14162,3426,15553,16997,14100,NA,14260,4891,18327,15493,9079,39,13376,4317,NA,17359,19470,15435,5649,5315,10189,14893,5455,NA,4974,7881,16471,16244,16552,NA,1630,8474,2206,14946,13601,12108,14012,4215,NA,8913,17499,9228,5311,NA,19217,5732,8427,12358,11114,17789,9488,12818,13867,13393,3045,7781
1125,8996,9909,5926,16022,8686,8479,6755,15013,1477,18707,19441,2969,11727,16953,15976,3144,13392,6265,7856,1117,1024,15312,8594,1780,2492,17589,805,11559,7262,5146,16355,14142,9684,17683,14224,18384,15577,8129,11060,2225,5976,1909,5458,15182,13223,174,NA,4296,5695,1429,13027,10866,18388,15238,5763,5142,7112,15873,9981,2250,NA,1188,18240,4834,8528,2102,4022,627,5039,NA,9475,12462,5799,8208,8015,17067
4909,3944,7373,1593,10996,3862,13670,6773,7954,12853,12228,1699,13279,15212,11121,1302,9665,5455,11336,9158,18805,15051,12054,17666,4146,8879,18544,2192,NA,19947,5485,502,841,NA,9072,NA,8317,1450,10039,NA,12355,17672,14798,15200,16597,NA,2431,13486,18744,10467,8607,6590,2462,17852,NA,15294,5436,9011,17015,8905,3942,10399,6263,15935,12434,7507,10189,8890,15804,NA,1204,8589,2536,108,17880,4558,10115
13905,18678,16681,6104,7917,10629,17549,19463,5917,19943,1951,758,2286,9352,15241,3236,2307,10987,15003,14873,7632,17978,13203,8279,11999,15297,NA,13111,10973,3456,8603,10860,12432,NA,5720,1005,6618,4732,6636,14742,14683,6822,10115,14162,3509,19262,9283
15415,17516,91,17667,17675,2742,8403,3980,10928,15801,1748,10031,NA,9960,9150,14249,10757,NA,4524,14706,6564,5358,165,10073,10506,13873,13190,966,4418,13482,7985,7146,14709,12283,11407,NA,5387,11559,17748,4484,19642,566
17257,13423,13864,5832,8951,10265,14516,18307,15377,8075,1053,2770,2669,16767,10193,10677,15571,19845,10265,1430,3249,12697,29,11583,14758,NA,18930,9321,14355,11258,NA,12479,9691,6671,7930,15499,2111,11117,2550,11948,15309,9052,NA,16007,12256,14286,18895,15854,10583,14020,9958,17770,2165,8362,8553,3062,4433,17773
