12337,7200,3053,8994,12870,2399,14466,6183,9826,15293,15055,14908,13289,15003,3405,1796,7048,5153,2476,15161,12472,9147,7458,18081,19724,1235,NA,17371,11329,4653,4853,16299,15117,NA,9436,19807,4260,16725,9005,10249
13271,18927,836,11160,12458,17616,7339,15604,14494,4225,480,15865,16805,14326,16174,2624,2571,12702,9869,18473,NA,2764,19531,17590,13679,16501,5279,19844,7347,9252,4316
15173,13526,17878,1213,4254,7108,10008,17779,15131,18828,10071,16300,6846,10412,8231,3491,11482,13854,462,15581,10766,15640,11428
17514,17441,15206,19009,8185,8420,5106,7579,19721,436,4980,14000,1078,8098,625,1146,3189,6223,14490,4810,724,14871,1669,8316,9378,12659,1744,12252,9227,19451,8936,7882,3537,NA,13984,9690,15455,2748,424,16281,10022,7370,9948,10659,11595,2540,7637,9665,14271,11945,3414,11130,7792,1660
1552,1290,5517,13962,6374,7006,1926,17131,7203,6013,17278,13388,9131,15042,7578,3793,16487,8006,NA,16500,NA,12684,NA,9673,13890,3509,2938,6136,601,5161,246,17355,1358,6289
6735,4683,12175,4560,5771,5971,4993,7885,9649,1512,4676,7944,4514,6142,13983,10478,17898,15742,16284,9542,19762,6338,7541,9098,11903,6490,NA,11718,13208,13665,19542,12838,14745,18404,18334,10969,2273
4695,4101,18821,12510,3761,5833,1633,5752,5653,17235,10396,9333,15100,15486,7794,15605,1833,5295,7455,10322,12562,9747,17761,16403,10880,17167,8609,14900,18612,10732,16238,10429,14751,NA,19694,2663,13918,19436,8439,7933,NA,5103,1772,NA,10740,15549,9957,7297,19062,8134,13638,19447,11180,10476,2874,11146,11114,219,16807,8297,2388,16756,14769,1468,13323,13273
6181,2638,3630,10694,2808,4002,2984,15763,13502,6698,19038,3193,4834,18665,6971,6024,15928,13952,18340,11973,12984,3263,15198,14828,13790,11087,976,6590,2457,6232,16253,18802,10108,5042,7789,16638,15653,13837,8067,19016,58,1865,8894,15510,9710,17116,19310,NA,13811,689,19352,7540,8723,5820,1143,3029,1678,NA,18175,9223,12532,15916,7067,3986,18877,10581,18613,NA,2013,9135,8432,2627,19854,61,11894,3245,12145,3022,9935
14619,3517,3001,5793,13279,2268,19599,8248,15632,11953,13146,3102,19023,2436,2020,14619,12206,14670,3879,NA,10904,14429,10728,10299,8318,NA,14973,18548,18826,5278,7944,13634,15941,2348,5329,5861,2318,16215,NA,12798,5276,3710,7023,12373
12656,13838,3665,11893,14754,4406,1849,14669,15667,13031,897,8196,NA,10086,12682,13231,6400,1766,3451,11058,14654,9551,13925,13869,10364,10061,16316,18457,361,3400,9376,8866,14458
15172,7879,7466,4003,10842,17526,6774,5152,11186,13975,14701,17809,2917,16041,1273,2746,10280,15236,11209,15148,5218,18575,15618,9206,12562,4861,7307,19541,17462,4401,16873,NA,18946,7757,4463,9463,9404,13226,10979,17672,5207,7272,3491,NA,18123,7544,8597,NA,9682,1283,5185,15233,9592,314,13183,4103,9197,14833,16890,120,16434,10728,5139,10063,18891,19771,5114
6104,19649,10109,2232,17443,4491,17188,9417,12509,4312,18844,NA,3090,8752,7573,4375,19928,11993,NA,19391,2855,3078,2840,9471
8996,12237,13767,6562,8462,4528,1889,12268,18441,9647,2145,5243,NA,15567,7540,283,3978,19814,13301,9412,NA,12393,5118,NA,19541,9596,1989,1007,9546,9477,14472,12616,8709,1628,3800,13258,16210,12194,3342,9436,4316,2221,10426,7174,8110,18891,17912,8094,NA,15136,6004,3593,9223,13370,6258,5730,14469,8830,7704,7791,7360,NA,3640,16912,2762,1129,14363,NA,8127,1475,2012,14054,8412,5799,786,11297,10287,260
11981,19283,3813,2106,9768,17418,8360,16653,18771,4875,16707,NA,7237,10914,10526,11013,NA,3625,12237,11594,12997,1861,15229,14031,8946,NA,12636,6194,17571,442,11931,9392,4063,13854
17384,5183,5511,8502,9506,6781,4612,15604,3678,5092,6105,2156,8048,2541,18997,NA,774,9070,5808,9964,2794,7071,19445,7657,8394,NA,7701,13382,19242,5415,923,2737,3763,2619,14701,4423,15948,NA,8325,14288,783,NA,17810,14125,17746,13774,4265,2168,17673,8003,6596,15430,13406,2943,11182,15749,10231,8962,12511,10338,11383,18311,10920,10818,13673,11848,9276,16955,12847,NA,9277,5429,12152,8504,2855,10672
15615,17045,7022,12353,13413,340,315,5924,2585,9738,13484,8942,8597,NA,3399,18406,11572,11603,15345,3234
8616,8844,19488,13236,18287,1158,16671,5316,6733,15220,19928,5378,NA,19013,15957,15957,12424,10804,8976,10847,17810,12374,172,2418,9753,8238,16313,2594,16188,16767,12998
17685,19594,3962,1876,136,19183,19273,17545,917,3908,7989,12416,755,14463,3976,13043,NA,11602,11503,16741,NA,8348,5493,14837,8208,12868,17440,5960,332,11063,6428,3624,14323,17233,941,212,9555,2017,2618,NA,19361,11701,12470,3946,5447,10884,16696,10796
103,6849,15968,3233,16092,8198,15564,8293,19364,8677,11879,7650,11152,5135,8548,12205,NA,7364,19019,8357,17224,14959,19081,3028,1919,16224,NA,9127,13880,15098,7193,10796,18356,4358,9496,3655,7866,1363,NA,11345,17058,5905,8314,1266,3622,365,6089,3157,10613,13672,2193,15226,11178,15878,10372,NA,3855,1982,3472,8588,4292,NA,10781,1269,7043,5201,4713
15531,18539,19649,1448,7431,9151,453,18686,7991,16817,1773,3880,1285,15352,7050,NA,5948,17839,3162,5934,12706,3203,2516,NA,8676,6756,3291,19374,1602,18542,7212,9807,10420,15606,909,5771,9043,4870,13863,9375,18258,778,19772,NA,3486,18565,1845,5095,NA,6588,6052,1073,11324,3939,12175,16268,2713,3447,1813,5078,18688,19040,18139,6239,3271,3000,4305,6447,5515
13830,4967,19500,5162,16695,911,15117,5099,8461,8547,19586,9222,NA,10404,8803,459,16547,18556,18781,9714,1812,897,NA,15171,17365,3426,10411,11221,NA,17103,313,10692,7018,19511,16847,11377,11931,4748,18262,10573,7398,15923,19557,6414,NA,10655,17582,NA,10782,13004,18786,5626,954,19177,11979,17989,6902,1679,13203,769,8634,11484,14437,19073,1698,1554,3339
13363,2686,7824,13708,746,15933,13570,10759,2873,9196,15753,NA,8474,6931,16402,9534,14677,610,NA,18769,14531,NA,18643,5716,NA,8753,7249,12882,15306,3029,16810,7119,6576,14806,15695,13821,18687,14205,8563,8067,8072,3316,15518,8181,8713,17116,3466,11050,240,4932,1796,19839,5295,7337,701,5023,4749
12743,17315,1431,7054,11750,16379,9572,9522,9367,3210,15998,11591,11430,7931,479,11980,3364,10406,18085,15212,4132,2833,4397,NA,2033,15382,1066,18387,NA,11993,NA,12465,14170,NA,4126,580,8654,NA,1506,4747,17835,4590,920,6425,16753,342
10525,4611,10336,936,11306,15472,14909,4729,6590,9180,7119,14049,2293,13655,NA,4441,739,2666,NA,7484,1815,18394,6501,14486,2995,2300,5457,4701,19666,4320,17619,NA,3487,11562,2329,10192,5895,19563,9901,17346,NA,6443,19171,3522,16630,4940,NA,2483,9538,6978,5948,NA,1765,10893,12733,7779,11881,12277,7215,2745
5637,1755,11290,10743,14733,1734,18282,14751,19297,12557,4498,85,9100,9080,10243,3779,19511,8014,14266,7513,11162,7421,160
10057,1427,11655,3393,1337,9463,707,19107,15768,5986,13933,8726,NA,7505,14109,15427,15296,NA,19620,14695,12916,NA,11540,18450,12947,9499,9367,1810,9268,7807,12070,10480,6258,5294,848,1164,17459,12466,13579,3182,14515,2296,19733,NA,7913,9208,3406,16672,15512,1076,11754,938,7928,12311,9708,19681,6050
79,15720,6492,16731,4494,11973,3944,1620,17045,8546,12403,12908,3564,5138,19415,1185,12089,NA,3926,14552,NA,15322,7665,9399,NA,18236,1820,18394,15868,18373,3901,15970,7190,6890,19742,3240,19406,14909,669,NA,18319,15348,16767,796,10840,16872,19370,1671,9202,NA,10892,12394,6582,18237,NA,14874,5470,19159,1114,1700,1206,6547,6273,9510,5070,18971,17126,4194,15656,17537,9928,10525
7525,10118,17366,11947,13560,1002,9120,16980,19538,3850,10981,13866,9954,3961,228,18861,15809,10620,4480,16055,17506,11331,1985,18559,11570,18830,15944,4609,9969,11970,3983,13589,4096,19408,6328,1938,12826,6132,12337,6229,NA,4138,NA,12777,NA,4653,3373,14534,7689,NA,16281,6384,9652,9194,10675,7630,7924
6008,19875,837,18628,6463,17108,5472,9390,4360,19656,8991,19692,9196,649,19722,1363,NA,8173,NA,993,17993,10419,NA,2545,7743,6869,18204,14995,930,8553,14749,6403,2406,5355,NA,15416,16716,17052,2928,17249,217,NA,17904,NA,2751,19625,1302,4940,18965,14564,498,3129,363,11688,6839,350,8748,9453,8291
18296,6738,6421,11118,3132,16339,2798,14333,19880,10223,18886,NA,13736,14456,4837,15284,NA,4995,7671,14988,15337,7823,NA,5664,18974,16662,15378,18446,7111,1761,NA,16308,18970,17467,12813,18127,3674,15652,6336
17546,12541,9647,6915,7444,10830,1004,15707,8051,10414,6249,12591,16961,13544,17386,4413,10658,2064,16798,18203,10357,11081,3343,9342,14485,19868,15766,NA,2042,6912,1621,NA,3937,6898,2070,8068,582,14993,11288,13248,11029
19394,6848,5259,15345,17806,9204,18288,10139,18434,15867,1589,13179,NA,18447,15798,19091,7884,NA,1279,11329,2375,15068,498,19230,16470,7779
7958,18370,17573,11144,13479,248,1779,8785,5656,17039,9619,4851,NA,13203,15087,6381,15928,15548,NA,1472,NA,16233,17895,13061,17671,5449,10870,819,4118,3486,6590,16787,14556,113,9702,NA,14704,NA,7311,19907,13658,5219,15870,NA,11921,11718,1366,6330,488,18430,11798,4998
2915,4829,18550,15952,14472,16821,5382,12404,9402,7253,13274,NA,19393,4957,10053,14710,8858,13121,3559,13751,5126,13098,14284,872,19729,514,5900,14591,16055,19682,9841,12111,15086,15177,7993,2747,8987,867,3557,16893,NA,15660,18928,967,14442,10843,3644,10491,3210,8422,12881,12311
15873,5775,7642,8536,10288,18388,16686,11787,8974,7116,391,9053,9414,323,15969,12736,4240,1513,5917,11461,4340,5321,2326,2220,13514,12214,11148,14726,3705,8513,11979,NA,11129,17605,7239,7321,7463,17989,10807,7179,3778,3198,15744,NA,4140,2261,11264,11170,3987,17872,7654,14777,16392,17828,8238,2994,7515,17160
3852,1295,12272,9308,5158,16412,4359,1582,11260,9364,1100,7045,19747,16642,13138,5531,2995,NA,2960,13150,9481,7363,3534,NA,8746,13192,1921,8261,16325,17332,15911,6084,11552,334,18182,16643,751,12548,9478,8421,17634,17370,2948,NA,5498,10410,7923,2642,17534,5560
13920,14447,16810,9298,4392,19929,6571,709,11661,7955,5207,15137,892,19646,9200,19276,4771,13664,635,6864,2599,3837,14481,5020,19824,NA,9295,8558,8039,12112,16111,5607,6216,13086,NA,15634,2314,176,220,18953,16694,1159,8992,19425,15702,7020,7809,10320,NA,8382,19102,1549,11944,NA,825,3783,983,3896,9099,11605,17265,950,7603,18390,1792,1627,11718,3363,3266,15934,12773
17295,6901,737,18404,1248,11880,13780,10856,3866,15552,15179,NA,11978,15779,8231,7135,13871,10898,5229,NA,13868,3024,16325,4184,7547,8244,11439,4182,NA,10705,10991,13908,14685,5693,15871,17897,4703,17394,15999,3429,9312,18980,3083,18614,7208,12899,8466,15718,NA,8940,15925,NA,8226,18859,16169,7348,NA,8640,10976,16783,10103,7891,7882,1522,13514
3729,4599,8407,14992,5410,3245,17948,2318,1277,14381,3597,14608,3368,7676,8416,2210,5070,NA,5592,8819,4869,12881,14715,777,7583,17019,11528,3782,15921,8767,1749,4572,8926,NA,7437,13843,5748,656,19065,7457,19459,18617,19749,7931,11730,19694,1957,19150,NA,19591,9356,3756,19001,10952,1811,5274,12268,992,18841,10143,1942,3867,13387,18226,12161,12299,299,19070,8369,15504,12158,5241,8962,5559,4126,15362
3273,3593,16291,10912,11324,5050,15852,9950,18673,19914,8609,14144,19545,11459,8999,16665,12683,14691,2423,18221,13554,8308,15234,6181,7977,17980,4712,10298,1618,1512,10212
3726,9543,3056,15540,855,6640,4880,14487,4082,10023,2964,12238,NA,1006,16855,15938,10337,2192,9917,15710,7513,9943,3760,5440,13755,5665,14615,12174,2581,2583,5911,8104,19443,16309,15582,18148,953,3107,459,12787,1976,10057,13976,18517,9457,114,8158,15567,5264,13481
16280,3529,13884,8919,14971,1193,14993,17859,284,17459,8987,13116,4106,17225,10561,14472,2273,5039,10203,14190,17482,5178,1978,4894,NA,14820,1897,18703,11368,4421,14409,6527,16907,8815,7493,17588,NA,13566,5853,12780,2648,13767,17999,5194,15419,3361,7233,9879,18006,17461,2901,773,7625,16994,19258,70,6095,10763,15885,762,18275,14701,9884,18115,8355,1972,5041,9862,10678,17894,9056,7153
10940,15801,12855,6837,8868,5862,9199,385,13204,17384,11499,13670,4853,5417,5864,NA,19082,9492,11719,19689,11436,3697,13147,16907,7799,16651,7213,450,427,12370,15042,284,6402,11439
18776,15945,7546,11471,12276,1074,10180,13768,3749,14535,14521,5943,4146,12743,1955,1820,17573,18113,7165,NA,13743,13302,5406,7178,10693,15720,8483,1831,NA,3669,19450,5567,19891,3728,6405,14152,18664,12440,9946,8326
1871,4902,12510,4028,5773,6555,713,19878,10580,19391,17293,8396,2443,19022,7887,8099,NA,8006,18293,2141,6353,6044,10758,1796,6509,2596,11911,4314,7270,4713
11937,18440,9868,4112,9364,13860,18991,18948,8548,14466,5771,12963,1193,12364,13758,747,1158,13939,5123,18420,9200,6919,2987,7961,6103,13626,8042,17409,11887,2592,3869,8129,14496,7488,19912,8262,16206,NA,16181,13495,2947,16903,18163,12388,18376,16477,13244,17187,14321,NA,17376,12116,6271,10899,3358,17419,4170,6460,18602,8926,19090,2419,6036,NA,2643,12708,8433,7332,11162
16585,18154,13252,15287,16094,19650,12984,15170,10950,3746,13666,8326,977,19518,3845,17197,18855,NA,2857,5553,17938,825,13889,17244,930,13333,1926,11291,7090,3486,18262
12275,11514,6866,418,19127,12706,11203,7513,14089,11734,12641,18899,NA,3041,15510,NA,6932,2788,11041,7047,4944,9538,15750,117,8990,19327,2472,NA,8692,NA,9662,4299,NA,11101,8489,13237,2009,5744,13148,4322,9403,449,12001,4905,13077,10758,10296,NA,17653,NA,4278,13166,7629,8521,3523,12976,NA,832,16111,2289,7399,6771,11002,7059,17353,8321,158,19941,17166,3609,2336,4795,648,5176
15630,2200,2879,14426,10363,1595,226,18309,15697,11779,11619,19774,8130,2091,17323,15997,12956,NA,6305,15479,1275,NA,18932,17792,5306,NA,6050,18541,1197,16479,NA,9770,9331,11829,9046,NA,10907,17243,5653,5428,7892,11725,2356,17231,18861,550,1786,5379,NA,3728,3207,715,307,9531,2059,1416,15177
19709,14853,16986,18984,2520,9497,257,17495,1328,3215,16313,13443,9922,13854,18013,12422,15813,14211,16302,2285,7962,3824,15548,9693
16188,17264,4511,8465,13795,16663,4494,4628,12316,10067,14088,NA,9497,9236,18090,1827,8262,11084,NA,12252,3714,6097,18096,13495,9642,14751,16718,4924,642,5331,19426
1332,6550,13374,35,14581,5079,13756,19678,17760,13190,8477,318,15559,2072,10735,7779,9591,19594,13980,7395,14015,NA,2706,5410,14264,12721,NA,10246,19137,NA,8149,NA,19089,14360,12000,14319,8164,3907,12115,12053,19119,7294,15290,11841,3054,13542,316,4879,110,19528,4997,NA,9073,2250,11726,7165,5939,5752,13594,NA,18962,4484,NA,1371,432,723,6630,16065,18484,NA,5513,19734,15940,1726,15597,11462,11677,10105,18898
16820,19722,4119,6260,17412,17823,3175,995,3928,15047,8040,10508,NA,12307,7663,NA,6268,NA,12007,4238,18342,17975,9295,14734,3723,8369,17063,18525,13223,3423,11219,6028,8880,15091,1121,480,17193,5623,10892,16412,15411,4627,NA,7413,61,9099,19240,1666,16276,12807,3378,15774,606,17931
5363,10061,7929,15897,171,2176,7854,3906,3675,19716,3127,12239,16795,1205,4974,5983,19061,7840,961,9706,NA,6010,9467,12312,17592,NA,2574,12583,7580,5523,9990,NA,3812,18276,4294,15740,NA,4068,1845,11081,10481,18383,18427,5185,13296,5498
254,1608,17387,6586,11557,2100,7682,8198,15449,7981,11424,19445,17974,9711,3549,NA,12505,NA,9000,8147,18566,7788,8596,9038,10541,18949,6009,16419,15395,6586,1944,5921,13651,16758,10994,8317,5079,12061,15833,6329,17362,NA,6334,19365,NA,17003,16449,11602,12833,16556,16282,16781,8953,9645,16454,4005,15514,6425,1142,4338,9130,13110
19459,17171,16365,3250,16080,14741,3638,17548,18693,15054,7501,16794,17978,1509,6556,11776,9029,9324,NA,224,NA,5666,17417,NA,1657,18682,8113,3260,18486,9758,10453,1323,8952,17658,1646
5848,13186,14357,3488,16028,531,19124,5224,2088,10243,12118,14044,NA,13499,16324,6598,6994,5677,2230,15935,9682,16156,17869,8800,10465,8143,5061
16032,17565,602,9181,10348,1604,19775,126,10237,8280,1480,12146,9722,55,6207,NA,13293,10500,7456,8180,13189,425,3808,924,15265,19198,17518,4819,13441,6884,19151,7451,NA,18838,11280,4982,7575,17579,19047,13915,9617,8478,7631,13670,NA,13543,914,9446,11272,19382,4975,11447,4813,17253,1269,971,17386,8641,15395,7102
8752,16033,9223,19345,14385,2375,15069,16700,2909,4580,12083,4291,4238,6910,15917,1123,15739,17001,6368,5618,17898,12992,7915,15187,14775,6104,4713,18223,6104,NA,8173,12445,NA,14705,NA,18273,15950,7263,7904,4815,14561,NA,12705,18827,5800,5676,18042,736,18050,16772,13794
1041,2419,11157,3943,787,225,17588,17004,19847,4443,19944,10659,1303,10519,14523,19042,NA,16503,8202,3000,823,2736,9789,3406,13449,17170,1410,12279,9561,4977,13204,10953,562,8513,516,11806,1532,2338,5347,19690,2539,4673,8195,11693,18109,9317,17753
14504,15750,987,1276,5149,4131,12169,7286,4740,627,5256,15285,5632,10404,4611,5383,11153,7633,NA,9912,5968,NA,14843,15676,4438,8352,7729,9636,3580,6736,6854,1499,18407,NA,16732,3327,5933,14127,11467,18641,19016,NA,7440,18663,10767,11000,14400,12749,19829,9772,14945,8099,8296,8755,10561,16086,11812,6864,NA,16760,454,13393,1993,339,17028
18283,11815,13386,684,11361,91,1371,6230,7541,19784,18202,NA,12920,14532,8905,11532,16663,NA,10705,2873,1369,NA,4482,NA,14542,9300,7670,2659,11352,17995,14005,10232,12999,10679,10197,4961,2144,6761,2481,317,1299,19661,15431,3286,3991,19157,4972,12426,11421,15679,16865,301,17078,2538,5658,13299,16691,16576,7333,NA,15030,NA,7883,11605,7230,18122,16780
4690,684,14882,14139,653,12347,19307,16633,8146,14864,75,15607,14836,1886,NA,7490,7034,5536,11010,13583,12285,NA,3628,12379,10833,6022,13048,17295,8099,16748,16090,NA,1013,9599,18883,NA,2393,1864,14728,9533,NA,8422,2921,15502,1127,5274,18616,17926,19704,1081,NA,18840,779,2931,4562,13107,NA,16991,8311,17247,17566,2626,13251,4876,14962,17640,6861,NA,18199,15415,2609,NA,18075,4852,6022,16852,14071
3898,9603,6207,9421,1795,1868,6423,13665,16406,9714,4632,NA,3719,15695,3237,8483,6245,NA,11948,19226,NA,5438,7737,17641,NA,13943,8171,16660,3362,1114,5023,12839,7475,15418,2257,14659,4582,10904,9797,9636,13500,10830,13347,14227,7575,15864
1759,7408,19119,18640,11725,18690,3685,19155,2632,16050,12513,18728,11947,18423,15591,18536,16263,13906,9810,10469,14088,19992,15598,7686,2936,18783
6796,8854,11264,5121,10758,7878,3358,7448,13305,3662,11146,18870,6939,6251,1168,19130,10024,12506,3946,9339,11334,2016,10232,NA,10188,8322,14487,9679,9506,NA,7692,7862,9392,17623,2984,NA,9542,NA,10673,14991,11729,8632,15033,11105,4863,18315,68,1553,1076,NA,10415,10671,17445,18957,18771,15791,12417,3122,651,14352,9490,4104,13757,14735,16462,773,11114,4121,NA,11604,2636,16289,5509,17530,2279,13795
18797,16293,19871,5507,5543,7988,19195,8212,1098,12267,16407,5756,8138,7108,9699,3874,9891,15038,11816,18235,13003,16839,13546,3923,6492,12881,NA,10426,3281,5295,13674,1441,13263,18088,1102,4973,6035,13915,17181,7748,18935,4649,13138,18506,2283,NA,13515,3943,19387,16868,3850,11159,13280,8604,16364
10724,1889,12576,15687,14074,19464,9473,15458,9169,5874,5652,15892,16138,NA,5515,18425,NA,3700,17699,4240,NA,8159,13560,814,NA,14746,4447,1534,17096,239,14311,NA,6044,14561,9817,2555,10533,673,1478,8270,8790,19371
14938,19079,16808,12407,14944,12293,6072,13094,12754,19198,5881,13472,16855,3938,15018,860,7575,17072,4816,13967,7808
13382,4386,3197,17964,3191,12964,12197,3508,13331,7744,9453,18165,8980,5999,14575,11714,17966,7557,12438,9594,15826,8821,17194,3227,8463,16416,8402,5934,14276,2651,19584,11469,19854,18712,19365,12667,794,6097,9719,541,16504,12763,9226,7575,8115,12522,7525,12557,11957,6165,1145,17774,9971,3997,10338,17761,814,1316,165,18462,12070,5142
14449,637,12460,17943,8635,9535,19214,7975,6574,16972,12721,4858,330,14185,17734,700,17055,6933,8173,NA,10079,17262,15756,11541,15132,18121,13106,NA,13191,8145,9629,NA,16566,3679,16406,13014,7765,11754,NA,16735,8122,NA,5949,943,8087,16883,9399,8885,12105,14138,19869,8211,14512,3625,11820,9697,NA,1154,7369,NA,11159,11696,12870,13182,10180,18788,1043
8064,8893,8235,1308,14507,2160,7274,12830,5989,5814,14218,2102,9236,15447,19423,7897,4003,18972,10627,14052,11397,11938,4388,NA,4483,NA,17862,9623,13411,18883,13206,5075,19187,18123,13048,7627,18346,5315,2211,14692,10142,11071,16567
10006,18195,3371,16970,16884,19241,15607,13880,7431,944,17880,NA,13978,14954,1152,1569,713,15171,3320,8514,2751,15912,13041,NA,2521,NA,7901,16361,4084,2964,12175,19924,13239,9042,469,16838,13661,10391,7956,13777,14698,NA,2220,13611,12066,3297,4270,NA,19242,14981,2992,11001,516,49,NA,1179,9342,15469,11214,18189,19722,2180,NA,5690,1474,17520,NA,2926,4997,14750,14650,17899,12526
13222,13644,11731,15242,15093,7304,13989,14056,17249,16828,8079,2535,954,693,3071,834,10324,8659,14580,2332,17105,14151,6211,12875,12390,16240,13569,3272,3650,NA,16251,3848,NA,15466,NA,3286,17243,14628,19976,1190,8225,5669,4291,310,12919,5461,15232,9296,14308,12044,4235,13057,9896,18331,12991
9007,11912,7185,7028,12465,6020,5207,4089,10469,1603,12225,11336,19228,13450,17096,4975,9232,16824,13684,11558,15430,1273,1572,17343,19429,18073,11634,16553,19009,9844,4639,7007,9445,9517,16166,NA,2923,NA,12066,15694,15836,5504,18688,NA,17434,1776,NA,9262,13088,15297,NA,4649,2166,4556,18061,11472,16853,6115,16153,2114,9927,1149,10164,11913,13324,1325,18330,7142,7629,2858,263,6897,13887,11379,5062
5323,8258,18141,1768,5602,5475,19161,19578,1882,6682,17199,5349,NA,5654,2422,15546,2035,8068,11735,393,886,17004,7072,1936,7247,10519,13542,18169,19245,12092,18495,3142,9282,NA,3270,5026,NA,2923,NA,8209,5728,9184,5541,NA,10053,13435,10724,13465,5112,5026,9093,6601,18088,7698,16750,10750,77,NA,17932,14585,NA,12841,19494,NA,19158,16160,14487,678,11893,17042,373
11948,6395,17735,3211,5669,13876,17663,13446,3328,7349,6826,11316,8083,3535,3584,2965,15968,10653,17429,7168,13624,19493,5855,16559,16737,16087,14492,5597,NA,18937,19281,7331,12198,7952
18864,3709,114,1727,15845,15321,12965,3314,697,11737,2919,19599,19208,12505,19048,8308,3981,1119,15083,2184,12297,3849,18690,4699,19027,19612,2200,9804,7042,18566,635,4955,3341,2092,5728,13507
12374,460,2024,18468,522,663,453,14708,11249,1350,19459,16835,18207,NA,8087,14034,5676,3601,14578,NA,3507,17432,7129,NA,4454,NA,5699,NA,12664,9711,13144,NA,2538,15603,8765,NA,3548,17787,2620,5373,161,NA,305,2139,19899,628,10345,9840,3004,19162,14687,9220,4912,1717,2040,1011,NA,7560,19619,13738,NA,4879,12603,18534,5236,5445,3040
15607,10391,3110,4417,8775,15997,15180,18634,19351,983,8114,5257,9239,6389,10454,18804,12309,9902,5376,5877,7368,6917,1367,5789,8364,19360,2896,10484,3867,842,12162,11222,18299
7866,7249,341,19415,19817,16428,4389,1011,19020,7732,10677,1994,11435,5168,17801,6210,2530,NA,19173,3805,7804,12630,7151,12270,12568,12801,4330,15230,19719,6508,9734,14495,6133,15863,9583,9451,8746,13621,16784,NA,177,19913,15656,18721,7914,19980,11480,5705,13790,1408,17589,16993,17470,14776,10646,15129,NA,5077,NA,3619,12564,9557,12128,19837,10005,NA,2575,13884,12513,10355,3125
15764,2898,16905,10833,14281,17879,4849,7006,11053,3002,4615,9591,3986,520,12077,19456,16212,4245,16301,13499,8048,8982,525,14879,4369,11887,9582,682,8670
18215,2743,13689,4245,8952,7325,9552,9890,3880,17430,10547,1496,6471,12829,4764,7785,9442,8721,597,13038,13169,10105,3754,12577,9425,14382,8491,6901,NA,14325,11904,10029,2704,12768,NA,6804,12313,8780,14812,14369,9569,16976,13965,7437,14054,15469,7817,11595,10712,11097,1326,9795,17759,7525,4354,15863,16233,5833,NA,3554,11363,1958,NA,7629,7739,1567,2051,15820,19617,6317,9518,15433
11874,5715,17579,18663,3982,3863,19733,4342,11570,6912,6514,17081,2801,17558,2007,7842,8803,18725,19858,3898,13165,14224,8302,18625,12549,9623,7764,2796,8432,17000,9486,13144
13054,2312,17606,11391,5437,15923,16540,14918,8837,11617,10046,5774,NA,19935,9134,13433,3626,NA,13969,19427,2357,14686,8476,12053,17578,4409,17420,16927,19019,12790,15213,10833,15934,16099,19573,10625,16501,16936,9474,9234,1212,3120,2587,2923,396,13302,10085,15828,13918,1270,14687,18273,16847,14649,7848,10367,14858,NA,528,15291,NA,7697,NA,17446,1569,8261,1819,4037,8756,NA,9219,10947,15870,4921,6148,14264
17982,15469,18462,12065,17331,6497,16384,19955,8119,12029,2951,2586,8203,16298,976,15557,10018,NA,18553,8820,16264,7817,615,3116,18194,6514,2030,15687,1737,19611,13910,955,6354,9730,13034,2474,12756,9538,6737,11529,17203,185,6154,8073,15478,13462,83,12415,4698,16265,2653,1284,18872,5066,40,10559,700,1276,7500,8422,11998,83,6967,4412,8292
8741,6875,15087,8954,19705,17133,222,7671,8962,11226,2587,3710,735,7331,8811,10647,14025,3288,314,17813,16155,7328,6797,19163,NA,14810,1407,1256,169,NA,16686,6440,5410,15988,16145,8366,19163,8324,9075,967,10480,2798,NA,10873,416,8530,18691,7490,6545,5248,19596,8622,15104
5862,16584,2911,645,16044,4327,6866,12358,18221,12775,12504,7970,19472,18579,3878,12654,4210,NA,10336,9890,17132,14264,19916,18943,1674,3504,NA,12805,10783,4319,4062,3339,1309,12106,7266,5802,NA,7422,17497,1821,13507,8807,4936,5981,835,14482,7153,15690,1854,NA,5873,6736,16742,4372,10900,2413,17723,15056,5039,2719,12567,17840,7840,871,NA,8650,14652,595,3364,65,13996
7256,8275,512,1674,4648,2801,6813,10035,11693,14925,1773,18152,8842,19190,10452,17115,11767,16031,6222,8335,15886
15992,17956,11412,12497,11505,14679,9373,5422,4668,7544,2067,12611,6467,1210,1202,16735,9889,14059,10013,13719,13442,5617,5744,16734,4824,5710,16123,13722,16090,7782,890,9487,13068,12320,3761,153,1843,11870,10419,NA,13013,8023,8001,16290,6396,8783,16376,258,11435,12423,8742,11242,NA,2012,18151,NA,5893,9252,4220,6593,6149,2582,NA,11014,4477,16134,10480,16747,3617,13630,1725,7252,281,16590,18816,15157,14549,12627
7720,9434,10763,9723,12826,15993,15652,276,15767,11769,1221,722,13003,8970,12557,6003,17156,19330,5236,4934,14628,17565,16469,18974,5795,6237,14622,NA,18081,4850,7109,14314,4582,1157,9104,1006,11753,4929,7471,15893,6424,NA,8116,15606,11924,6542,14809,19110,1743,18328,151,1802,NA,7150,3251,7450,16726,11840,1634,7097,1911
778,16404,15522,17785,4484,9241,2452,16312,14071,14585,18874,13571,17425,16934,12852,9844,6360,19517,16253,10222,19940,NA,877,1707,7907,4455,4592,11383,3250,8529,16126,17267,5869,6740,15633,18852,16354,17013,8968,14218,8901,7971,18178,15649,6390,2429,5023,16741,19177,7818,6112,437,12293,NA,4789,19457,19001,13856,13845,12067,18308,1723,12470,19140,3144
18716,14865,11811,12710,8808,12153,5871,648,17311,5307,6776,11371,2499,9367,NA,11445,10285,2698,3274,6234,2671,15292,671,12626,5633,16307,19701
17407,19449,849,17539,15755,17879,1023,2278,16745,7754,14097,NA,13503,4726,14683,19369,18324,3567,4322,10803,3279,2748,NA,2448,NA,18494,18188,3204,12092,1346,12976,9692,8040,12190,14850,7863,1100,5666,18409,6595
4488,8001,7599,5071,10933,19049,8365,17372,8676,10351,14320,9120,5470,5452,16081,NA,15054,3170,15567,11778,7239,6335,17370,6939,NA,6741,6688,8334,15618,11856,NA,18695,16920,11728,12711,15155,4221,4688,15858,14216
8287,10640,1513,15303,2311,3631,3842,6774,503,8895,10932,3529,7751,1982,13783,14917,10332,8599,4119,NA,17333,4480,6776,16979,4535,17291,17345,1580,5070,9474,1524,12544,NA,14855,2399,5332,10209,1879,7542,363,8157,3357,18859,2103,266,NA,11525,4140,14851,1355,5652,19036,11677,1213,18609,18823,19575,5739,19202,19620,6073,3668,15488,13635,14202,9082
693,1934,156,8066,8190,12868,4314,17248,14730,19133,2091,7598,NA,15959,19965,18001,10835,NA,9444,NA,5210,4209,3951,9758,11408,18234,43,12376,1564,703,19763,3269,12748,6432,10410,14528,13243,9568,15937,12551
18212,7667,11851,11271,10229,11665,6734,18428,3985,15361,18101,13720,17558,6651,10609,NA,10327,19704,8570,14142,6847,9877,NA,10667,6982,9019,554,8082,17972,14383,15533
15169,11988,17614,15469,18487,1458,16860,14501,15927,16645,9870,7473,13122,10187,17328,3289,8443,10382,15058,11521,12240,4031,10764,8032,307,10887,7556,3585,16724,13231,NA,19412,5932,NA,836,11155,13091,8145,1627,1834,NA,18574,18642,14106,5223,7563,5671,5787,19512,19052,11672,7202,NA,14872,18442,16596,16995,18534,14673,3102,9946,15657,17327,17437,14709,13992,12080,5945,12748,2936,8227,14461,6377,19070
