5051,2308,13980,19966,5505,9347,16988,13142,629,16910,3382,13799,15509,18730,711,17356,NA,13985,11229,14268,NA,19383,15859,12669,3631,18500,13354,11322,13623,16671,4725
10990,2053,18137,17144,10405,12011,4188,16569,5845,7031,9436,12078,6187,7600,11871,16429,1394,1219,9538,8871,5075,7401,NA,18247,3636,19535,6686,19186,2071,6762,8247,4547,2227,57,9752,387,12267,19985,13224,9574,7059,3930,13994,5222,14919,2158,13038,19349,7049,15535,1859,17877,7620,14016
13293,16226,13042,191,203,15408,1882,11160,14092,17866,19138,16647,16277,19736,17908,2397,1240,6080,6901,6459,19588,19010,16069,18963,9527,10155,4199,NA,19781,7565,NA,14031,14071,10872,13441,NA,5791,17391,17636,16131,12268,NA,17690,6432,1493,4697,NA,1023,15345,10719,16839,19064,2228,15051,11194
5766,10416,19605,9527,4541,4709,17171,13658,7249,3051,1221,7122,14434,9373,2732,156,15,6902,1463,10278,12345,14177,2937,4775,4237,892,19040,4933,13955,9632,11532,13697,6049,17011,6182,1488,4085,2294,11148,6282
2778,889,12163,9226,4353,9035,14100,135,14635,19335,13358,16346,11478,19322,6268,6250,382,11453,15800,7315,7955,514,361,2701,14775,5007,14550,NA,181,8850,2656,423,10582,3737,8293,6872,2098,9677,13142,11874,11345,15873,1233,NA,8957,13762,15015,839,NA,16220,1320,6530,19316,7556,12574,12049,19702
16972,9891,17852,3210,7267,5597,16636,13811,990,4414,7289,1620,NA,5253,14988,3601,1319,990,4767,2738,10206,3677,11822,10021,12982,19400,7603,10696,13832,10482,4224,8314,3892,1874,6703,NA,11744,17342,14065,18380,14360,15592,9650,13310,45,17914,NA,12876,6024,4085,12253,13871,14494,10321,18410,10184,8504,4641,16638,NA,15769,5482,12188,16579,6834,8644,16490,16019,8618,9888
7806,18049,10971,11900,18643,16755,2821,14141,4288,4980,3953,4789,NA,5053,9250,357,NA,19438,NA,17061,11290,17781,593,2737,NA,11420,13827,5825,17281,4341,5945,16283,1248,4105,5340,6524,10703,5362,2582,8045,17260,12755,181,14745,9608,14199,NA,18177,1892,13327,9255,17522,3784,6914,19996,10221,5617,13688,15977,1559,17498,12094,4786,11776,11553,17219
8626,4037,19625,7249,10396,11154,8134,16637,16007,3785,9142,9066,11782,11631,NA,4280,19418,11226,4161,6623
16430,616,8955,7557,10371,10873,15239,12613,5740,1506,13503,16119,2126,7519,10913,6466,1995,9223,12997,17531,10672,848,12426,4820,11594,NA,16458,7758,15252,2757,19195,6269,11243,1739,12578,1722,208,390,1844,2368,19813,19679,14467,18267
9282,14989,19566,5623,8531,18531,8104,11442,4539,12035,16231,18173,NA,5123,4866,1658,2056,4725,14709,16420,17633,16595,3619,5205,15283,12237
5113,18789,15942,8794,18951,17765,7797,8831,7700,7991,17809,9917,13121,11266,NA,11613,19820,2342,15594,19370,12854,5276,202,8141,11675,17512,10553,NA,960,13531,9907,9928,4179,3442,927,2797,18775
6860,11659,18570,788,3143,4031,4552,17725,3516,4309,17327,NA,5097,7885,1927,18482,4399,15807,17532,6715,15768,18234,NA,5839,13506,14745,10607,17869,18102
19710,4783,14531,18545,10736,1295,8737,17719,3657,4451,4449,19093,3138,19788,14633,3098,11759,1094,14090,3946,6821,10967,NA,9304,18767,6226,8498,12,11910,7482,17908,18708,NA,14326,19031,12581,19702,13750,12522,8912,10719,2300,3819,2906,18690,1651,6952,3197
12856,2466,14212,12313,3940,5627,9154,9352,12632,11631,1578,18356,12974,4145,8173,10655,10520,2064,3195,13923,8367,13687,4850,10760,10786,15623,15438,7353,17685,8163,18714,9366,13857,5133,1899,8989
6147,11575,11296,9565,19068,17577,5573,12959,4871,7051,4384,4290,5829,6292,3239,12365,784,3561,6066,7645,7029,15178,1661,3619,2739,2356,12283,10472,14599,NA,3907,17655,6544,18769,17296,7956,6322,7425,15713,12709,4061,14558
16791,5632,6114,8592,6306,611,7967,12223,19431,15645,15596,9045,11461,16602,17947,12082,14564,18346,1640,14290,13470,9263,NA,12665,420,6743,1855,19605,NA,17403,10926,6145,11080,1404,NA,15854,18908,18818,19227,10184,10302
7714,17961,948,14389,9772,4780,8182,9714,16112,11503,13492,19923,2476,10146,NA,3988,3839,6694,4290,9591,15410,2866,12617,11684,10963,487,16231,18063,1330,16491,NA,13919,14214,9180,19172,3937,3278,14767,6599,105
5297,5125,15814,1036,19535,8768,13450,2916,2867,3889,3586,15885,6110,2846,16929,NA,3504,8030,1820,2658,3998,18403,15326,NA,17496,19050,19471,13255,NA,12820,11015,17407,17205,8210,4325,16430,NA,17296,NA,8503,6314,10348,18093,19611,16683,5338,12309,16009,5167,13463,15746,4732,6900,2991,14595,13037,5696,10436,NA,17052,11782,8655,12192,15020,13582,1879,NA,13273,NA,14938,9276,2990,6574,13935,13832,7463
9429,19931,11434,9558,10338,1427,2636,17147,13319,17375,4694,15164,16730,17641,18592,1832,NA,12257,10280,16688,NA,16179,382,NA,1149,5665,NA,14968,10514,NA,16929,NA,14107,3362,12173,12234,5954,11734,471,9471,17699,16235
12560,2500,2053,17566,14300,17192,4130,3738,1431,226,11315,NA,10189,NA,12292,365,11725,11248,15845,10923,15309
13790,19246,8580,17029,19363,6377,1063,618,7132,16670,4110,8326,3140,15316,12099,19780,10658,16366,12717,4045,4875,8539,NA,2785,3591,13808,13252,6871,9653,11870,4947,NA,1329,8577,17864,1289,531
12096,15499,7818,10095,9107,9403,7069,17254,10113,6351,5193,19462,NA,9851,19743,16881,5158,3734,19706,15621
18664,1756,17990,15181,7208,10483,3002,2339,8926,10101,4777,12211,19636,9311,16496,9322,NA,12367,8534,7296,17493,14854,2473,11905,NA,9711,11808,15381,4584,8094,12071,3410,4410,3697,14658,17373,3949,14608,15956,11485,7486,NA,17670,7531,12640,5545,15240,16166,NA,12931,17186,8575,13707,9842,3173,4844,10004,7583,5995,10681,8222,4560,NA,12184,13100,13640,NA,7953,17996,12311,5687,NA,2617,16751,11851,11423,14122,14187,4423
7509,13921,6345,4868,9675,133,94,9578,1607,311,9220,9890,2518,8973,6336,NA,3295,8538,12903,17444,6357,17619,665,10777,15108,1684
9552,1156,17280,15964,468,12605,19359,10069,11116,16874,3726,12664,596,12037,7361,18030,13126,2651,16743,19321,16535,18262,5116,19067,NA,2258,971,7633,3684,19735,7756,18111,6475,10123,7061,18146,1246,5148,19840,8921,10908,2329,1082,13715,17660,3203,1169,2402,5904,13683,NA,17424,13719,2493,19515,8447,17721,2481,17671
18938,13919,15507,5509,6211,18554,15280,779,18344,7589,743,4073,5439,NA,3335,8019,11916,9154,9376,11841,11310,18227,14481,18472,10942,6911,NA,3207,604,2823,9687,15653,14140,15686,14725,1175,14048,9087,17255,4492,15568,15272,8947,19073,NA,5060,2532,7330,13688,18526,18288,309,1199,2885
19889,14726,17107,9506,18819,2723,13905,7819,10364,19569,19034,10415,12376,8492,18377,14440,14341,10267,13730,NA,8412,18153,11124,6640,NA,19779,5243,8197,17740,8054,16807,1261,2579,13449,5223,14195,15086,9001,19356,2436,882,17640,7640,19150,826,10156,NA,12540,18604,19337,4768,18138,9227,14095,12115,15610,8248,NA,1731,5111,17210,19980,15356,702,17145,10623,NA,15362,6739,7102,13778,6174,6767,12176,3116
10905,8212,29,9573,10215,11792,7329,17795,16607,8613,3831,17014,1238,3604,2011,14243,NA,1884,19380,15632,1024,16547,NA,16781,17801,NA,3576,NA,18527,13727,14368,10362,3136,15973,1632,6170,16021,1721,4858,10025,8129,3235,7109,2971,14958,11119,16304,15158,2688,15878,17006,NA,18377,2799,11601,17523,3640,15241,16098,3603,10472
15313,18801,9524,3706,9854,17582,3531,11681,11174,8969,15038,10839,11842,2487,4337,14162,7688,9206,921,15017,11245,NA,5650,17007,13698,8744,NA,16616,14074,19542,NA,8295,11337,17523,2203,8721,10060,9142,4314,3558,3816
9525,8295,5161,1323,8455,7065,17254,19661,7264,5669,5974,NA,11384,13111,783,8010,14408,8985,7497,5495,2142,6609,18271,12538,NA,3589,2094,13494,14394,19793,3120,17312,12737,11841,8154,8257
17618,15563,9487,5019,7457,11000,2092,11421,8344,11716,18750,12358,2149,3743,14859,2995,8,8299,19770,1465,NA,17743,3076,466,15962,NA,13624,7439,15148,3071,16568,5326,NA,13735,NA,19413,12076,4600,12428,3397,19866,2765,15447,908,12740,622,15303,10023,15959,9888,19196,5160,6254,16204,18652,7407,4591,4329,4965,861,5828,3271,17019,11435,17019
3894,10184,730,10756,9878,4748,5281,17619,9038,14316,8354,6807,17882,162,1527,18049,18177,14105,8939,4730,15198,4576,19075,18814,18506,6456,13017,NA,13217,19042,8348,9410,11750,3127,17876,9852,NA,413,17597,14169,15183,15245,563,13508
14012,183,3071,11785,4963,19518,14234,693,5403,8464,13412,17306,5938,6665,16465,5452,16431,NA,9093,NA,16824,NA,8634,9359,16888,13274,17206,18507,NA,12373,7467,1085,16269,6528,15613,10601,762,18461,769,4047,NA,7819,1684,5173,12576,6270,18625,11318,504,16975,13078,9597,13853
19805,5131,12775,899,2967,15827,8249,3648,16468,11381,15446,13233,4154,3795,9818,14133,8558,14783,4703,7547,3769,19735,17559,6384,15790,NA,2119,3680,11667,10352,4183,18996,17385,18060,5335,17267,NA,1706,337,16001,10902,NA,8070,10997,6342,11374,11623,7853,18597,3094,17017,NA,6687,11150,10051,1821,5146,5267,15637,6101,526,NA,19893,16932,6953,14382,18176,7558,4408,2388,617,8667
10953,3600,12859,19221,11398,8954,17787,8536,11549,10601,9418,NA,9073,6685,506,4440,4783,17042,15019,11778,13478,13994,209,12241,2915,6137,NA,17996,2788,13985,9579,NA,3907,17107,4034,8678,6634,5257,2171
17280,9275,4252,5685,11172,17245,8787,1321,12482,3646,15956,4095,16874,5506,16053,4013,13493,8926,8611,12224,18245,2191,NA,80,4410,13960,5440,NA,9815,NA,19775,7867,15834,16313,9378,NA,13063,NA,10115,4896,11739,4618,19089,5194,12414,8377,16314,NA,15590,17959,9424,NA,10942,12012,13359,698,9814,13431,17186,18933,7068,3568,15335,11334,6453
2183,16726,18740,7201,13456,4693,1479,16992,18806,7985,11647,8949,NA,3503,531,12696,7404,3580,NA,1095,7651,18139,15110,11800,8842,6401,9923,6637,17261,10832,8176,11765,6092,16013,4127,NA,9861,7671,14897,7834,18879,17126,13020,2203,18692,14022,4310,7528
2805,13861,12732,2689,13482,7202,9733,541,7418,10635,12792,7628,3250,3006,12688,18693,7547,5648,7110,10411,14453,17150,12750,12194,16153
676,12118,3100,16736,19909,15949,19668,13409,1098,4445,16731,158,19855,14067,14846,11001,1562,10750,2059,7431,NA,4745,8933,2433,13908,NA,2764,2605,12406,6163,3343,10737,903,7163,8895,19931,9132,4253,6596,16224,5486,15114,12378,12297,19387,14987,10291,8200,86,11612,17890,17247,12980,7812,420,6651,17380,16389
2635,14332,16001,9371,17808,16133,14690,14271,14887,6635,10584,NA,12840,12864,1363,11542,9738,12804,3260,16947,18217,2028,13789,4921,11728,17411,15000,6448,NA,7946,14313,2153,11836,7859,9416,920,1944,19588,9513,7061,9992,13687,18479,575,876,14157,13022,9009,19440,5560,14611,12539,5766
3728,10637,17883,7959,10020,18390,7974,1747,4274,10647,2926,16409,NA,2800,1817,6884,10802,654,19122,18708,5706,11634,18370,17426,17337,1389,14356,8489,5051,7391,2881,9421,17226,4394,16450,213,NA,19042,18739,5913,7664,18254,2349,NA,15537,6407,2736,9907,12935,10289,9435,17675,427,41,14470,5948,16516,18424,3102,12846,2064,2179,NA,1584,17740,5744,16756,13013,19469,5409,7601,5793,18122,18217,11643
11016,7117,9658,13469,12344,14428,6027,13440,4676,17943,7342,9384,9353,7981,3698,10493,9097,19719,19868,19341,8708,6221,NA,16224,15572,7259,18958,9779,NA,19647,4258,12261,4477,4400,NA,5876,8694,14292,7011,5038,16911,16939,18423,NA,5240,15671,5065,1450,15486,17575,4787,16592,14375,80,3260
3573,5796,8776,3752,14935,17858,12020,1178,19304,14868,10323,10561,9216,15256,19113,19470,11609,14848,14765,13958,10173,4676,583,15974,4660,4175,NA,11913,6219,13267,17915,8215,9617,11636,6784,19838,NA,12210,10953,1823,8781,7340,14980,16248,6694,19371,633,15703,16832,5764,6386,576,14300,15889,3010,17385,2859,14652,10015,9008,8268,4205,18829,2437,18260,3228,242,8051,1091
13761,6651,1141,15737,1315,15885,4844,12081,19831,18393,9342,12023,11865,19033,6966,11255,15922,3475,NA,2097,6176,6313,3993,10958,12562,13115,19325,4588,9906,3331,7433,5457,6066,3336,11774,NA,352,19168,812,NA,2159,6115,784,15921,9194,NA,10702,7084,12283,19368,15323,19157,2152,14826,14743,5476
1806,3980,3251,40,4294,4625,4751,19896,8199,959,7305,16277,15747,15035,13971,17062,15305,12040,13080,5501,6672,11291,17256,13351,749,7296,12442,4878,17323,2918,8675,6551,4549,14409,19091,4935,4612,7705,8193,7484,18510,1994,16484,15923,17392,14981,6523,7830,6965,375,2332,16102,NA,13231,4756,8225,7693,5355,14460,18387,12495,449,4250,1318,7672,517,17905,NA,291,18849,1881,18151,5219,3196,12414,5383,8697,5297,5123
4499,8551,730,17464,16351,17162,8657,16161,8105,19360,12649,11958,8370,15165,17867,NA,10080,3698,790,8781,4064,5208,13777,5584,7159,NA,13365,3585,NA,11272,NA,3421,17239,3429,1178,19183,2491,17410,13774
4370,3294,19821,14570,10546,291,18852,6410,19103,9121,4438,2716,NA,15799,NA,1198,11619,5038,4249,18971,10128,16362,8752,2621,NA,12425,2360,NA,9065,531,6928,NA,7395,13031,11198,3824,16514,18238,19372,6585,6634
19126,6381,15750,2557,12444,12516,15052,10735,19353,10275,7207,3877,5700,1057,13454,5928,18143,5918,1071,11169,6528,17391,4049,5680,14283,4886,7958,18133,5401,11704,19864,4474,19679,19801,NA,11964,17903,NA,18404,6289,8793,11846,14755,11290,13916,18692,3283,3143,9840,6997,NA,7588,14664,8255,3252,12356,10439,4455,6560
1157,17627,12423,1704,3097,19243,19673,5965,14894,13081,4772,2222,16893,517,11746,6740,5216,15155,NA,6282,13857,8427,10938,12105,5050,15595,9458,19662,7062,18645,3669,19146,2314,NA,7379,14460,7380,5014,6703,18520,6540
13578,2405,14897,3180,3580,18352,15447,18115,18055,16262,16691,19213,14489,12120,NA,7928,19680,10477,3809,3018,NA,2309,11892,16777,15836,17165,3396,12103,14505,6733,15650,10139,2895,5293,1373
3837,9845,2472,9445,15859,10807,17431,7121,11230,14433,15458,14974,5837,15711,1841,3640,9236,10080,7917,2274,4273,3155,7403,15725,13893,18175,11207,19176,14682,1511,602,16327,9662,14105,4300,4152,10477,18975,9481,11952,15632,16354,1232,5991
16866,17152,19456,18722,12633,264,15058,18653,14251,3982,4381,4391,3159,15771,8271,14476,7034,19199,490,13018,4448,4862,18994,19700,2138,12131,17839,3863,12421,NA,17398,8995,399,15414,13781,1532,7950,895,NA,10580,14941,18797,366,7474,17234,9084,7740,2778,13360,2013,295,9736,2943,2818
13510,14189,3320,16383,12758,10776,11714,5936,1262,10457,10662,18622,4463,13490,15047,377,8630,14760,17371,10344,5887
19872,10723,14400,7110,334,18950,3797,16209,15635,15467,17415,15996,3739,18248,1269,6258,NA,18165,17115,11204,18007,16876,9929,10359,5810,4270,19498,19306,1735,9683,8017,4787,7362,8641,NA,14647,18433,18483,19607,19282,12271,9431,10050,863,9826,1181,9728,12288,8996,2634,9863,9101,NA,17777,NA,3798,3335,NA,9174,NA,18078,18808,1505,6294,3624,14537,6004,18718,9587,7637,5653
426,18482,4006,19570,18318,6608,18722,2672,6700,6448,18857,16079,18786,9346,NA,16656,2127,13778,9569,15197,15560,10430,8908,19438,18665,16344,2980,4327,17930,1886,7649,1942,802,7149,2598,15005,9125,15524,17173,11298,19865,1213,17880,NA,18543,NA,7170,15539,3839,19627,11428,6754,12141,16194,4330,2265,10570,16113,228,12760,14110,6393,19070,1365
6826,18040,10775,4579,17151,17851,3353,968,9796,15317,15749,5134,15918,7128,6655,14043,19388,11429,NA,12832,6110,18514,3573,5653,9983,1955,19468,3936,14192,16066,1639,16317,16561,12710,7076,10341,5324,7940,NA,4973,14622,13489,13490,16981,12111,990,9661,12156,294,18514,NA,11702,NA,2792,11409,13433,18806,7895,12390,1614,10134,17317,575,18833,13805,13923
11531,1256,7877,9541,12814,18296,15255,9838,13004,14240,17349,4054,NA,4130,2635,13316,11355,16710,NA,1523,16761,16371,NA,5327,19930,14565,17951,8097,10884,19444,10273,3789,14511,14052,12388,17858,7126,9560,8133,8870,11070,9608,12764,7278,9169,4504,14464,9671,14897,19097,4144,14377,NA,10721,12428,813,5448,5139,18911,13380,3057,7307,19233,16034,13966,8327,7483,16897,19275,11655,7084,7696
6911,8190,9055,14006,6031,19752,6788,19432,18734,8087,16917,3601,NA,19748,7380,13655,11051,13081,15166,13068
16637,14005,7243,8726,5804,2262,9412,10841,8235,221,11406,18431,15637,6993,10649,19231,11930,15480,19147,19829,8753,119,5584,7686,16722,14219,3465,10335,NA,9976,9326,NA,4678,8586,1447,1106,15069,8195,4833,1246,6762,7358,6240,11063,8481,NA,18633,NA,16636,3198,11888,8364,282,19115
9151,4483,16542,12070,13744,4117,3475,3216,5018,17944,9577,13575,19337,7207,NA,12269,15301,18202,NA,5659,7420,9147,10598,6665,16958,17267,9059,17299,7341,19206,14793,8194,6559,11354,1289,10541,12005,597,12033,1115,NA,15503,13953,6565,19652,11154,NA,12842,7872,12141,17790,13619,19543,7693,15232,3209,4929,7387,NA,5941,NA,4952,14770,33,3944,276,4832
13941,8659,16606,2685,5222,9180,6114,14857,8118,363,5650,11546,2849,NA,6763,6534,8658,9403,16204,5260,4159,341,2657,11706,15592,6505,4396,1018,13462,1658,11695,9650,8073,4098,5420,NA,5369,11606,7617,16525,931,15722,5314,8877,14025,5018,11810,19119,18560,10141,6189,5118,7145,NA,15311,12717,6262,7776,13879,5037,2560
3495,18757,768,13602,4086,15875,5884,2990,13459,11310,17543,8129,16620,NA,3523,1228,2453,6086,9539,1536,5806,13653,11330,10302,10148,9865,7042,NA,5476,18614,7696,7793,3481,19523,17956,15188,12270,9953,15285,4933,NA,18345,8209,19405,8035,15946,9516,4054,15627,15563,19031,1828,853,16076,2637,7436,18968
13779,19468,7197,17004,8166,14267,11184,18676,436,10233,4567,1888,NA,2349,16109,9842,8564,968,12712,7065,6527,8042,17000,9226,NA,15133,12737,16635,4036,19066,8420,11650,17509,1317,14928,5749,14686,10646,9120,13354,10958,18520,13717,17891,NA,3944,11636,9754,1894,3472,19754,7170,705,19724,16156,19849,10274,10214,NA,18482,12402,5302,13467,2350,12026,9627,2625,4821,15448,8651,17223,15439
9481,6433,8985,8470,17466,12018,15338,18781,11405,13902,16781,17191,10402,5399,NA,19519,1308,781,1371,14199,4993,11733,18249,3311,8381,2427,14068,474,NA,6388,5480,NA,19905,18446,NA,18108,9034,2665,19778,15734
3231,10043,15900,11904,4928,2146,19972,11909,1702,13494,4435,16763,9179,3167,734,2942,3150,16565,17398,9605,385,5800,10562,9114,882,14976,NA,12650,6256,4606,1636,2755
16375,11372,7695,713,7475,2256,4888,10660,3327,5937,1179,11256,10812,8216,11772,12239,18460,NA,15157,11569,10390,4217,18644,2292,9402
5230,17164,8639,928,9973,2572,6379,11123,17646,15084,12743,10001,3570,6000,9058,18750,8326,18617,18680,18760,17863,11652,9183,7387,3959,5808,18444,14640,9788,2414,7106,353,3480,7862,982,2999,7323,9816,3888,19995,13266,18390,NA,17372,756,1568,6563,14231,NA,11178,18375,10659,767,2996,15730,5476,5701,16140
16432,14950,9146,14489,2470,7294,2568,17248,12653,14253,13770,17070,11997,6103,11326,11402,NA,7936,18735,3316,2891,10282,13988,1404,18126,7318,11753,NA,5712,1686,16917,525,4460,11848,16024,NA,8040,3020,11606,12429,11124,13884,NA,15198,280,9987,3957,18485,15643,7342,14367,5029,NA,10066,19113,4718,571,15240,18709
8989,15326,7848,16932,3574,13273,18140,5409,17588,1101,18352,12764,NA,10580,18482,15741,474,13881,8083,12391,15551,14683,17934,4198,11376
37,19791,18630,4847,14909,15485,3192,11500,9528,4651,14187,6587,2865,10218,1743,1721,NA,4299,7559,691,9146,3774,10398,10333,10905,3756,8092,5106,15330,557,18430,7794,9544,NA,19267,4147,17791,7981,12876
3126,15903,16804,12274,1489,2193,7842,209,14578,16449,16932,NA,10575,4091,6648,18073,136,NA,18177,17951,8878,3662,2974,NA,17448,9858,1696,11033,10501,13637,5420,3341,10301,8321,NA,17936,NA,19814,16929,12945,18607,17768,14794,15077,6582,5663,13693,10025,8703,11846,15787,8342,7509,14207,12744,3399,12631,17712,NA,3287,4030,6543,16481,14211,4074,7514,2493,5302,2808,14075,4072,2190
2049,4951,12963,8847,5938,16229,11368,9607,12188,683,18082,11105,17318,10925,4751,278,9224,16706,6760,2599,7949,7156,NA,6765,7404,10997,6607,15957,13965,5951,12075,5366,18006,3102,10696
14985,1416,1950,14523,11716,12588,2640,12991,5068,18534,15148,NA,2162,14337,7630,8402,NA,5578,788,2623,2600,NA,1928,5619,8943,12353,7691,1448,776,12429,NA,1948,3740,16733,4410,NA,15353,4186,7195,15975,18855,9595,8521,17725,2257,4214,NA,8728,NA,12126,NA,16833,8199,1390,15527,156,16577,3494,14616,NA,8974,15805,14230,5099,NA,2194,2857,9734,5497,6378,6775,13934,6476,19947,19244,15846,13023,12941
18638,6268,542,19981,14301,12091,18143,3280,19705,13566,9507,16483,6500,2363,18230,13306,15684,13863,12183,6266,7380,7348,3096,10952,10883,13549,16828,13538,NA,15800,15910,4069,14676,6908,11503,6116,NA,6813,NA,13517,13002,10286,9437,726,6691
14760,2772,14217,11429,9817,15189,10185,8766,18098,2359,3933,11169,16466,4449,2956,939,7072,17939,18315,5177,15777,6599,8067,7439,14673
19775,4313,18727,18759,16714,3285,441,1462,13000,15173,19870,5757,1544,10216,12387,19359,1859,12766,1144,5148,9137,10073,18030,7405,11310,14691,NA,6559,6455,5331,11780,6626,11361,2625,13486,7111
10242,19080,9253,19241,165,2838,1711,12294,10123,5172,10475,8037,13305,7344,13956,16890,8159,5901,16421,6225,15159,NA,5907,17112,17152,7026,1311,6285,4122,10289,18207,19845,19661,14362,3583,785,18108,10663,820,3255,NA,162,8885,7384,4899,5283,NA,1844,12759,13746,16699,NA,6308,1392,9721,5779,4919,6165,5315,1671,17330
1966,3548,8573,10946,4833,9048,3979,8354,8810,11843,3954,6767,3625,12353,18243,12755,NA,18141,7382,948,7213,11007,972,19036,18664,9359,11264,10328,NA,12336,9219,11501,18340,3684,18843,2894
13245,5414,347,9789,10300,11778,6102,19676,6005,5779,12652,12819,16550,15679,6429,2205,5759,4298,19158,16434,736,16181,NA,9048,3881,9312,4121,6275,2985,17393,17619,3569,703,10767,NA,3770,1605,802,12465,NA,15237,8060,11224,3428,13562,8421,2373,10854,12431,2227,15229,1288,4198,9945,1155,2901,11263,8074,11249,8258,17265,4876,15484,9268,1194,17105,NA,8555,4925,17476,18214,19381,14130,6604,2935,467,2090
5511,9330,18696,15936,13177,16958,11459,6628,8666,2541,14514,12941,13688,5900,7044,9424,2060,9875,10463,2580,18794,3442,17539,13065,1386,3815,18719,2942,8045,14002,6672,14580,5087,8881,18840,NA,12011,NA,3474,16770,NA,8328,12178,15132,17208,8538
14781,11753,830,17357,16790,2250,5865,17138,12504,18985,17485,15443,18142,17906,5212,18260,13156,6726,13668,5672,9877,8382,17208,9842,14297,6239,9717,11150,NA,18534,18850,12772,16283,9820,3806,2824,13358,16002,6971,8185,6637,10183,19596,11870,10373,NA,1955,4282,6261,2919,5008,2766,NA,18899,14815,11620,19761,2494,7087,334,10633
9406,13525,7406,18810,8157,16323,4674,13493,8871,18196,18124,7734,16247,16690,16336,9517,NA,10084,15675,19339,6346,13088,NA,4648,19840,11334,18217,4699,1975,NA,1734,8157,7238,17628,1514,4866,12949,8311,13014,NA,13529,6834,1789,985,17863,8062,4907,5990,13607,18913,11661,2202,9048,12499,5776,864,93,6548,18651
1635,1310,12950,17318,17235,3444,18029,15566,8769,19032,13452,18365,11514,8519,3849,12386,7252,10777,2535,NA,6740,14959,4051,10057,NA,8846,2841,7806,13988,18416,9354,11213,15201,17043,3719,1335,17157,1561,12503,4224,12393,5905,6112,16084,13566,12733,17078,NA,6419,13778,14582,8600,5346
1172,15765,7692,8542,15806,15918,1175,15450,12417,6122,14932,15082,16690,1188,16241,13935,NA,16344,13073,16530,10144,1390,198,19966,611,8807,NA,8763,15787,16988,15685,10171,8311,14955,8500,4561,NA,3390,12779,1685,14329,9074,10393,18691,NA,3915,1608,18599,13252,4876,107,8873,3536,1552
19649,18499,2681,16969,12643,3606,7410,1326,15772,14717,7384,14863,5798,10799,9420,7769,15883,5300,5462,9472,12092,1757,11120,10358,6238,123,19885,2093,10953,10899,14720,7952,196,4693,19013,NA,2372,16115,16875,10023,9160
13463,19602,2736,2935,12949,15970,1502,281,10518,12010,10385,19623,12094,8115,NA,2274,NA,11974,3391,5895,15687,10872,9440,12597,2665,1484,16999,15808,14866,12408
16497,9377,15210,2095,6145,2069,19582,3827,9253,7084,17755,8269,6125,3967,606,14588,9400,14920,2142,13279,9543,10567,9087,1547,NA,6407,4551,17248,16203,NA,5767,2498,8356,16213,9618,8983,7930,4035,9575,5200,15159,13103,5696,7452,NA,17660,19487,15187,13476,19874,8372,12280,12901,17257,15520,15736,5001,NA,5134,16997,3900,19199,13285,17159,13413,18478,18086,6770,11401,14455,863
10303,17742,12992,10981,2874,5289,11775,13651,4672,6168,15674,10498,955,3952,13992,10290,15518,8520,6539,10137,17119,5371,7970,6133,3262,15285,7251,4559,10308,5777,18016,2100,11247,1674,5578,10945,2619,11940,8181,18384,10918,7929,10084,11050,12372,4430,19291,6214,-1,4281,4805,7830,NA,5183,9749,18237,19797,17164,2149
13045,9807,15961,16751,4305,16781,2998,9069,9350,235,11759,10767,NA,16721,9264,8220,12032,17525,5477,NA,15721,4918,NA,288,NA,8290,4632,4849,288,5288,19783,6744,9656,19096,8139,NA,15872,17680,16645,3471,15805,17438,15086,7411,10753,17380,9241,18167,NA,13334,1438,7836,3735,12726,17713,14924,937,7096,2220,5667,12715,3346
18204,18055,17953,5662,7434,7643,7325,13460,15749,19229,9602,9896,1328,12891,18017,17141,NA,8711,14341,3889,19123,9519,14625
11109,12038,1700,4986,14929,8025,5997,3307,829,4276,16826,1614,19135,16688,7155,2221,13643,NA,2847,14276,13052,7798,19015,18885,16085,10168,5338,7481,14288,14216,2998,4110,NA,9992,7051,2733,7083,NA,8601,4170,10406,2404,14652,2780,17157,12966,10479
2506,520,16850,1372,13519,4698,16775,18567,6372,9237,16483,8085,985,5347,221,12334,15498,15203,NA,13012,19841,16691,6419,4976,18794,19995,5694,5584,5993,16553,17065,5947,9156,NA,14027,3225,3354,12325,12977,881,16747,4703,2549,17878,10974
8665,10320,7005,1363,11457,3262,17172,13736,2599,8899,12352,8165,NA,12678,236,1393,NA,8956,2528,NA,10654,16866,10999,17714,14940,2105,5922,11205,17712,17092,9952,19684,1693,1670,12376,3620,16871,5976,11285,7289,17115,5754
9114,12205,18900,3286,11253,8909,15610,12018,18605,19187,7166,4355,17021,1056,1575,2518,2989,1037,6613,1016,18116,15775,8123,3153,17939,10932,19624,8658,6775,NA,17948,19769,11160,13911,13355,NA,16207,NA,12784,8341,18533,2743,4200,11721,19064,6853,16548,9656,15063,7582,5785,17851,5709,9612,7457,8087,2852
14831,4161,2293,7340,2418,7193,608,6208,12680,14130,6255,10899,5982,5962,9944,NA,10971,5282,NA,2221,NA,16377,8860,14119,13682,18843,10487,NA,4571,16288,7026,13894,4022,12513,15897,5919,NA,6583,16804,NA,16965,2252,15724,NA,4245,16158,18580,1013,1789,833,12158,15858,NA,17137,847,6023,NA,10063,1220,185,17309,19658,6378,3235,6920,1646,14903,15871,4249,18288,5592,3058
13582,12210,10410,1740,19164,3683,1355,8094,13329,5298,13301,176,9057,18970,16432,NA,10772,16517,34,8032,15537,12470,2020,11218,11468,9508,16612,12812,NA,18078,12587,17220,16168,14745,17659,9588,15333,1624,15860,18261,12178,5603,13254,4547,15074,8806,NA,5416,NA,17158,19886,11955,6601,12588,611,17225,3737,8065,417,596,14031,NA,6434,307,18320,7482,11735,15792
6872,10175,2402,15246,12992,11007,2051,11629,6439,3276,8909,4699,17439,129,10962,8283,4716,1197,11362,743,1630,NA,18419,15351,3721,15800,13131,280,19330,NA,10296,8287,14017,12453,13613,8947,8045,5288,16254,9404,18414,5529,1951,14473,6134,17179,9684,14555,14025,19046,4857,18417
