15173,16238,6811,18132,10237,17986,11153,6757,12900,17369,18706,4283,18814,18304,7024,10673,5642,NA,10408,4021,19786,16630,2713,16741,NA,7525,13363,15739,1111,6249,329,10017,15432,NA,15096,14914,7848,17242,19803
10832,5115,14883,16962,4342,17274,6346,16,17447,18090,12297,12289,16142,19831,9456,NA,19572,NA,9829,16630,6391,18312,1456,14048,10870,1870,18035,9821,15520,17721,2936,11168,14797,11455,NA,8101,NA,10288,987,367,NA,15296,16497,6906,9084,NA,4141,942,13311,6326,17745,1656,19330,1110,11192,NA,7900,18655,1358,34,10205,4299,7961,16565,3580,17372,14865,10799
19127,17729,1379,6500,14612,15028,17053,14995,2028,9837,8528,14254,585,NA,17523,NA,12157,15427,15105,4515,19095,NA,7527,7560,12571,15019,8335,9646,3982,13555,2469,7081,14417,11118,6605,7733,5855,18537,11721,17265,12416,15947,17347,6461,19428,14885,10693,8810,5517,1275,5550,7359,NA,10819,6848,3550,7789,19078,6345,9902,12184,14689
13181,12602,18371,4115,6338,18436,143,11526,5637,7055,3404,5864,5473,8937,561,1703,16612,16728,7945,19482,11526,8116,13313,1723,19254,3401,NA,13286,12104,19761,12543,7979,14918,4267,11228,3908,12740,7616,5478,11498,4095,17781,13354,15131,3884,12825,6309,6073,15767,16691,3152,1129,863,19545,12314,5662,18589,317
11841,14944,7712,2624,2637,7435,10759,7746,11826,1166,18124,11739,660,6933,1208,3013,17658,312,17353,7816,1944,2448,13659,17388,15692,251,19661,564,15419,2309,19615,12230,5786,14963,3212,15540,16442,18810,13735,19455,7558,NA,192,19913,11364,NA,4668,931,10866,3292,NA,12335,8587,18896,NA,14410,NA,18431,NA,16151,7826,14017,14508,9346,1212,19790,18764,10201,4145,16811,NA,17952,3373,15532,2304,18291
12017,19072,1481,10146,5679,3309,9778,9820,2682,1239,10526,NA,12720,NA,382,4443,2751,15980,18245,16383,13472,NA,18955,9673,7348,292,4547,10791,14197,19649,3332,11205,19133,19108,NA,6627,5733,NA,18329,19274,4871,5207,NA,12411,17786,18789,7489,6727,17789,18817,10826,11933,1079,14225,1211,1647,6780,10597
18659,15170,16797,16691,14628,2192,3324,5864,17223,7413,19231,17616,11836,19411,NA,7212,9784,10890,12524,11908,18219,1508,13448,2630,14702,19456,7732,19897,NA,3328,16263,1035,NA,2688,12929,17183,4965,12823,2814,14911
1297,18400,12298,5016,7328,18585,13832,19289,18463,2399,15907,15562,6436,19104,1122,7851,1263,4677,3631,19416,4935,8491,8116,13487,NA,19242,NA,7719,5268,9812,2993,4285,7089
4617,6440,12215,2298,6682,7232,4449,2471,16394,15869,19674,17262,17390,15030,6518,5856,14193,12300,5909,3357
10816,9101,17130,16704,11637,7212,10471,11381,3494,11029,14856,2570,6060,7808,17968,NA,11909,15328,15508,3761,19179
14630,4862,11886,2274,17492,2934,2793,2090,7726,14712,18553,12248,6831,16753,4861,14593,1628,3708,4799,NA,14772,NA,15900,10729,9080,10682,11636,7598,15466,13627,1403,8689,4853,727,4523,17092,17018,7717,6540,15791,3616,983,16935,8173,15360,17856,5017,10051,10885
18343,16162,16893,19066,13225,15808,1564,19291,2400,15095,6210,1420,752,8107,17805,10588,3330,14496,12969,17922,14175,17500,9192,9873,4562,16942,NA,2662,16014,10118,14177,17508,1724
351,19644,13654,2457,11954,3219,11062,16212,18076,3902,13402,973,5438,NA,4292,4378,NA,3271,1171,NA,11199,661,8388,6621,13582,19818,18493,12570,16960,7265,15246,18184,16081,683,16871,NA,3447,15975,18506,10781,14043,1811
1046,1674,6451,19771,4776,8049,10075,10881,6665,2837,10895,7836,2973,9876,10812,15680,2384,3669,4433,8027,14872,1352,6821,9267,6008,1701,11520,508,14285,NA,9112,NA,1647,5047,1077,7838,17018,18339
3639,15985,10189,18663,17462,65,1947,11460,1210,19443,5841,651,9231,18371,9037,2454,NA,4973,NA,11127,12621,5261,18919,2592,8934,8025,15053,8211,9812,19243,19582,7324,19769,7055,2021,9442,3238,19136
8018,1395,4832,14374,8669,11362,6865,1846,19095,15202,763,17871,9217,1407,NA,16161,15805,10753,11088,8433,6616,13505,12609,1625,NA,19991,6670,6306,5662,17464,14201,18533,10249,15473,9111,8677,8634,7252,19267,NA,8190,12825,13025,17505,NA,17935,4528,9202,7799,16540,18323,12664,15145,1242,NA,9528,1816,3528,12467,12895,15019,9535,15774,6202,5544,10923,19169,NA,18817,7604,18806,857,11438,8,7302,11451,1689,16089,16118
19044,16372,7828,7555,19224,2761,686,2764,8228,2118,6705,988,18904,1814,15884,18615,1915,NA,19696,14331,11101,15724,11147,17908,18713,4536,8294
16506,3269,19715,7646,4753,7090,16479,3302,8127,865,13870,13586,3623,2200,10611,17085,9868,10254,4902,696,8605,3904,971,18100,13480,12613,7505,16227,7864,10551,2035,8437,3630,3142,9510,2749,766,5601,NA,12609,18125,NA,17517,19189,12100,16748,540,18453,12225,8287,1114,16101,16589,NA,4233,17033,17067,1377,9052,19860,13393,281,17715,12534,6382,11895,6390,16451,2522,13278,2382,6255,6636,11112,11507,437,96,19866
12999,712,13083,10417,8038,1658,17151,5657,2441,19793,6946,16693,NA,12952,11110,10453,9013,11122,5154,4145,14940,7983,7466,19867,5320,19608,10381,8450,15712,2793,14694,13190,19285,18745,13931,15177,2192,12682,NA,11883,12537,646,19745,4137,4981,19063,4069,12964,19014,10767,14099,9036,15698,5300,14298,19635,8519,9965,18528,2411,13532,15194,10872,NA,13792,NA,12455,14930,5939,7056,24,19570,612,2329,9052,11118
4928,15478,810,15514,18195,11204,14774,7168,6810,9242,4107,8502,912,19798,11083,634,9328,2715,15426,NA,10382,17603,11531,5892,5271,10928,8730,3357,2833,NA,95,1391,3493,NA,19861,12693,18064,11292,7074,3604,2293,15683,2248,3079,NA,7265,11487,4629,7345,15846,7523,10726,1665,14332,5208,14599,13242,13824,5109,11303,13925,19329,6352,14597,18427
1687,18963,13153,4391,18354,1500,2509,104,15721,8975,15657,17409,11022,19923,14132,16531,5420,NA,7305,19687,19499,NA,2429,NA,19252,3331,16262,6800,NA,18107,17498,8857,201,1151,13225,14357,17115,12473,7966,12723,13348,NA,17028,NA,8855,7749,10509,4977,1161,13294,17137,NA,7141,9734,2908,10222,NA,17280,9037,13460,19116,16053,466,19230,1110,19053,15629,19789,14822,10178,10633
17104,7554,7397,726,19359,6886,18567,19410,5672,487,8787,2809,16676,19035,16618,6742,15769,NA,11538,6128,3902,6196,18282,NA,11839,9845,7819,6190,13211,19446,8110,10600,19786,NA,16620,NA,14023,1930,11927,8769,134,6913,2180,7411,12357,7375,7509,19881,13682,5437,11679,15137,18025
398,9536,6705,2784,13113,11241,17075,19103,11000,11308,578,3901,18825,15207,2739,296,12219,NA,18848,13244,NA,18035,17692,2486,7596,6621,10794,19220,11807,13076,19868,17424,10610,6221,NA,12376,2217,14201,8713,9270,10068,6367,6095,NA,1269,10301,5389,9358,15035,8191,8277,10463,8613,NA,18752,2261,8503,10522,9734,8323,10882,5991,16091,7768,7826,14252,6034,9204,5920
7240,3245,11191,3128,800,11543,11543,2587,13238,1028,6080,2820,5229,15033,6779,18474,14606,10238,10111,2792,11915,19565,4314,13661,15163,8715,4510,2456,8676,16792,11723,NA,4409,NA,8767,14642,10544,3946,7105,17267,3315
802,5829,18715,15588,16846,10636,18717,9289,17477,9244,6893,9532,1015,10551,3252,13517,13389,10265,9011,16363,7410,17866,11169,6150,3739,16448,9382,11390,350,7962
6760,15048,11629,10244,7492,2319,8767,18815,17454,19122,4332,11471,4973,7914,13176,11549,16841,2419,10322,3422,1457,18246,4767,15138,13911,5582,5541,10609,17859,10700,2430,9901,18466,19899,1766,15869,4815,15572,NA,12681,10247,593,4023,9972,19938,16908,14353,NA,17140,3310,18453,6761,9414,13048,14185
5159,9332,19915,17917,3681,17446,15710,18519,15445,15956,18439,4318,18208,14550,3132,14922,19623,14380,3068,19844,5260
7233,5771,14434,2990,12945,4963,11260,14732,5604,18094,5659,12235,17788,13934,16366,14198,NA,1780,9175,4875,16763,9894,10019,9686,451,5205,14873,NA,19329,NA,8809,18940,14575,3883,1860,7469,NA,774,2168,16264,12738,13090,NA,15280,499,6575,12002,18707,8602,17918,17259,3815,9525,18342,9603
5343,2340,10595,7919,16270,17903,18046,13525,10439,382,14459,11161,19962,19700,17734,6136,6414,17768,12178,12123,13594,13581,13483,19745,9794,10004,707,18256,13258,3810,NA,8656,4463,7531,1255,2821,8341,NA,5949,9908,18492,1256,12388,12412,9233,11914,6491,13287,3095,18823
7359,13180,7687,5832,11872,10801,6842,1957,17194,11370,17083,8554,5527,6825,13114,17709,3688,14793,14503,8765,18354,8391,11818,2941,19568,18118,16696,8424,14293,13684,1007,1435,19013,351,6891,7604,6172,14388,17013,19514,18912,13648,17244,NA,9816,18,13569,6365,18348,14845,6701,7464
9169,18884,13375,13086,9702,15189,19351,2376,17069,7280,4818,13221,949,13085,19166,8723,8275,NA,2680,18842,8985,1106,10485,18494,5983,11972,10314,15416,6234,3433,2328,6924,17912,19344,17707,9651,11532,11748,11165,14411,6833,17940,18766,10195,1668,19627,16654,12155,781,11697,1992,322,12519,12480,17845,14974,16790,793,9731,14952,871,87,19293,6298
17708,2845,9175,9262,7977,3685,8736,4601,1900,3962,19113,19714,12918,18547,13656,5275,14752,7292,10297,13786,7672,17204,7504,9647,11084,15794,14732,10406,11530,3508,10756,6588,7251,16834,2774,NA,15844,18037,10138,NA,5079,13695,NA,2628,2021,15561,11124,15738,171,18995,3465,17056,7513,14078,5386,11960,NA,17803,17908,NA,2636,15188,4792,NA,15021,11184,16215,7021,9154,2492,476,3109,10134,9965,11871,846,15665
11968,12246,13435,10781,129,19370,4748,12080,14141,12121,3509,NA,14147,13689,3503,4478,16517,6157,6502,100,6586,17979,19161,14846,NA,4326,714,9931,16494,NA,5122,NA,4385,5678,10687,13967,6265,2794,14775,14263
19725,11455,2958,19925,10867,9594,16133,7639,9436,19464,11743,2086,NA,13813,19499,12190,4967,9206,10775,6612,3474,17863,1910,9246,13932,826,3085,14300,13015,14469,NA,12559,4208,13022,12940,NA,16416,6765,8561,8639,13304,14949,11667,7354,6269,14195,11614,NA,8008,1986,13672,8034,6079,NA,4251,16025,5606,13434,17797,5652,4516,2492,12976,16189,13483,4013,15552,3882,5058,12805,7009,11634,2692,17387,9585,14503,947
18141,984,7105,19157,18487,3876,1095,2029,17004,4712,6555,4514,6297,3050,15673,14096,4574,18451,969,2982,9082,9237,2493,8240,5518,11235,1163,18047,9482,NA,2874,14312,828,18464,2491,9548,4381,19921,15823,7010
4293,2461,11138,3099,16791,2182,19789,5902,12843,4320,7980,4576,13106,18895,7357,NA,3278,19852,4625,6174,5142,17955,793,17335,17071,1542,5336,12997,10576,5482,10605,12253,6417,NA,7934,1268,445,13687,15646,NA,13991,1201,3982,615,1554,14178,19375,17441,15377,268,12416,9979,14869,NA,251,9797,8664,18464,1793,5808,12692,3589,3926,3314,6146,5237,10394,15434,NA,10258,14936,17055,11968,3459
3730,16862,6466,18993,5141,18632,2818,5776,19340,14339,3350,NA,15208,3505,10116,17060,13903,15484,9572,1644,4025,18994,600,18847,15105,2954,NA,8205,14164,12983,8064,17692,17702,2951,NA,3187,19705,3986,771,8805,17191,18737,12788,15771,NA,9114,19976,5762,6339,19600,6445,6295,8458,19112,17291,9152,11058,18446,NA,14779,4990,15132,18379,13936,12889,7273,10628,18533,12056,14587,8512,11200,14580,14737,11638,8972
15595,5695,682,13743,16993,10206,14998,790,4217,11200,1017,6300,16977,296,3477,16351,1650,16469,14687,19909,13057,19506,7793,11186,17919,14590,8934,19904,6808,12671,3938,8998,17783,5399,17614,13745,NA,10518,17461,NA,19261,12050,12683,8494,3420,13629,17249
5008,8567,18386,10188,3390,16594,6687,19056,750,17917,19448,2999,14456,NA,12950,5417,1038,18244,5574,13876,5357,NA,17301,19175,5592,13767,190,17584,9807,6314,9653,1559,2553,16339,18616,14851,4144,NA,3925,8521,16376,3560,717,8890,7694,14272,17345,3242,10945,7043,13189
7529,13248,1828,6543,16762,8932,15534,13450,1592,5277,4641,6481,17188,19653,6517,13027,18843,15772,9619,18339,12148,11315,11204,2357,4052,2090,4827,10246,2323,5271,16587,NA,12490,12843,18764,227,15011,3518,542,13228
8418,6609,14355,2402,16260,10734,19479,15533,1544,15668,16061,16047,3707,6700,6592,5492,4077,80,NA,16696,3216,18992,10842,7225,16743,6215,1877,11150,8649,4669,NA,8509,13738,7762,9210,11733,NA,18361,10997,524,12518,10760,13261,9197,15649,14460
14195,10840,18384,7565,648,3709,17759,16612,4640,5014,8946,5394,4251,NA,4343,14369,9521,3192,13718,18106,9936,2358,17315,3040,NA,7633,3333,12894,NA,16016,NA,19561,12407,11708,19434,NA,6230,NA,8867,12404,18694,5960,946,872,600,12285,2331,10231,2351,16304,15430,18747,18777,16477
10538,5881,18237,7275,18987,13129,1132,3580,214,1485,2475,8274,19044,14239,13367,13056,17429,9842,9818,16815,14068,NA,11428,13269,13752,10727,19979,5588,13832,11861,5161,3521,8145,12047,1527,14991,9973,15497,14699,3083,2286,7425,6650,13472,15234,4159,7310,16366,9600,11652,5749,3171,7551,13079
19005,10364,3724,12656,8743,2547,19434,3820,5983,8449,17536,3901,7034,15462,11606,9445,2808,1821,NA,15349,3022,2414,NA,10320,18687,NA,16595,16834,6453,17629,4523,11705,19146,12682
12769,10055,626,4233,10479,-1,14065,12511,17584,13054,10450,10882,17386,6685,7658,862,10648,16872,1812,10126,12294,8304,2720,11311,8426,12248,6275,6285,636,15414,12673,4019,16822,19966,17293,17449,1319,16029,1973,4672,16766,7180,9072,14577,9949,1605,12061,2806,17694,19467,7702,2355,4975,NA,5543,19240,734,11274,1892,15251,7182,10356
13634,4656,8248,5826,4667,2630,12750,11668,3618,2676,5446,18632,11297,6275,4503,13138,9802,5094,11859,11931,4603,9879,NA,11278,19720,7025,NA,16455,19126,9523,12121,15514,15630,19695
1990,11602,11879,11777,11064,17287,16682,19550,4543,17603,14138,NA,16362,1918,182,9970,4868,17806,15362,1536,13942,6363,14143,8204,10466,7250,15443,9300,19641,2748,665,12547,8791,15898,3644,NA,3376,14477,13130,672,11024,18099,9290,6542,11264,13543,5927,14719,3808,7121,9078,6208,NA,17551,NA,3992,15131,19326,13453,6995,11123,2564,15978
11007,7236,7018,13909,4283,2685,15181,6718,16958,10423,3558,13071,9777,12226,1889,19299,16245,9770,13355,11775,8315,18457,7744,887,13628,2290,11314,16386,NA,16313,19546,10866,10196,10246,13572,18379,5011,2998,10768,16303,14815,NA,10839,NA,3394,7397,13511,871,NA,3444,18183,NA,359,17068,5889,8183,851,13702,18083,6074,15569,7686,12634,633
7438,8070,14224,3758,3444,15347,1061,15428,9253,1246,7858,14713,NA,807,NA,12611,2569,5550,2561,NA,12650,5073,8495,17417,NA,6817,19083,NA,9849,12203,8877,4896,3807,16085,16741,16237,18972,6367,19507,2931,7839,12302,19019,NA,646,3083,15776,3771,13236,5474,19474,17708,3723,17911,15541,NA,9526,2475,3730,14400,18112,12554,16125,16037,13966,14561,5413,1310,17520,NA,18830,15615,4672,689,8354
2789,19803,4494,4232,4513,3328,7245,6275,3350,16093,8616,18828,NA,4965,3574,16250,11849,19257,NA,13907,16806,5645,14929,7139,17287,10430,866,19235,13980,1058,7625
14597,1882,1387,6756,19735,11240,16499,14449,12657,12109,15482,17777,NA,19394,6879,6112,631,2867,NA,9196,922,11724,11599,757,6098,6499,1057,13014,7143,1780,15041,16361,2533,8866,16631,NA,2636,6076,1479,6647,18594,13300,NA,13034,1130,9816,14719,18359,17910,17446,15787,9978,15653,NA,5301,18234,10728,8687,9761,16385,4889
11954,16158,19964,986,1199,12670,11903,8033,19457,6193,10480,14647,7453,14876,7121,17958,13220,9638,10624,7660,8631,18872,6842,19877,6164,1293,41,4073,16680,10784,5829,12034,14066,2420,6755,NA,5469,19433,2228,13862,9444,10906,12335,7772,14783,3754,4290,17652,4551,16188,11489,16100,19158,11815,5002,18856,10861,18557,4934,9661,15131,6294,7046,7512,14058,11465,1200,19711
3470,7530,14550,3056,12908,12497,18620,14688,2102,3129,11623,9070,NA,12886,NA,17295,3267,1583,5605,NA,2542,2735,8424,NA,18820,3844,7062,NA,16888,NA,413,8867,NA,4183,9690,18786,963,8357,8031,19178,16143,NA,1038,8585,17962,NA,4611,13319,NA,3691,12428,18838,9697,5374,16124,567,3190,3958,19170,4571,6844,18145,79,16050,205,18085
6514,19404,10001,6936,13534,11747,2445,5933,2479,10125,11124,12504,1220,1325,1204,6270,NA,11867,1427,17714,2932,17211
15369,13893,10906,6919,16127,16294,19692,16570,11506,12032,8283,6196,18757,4833,4594,1388,13743,4483,16120,8318,4618,1634,3867,15687,5190,14887,11343,13949,6095,4038,276,10884,12698,16371,NA,7386,2170,NA,4266,12794,3127,16523,15304,17096,2878,16609,14318,NA,8861,696,9261,5942,18065,17379,6668,7960,NA,3487,12557,NA,4786,6783,NA,18038,4311,134,11349,NA,1740,6187,4710,11561,5359,15868
8889,539,19031,12605,13788,5302,644,873,16491,17401,1122,NA,1119,14286,9602,18997,9072,13256,5901,16333,5393,7711,8963,12662,16541,10914,9586,105,2870,14527,2246,4941,NA,1648,2777,5546,2620,6233,1414,1227,18796,3667,19023,4038,NA,7956,5837,13789,11734,406,12149,17731,9697
13755,8231,2140,1487,12940,1254,9245,9481,7240,18177,1554,15146,8907,19891,17710,1570,7663,9217,19162,13394,NA,13561,3795,256,17684,16983,6330,11500,NA,12220,4510,5070,1520,6825
18104,18783,13704,19101,695,8167,9267,6474,93,10600,209,3255,2174,8279,17064,3965,2473,11539,18690,559,822,NA,2244,8859,15557,12253,17787,NA,16112,4130,5524,8493,3170,10471,NA,15798,10155,19631,13553,NA,18413,16214,15285,18913,5034,4712
3877,17346,17954,19646,3044,3524,18744,6343,11620,2614,6754,11104,6122,9077,4867,18170,500,13736,12250,NA,9297,2033,16526,12685,9211,19399,6071,8374,10542,14775,10517,821,6448,12151,6163,10416
12664,11504,14921,4330,10509,8594,16496,15370,14056,14085,10143,9317,11492,NA,12460,11249,273,3110,8739,NA,13013,3112,19747,NA,2044,4514,18525,6185,17175,NA,6646,18894,17912,14844,5515,13929,12805,17189,6323,13855,4542,1963,4837,5339,15388,18285,8332,15078,11375
16787,7327,9363,2951,1887,8853,16692,19412,5654,6220,12273,631,NA,12545,14831,11860,9839,19312,16069,3939,5236,19461,5721,7183,223,8992,16837,5509,14563,14651,10257,18157,6705,2507,14996,2312,4187,7432,17197,122
19410,2169,7334,7522,3838,841,15468,7430,17021,14091,14073,14861,11430,10935,9033,10263,NA,16461,5230,15423,18445,13868,10416,14719,14876,5796,7922,9537,15840,474,NA,1444,10438,6677,2730,303,14659,5278,386,8774,7543,7508,19104,3009,NA,6827,4386,16617,5504,7478,19275,2880,18028,13787,2170,6638,6070,18081,15211,16833
9488,18645,13161,1508,15586,12129,10293,6897,756,6305,12785,13702,16434,10204,2048,15354,624,17171,16400,14326,13351,1611,13515,1596,2245,1246,1985,17458,NA,5084,16603,NA,15875,14817,5944,18286,15521,9409,684,19210,3320,16448,13047,15252,6272,16822,10851,198,10581,19162,13486,7287,11947,11493,1931,2127,10024,6905,9223,15304,18893,15665
5859,4427,8558,11283,9753,14212,19256,15999,6969,9458,13435,9144,11628,5581,17546,19321,16282,16264,4371,13077,15655,13099,14072,18304,12715,2879,16880,385,18465,11542
2981,613,16642,1527,1511,4307,804,808,7010,4004,9071,11994,7464,13265,18368,18776,9402,8028,7111,6623,2115,1470,NA,7214,15242,18905,2902,8667,9507,277,2646,8272,13042,4627,NA,3385,16347,18932,4230,10163,18437,11712,9994,15462,12853,10864,2168,12843,8076,3759,6007,6472
5860,5499,15200,18338,18341,2381,8312,16979,1780,16362,8474,15205,8629,12421,5056,4427,NA,4384,6059,10350,8500,17843,17954
15212,9769,1373,14061,5264,672,18512,18691,11412,6100,18585,6901,4480,15049,7719,12831,8253,184,7925,NA,13965,128,13087,13055,8161,7046
19768,11716,13315,13062,6028,12358,6993,12615,9114,16486,4200,18610,NA,1409,18495,12432,1285,12551,8078,6559,10251,5845,10414,6430,11703,14270,5347,NA,15440,12135,1125,11332,18202,19340,9735,NA,8809,17227,7353,17707,8024,3120,3989,1925,13020,383,11848,10958,10986,14162,11243,7745,9780,18924,15279,NA,16232,16510,18771,16992,19256,7028,6472,12711,3153,9032,10346,14029
2026,12508,13258,16084,6345,13812,11395,9103,5229,19895,1917,7096,NA,15455,9668,6799,8025,10335,NA,12428,19052,4706,5597,7932,13930,14065,14500,5530,1815,10887,11251,11224,NA,4025,6688,3170,NA,17024,656,7503,6744,16725,2408
1602,19570,279,17080,10768,13591,2061,8328,11023,11114,766,5819,8756,7856,3938,11926,7975,NA,18967,977,10799,6946,5321,15046
8015,11881,1186,8016,5032,7092,10575,5046,5082,18465,2827,15832,5674,19145,15328,7372,851,5919,2544,16270,NA,7220,3529,1767,12404,5889,17259,NA,14932,8797,11570,NA,17387,14840,18597,1600,15655,9562,17275,7204,8036,17824,17909,5289
5429,4289,15566,5017,19516,15278,11348,74,12548,14008,12877,4665,NA,7100,15685,8322,16385,19178,13136,14737,NA,14133,745,16262,14424,3831,8381,2388,1329,7126,6209,19459,3276,17136,19857,6683,17877,18203,NA,7706,6678,5437,NA,11850,19867,6570,6483,8221,12169,2623,NA,15650,1961,18191,4475,9618,19475
3776,1049,8449,18816,1823,4044,14617,1905,1337,11680,12544,3102,6861,NA,4245,1606,9954,5012,8964,NA,9857,3403,1959,10381,NA,7351,17268,8170,15718,8603,NA,5769,17678,10285,15317,14925,3728,19332,12821,16676,5359,10540,6002,548,802,868,4918,8985,8656,16119,18078,588,4161,19633,4592,6485,3286,4459,8549,5329,6131,1278
19436,17815,5123,7495,7993,5821,14182,4376,13390,11731,6885,8897,3587,116,932,5648,10904,1123,1216,348,1129,4965,14927,4811,9374,10427,12792,3137
13441,1529,15933,10299,12603,8445,15884,2483,17272,12480,18835,16353,17362,91,11272,134,1400,8407,14274,NA,10226,12705,4942,15446,17253,6572,NA,18449,NA,17445,9852,14997,13175,NA,8547,19157,1348,8374,5107,16123,18255,13662,7755,5210,5287,17148,9834,8194,16421,15339,NA,12237,1421,13512,5914,10727
9054,8746,14108,9649,10602,18160,13429,2286,12532,12631,1525,2994,18018,7346,12510,334,9389,13183,2431,NA,15670,6410,7822,17703,17752,NA,18702,19038,651,5837,6449,7410,6493,805,10467,7204,14692,17324,7434,11865,292,8845,18138,10952,14985,8706,18445,11226,4247,16962,16543,9900,14143,12094,13290,17697,4416,18230,242,2267,3806,NA,13327,11036,15936,6337,1028,15385,9935,13351,18989,12731,7814,9887,1235,13154,13606,2048,15068
6425,14169,4382,5500,3805,2155,7183,1344,17833,4545,7991,18140,2167,17018,12021,7089,6230,14401,6456,17681,6646,1809,9457,4817,373,1544,81,8751,8003,12716,10957,10075
7094,7159,11396,14198,977,4779,15026,9386,2292,334,1777,NA,3514,15657,2306,8059,1065,6704,12909,10067,1808,3968,19304,4546,6326,71,13497,16987,NA,11698,NA,4620,9658,14313,14977,7954,9479,3545,15017,9804,15945,6218,11372,14482,NA,13965,10507,6784,5828,NA,2166,15912,NA,11617,1410,NA,1054,17698,2422,3693,10497,11773,5329,19455,2930,9878
10424,5866,1963,11855,2941,13532,12694,15836,4633,14323,13802,9103,NA,8168,2702,9580,14241,6042,11753,6415,3908,9326,15131,6874,10157,6075,3539,5577,5543,5852,16959,7936,11090,6843,18449,NA,19790,4333,10828,5810,18141,7115,17216,5132,14598,NA,10586,10144,6979,19808,19889,17909,NA,8123,14777,12213,11982,15376
671,505,16293,7954,5223,174,639,11064,4741,19561,10879,16573,6390,6002,4443,NA,15795,7734,4784,15213,13487,1266,7510,1436,NA,6731,19316,16150,14252,11120,18016,16438,2800
12918,6280,2884,11624,2464,14799,11163,88,14789,3262,14341,4436,18935,1821,16663,10834,6244,8980,16047,9218,4672,2615,7375
19378,14383,11870,12234,17563,15871,5957,11127,13897,16211,7850,NA,10679,9438,3279,18111,13286,1535,8460,3540,16737,15006,6599,NA,10423,15218,6311,12307,1810,2267,11261
18916,9444,19924,13135,5544,5512,3088,3257,18373,19708,1936,NA,4957,18225,7072,11841,16352,13551,9405,699,4453,2776,15805,17712,3384,NA,15074,14384,6549,13865,12226,11965,9513,4871,9845,9202,12555,340,2460,14623,NA,13029,19557,9655,1286,19314,16143,14293,3935,16310,4669,14921,18280,16020,19600,9311,1741,12903
4222,6913,17972,3885,9703,5956,14765,5608,3736,17157,18722,4728,9427,NA,1425,1525,16594,15989,12044,11943,15912,17310,7001,7164,6288,16757,11509,6439,10037,7058,5417,11388,15773,2658,4268,16833,12926,7315,2107,8164,6612,NA,6597,NA,15756,18759,5292,2545,16659,9952,NA,13553,5167,8331,1406,13717,16189,8540,NA,2987,NA,6425,3897,11859,10970,6178,18180,4413,14980,14159,6743,2420,7665,10732
17732,16954,14567,4028,14938,2168,8309,1229,1250,9610,12746,16521,11699,NA,17719,17667,4410,16793,14931,13893,16934,8196,13089,NA,3589,2672,828,18773,17658,8229,NA,10791,4461,16323,8910,17409,NA,9831,2529,6128,15236,4311,11472,18377,19365,9008,11021,2322,13140,12856,14638
14343,2166,7620,693,17699,952,6253,12254,16528,9821,6905,12826,13476,1084,NA,13513,3076,NA,7704,10599,19884,14130,5829,5265,13977,5268,6901,9000,8287,1449,14300,17297,NA,17306,10337,NA,2220,14003,580,5379,18775,1356,13503,NA,7381,17891,14298,4266,2728,2319,9476,3469
18178,10737,5048,6262,1601,5744,12203,13140,13796,8778,6044,17451,7235,3441,15383,14968,5186,3207,12099,15700,NA,16108,2704,710,4199,8478,11577,1729,7266,5809,5776,11053,15922,16845,12595
15845,4140,1615,12677,6102,6901,18776,1823,1233,7206,12881,16871,13538,15425,10872,10137,10878,14486,19108,6732,1020,37,2248,1352,2806,7597,18727,18753,10371,5953,NA,18851,12108,8221,1253,2670,1709,3468,18411,5909,18660,13330,13646,4468,12895,17069,9651,6576,19679,3364,14365,448,18296,4966,12738,9977,6176,13219,19051,10741,3446
18265,1252,4252,8203,13850,18467,13966,15839,85,1114,357,15239,19605,8087,15509,9766,6069,11277,12485,5784,11082,11209,NA,7968,NA,9560,3757,31,2008,16358,4865,12528,NA,11963,19042,3735,6050,19783,19585
2329,4630,11006,67,15583,14821,7707,16086,18902,169,3661,2379,8031,7414,13287,5674,714,9655,4998,18301,18114,11058,16771,6780,NA,2264,15064,6295,17442,NA,1747,846,19073,7477,8532
15077,10698,470,16737,13770,13890,14453,4841,4325,9898,8665,13750,4953,9998,12213,8588,9926,8218,11586,12466,16173,4502,13957,7290,14581,2842,6679,NA,9243,11444,5760,18664,15915,4654,19154,19321,14043,1185,17750,2180
14204,566,3384,13005,11391,14781,2045,10656,10380,6526,14179,15962,10148,19968,481,3171,NA,5907,NA,19927,10784,15524,14119,3848,1693,14589,12622,NA,8670,11300,10923,15779,11636,6153,16919,9044,17447,19796,15164,NA,10114,11070,16143,5227,7703,9893,6841,2725,12456,18095,13484
2350,19907,945,1500,7289,3488,18402,19722,8501,15552,13598,1759,6119,3952,8529,4477,11159,13924,7340,19624,NA,1315,14010,11006,13709,9740,4288,19466,14184,13206,1268,1000,5261,18156,7211,14673,12882,18412,3262,621,11267,1060,11436,10218,11874,6461,17398,8747,17171,8150,8381,6997,11013,17955,NA,19990,1367,5502,12196,NA,5900,2898,17394,9207,15251,9194,3041,3279,NA,16921,12434,9751,4472,9905,7067,9073,7070,17273
9927,18037,19070,6775,9198,3575,16300,19110,5542,10478,18651,10620,5291,16724,6357,12509,7079,3354,16904,11965,11479,19814,3221,19641,NA,17881,NA,468,8938,8800,NA,19826,13869,7099,15540,3448,2767,18526,9955,NA,4317,NA,3649,3766,8461,11480,17683,6552,NA,16011,13743,15395,11597,NA,4735,19022,NA,11141,NA,18234,13279,NA,15253,13836,8757,10789,10593,4351,8539,12796,10242,7249,15379,8943,3644,18767,4197,19275,1966
16659,2976,19514,14897,4821,12091,17597,9864,8265,17108,15678,NA,782,6893,13696,2649,1129,NA,4221,NA,18393,9619,6684,11617,7952,13101,6100,13205,19419,7860,2241,2779,NA,16401,2601,15052,18813,16744,18124,155,13355,8764,NA,7141,NA,16796,16444,8985,5843,16370,6905,2230,8933,11660,17474,1,15810,10820,7117,11822,19936,8081,9449,15621,419
