11811,18010,3566,5782,6230,4684,6892,12563,7503,4917,4651,6232,11646,2841,6922,11690,11022,8491,16874,16482,12594,1500,3625,11773,17465,587
8221,11993,6681,5879,6138,16588,9319,5103,3539,10189,19572,2860,19461,9290,12424,18603,18798,19060,18501,4287,5747,3085,NA,9144,10012,NA,5087,15564,8533,NA,11344,3961,5108,10553,16153,19493
13739,8281,10147,13212,6658,3823,13234,1374,11734,9219,9754,17267,9838,12300,19537,2435,19575,11086,6536,NA,9162,1283,18857,17205,19546,19060,15020,16176,135,14272,5127,2765,1473,19438,13207,6332,11293,2683,3526,8427,3110,16133,11137,19455,19167,6785
19270,6959,9007,17350,12908,11859,13317,13237,9503,8019,4712,7123,9758,4728,8865,4969,NA,10214,5495,3280,11160,454,NA,1377,17250,14689,1197,19609,17884,16866,13018,NA,18666,11564,7370,13270,2140,3779
11617,13354,1978,831,5442,2700,5505,11864,11926,5781,19695,9727,NA,13139,3150,11659,10917,15322,5983,18810,15219,NA,1397,15143,17021,6215,11265,2050,12622,17449,10665,3361,12593,354,3891,9192,16417,918,18127,11897,7995,18375,1821,512,2501,3873,NA,18692,3505,12905,3001,11376,15033,1181,9864,19608,8684,7680,11477,10613,4426,4483,8965,19437,10813,8564,17141,9173
11232,1758,4103,13243,3549,1258,1178,15088,14322,16597,15148,16495,4862,17032,12939,17216,NA,1300,3368,12444,13090,2649,13245,12018,10026,3902,6762,14953,10364,18133,19599,10536,4742,13695,14020,2335,4276,14801,17856,3748,6548,8670,16279,7805,13602,19089,NA,437,5483,13439,10247,2340,NA,2806,3682,5511,4968,NA,19347,19792,14264,7223,5610,18288,3374,5820,7270,13593,10682,4277,17015
12689,1354,2520,13392,18526,14909,1795,3752,5942,15200,16592,19325,14480,16082,9135,16134,8756,NA,19345,5520,6251,NA,12152,10415,7489,9358,17592,6721,9614,998,17162,5785,14993,11401,12122,NA,14392,17364,16604,17090,11411,18911,8077,NA,11180,6979,8010,12419,1440,NA,593,17825,16670,17003,18806,510,2579,7748,5122,12526,3836,13428,1126,6853
8267,13023,5272,14857,18967,2690,6346,7508,19144,9494,7192,18554,5641,NA,1874,8469,9090,5510,11650,12937,3924,NA,1734,9389,15418,18796,13459,15791,11337,9494,6817,2162,15819
2346,18472,11003,4559,13092,7707,2286,18325,7302,1174,18095,7964,15518,1624,2000,5824,19517,NA,18833,4464,2475,13896,1875,2432,5295,13729
15043,7200,3798,6182,19912,12320,6039,11583,12639,19757,15473,4491,11930,12627,13055,18642,11405,9333,NA,13835,729,8120,4153,NA,4472,12624,8118,14511,14171,9265,9538
467,13794,14460,18194,14047,1816,14710,1618,10201,11057,10035,17186,12344,10516,9721,19270,11104,16306,903,16472,3466,18163,1212,15883,NA,13510,8559,8610,9222,5261,10997,3863,NA,2536,NA,6807,14497,1868,14587,7173,1401,17733,5682,4478,12374,10558,1223,NA,3112,NA,7877,9695,15517,1208,12828,2451,11084,NA,3907,16298,5661,12122,16530,298,7097,18198,13994,3577,2513,19518
5783,9423,6797,10353,17442,7314,7654,15815,10845,5994,10839,2472,6518,11544,4497,4228,15491,10281,4542,18268,14607
3308,5006,5931,12356,17337,6763,7825,19218,1339,3046,12112,331,16394,0,16217,2173,6239,88,12073,NA,14708,4903,12651,12850,18182
10068,7176,1196,1775,2638,6074,17589,10727,110,3829,8878,11525,3619,12618,18915,14420,2539,11529,8528,6580,891,13650,15176,NA,15201,5488,13486,19022,8576,5643,19744,NA,14975,NA,17675,957,451,2855,12575,5312,9985,1448,17648
9683,2297,15479,13224,5873,5692,7244,6566,9165,12631,4359,5233,11331,2519,5732,4670,1398,14451,11207,15100,6467,10262,9160,13783,10578,137,2255,1413,3896,149,11927,7064,4739,16995,2585,11950,10476,800,1797,5350,7763,3308,10934,10782,4409,18541,1395,3600,2254,4181,14096,13008,15887,10011,11448,16239,10551,13625,5854,11873,18894
9531,7759,3197,17724,8983,7075,3140,11630,11074,15421,11541,12385,4614,13041,11054,3030,13919,31,13320,15317,10561
2240,1920,11060,8789,13924,16022,486,15509,10262,14139,10666,NA,18497,8185,3642,7872,384,13757,14302,10701,19949,3199
15531,5378,6810,18021,10705,18137,13307,491,10507,18269,5027,8103,6462,12497,19002,9107,5583,4737,981,8313,NA,3820,14958,625,3529,19423,11395,13615,14180,1591,15015,2299,NA,19069,6223,19425,8931,9981,5242,1170,14020,11784,18247,3737,16276,15528,15118,17463,18914,8952,12996,9971,8614,NA,6389,9177,4371,1039,1031,17647,245,11034,NA,14934,9960,13070,12457,4353,16649,10813,15168,679,12966,12815,11448,19760,18513,2294
12087,16061,555,12651,12178,9835,13265,9646,17734,14378,2415,16228,19422,9068,5814,13352,19491,NA,8601,15227,3729,17497,NA,16147,18727,15238,13667,12098,8621,NA,12912,10923,18129,17692,17350,10014,10298,9931,812,1539,4086,15978,NA,11825,14790,10640,17083,4664,9351,2278,6610,9980,13921,9274,9395,14201,1529,19961
2878,10672,7435,4663,6107,10060,15145,11467,13004,15370,11921,10889,17731,9125,13905,638,4104,NA,18878,3564,6004,13562,19639,8487,7448,9340
4847,14982,3675,8008,6184,19524,6665,12256,2183,13969,16003,4758,6014,NA,10089,17825,17166,18113,NA,634,7369,6173,3316,201,19363,1331,9969,3243,8486,6979,12607,16886,8317,8529,11680,13608,17989,8653,11001,2158,13804,6784,5682,5209,11066
19423,1584,4284,19231,14369,15803,6303,10954,8156,8309,1039,11310,4205,12416,9029,9794,4861,14702,3613,4995,19974,10593,NA,19628,NA,12497,11649,16507,6952,19261,6772,6736,16534,3599,NA,10839,NA,8893,13565,4457,13893,5471,1608,16014,2316,5331,2067,NA,2316,17344,9304,7629,5451,1722
6510,892,12915,11345,9330,5125,3647,15816,18637,15046,7772,17337,5004,18413,16373,10122,15433,NA,9673,8390,16002,2132,11261,9309,4162,4781,18862,14197,6316,18333,15518,3573,5950,NA,5103,17468,10752,6346,8344,1998,18135,NA,3720,17556,19816,17797,13455,19720,7718,2975,12360,1510,NA,5309,1707,9724,NA,18980,7639,16427,842,7716,4038,9706,8056,12134,11218,13621,1742
15400,5817,5117,537,4284,7342,7327,10483,10815,1847,18206,14991,13361,14294,14159,16127,2332,17925,1360,NA,4680,13401,2760,9769,8183,7772,13004,17984,9683,16679,11258,3599,19157,6085
15894,17971,5577,8325,15719,6214,4741,1053,941,16669,12920,5434,NA,889,16170,19167,18450,6266,16599,NA,3961,11215,15518,16253,14557,3194,14684,7534,11042,13343,NA,2550,NA,5028,6962,NA,19254,4407,18811,13913,11211,4308,2586,180,NA,378,3607,11935,4791,18070,9775,NA,18722,5787,5623,13203,4579,12723,14079,10188,1626,18735,1528,18781,2053,13544,18212,12457,13163,12007,8001,18326,11678,4481,381,2449,11260
10800,216,18003,9392,17127,15554,14826,17633,6135,264,1030,552,15887,2754,3739,NA,18808,14371,16825,8658,8798,16417,8230,NA,17121,15244,9670,13307,2900,3032,11569,NA,3573,14106,NA,4705,NA,5595,12514,19321,2357,6213,15774,14402,15817,15214,9609,11543,2288,13445,18444,19785,2899,5485,1140,19765,7517,7389,13724,10425,12385,19616,9236,1766,9489
8701,2993,16372,11713,4304,301,16924,10482,16871,3771,8879,12392,16496,8759,15004,8574,10119,16371,5222,7800
18966,15167,14241,9026,5485,8894,16512,3187,6372,13039,1070,6995,10825,4198,8057,12425,11799,4175,4741,10377,17829,6691,6558,1546,5858,4481,7847,15962,12660,NA,4240,1497,3774,14041,11657,3315,NA,15434,3060,3372,472,1620,15674,18791,8403,1075,7325,14746,3454,15838,16892
14370,3237,30,17780,7740,6630,5735,10368,14596,12061,8107,465,12953,1875,413,NA,2873,12893,6816,11596,8556,17424,11894,1008,17401,16627,3981,1222,2678,7464,16277,17709,2247,2692,8562,3354,13934,NA,18845,9885,NA,19717,NA,13219,9343,17733,3455,9312,17716,10379,12114,7778,12140,12403,3176,11643,NA,13735,12828,NA,14514,11032,18537,14683,8530,4747,7840,NA,1743,7373,13814,10660,6432,9376
802,3642,9153,8937,9195,6634,2919,6440,9833,14711,191,12501,6183,6260,10058,10874,9234,8131,11574,12565,9780,12362,15521
4566,388,17619,7469,1315,15292,662,2433,14201,2448,16620,964,6954,17682,1857,18240,7256,4461,10290,19591,8487,19599,5231,3122,281,12029,3139,10815,16567,7443,13809,129,14399,9134,19644,14534,8328,10103,4846,NA,10648,15123,13266,9629,NA,17630,1358,12454,19713,4881,10693,11764,4029,6702,16052,NA,5698,13020,16798,NA,17856,1740,3968,11040,19986,1295,16645,10277,18601
1530,3900,4592,18278,15747,11564,7568,12565,14958,7004,14685,7407,14024,4736,19156,3264,NA,7758,NA,5414,13342,9077,136,10778,18894,NA,14657,13587,6702,7871,NA,6725,NA,2249,6241,NA,18411,16335,4076,8338,5560,10869,6996,NA,12674,1699,3697,263,3467,7263,7083,NA,8475,4977,4106,11172,6714,NA,7370,13920,6686,9112,12453,17980,3119,6525,8738
16472,4297,15888,16124,925,17016,9883,18551,11263,7654,8697,7658,15286,13464,1281,3912,10677,11034,4623,14627,12546,NA,11266,1011,7803,2815,8413,6609,520,NA,18682,14485,3237,13011,13307,17642,17695,13261,5628,4438,1001,18012,4737,11831,13089,6967,5014,17426,8516,9054,5672,344,2499,11639,10030,NA,2597,15499,6220,3432,7561,19682,2107,18274,18411,6305,6966,11661
8168,17282,1246,5076,14957,10021,845,19517,929,15713,15179,5183,6515,7635,7398,17667,17912,2289,6129,18417,3669,8518,13006,11033,8159,15672,10927,14032,19258,16470,13193,10004,NA,15075,2478,NA,4895,9621,8468,950,8906,5689,6263,9356
12407,18569,5558,5783,3907,7687,18743,19219,14892,17035,19660,13044,9933,13391,3533,NA,4930,16131,13927,7990,NA,13624,2485,1984,3606,12420,3729,8077,13085,4199,18879,NA,6445,9922,18021,4103,12752,5232,10322,15204,13784,17531,13445,2427,666,7854,14423
11733,7229,5221,13865,4627,11974,16874,18139,16331,18356,12658,18442,2474,NA,14939,13189,12460,5064,641,11004,14432,17963,14518,19087,4949,14576,16639,17620,15351,17666,NA,6602,18301,11091,2578,5896
12867,1324,15648,13230,9878,5045,11420,14238,3309,13010,2364,8966,NA,8402,18849,4781,14797,17443,10318,NA,16185,18604,7612,6138,36,19991,16194,18915,9297,NA,11240,14175,8837,587,16536,2332,11697,10752,11378,10851,776,10646,NA,15766,15141,6635,1892,13805,4821,10593,8507
12708,15176,10487,16354,13644,11454,14966,6186,6228,6607,6389,7245,16426,14972,NA,11195,6978,19465,5230,5139,9212,1785,11133,3054
19745,18521,11104,12962,19022,12780,2712,14456,13148,2499,18134,7100,3600,2142,10163,9209,7157,456,NA,16573,3592,19372,11534,736,15360,889,13257,NA,3993,6834,17919,NA,8982,6697,8013,14561,12215,17425,19293,13936
3780,4719,3073,17961,14879,14418,18799,18673,1454,5339,13081,13863,18053,7206,9473,16861,15619,932,12182,17847,19827,3103,17329,NA,12369,17262,3167,16381,7958,13613,2621,7678,19410,NA,8812,1351,NA,18607,NA,14926,4209,6884,17367,19549,1648,3246,18067,6637,6232
2955,8296,5288,15219,11467,2795,13052,19263,2582,15110,2103,11951,15436,17073,1522,2530,17806,14404,15686,NA,14703,26,14841,14201,891,11262,9914,19430,7647,10531,2169,10789,318,18310,NA,11143,4005,14716,4711,8953
7518,13948,12908,15492,16193,9588,14209,15756,15381,2370,16976,12042,19604,5673,17167,NA,19978,7342,NA,13790,13772,14949,11084,18913,9396,5629,2328,8859,51,16264,6279,6307,13263,1405,15355,8335,11138,1281,4368,16281,3498,941,9592,2317,2861,16774,NA,2699,6793,10946,16834,17489,17744,5300
2627,10120,7622,399,9524,9107,6390,4485,7179,5984,17695,14674,11926,17993,18586,1512,19758,15083,10825,9590,8767,15960,NA,5662,19944,18887,19681,4652,5459,8659,8507,9810,17857,15246,5822,14695,18534,14442,6957,19667,11754,8909,8712,11072,15709,5074,11643,3482,2808,12232,5049
1268,7607,15267,10670,13043,1811,4898,9215,2822,946,15172,5609,12571,18297,1047,19432,5583,18139,16797,11043,19036,14650,14082,19309,14457,17008,NA,12809,NA,4724,17769,9306,6486,15822,14180,5855,5373,16731,16395,11793,NA,6376,863,9965,16811,5640,13490,19254,11064
1931,19652,7725,8968,15224,11324,2767,17106,899,2866,10953,7697,6710,14997,12369,16059,10248,8155,17366,8200,1173,14931,4836,NA,693,42,9139,6885,19822,17206,7380,7582,6099,2333
11452,1787,3376,19214,3421,1565,7706,13157,15503,4725,11793,6017,3207,9823,19994,3923,5509,12172,8010,17854,16044,5926,8945,1144,10909,11212,12230,3781,16588,NA,6038,16445,11307,4282,988,8574,6024,18536,13992
14442,16459,7063,13807,19441,14401,13917,16780,2405,1228,19115,1582,7104,11624,14843,15644,NA,6156,1964,NA,604,8881,19257,3259,6888,11642,NA,15461,16646,2462,5627,16800,NA,11765,14541,8440,13060,10297,9774,13527,10845,13960,6678,7614,6858,NA,3401,1913,1103,17344,2355
3482,5617,16724,5679,499,9386,8393,13755,2878,4416,3191,10964,16906,9855,NA,17421,18274,13928,18871,NA,16592,18962,9590,11933,8952,16978,11016,14361,11854,4518,NA,6167,17995,NA,7662,168,686,14912,12497,5323,4229,9872,8776,10716,2230,13595
18038,2627,3172,6600,15248,10969,374,15889,4162,18261,13567,12532,13510,7667,18697,6829,6465,832,3546,6201,5683,8149,14460,9450,8021,11452,7919,3594,6374,14835,11708,6257,19233,660,18897,671,NA,7300,15873,13535,3659,3290,141,4543,11911,17094,12243,19377,4477,1176,19447,7692,10664,6833,NA,17182,1364,2720,629,5940,18012,1554
3066,1578,3300,18338,12670,9785,7934,2191,3244,17248,14924,7255,16132,15312,19000,818,14521,1508,41,3249,17844,2899,12686,NA,11982,4427,NA,442,19984,8109,9182,17503,9343,9183,19692,17720,NA,2357,1190,8142,5805,4689,NA,17679,NA,8889,8084,13060,1117,5107,2985,1010,1268,14610,979,15240,11056,14061,11423,8826,1497
10274,18793,9454,16375,4699,10600,12632,5692,3994,16740,4006,NA,1006,6912,3692,17127,16058,9123,15653,10934,3594,1194,15386,15263,14829,14494,10042,18853,2803,10311,6423,886,7976,NA,17855,9330,13790,13851,19133,9676
1228,505,15292,11199,6849,19048,1348,6367,15081,16370,6824,16194,16509,7258,16697,12570,6989,11976,18296,13088,15600,10160,2407
11786,2535,7798,18934,16434,16834,5818,18742,870,5211,4315,10484,1939,8144,3130,8733,17386,14454,6721,9487,16466,16417,NA,16719,12761,3425,6256,503
6384,16555,11252,13953,199,18574,2322,18363,13333,7394,2958,NA,15367,4727,8632,43,10958,13687,19545,15434,1966,16521,17291,4752,7958,13003,NA,14522,14666,8051,17395,11306,5635,NA,12642,9941,NA,2371,7318,11251,5826,13696
4511,9541,5797,6017,2326,6827,16419,16039,15568,6428,13121,17100,10550,7326,11364,1832,2658,15179,6241,1536
13080,9717,15017,5610,16519,3024,2644,3638,5727,19364,3151,4281,NA,4765,11444,19869,8117,16797,9644,8085,2372,2546,14663,15706,4660,11010,7169,3478,13940,7738,8790,15515,13306,7681,19283,NA,4941,19671,15125,9839,NA,6868,17674,4269,5393,4505,18111,9055,6437,1233,NA,11031,11025,17167,NA,10338,12821,17211,3922,1711,1332,6064,1820,8109,11044,NA,6641,18575,18321,5664,7212,5063,13360,4298
9904,12952,1628,4965,18557,15273,2564,7527,1599,10513,17252,16561,13139,13702,14731,16038,18674,15842,19513,12946,4531,9560,489,2828,6789,17973,13149
803,3784,15506,3099,16679,14445,3945,5545,11796,14107,3527,19758,17958,NA,2647,12040,113,16446,4398,7754,NA,7228,NA,8951,18049,NA,57,17878,9025,6827,3910,19993,10,12497,4680,10109,1973
7678,10173,15350,1267,3467,4410,11593,5112,4236,461,328,10688,2670,11572,16944,16067,4560,12801,17771,15747,10680,761,7410,6710,5029
15360,11776,18439,17175,17546,18106,11189,9802,3771,4384,13343,8390,15582,1922,5051,6681,19840,6806,15960,12083,10211,16380,16195,15148,13741,1053,759,NA,2055,16009,NA,7569,14603,9323,12996,6834,12271,13416,17309,2255,3205,13814,7656,7319,15755,NA,209,5745,6846,13441,5781,2039,11529,4792
2292,4072,6761,15869,19290,17683,10918,5487,5058,17378,763,NA,8433,313,5797,9233,NA,4390,11554,10226,15918,12211,18604,17247,11761,NA,17112,19629,NA,11754,12674,15579,19472,846,19134,17398,18366,9751,NA,18771,13110,13509,17827,19914,5722,19321,8390,1842
16406,19179,7002,12978,5729,63,3621,5691,14924,552,2697,8079,1489,14227,15149,13603,7246,NA,2847,16101,3996,10039,14914,NA,17344,16604,12533,18400,14786,3770,8439,6129,13297,NA,18080,15806,14000,17055,11534,8032,19193,NA,3195,7374,15735,4470,16148,19449,14596,11643,5061,7843,15186,779,354,6570
13989,1294,3860,10808,16317,15416,1998,12889,18363,17539,8197,18639,6820,NA,1606,3937,17416,19278,17909,NA,8640,13164,12595,8157,3421,482,5723,6696,1153,13273,7929,13284,4475,15049,15885
16791,18431,17329,3911,15403,355,14350,14553,3584,2235,10880,5220,NA,11757,11446,4227,NA,11174,18225,7552,15959,8599,4698,5531,16322,11037,17830,12638,14810,7323,4675,5730,17732,47,17014,16335,14656,NA,17933,16541,347,796,704,4360,11168,14140,4194,12890,7366,6349,10346
1392,9508,9604,19460,6277,3534,1951,4538,17623,19899,2018,4695,10062,1843,3535,12131,4736,NA,17907,17027,13510,15949,18231,17180
11777,3363,11962,3903,10258,1583,11353,2675,8424,4176,3162,NA,4495,17323,17071,8051,15364,3440,10107,16805,12991,NA,3908,4993,4538,8564,3994,457,1664,10717,5180,16673,15393,6447,5954,2770
14270,3935,2841,6756,13678,1336,15903,3189,12277,2927,13031,12129,18464,3943,16303,6976,7673,11036,1226,4328,8575,13493,655,2574,NA,4548,9391,13730,9858,8226,915,16191,1381,3217,7741,18169,NA,5685,9946,3760,875,18454,11133,2426,16973,10,7800,8742,5474,17003,16721,NA,7305,NA,14631,6245,15310,2315,17490,10367,17351,8130,19622,1095,15789
120,17991,16191,9881,6022,12747,5415,496,12204,5448,10161,19740,18510,NA,2811,11541,16363,2516,7198,5357,NA,11597,19939,8961,3826,19864,16844,5227,3547,5703,5707,13723,11993,4002,17367,8427,17959,6556,17563,533,11400,18552,13581
14363,18597,10445,3466,13954,13517,7648,14953,18043,15661,15344,10109,6402,17997,15005,18628,10817,18395,16465,123,10848,18699,14582,16536,17121,6132,17440,NA,16437,2126,18390,17659,4704,12745,119,16466,4495,2434,1018,2627,19168,19192,9370,NA,15362,885,6863,8687,19521,12793,2374,9270,12903
8966,15209,14606,11979,1623,4865,8153,2711,19762,12824,16252,8055,5667,2499,1794,17367,11631,19452,12220,10100,3826,8197,3716,9582,NA,10044,5321,3617,18135,6629,18376,19346,17706,1476,5985,6432,2489,7677,11327,16728,9641,5357,2948,13683,19487,17082,9245
18326,14181,2007,7535,7801,16373,16251,11789,19070,12998,1992,10703,13757,17360,1804,18196,6733,106,882,1043,12710,18105,4396,5576,15515,8327,5205,2650,18619,5413,17160,15588
9331,4975,12420,18646,2535,16135,8439,4525,17578,19577,17633,13947,3542,10654,5802,5090,NA,11453,1114,19387,8499,3768,13780,13666,5376,7596,1925,5165,NA,2612,19824,7959,18265,18123,18374,1778
10605,7874,8097,3022,3073,12716,4087,5629,4633,19012,16220,12555,7292,NA,1157,2634,18262,16902,7629,8835,17033,5913,17667,12331,18592,5366,16414,11761,NA,11871,4064,2858,5329,13183,8961,19503,9225,11257,5574,15451,9080,5315,17333
3485,1617,12984,5929,11459,16460,16259,3543,10205,9461,1870,6561,12119,12622,15745,1989,15979,14359,16716,16919,1016,NA,12537,4801,5648,NA,11288,12613,14465,15133,4363,10873,NA,4957,13626,6796,2121,5894,9732,9740,NA,16619,6140,7504,16030,5804,15502,NA,12820,8000,17115,4412,NA,8116,12038,9447,1802,5677,7957,15988,5530,9618,7026,11050,13063,14112,6155,15320
14849,9889,189,8748,9349,7221,2665,16349,19429,17666,3110,14891,14838,5192,4842,8494,6260,3627,NA,17124,18655,NA,782,NA,1113,11999,19262,14405,10616,12105,15107,3003,13051,6130,18340,4644,13697,10649,5153,2257,16705,13591,15206,17663,13533,19030,4835,14895,13034,4271,19077,2673,16613,5349,8027,17546,1660,14762,19732,15416,19037,60,9687,1722,11329,79,13986,14835,NA,15398,14079,4506,6801,9788,12746,2144,7806,16826
16234,7589,10459,4456,3408,5300,774,8391,12125,3522,9808,8616,11556,19894,2100,8240,8230,4483,1840,15765,19205,17841,8396,18386,1228,3997,15555,3260,10837,NA,13555,18538,5387,1329,17356,NA,19471,4214,19295,6406,18762,7359,NA,2291,10343,NA,4690,2465,14468,15198,11658,15906,14097,7026,19794,1952,19558
15155,13507,12467,17048,16541,11405,1919,4105,5991,11135,657,2734,10493,10361,1999,NA,10917,10094,3056,NA,4978,NA,10752,7590,6415,12544,8637,7247,NA,14666,8428,3296,8602,7548,NA,13478,13589,NA,2901,12639,12826,13635,6090,5454,5618,6049,15969,4789
13826,17058,7254,13309,10185,15133,9009,13977,3186,9626,15205,13832,557,7730,19794,19489,606,18688,15142,10569,NA,11368,2630,17089,7988,NA,8613,12495,219,9414,12122,11549,11899,11865,NA,14307,9456,15470,6171,17471,1593,12986,18201,8527,NA,8162,1729,4186,6383,10779,14673,6831,5678,5690,18817,12805,17759,14398,17925,10361,4256,3786,5947
12259,15552,9998,19073,11719,16304,17447,17902,5307,4977,269,14933,1969,14564,14870,18687,10895,7169,15147,18889,4149,4866,16248,18401,1926,NA,16592,10282,11322,15180,7080,9641,3793,15202,12672,8004,11987,11046,5723,17051,NA,3450,12097,8705,9200,NA,15240,10407,NA,7440,1161,7906,19017,NA,7720,NA,15722,2407,12661,4305,14491,9037,1241,3210,5837,NA,11900,NA,8909,2152,13228,5829,1731
2864,624,16651,14250,5330,4198,8231,15426,16066,16654,11498,7635,5032,17659,7161,NA,5484,1161,8416,10948,8245,18224,10396,3352,NA,5086,12363,NA,15589,3907,16567,14654,10974,NA,6239,10379,1743,15475,3547,841,13307,5988,4138,11674,17309,13130,10969,19884,730,2183,3469,1273,NA,854,1159,14826,14157,8027,5328,15040,14144,18483,1452,3430,NA,14324,12046,15734,19087,9610,11906,14001,12954,743,2059,16634,440
1516,14386,3848,2183,7983,8540,3404,15530,10665,17612,11216,10068,601,4366,11005,11761,NA,1326,11274,16682,11305,18395,18743,665,NA,4177,11316,15047,15368,8976,NA,13677,2009,14685,979,9946,19165,12664,18633,6721
4636,8143,5669,12734,12875,17789,16182,8209,17420,13348,8615,19280,3303,NA,17721,10795,1924,315,5571,18713,14414,17147,16512,5734,NA,1691,17542,4269,6326,2175,387,1522,10202,12678,5030,19074,6939,7449,3549,8708,2845,11426,4311,NA,4217,NA,13558,14160,6690,4509,14526,12925,3766,10072,17389,484,14082,2353
13093,1169,15586,5570,19909,1222,16559,12910,5371,6186,70,8163,700,17988,17307,19893,3208,NA,7747,8604,16250,NA,15951,10717,17640,3927,17033,10808,1112,NA,7662,8579,4230,18162,8789,6991,10384,7374,11492,15089,14034,11822,1854,4546,9532,NA,9651,17750,3414,9442,3582,16097,16980,14158,830,3822,16385,1858,14966,NA,7746,621,13735,7767,1609,7317,6485,9374,13148,13389,1242
18364,7227,14417,13146,13430,11920,6130,8027,16436,3810,14857,8971,10361,906,1769,18829,16902,101,5764,18461,13659,1511,NA,9802,4456,9307,8047,10781,4672,8937,14941,7009,12454,11079,12796,18219,1320,10225,9578,NA,1456,8848,NA,7148,17363,513,16812,18019,135,16480,18829,13201,5617,NA,12954,NA,3249,5478,19307,17477,9307,6506,NA,4455,19957,16767,6870,16275,3339,208,10477,10223,11018,3160
5937,3461,6385,2719,7072,467,13692,14363,12157,16161,4807,NA,98,1353,9419,6578,333,14379,8458,17807,11208,NA,12426,17676,5809,1964,17191,NA,19111,5548,5260,18233,7033,2249,11987,7865,15486,11057,NA,18423,6388,NA,18265,19043,3834,17967,17759,10055,2728,NA,4808,7110,15786,3820,7629,18305,12308,310,8600
17592,13433,4261,16727,10185,14078,4048,12278,6342,1494,7908,4492,16332,10177,299,6722,2990,10718,6111,11824,13906,15585,4459,7655,2735,17629,16477,10475,307,4778,244,6031,3171,NA,9434,15385,8094,18610,4235,13106,13066,18957,18894,4471,17386,4899,10894,13375,9287,19744,1050
3058,19872,1041,17983,10558,7252,13694,10636,3586,8394,13708,2903,17121,3464,10222,480,1532,17183,177,8324,16075,13841,1199,5385,14274,41,12138,16646,7117,17006,NA,16857,14180,6860,4627,342,19562,3366
4035,14407,17783,13465,3168,6043,16375,11656,8065,117,19398,10540,7002,13551,18398,12544,19183,10512,14083,859,11013
8621,12675,16066,4873,3322,14172,14303,10810,8038,9330,12611,1983,17871,11768,10583,NA,12592,11584,18956,6464,NA,241,NA,19861,13804,7079,7881,NA,19016,NA,16917,16042,6091,12389,19976,19489,6695,5982,1860,3863,14855,7048,14469,18298,13093,15552,9117,NA,5014,11318,4753,926,11866,4947,1959,6914,7320
3541,7047,2774,15723,10769,5839,7702,11932,13065,1591,2260,6344,12354,16375,NA,8155,2667,607,6494,385,19836,7042,9065,10216,6339,14453,10927,1855,14740,18268,18808,9083
14912,17047,6627,19307,8768,3608,9656,121,10041,14386,2351,5242,NA,2000,14970,5939,5103,624,6581,19521,5934,4501,18788
8016,7690,10073,14284,8796,19477,3071,4525,16489,9592,6796,17037,16734,11807,2931,9487,1565,4915,15689,NA,9915,11429,8980,9840,13066,13911,17111,2723,11333,13,11280,4734,12877,8150,NA,3613,9126,10088,13179,15678,6482,NA,7910,18286,15168,10228,7008,8225
11320,10899,12763,566,5766,6202,17921,9531,15455,7625,10757,NA,17859,8009,14388,18779,15881,376,9002,NA,14778,NA,13116,10628,3277,19246,13590,8459,13701,7544,7892,777,4726,NA,18026,NA,19134,8628,14217,19987,6369,6237,NA,11093,9519,16128,11167,19464,16251,2239,4974,2554,2712
4149,13407,6275,1459,17109,9521,4535,16021,1984,261,17106,10483,2659,14017,NA,14484,7154,6395,19955,11500,6185,5686,7881,18594,4726,3908,10113,8550,13996,NA,19579,4859,2411,10517,NA,6629,9129,2982,90,14202,8242,11904,19886,12163,874,19754,2946,5493,10708,NA,12331,19410,2525,17390,NA,644,16141,7625,1608,6735,3621,13157,8548,NA,19751,8039,9021,16741,10223,14978,6989,17501,10981,10020,12021,11178,6967
14075,16253,12613,16717,9236,12585,10620,3475,166,15389,10496,2863,5370,19014,8250,13255,6306,4589,13161,7395,19411,7494,11165,12750,1058,18714,5437,NA,14034,19052,7233,1253,NA,13467,1409,6347,783,14382,14135,7639,NA,12419,7600,14047,15005,15443,7051,5152
