4186,11201,6093,704,491,7851,11235,9552,7614,11829,16602,4080,3599,13198,14515,4738,3007,15816,282,12277,16438
12521,5226,12123,1945,5026,3546,503,4025,3104,15647,7958,NA,6394,17087,8317,5848,18953,18393,12139,15805,9679,2364,11434,NA,3797,2351,NA,6975,1534,8832,4363,11940,14685,10762,10306,2805,19109,14315,12562,19517,12794,NA,1347,16786,9312,10169,5195,7266,9846,13224,1122,1856,15173,7318,4365,NA,18332,408,376,10748,2374,16263,3279,16631,12070,5693,1804,7637
13163,18699,1998,8373,2212,12041,10361,19428,11566,19064,1567,6402,5310,12595,1764,5047,18936,17876,13514,2648,4055,18482,7538,7313,6332,11687,8440,2724,NA,16059,1912,7139,12801,19017,5591,13227,6726,2260,15954,NA,11008,NA,14143,19580,936,15608,1766,18356,318,10300,21,3878,11737,19313,266,16036,15859,9933,12199,17712
1866,12554,9980,13661,4897,3439,8754,9014,10755,13015,7596,3006,10652,12312,14024,14996,4168,9159,8701,6821,17054,15564,NA,16322,3452,3006,9597,5646,15552,15648,2605,353
15816,10620,10952,411,3919,12554,16215,8863,8379,7050,1257,10022,5401,9378,319,10971,9618,6781,14052,6649,NA,5111,5111,15472,10465,10767,18154,4791,19767,12313,NA,164,10017,18048,NA,12082,14207,9678,6347,NA,9563,13464,8179,9546,7186,19419,14845,NA,293,4617,3315,4667,573,5765,415,3466,733,17822,NA,17625,9117,13692,3924,6424
3109,16022,9052,14742,15368,17966,8047,5567,886,14919,10196,15971,15295,946,10870,10108,5221,13078,19346,6491,4569,1924,14887,16910,4464,NA,18535,17451,1418,13777,17105,17138,7213,9568,16180,615,14657,6772,3513,6422,14229,1403,16894,13338,8858,4246
2817,2561,5999,12343,19036,5637,13031,9045,1049,6547,15320,2954,10497,19273,7688,510,16312,6920,5071,11694,NA,6325,18592,NA,2201,8302,5079,17391,2373,12956,1474,1569,12915,15363,10665,9033,10353,19667,15324,4537,16793,9582,11922
12985,14529,18596,18448,19786,5785,14303,13604,597,17338,18122,16987,12476,1993,522,6065,908,3313,14552,17142,8661,13615,9630,7382,421,4292,6510,4453,17924,1073,6930,3786,8185,6148,9520,13773,13929,14453
17277,10370,4244,16294,693,17211,14701,8502,18149,16655,7792,19976,11329,8178,15704,11030,8725,13814,13879,18473,542,2357,NA,4028,13345,15492,8410,13831,11656,12701,1210,17583
10427,12357,5341,11142,5305,3299,5032,17704,11326,6444,15178,4231,6565,7996,4501,10983,6532,18355,3906,13586,19204,6689,17675,777,1766,17611,8000,3829,16764,3193,10655,11375,14387,7675,1399
17078,9865,14837,17265,1197,1285,17336,18127,13781,18692,10765,8135,8651,8465,3137,15607,3928,16422,15411,325,13721,16470,11655,16478,NA,3724,18097,19936,11520,6917,14665,9841,14696,15111,15912,4885,6626,10427,13732,13394,3730,14933,161,7559,3226,12374,10490,5745,8095,7834,5463,2100,4858,7634,2152,10644,15007,5433,15897,7476,NA,4751,9055,12610,17590,8135,4031,15612,8918,14900
19630,16171,8571,15370,6304,12132,8874,14476,5020,18487,11576,713,NA,2327,NA,17351,6474,16905,1975,NA,6108,8530,14361,14352,3485,16792,11884,6033,7082,19906
8669,10656,5083,11941,18565,10045,14186,3307,15063,9278,758,17840,1006,15101,3521,NA,13484,14987,3983,18117,NA,11371,4685,457,12117,4858,10079,11759,12055,7450,1309,11427,9595,1766
1445,19306,14167,9062,3412,541,2103,11990,16701,18226,2919,19417,15557,11926,15824,972,708,13491,12141,15341,10632,14256,18935,12838,1224,13207,2785,12377,NA,11530,NA,2548,4954,8357,8301,2785,12166,13367,5226,10641,NA,2573,11641,15008,17193,5280,12882,18112,5329,8233,10745,11215,8056,8496,3634,14215,14338,8625,37,3170,3149,10292,17361,14355,19705,9308,3746,5673,19320,14876,5873,14629
6806,5837,18028,8880,9497,2142,1578,9344,19152,15672,19337,9041,1102,8598,12060,15256,1218,12885,4288,1282,12978,NA,14155,11569,844,5440,1550,10349,343,13720,15373,16267,6843,18636,4727,16218,7467,10879,13968,18595,10787,18849,9034,5504,5699,1855,14253,11515,12228,18809,8934,18279,17899,NA,9638,15014,10271,1407,13050
6746,1117,19853,19740,2270,13553,14263,691,16424,18342,19267,1959,9269,12910,14169,17178,1803,13005,17451,10046
12104,8165,4839,13995,1947,18880,5286,14058,18430,13963,11887,3297,8099,4593,2386,11696,5382,18339,3753,7531,2547,19877,8630,6583,18369,6812,12023,2605,10141,4750,5656,18034,18388,44,1642,14102,12187,8155,13790,15072,6318,2217,4089,2984,16441,5617,19164,15750,NA,19569,7447,NA,6746,3787,NA,12712,8958,16821,NA,9483,18205,18415,17725,16024
9661,5941,11354,9510,11285,11183,7847,2708,4487,11693,6654,14141,12978,6536,2943,16413,14045,19184,2100,4817,6765,11203,NA,4209,7379,13711,505,19742,2330,7855,776,3267,11985,12591,584,3131,19483,6047,NA,8418,15353,6792,10659,4574
14136,19768,4658,7624,19582,13589,9798,9693,3743,3999,1161,17522,16603,1573,11087,10248,17582,14565,17021,9067,14386,NA,4208,4822,5045,320,8918,6385,6684,11558,18318,2107,NA,17977,4418,16675,5636,7252,14751,8265,15302,9881,6992,19178,7119
16446,11139,19968,14287,10177,4027,11050,9494,5222,12177,9475,NA,16207,10117,6910,14899,12494,875,11384,1203,15805,NA,14290,3009,14803,8802,6734,1926,13024,6513,5873,16902,15191,17168,2195,10013,10631,17954,14700,1956,10425,NA,14784,15054,10459,18494,NA,11550,19738,6780,101,7829,3077,19278,17062,18986,8099,1720,2171,12021,248,10269
18699,5558,5997,18735,10877,10724,7784,10512,2921,13495,3890,11032,8982,11369,NA,14557,NA,8,16973,2182,12952,12078,11468,671,9635,13111,751,19181,3351,614,18512,18312,16788,6509,NA,3614,11668,NA,15272,144,10719,18332,7136,7339,6257,4092,841,9127,11113,16260,7692,3746,16451,19920,1886,24,11735,516,17680,6634,318,3788,11008,14480,14774,1628,1558,18489,7421,8837
16200,18683,19457,10423,12650,3570,10772,12132,10093,13224,11773,6464,5430,14394,10901,61,NA,9715,10435,5661,3,552,14028,6141,2079,2250,11905,7201,4518,10017,18809,17632,18945,3217,10287,16725,19326,12556,5755,7180,2420,15569,19920,11466,9683,14944,3059,3242,4064,19638,8148,14803,4472,11432,15732,2268,NA,12287,14482,5936,17181,14416,4139
7088,479,5793,17349,15794,18115,17573,19255,118,15785,15257,18045,6538,14890,19148,8814,15682,NA,9879,9606,NA,2411,2729,2718,8235,6988,11052,11379,14033,16905,NA,15556,5948,7667,6690,14798
11851,15039,3730,8478,10105,10525,12880,5313,3022,18720,11572,5742,7674,17074,9079,5099,7427,8187,2279,4054
16296,10430,17092,7537,18288,19620,11026,17601,19894,6891,17208,7150,NA,5916,18942,8377,NA,11653,11111,7656,5806,15162,NA,10441,19048,2382,9065,9046,2166,2381,11597,2473,19664,2811,670,14852,14665,18614,17748,4520,11411,13489,NA,11522,10441,13,16911,6552,NA,16271,4016,18588,5968,3123,10446,9650,9731,12201,NA,18164,7714,16279,19810,15934,11432
1404,18084,12146,15203,10204,15892,5575,9707,16380,1215,1245,18659,NA,1804,969,7834,13697,7714,6032,6687,NA,7746,4543,11650,NA,6669,6615,14944,3159,735,19094,14628,11504,6245,13679,12223,13099,369,3289,4219,19396,16274,891,NA,13397,18025,5895,18046,13624,10886,8874,459,11853,10719
2814,11093,16588,2402,3854,16406,3282,3204,2325,18241,3147,8553,9279,6144,5382,16256,18809,NA,7513,15392,NA,17217,850,17721,7537,NA,12987,11902,137,15547,3238,18077,16647,478,NA,13406,488,6065,7253,6510,10470,290,NA,9038,1575,14192,NA,3419,6420,3653,38,17198,16384,12093,19276,15896,2412,15702,5243,2482,1495,7183,1232,12605,2258,NA,9657,19865,10355,9413,7135
4953,3848,9864,8816,17497,19043,2936,19845,14591,2703,17438,10135,4920,NA,19013,13843,1515,1066,NA,12318,16055,13087,8425,4944,NA,4551,19586,NA,17967,4493,9882,18030,4856,14441,586,5906,17164,16939,13255,16839,3892,13986,6816
501,8922,797,4648,811,17328,1303,13446,18764,8338,4617,5617,1269,2960,15984,8363,3820,310,2450,1369,1410,3910,19849,2580,5372,9191,14316,11086
10685,10650,5405,11532,17292,4080,19712,19551,1175,6370,18468,NA,17486,4285,17153,3919,3245,15179,8858,NA,12727,3426,12105,315,1935,NA,8318,2585,10608,8684,1050,6294,7441,4382,NA,19578,11754,10267,6100,16776,5980,14991,463,11147,8573,1954,2988,6521,NA,6376,784,2583,14782,848,3451,2095,3214,2232,9184,5311,14308,12198,NA,18242,14989,6292,15337,NA,12235,12410,17437,5992,15596
18506,14745,14389,11418,4031,11930,10510,4464,3106,8224,6440,11879,5384,18048,16705,17979,7424,NA,19321,6456,13372,14547,14920,13184,18752,8120,6988,1248,5039,1528,10281,14362
8026,7149,4178,11815,4958,12160,9203,8448,351,10621,15424,18443,14753,8876,10222,15446,4708,4408,15583,16205,10372,7316,16884,19649,18455,847,15942,1251,2639,5140,5430,1233,2671,NA,8263,11827,9538,19360,603,15176,17106,5519,8453
18542,11395,4629,15515,17308,19708,4414,17510,3878,7155,9810,14866,2423,12116,5969,17513,12332,67,857,12475,4785,2378,17137,16310,10093,7705,12259,12764,5711,5728,840,11992,NA,2040,8857,16651,7190,10010,14147,NA,9432,13429,1806,4951,9645,217,NA,4919,8091,15549,17204,1163,8152,4225,4671,13254
9041,7322,7277,7078,749,19409,14143,3949,1192,11151,12360,NA,18485,14913,7159,16386,8931,17026,6307,3120,17792,19036,16753,11749,15134,12505,8369,16225,9681,7460,12241,363,18078,3155,2564,13039,17371,9132,11910,15431,6847,15837,168,6092,2763
1599,4731,4203,16674,7956,13821,8151,12121,2729,15241,11709,1951,11405,15933,10544,14180,2625,9896,NA,16989,19863,16437,19261,7198,3586,6070,10699,18729,14344,8780,15725,9961,2590,19222,4424,17689,NA,10615,NA,8074,NA,9803,13631,5645,13117,6567,8521,469,2493,13676,13033,6927,2717,15464,6879,1436,12144
9425,4266,17789,11901,14905,18982,922,8000,17608,9076,13873,7323,1282,8388,16696,8838,16701,6772,773,19143,16213,5250,18115,14256,16218,5711,5108,10603,3500,NA,1470,3938,9752,404,16999,1137,13816,7881,18421,13925,8026,11840,17499,NA,1455,11053,14307,11892,3312,17453,4649,10083,10557,12002,298,8786,17357,935,3704,11456,8343,14435,18281,16188,19409,8924,15552,2636,1589,294,16221
7239,19221,11352,14646,5647,2257,8728,5916,12308,16942,19954,5270,18951,2811,2422,12148,15974,15901,11915,NA,1368,6197,16728,1759,435,18247,4832,NA,13112,15771,NA,2420,1149,18748,8092,11021,15160,NA,14957,NA,17080,9909,15950,1953,17228,12916,17768,13180,3015,1731,19755,16391,32,3688,17917,18813,18200,161,9059,12508,8173,NA,3227,NA,18028,8799,15910,714,2178,6457,15502
12846,8589,5204,1760,15454,6110,15999,13472,14321,10364,5021,NA,18642,6125,3619,19125,16838,19271,14959,19931,15097
8311,19577,19451,18465,17858,17867,11666,164,12118,11713,10843,713,11895,NA,11883,894,3751,NA,16050,14912,14190,4234,11271
16267,19910,1360,9545,17606,15723,2264,6740,6800,70,13743,2288,2955,17219,NA,12832,7052,7410,6132,16802,75,2979,3881,NA,15448,7157,14696,10024,12282,13626,1015,7265,5544,15826,14601,15213,8640,10531,2167,2976,17142,9535,9842,5878,19473,2532,14676,12330
10317,2072,8920,4487,10608,18631,3242,19539,16176,14615,10073,14390,16265,7891,1335,15448,13783,19761,13582,5009
12637,6157,13542,502,862,3167,8315,7742,1766,8743,3269,12050,18332,NA,12004,4248,17564,6981,5135,5758,5667,3542,13246,19295,7844,7385,799,12432,6477,9212,11531,7928,933,15406,16970,13372,2360,4334,15407,NA,7316,17140,15250,14347,14969,3269,17052,NA,15899,10066,NA,17984,15315,NA,4214,3620,6499,NA,10360,8206,2093,19071,16856,17627,15019,3717,13725,14968,15943,17920,6986,14731,13728,16752
16175,3387,6592,7334,4163,9124,7663,11654,4303,1118,13515,9503,7814,6315,2477,18119,10887,11103,6283,1554,NA,19527,13571,617,3952,NA,3082,8732,19874,9825,12478,3569,19862,3661,NA,13489,10239,12328,8819,10353,2414,2213,15022,NA,756,1388,531,11097,NA,15765,12138,1060,12382,1881,16766,16457,86,1495,4031
5159,2114,721,16380,13228,3073,4529,2858,13274,14721,3694,458,7241,NA,6826,7075,1180,11790,NA,17304,11457,7957,9927,NA,794,12053,115,2308,17338,11965,7158,15507,15305,13763,16033,17509,6427,NA,12796,403,17018,4612,637,1290,NA,2319,5107,19081,NA,13751,11747,15491,11733,NA,14611,15161,NA,18606,9929,7531,7340,8888,11217,10834,7521,17034,12573,NA,15845,19387,2884,6402,10687,11814,14424,6312,2410,19538
8475,1124,16345,6385,6566,9061,7357,3943,16383,12478,15280,8370,7917,3224,NA,3695,3758,5241,16807,591,887,4648,5035,19347,14086,19394,6414,NA,3497,NA,12843,1778,8082,14809,2010,8191,9567,10460,4557,7066
1226,10494,9697,6450,2877,9616,4691,2434,17236,11653,15802,182,19618,6123,4397,15629,8847,15687,9653,6354,6121,10185,18609
19988,19340,2703,18907,13960,8888,2284,18203,18948,16682,19529,8165,10526,9886,7589,NA,12824,16367,16866,NA,11468,526,8875,8516,12407,15325,10269,2306,12885,NA,2557,2863,3263,14632,13501,4527,9647,13326,3723,8752,5574,5042,7247,5351,16191,5060,3028,6080,492,588,3435,16447,9151,2736,17007,12168
5518,6328,5324,9706,15455,13836,19504,6899,19303,12393,11817,3016,15414,16955,1773,4791,18476,464,778,2572,19952,4385,429,1638,2246,16824,1983,14220,12334,767,1542,2100,8537,2026,609,4245,NA,19007,2061,15635,3741,3161,3629,18969,14109,2569,5150
3285,13717,6949,6769,18289,10384,11242,2132,6558,2383,15321,15271,12366,992,583,10349,1123,NA,16702,NA,4751,6359,72,16242,14620,NA,6488,NA,11298,11888,18436,9237,NA,16368,7961,9939,11302,10238,7738,NA,2795,3129,17790,9582,5482,10520,6438,7718,8446,14009,31,2566,14869,2278,18554,191,14028,13439,11697,11566,8644,18186,9081,7952,4453,13842,2849
1914,12038,18124,6218,10071,601,15453,5952,9332,14813,6237,19656,4002,17955,17771,4275,8175,11388,5904,17135,NA,17828,9177,2507,2993,14559,6983,9502,15487,8412,3221,13949,8680,17620,19793,11984,7916,745,10368,12422
16086,16400,18451,679,3793,18522,19098,15960,1393,1033,9953,2338,1302,19771,11786,3031,4874,1286,7756,NA,19607,8318,19477,NA,18645,NA,193,NA,7471,10018,19748,3436,6502,11386,19028,11338,128,10101,16303,13545,6777,13195,7832,10089,15535,18475,16616,16103,7127
