1750,17239,19213,147,1524,3310,4103,16236,3904,11313,1682,17252,NA,19908,2399,16728,16901,13780,8602,14981,1398,NA,15153,3110,14686,NA,9314,1398,NA,15779,19774,16442,6686,16256,7808,9731,8353,9976,7920,12253,12159,7371,12758,11104,1631,16753,11988,2319,2736,14606,17140,7632,14621,19232,NA,4052,18242,8587,19036,16407,17437,4336,9169,13668,15231,14073,17053,17695
5385,17241,15224,6076,3115,13761,5910,3349,9724,17496,12004,8526,8899,6852,9867,8252,6717,9490,17955,3198,6305,NA,3979,3256,8414,3970,18873,8076,7609,16177,5874,1483,9815,18768,6068,13799,15572,18556,14459,15959,17828,18945,11037,8654,13713,57,17924,10767,19593
6282,16933,417,6680,1989,4799,13280,6813,4253,11269,10227,2036,9200,8766,8729,11618,17484,15325,12926,5428,11292,NA,15384,18588,16241,19191,11051,19289,10307,NA,16289,1869,12914,14318,NA,8840,7022,17162,10044,15779,1951,10896,19531,1602,8006,9141,4182,8654,173,19037,1600,10895,17618,13551,15228,3368,10842,1171,10358,7443,4363
4287,16940,12332,15512,7010,9391,10944,4485,16378,14876,16562,16090,14825,7231,17430,10457,6621,16183,1145,NA,7489,NA,1901,19986,19962,6558,9063,NA,6668,18228,586,9472,NA,12160,2937,16415,13190,2187,11069,2329,1051,16583,19836,18038,9331
8967,188,4168,9156,16951,14182,14895,13452,17042,5963,5005,16263,6598,12279,6730,8380,6012,13293,1988,2985,NA,11938,16310,13818,12670,12229,10441,NA,13177,13744,3485,11421,16672,4054,6213,NA,12124,17717,15397,7971,5973,8163,15020,18568,2828,18995,11196,6788,6634,12872,NA,3496,14389,16144,NA,7324,9131,4197,14857,NA,7035,6285,7678,3304,9468
6067,14878,19586,16175,16725,6336,11958,54,18420,4074,884,7639,14224,571,7550,2692,9307,994,3721,14545,NA,5158,8283,1635,16455,NA,2575,4530,17223,3293,NA,17379,2603,5862,2828,18702,12404,19353,4745,19365,12065,3499,12686,6384,6984,15383,8250,11402,11982,562,NA,10560,15244,1378,NA,19503,11956,13418,15348,10192,10183,7085,16188,5440,18754,17107,12210,17858,12427,7593
17169,13501,7169,628,2775,2711,13481,1869,11048,15365,13381,17815,6770,8972,1588,4810,14556,11307,NA,16981,15445,11137,18006,9360,18411,8041,18366,NA,14100,3900,2183,17900,7531,2968,2110,17286,NA,16907,6052,15301,11100,9249,9584,11380
11119,14196,17982,7270,549,9090,3655,3689,19080,2078,16592,17596,8843,6668,18494,5277,406,4462,10386,5103,NA,3540,18141,11312,3430,3999,NA,13520,9653,18610,13410,13740,15988,2049,5343,5297,18004,1650,15262,3398,13750,6396,7339,13525,821,8632,16805,8904,102
18762,7608,1302,6812,19449,5833,2097,8665,4882,7525,5332,14226,1871,2651,1801,5211,NA,8898,11110,5381,9048,4615,3967,4470,14024,16671,8211,3601,8445,13450,1687,2706,10190,15748,6017,1734,7163,19943,5285,13583,18963,5927,9728,8514,11585,5245,19303,7232,13356,14738,12201
15319,1083,13513,1024,19022,3877,13587,8519,2488,989,756,2196,4340,1135,16800,13705,8131,4991,10143,15626,13901,10100,19791,16409,7013,6731,7605,10247,17658,NA,6325,9023,9254,4760,17437,10690,14670,7257,8938,4268,18123,6724,9878,4695,6694,18431,NA,16600,153,14149,13443,3226,4069,15826,NA,10462,10715,2414,3071,2323,1392,9646,1327,7638,19437,17468,6997,2242,519,18522,9203,12227
11994,14652,12946,12437,17258,14887,10681,6873,15848,14425,9369,10030,5092,5257,322,6607,9440,521,14288,11574,1744,6242,8690,4878,16563,10022,11944,3867,6771,NA,14733,1243,13973,NA,2728,11550,10760,4420,7554,6627,7000,6329,3310,554,15610,1831,12614,10805
19490,10986,15039,2502,11146,13286,7355,16414,18439,14413,19482,7287,3448,8735,4902,3911,5669,10180,17925,17264,8225,1781,7575,10578,14923,17724,5965,19926,NA,1930,5039,14830,2610,18051,6171,4952,292,19931,2116,18524,3023,12853
10554,5420,17021,16118,8630,13274,18214,4310,9709,16558,14446,NA,8286,11749,12357,12421,18677,10888,15577,12572,11386,15266,17668,3810,11831,19451
19735,6014,17965,8876,13591,2751,14762,11042,2342,12759,11245,14377,NA,3965,17192,671,9687,NA,8767,10340,17893,14702,4417,3966,1937,17168,19039,7413,13856,11316,4993,1278,8785,10303,13924,17331,NA,13095,1454,NA,6915,12890,3922,16368,5859,12279,7876,7729,3858,8813,NA,1982,15511,16967,6468,13925,14578,3450,416,15125,9085,1622,222,10593,3931,19761,11668,6087,18012,13461,6223,7895
9508,17496,2254,8874,7803,5456,16211,16411,4998,13654,16568,16096,10784,10465,16438,14553,15874,12627,NA,1693,17701,12121,10593,3833,17043,4585,10002,1625,16865,1420
9377,17329,15877,3007,13129,12692,665,4527,12587,400,6753,3329,5784,2122,12207,13091,2906,8652,9833,10382,9028,13393
1432,1151,130,19339,2342,12004,6626,12319,12743,14975,10854,NA,14373,12762,NA,15656,11803,802,10656,7015,15898,3349,15184
15450,1489,16215,5552,1433,8291,453,9222,7425,19850,16140,11081,18855,13872,18132,6629,13986,18746,7979,11141,5276,15765,4526,12681,6582,17667
9718,4631,6941,16799,5592,9649,15770,12311,8984,1743,5246,19160,5583,11785,10677,2199,NA,15155,15894,12054,NA,3405,299,19346,4767,9738,3530,NA,16755,8379,14851,11332,12049,NA,17715,8232,5025,3584,9869,16889,19051,5927,3372,787,19116,15884,13972,4621,16422,1594,8682,18683,NA,13316,13759,13485,4307,17223,6624,524,7592,14913,3394,NA,1564,8067,16159,3528,17934,11721,3886,3498
16330,10493,14687,5318,12332,5250,10137,18819,7256,7181,593,NA,12241,2495,11875,1435,18361,9671,17458,12773,10952,17129,9493,18262,5107,5303,1253,8915,474,NA,6600,NA,17816,6536,15543,12238,15279,15247,2888,12931,7702,NA,15608,15884,3893,NA,13724,10379,3256,15740,12674,400,3876,2097
9952,14681,11192,1665,5080,5969,6447,18195,6274,2720,17553,2712,9822,13139,700,19347,16987,10778,16788,15379,10238,17222,NA,19582,NA,707,16656,NA,3355,1710,732,18170,9226,5066
6392,13159,19780,4093,330,17578,12717,8259,18624,6060,5672,17558,16992,4930,NA,17723,8959,3532,5544,18334,5702,9643,11405,7484,11770,8913,3954,4789,NA,17088,NA,15095,11925,12872,16938,2295,5377,18296,11677,3760,10626,4692,15595,6682,13903,19004
19773,18927,5279,6036,16304,14796,5145,4639,17645,1002,8155,10129,10391,11762,12473,18593,14393,15873,3672,10053,1519,15052,19926,15811,16741,11662,15259,9062,9306,18784,707,13210
4238,9602,4306,3835,222,18209,10978,19507,1,4018,13609,8496,14131,NA,4433,NA,16437,6359,551,3601,13715,11283,1718,7054,383,18058,8782,6522,332,15643,19369,9421,5018,512,8127,16950,NA,288,4051,12318,2330,10026,14712,NA,9329,9763,14684,NA,18602,5651,16995,928,6735,17779,3049,535,11836,4269,7367,9232,8459,9874,11391,6747,2970,17058
8994,5726,1733,11710,6030,7527,7689,14406,18045,18099,630,9749,8863,11119,13299,4225,2959,5933,3267,NA,15302,NA,12194,NA,3243,15653,12626,13265,2273,8884,12046,1697,16926,16008,19291,6903,NA,16623,18046,16788,NA,10801,1762,7484,8959,11603,5484,18048,12094,NA,17980,16996,8219,10354,610,12596,17353,5015,13819,5553,3695,16926,3435,NA,16945,498,13367,8944,17745,8121,13649,2997,17379,17482,13519
8778,10118,12896,9839,3619,6144,13690,3866,6354,18410,15951,16944,2154,5952,912,19333,6671,19369,18738,12053,NA,8360,16255,5255,18844,NA,7409,15078,NA,9535,NA,14114,7333,13722,17769,17321,19583,11277,17637,13087,2571,8927,8496,9372,14849,3319,10211,3031,12837,9853,1358,12259,8648,9710
16885,15384,12551,19896,15400,11557,14460,4974,12160,16579,12234,17182,NA,14395,4692,7888,11373,4754,1127,6350,10896,8625,13230,11038,NA,16788,19807,5200,11051,1387,7978,7791,2050,12813,13236,15042,15049,11087,17793,18039,16173,8839,4660,17968,2813,14170,13264,3934,5039,18882,4417,9946,9545,14572,8188,8511,10284,NA,17981,1395,10942,5940,15017,3985,2087,6463,7188,8338,11664,7325,15689,17307,16302,7079,16482,4376,17061
7388,3073,17168,7175,13667,17331,19791,18327,9731,12576,3429,8743,10590,18519,4388,13492,2120,8014,1132,18549,NA,12002,12312,11898,16448,9952,7076,495,NA,17693,961,16954,776,11620,17411,NA,6516,10535,939,16839,13447,1696,8171,8735,16557,15034,16741,1497,NA,7374,1238,19684,2014,14204,9149,12227,19687
5259,2741,1308,18897,9612,9698,850,6198,2396,14374,19246,18368,NA,909,19431,8955,3908,17278,12071,8654,1182,NA,14334,7138,2660,3607,7023,13030,8972,11254,7073,NA,18498,9018,12904,16680,6567,12695,12832,18964,5712,14202,1347,13288,4299,6511,9980,4498,11064,2878,14510,9064,1542,8388,15812,5697,19163,14730,677,14266,16582,857,6403,18178
14166,6993,9735,13770,9858,15946,8005,19250,9056,16087,10108,2525,16451,11670,NA,9381,10416,12457,3164,17836,15504
7137,14322,18874,4873,7664,11743,18754,18211,19535,4748,1401,14179,17316,2079,16253,18878,4093,NA,808,8852,19330,18334,10660,4899,NA,17709,NA,16308,7565,14561,16407,7066,3216,NA,162,19514,1144,8801,5031,3456,7130,17238,NA,2772,6604,370,14649,4217,202,6056,2807,5412,13368,9389,19611,8191,13934,9164,3352,14119,15570,8048,11986,17007,19318,9132,962,13130,16323,9295
19042,16882,5379,6303,17196,14651,9351,10771,4024,11355,11097,10879,1302,14374,18046,1026,13265,4002,15457,6055,2636,NA,11052,11765,NA,19883,NA,9055,11704,10874,4865,4664,4891,12817,6817,17733,15278,1488,12909,NA,6971,10262,17664,NA,3353,10772,6713,10379,10072,11691,13460,9889,9012,15099,2356,974,1183,6481,375,655,15764,NA,16392,11829,654,19968,9066,11296,18545,NA,11605,6221,6330,15794,5941,3869,11321,2003,1304
9573,2828,10332,8852,4170,4568,12267,13315,15314,10831,8501,479,8260,5639,2659,15624,12300,7218,477,4137,7529,9472,14159,12612,834,15390,16752,12583,NA,17871,7451,7364,2886,NA,13288,14559,15226,NA,15932,2729,6539,13109,13420,10183,4803,9086,15340,2883,9168,NA,18721,11988,4847,NA,16464,469,9883,8093,5844,2022,11113,17060,12698
6651,5917,11826,17743,2393,15019,12835,17840,10353,11463,11160,17622,7642,18751,15627,NA,9840,2791,2080,626,15502,16714,NA,6003,7024,10912,14509,NA,6405,NA,10303,18778,8179,12682,7561,533,19299,11724,18286,10396,18189,6535,1730,NA,5831,NA,18614,15535,NA,5121,6790,374,17923,1256,16939,1151,12009,7297,15605,17471,6338,10271,17369,4762,17036,8440,6585,15963,6126
5994,12195,11093,7524,11887,14842,7488,593,6538,2252,2923,11627,7933,1369,7800,8344,16665,7787,6360,NA,18235,1766,8507,2557,NA,570,9229,17744,NA,11347,198,777,10192,12944,1120,10443,19938,9838,4828,8344,2482,19723,2284,10108,2928,3081,15801
4431,15770,6521,16599,1807,16105,14270,9674,15836,5718,7376,6769,NA,9149,NA,10983,NA,3519,14707,18358,3529,8927,19536,8568,7297,9124,19807,7951,1752,15602,5249,5057,12474,NA,3654,6626,3542,6072,12203,3653,4846,10710,13887,973,2109,8274,11270,9533,14492,NA,6803,7812,9169,15581,1258,4498,883,12211,6706,6580,2425,13246
13345,7241,17962,16769,14981,6267,4842,17990,11272,288,19963,14787,11725,6582,5301,9441,9914,5442,7722,3608,11671,8173,6301,NA,8961,2287,11050,17085,6661,7690,11339,7991,7029,NA,1969,423,NA,8434,16918,12517,2041,3172,11375,3634,10113,17506,3855,2525,8657,14604,15590,5972,18589,16416,3977,8440,18742,11667,6946,13257,6160,7066,12094,11627
12229,10932,16327,12170,18490,14652,1910,19757,3077,12830,8575,15492,15126,15379,2328,5241,11895,7345,NA,3924,15911,1651,8491,NA,5751,19520,8858,9073,NA,4265,17878,1782,19997,7571,5768,5191,18228,2964,13756,3889,11368,7552,13673,9483,14334,13495,14066
15882,2500,1796,15473,14304,8530,13438,5208,12400,11320,11441,9470,913,5556,9974,6526,18216,NA,5486,1916,3189,1668,808,16285,NA,11722,4996,2718,10472,12204,NA,11426,NA,6910,5590,18457,7548,16526,6388,7661,18284,733,3591,12477,5456,8127,6910,19417,NA,15841,1121,14789,8192,NA,17123,NA,16924,NA,1285,19868,NA,3052,3092,8628,17848,5849,12719,13412,5713,7832,16685,16544,17099
7591,1888,5923,11107,16630,12499,13503,8025,1689,6843,18057,NA,1754,19973,18865,4718,NA,5359,14624,8722,10018,13553,662,NA,14872,10009,1372,5929,1441,16586,18283,11577,4529,2611,4892,19701,NA,18236,13244,1191,NA,5392,17841,15914,9386,NA,18831,3841,NA,9580,10794,17455,960,7963,6371,13585,11186,5505,19902,12501,15970,NA,8674,6067,14671,5674,NA,17471,16232,19974,3055,11581,6740,10069,4623
9608,8038,3390,12689,16857,17146,17749,16590,17656,6422,6822,9016,8331,2245,NA,2098,17374,17898,4297,6209,18559,1421,16526,14550,16406,13029,7072,18557,5750,4257,1290,17538,520,14405,18108,NA,19703,259,960,7483,19104,7911,7366
7879,15242,1683,5010,16193,12993,3206,18387,8198,14069,17906,9185,10964,6521,5305,15111,4725,10065,8087,2902,14503,13698,1140,6841,17583,10303,14858,16622,17935
8023,17749,9551,3344,12629,2392,18816,13753,10552,5971,4857,5018,7790,15016,7888,2346,17292,10298,18306,10741,3393
19005,9694,7306,18147,15310,10274,8720,293,14256,14437,16145,16143,5752,7541,2087,14296,3402,11540,14457,14061,8086,5363,4363,7441,19978,11914,NA,11757,11125,2257,16463,7362,9191,12929,1208,6123,8166,799,11081,8683,2952,940,4904,3905,13325,19220,NA,12514,17037,4582,16156,16965,11603,1783,15702,6475,19480,4239,NA,16080,NA,3180,6722,2806,2196,6356,10814,13207,1894,4739,12215
242,18720,19280,15282,17484,19972,6986,10552,11663,19168,16077,8720,8885,9951,7032,NA,8037,12776,5029,1223,9513,13849,9857,2516,1741,28,3482,12277,5028,7841,13805,3227,12769,63,15058,NA,14913,5644,13647,9289,4635,2848,13806,1255,851,19386
2974,13385,17162,10381,12458,12461,9908,6741,1332,15650,19034,9428,17012,4882,11845,18907,NA,13457,5805,16635,7494,19170,19035,NA,9665,7570,19438,15287,4379,2997,8350,8868,13190,10683,8720,8702,18036,13794,8946,6237,2844,10475,9061,10266,NA,9067,14029,406,11685,2264,4464,NA,10801,9615,NA,12702,18529,11772,5233,15746,3359,454,13967,6820,10229,12851,10268
9479,12887,3331,15517,1587,5680,8862,13889,16262,4583,9918,6054,12194,9999,NA,6820,7243,3421,11451,835,2800,13993,7090,12855,15304,8104,4709,10746,7277,16255,NA,7617,4737,7702,16992,18743,3971,19359,5904,19569,16168,10940,15101,16629,11240,120,17143,3186,10352,14191,2394,11177,8005,990,322,10440,NA,14273,5505,12903,17421,16956,14472
1831,9401,6781,6825,7102,7573,8832,9110,12358,8479,13950,9820,NA,14215,17598,16318,14743,19481,16346,6426,NA,16434,NA,5907,561,5324,16254,19736,18446,2013,14733,17833,1097
19766,5756,11540,19161,13790,10925,1390,17075,17710,344,6987,1058,3044,15703,6981,5743,16555,13152,4905,16405,6018,16485,17664,NA,18898,16506,17211,9688,17309,12978,13088,2894,7610,10724,2799,10575,19278,8889,15333,11349,9449,11180,NA,10781,18990,NA,3482,18166,13982,19214,6186,4065
12650,8279,6563,14081,13442,11554,7063,16699,16173,19249,17487,3714,18358,12653,381,NA,10863,12921,11284,16126,19329,NA,2133,3189,208,3423,14571,12729,7458,16378,3107,7128,7547,12058,17361,3771,12008,NA,6347,10107,16602,11401,2447,11380,3379,8530,3891,5063,NA,11807,10769,1578,NA,3334,13555,18819,19636,2211,14557,4071,6472,NA,9237,13229,5499,4405,9033
12475,967,17696,6988,12009,14612,4367,10749,3800,7825,8139,15065,18608,NA,11993,13504,NA,17687,5581,14777,7469,9103,9565,17010,3810,6445,9037,6023,NA,16388,14647,11803,11271,15744,5650,NA,14516,19417,NA,6322,17577,14967,19580,1067,2570,NA,319,9865,8906,9945,11108,15872,15925,8825,9817,6217,11734,9012,9419
