11761,7246,13830,16422,8850,2724,8229,11490,874,15059,9831,8365,11614,1312,5526,12952,2031,14783,NA,7296,9303,2378,9032,16132,11716,14583,4121,11705,1972,NA,14956,10046,19860,11456,6006,5421,6830,1837,8075,10202,4950,17326,13986,297,17936,11775,NA,18437,NA,6160,1397,19489,1251,13973,1258,11830,NA,9616,13808,18665,5692,1546
5175,66,19230,2663,16863,8698,9022,16332,11533,11301,9882,2485,1612,19873,10745,3726,12897,8049,6327,1504,970,11702
17766,1372,10928,9365,18406,645,15117,512,4868,18634,3228,557,NA,6544,11173,3277,11875,13210,17909,16689,12275,18204,NA,11145,1590,14894,4228,1541,3804,NA,17467,14260,2745,17416,9064,2685,11821,656,18961,NA,3741,4956,870,5849,607,16300,4234,3836,3384,8688,NA,3200,700,16669,3757,4821
10925,2302,4446,15431,3815,6318,6429,12880,15004,16362,7770,4312,19640,11053,649,12118,17603,18912,17807,2469,3954,2478,13620,13371,14618,17174,12131,17010,17919,187,17128,NA,1906,1340,5402,17487,17625,13626,18302,15334,819,4109,17943,NA,16129,NA,15516,7553,15161,5969,19659,890,17230,15380,8989,1902,15724,4382,12202,10336,15950,626,18120
10978,7310,395,5299,17989,13086,19476,10959,4310,16999,2070,NA,9486,2045,16734,2563,14619,12008,19829,3720,4072,19149,840,13097,2189,NA,8170,990,1554,6824,18846,17860,1675,6256,7571,16295,295,13031,NA,5381,6409,12900,NA,12068,1972,11150,12485,NA,6332,2677,19067,8655,NA,10582,15115,5893,15813,10134,12015,17233,7304,19853,10870,1922,19234,16148,15022,3474,1328,4195,9191,13601,9101,9883,5499,15712,12055
5121,5556,8818,17596,8020,2215,5373,16219,14398,11389,5589,7745,19731,2231,12203,9383,NA,18182,12732,12157,6865,479,8718,6630,18070,13629,15645,12101,2983,7475,16641,16957,6731,14838,14823,17959,5887,7335,17361,6545
14279,11468,10412,17829,14482,11358,2865,9884,7049,4210,19135,6036,8291,8174,NA,12661,1608,1970,16548,10476,12043,17383,12270,9428,7152,11865,7518,NA,1657,11583,2867,18784,NA,9263,14960,12868,2298,9615,170,9341,7388,19179,16316,15137,6907,1203,13296,1527,7597,13144,1015,2276,15910,7633,1358,11733,14052,7949,13785,7833,18415,7615,3709,19742,869,NA,17208,13499,14394,1280,434,14960,6515,18555,17023
15112,12398,2517,3814,11102,17190,1438,19562,7771,10046,14832,3634,6172,11797,2031,18550,9738,17994,8615,15843,17103,18186,18476,1041,NA,1250,8389,647,NA,13298,16082,6774,8088,17022,291,9229,17467,13987,16058,NA,6897,4403,13377,16407,12015,15102,2202,17583,NA,4757,15261,17081,14242,9147,10255,9631,13876,4538,63,14385,14756,860,12800,17254,13971,9949,3277,14732,15857,7489,3868,6185
13090,12340,2818,14000,15270,12489,18584,2358,5651,9981,7353,18538,NA,14381,15399,5620,14453,13661,17913,1418,1216,4685,15252,1910,4212,8544,8511,NA,13498,5717,6102,NA,15505,19117,13015,5352,4055,12692,10234,17472,3284,12512,NA,6800,8310,NA,18907,13913,19235,12871,11875,17606,11396,9406,7721,19013,1561,8884,8737,3722,5182,11694,9701,NA,9934,14163,17151,935,173,2090,16235,12461,NA,8319,2819,16356,10682,11038
19254,275,16546,918,235,17031,9618,1553,7188,1827,4056,3588,16514,18384,4644,15039,4673,NA,109,4899,18216,11351,1428,15491,15530,NA,16069,12674,9067,5202,17204,8834,9103,17445,9620,11826,7993,2961,12074,14117,10392,5170,7650,3044,7516,7092,12407,13317,5032,213,13339
10459,18589,12714,16117,5503,18764,13992,8783,10524,14361,3804,3884,9278,3126,17731,15869,11987,15255,15337,13730,19325,9848,1118,11992,610
17236,13461,8063,9058,7065,9846,2254,5784,18990,10958,4887,7096,12567,3959,5624,17366,9473,10095,NA,12179,16064,15738,19931,14239,14785,8195,7069,5184,NA,14324,8504,5382,13892,1293,13036,7886
14737,819,100,12140,14156,13547,17815,15864,13715,534,2602,16664,2606,NA,9650,7529,NA,2490,18363,2447,1571,523,291,3682,1438,11228,4998,7177,12202,909,18960,NA,19726,687,12438,6304,4648,17966,18814,16933,17038,954,3857,17638,7603,7250,4109,17139,16902,15526,7261,18224,9582,16629,8147,11913,8908,14041,18706,298,6350,19653,2364,13164,NA,7328,5811,16306,13122,11832
9485,9708,7014,11551,10277,13437,6436,17725,4876,7923,15097,920,4738,2178,3705,9291,15055,19901,6033,5558,17533,14099,3822,9643,13221,1745,16804,19793,5808,19938,17278,13155,13889,2830,19572,11680,11019,14577,18089,17712,10727,12801,17355
3114,8050,1924,6335,17189,6408,18131,212,16362,19343,13049,8720,8137,15069,5368,1385,19702,18318,8055,15226,16270,4562,19226,14412,2125,16740,17142,12273,NA,6443,18856,14456,8511,10037,2684,1394,2475,12705,8126,328,19056,1688,371,16449,2750,16296,18445,6481,18983,11586,14012,NA,18233,2446,7437,19728,3525,10164,2282,4487,19247,NA,18016,17665,7107,19556,18001,1049,7795,15882,5242,16328,1965,NA,18897,9749,10233,514,3939
7023,9607,11842,9076,11176,15028,1060,8433,3948,9009,3489,3566,6270,1620,NA,11535,4045,2917,16794,19641,12724,9773,14452,10907,NA,7021,9920,3940,8960,17025,16287,10949,425,14348,15898,NA,18716,6274,8703,18682,13877
9356,12083,7442,2904,2635,19915,581,14649,12458,16678,11403,8001,17459,9698,10739,10694,14229,16097,7698,16624,18501,17714,19118,9064,10947,6639,17320,11587,NA,3645,16699,8162,15813,19779,NA,8877,1461,11224,9313,17381,2629,990,3647,9530,9512
13418,7151,10081,6898,7248,10711,400,222,8252,4826,2426,19209,2828,NA,11938,2410,4038,3981,NA,14188,19682,17476,7456,NA,13496,13133,13766,949,9033,4116,9133,NA,9800,919,2878,580,NA,13858,17582,9482,13813,NA,19294,1395,17173,18113,2672,NA,4176,NA,11270,9918,5528,12387,19179,5398
4023,6824,334,21,1559,19204,9546,1803,9250,9098,13042,9518,672,16903,18079,19013,11824,17312,7007,14908,13508,16355,7484,6303,16692,13934,19744,10714,12402,3585,4547,8474,NA,10486,5514,4362,18316,17485,4832,10224,13522,NA,17208,4465,10476,10524,17901,2255,19543,15120,1149,4814,318,9084,13979
19002,2464,17538,18956,12510,10215,1413,9038,7230,3336,16791,11290,1028,16126,10162,1471,10634,9262,18501,2274,16774,12763,14780,10417,15116,14943,NA,7191,18205,4508,17444,2072,17464,6304,9822,2458,9572,15570,NA,14169,18471,6285,13954,5905,NA,2269,NA,4909,1641,819,16296,13425
17710,16079,16293,18282,18684,5450,3612,2164,13892,3357,15793,12717,17208,19350,14213,4660,NA,4489,8840,14282,NA,7288,NA,16022,3300,NA,1938,18814,13803,10736,9768,19934,1645,9512,4311,1798,279,13803,19936,NA,14428,13541,NA,10377,15922,18002,18150,18467,13996,5757,16968,10808,15153,15117,16002,15858,1282,18235,2634,4212,10579,2185,4395,5935
16994,4480,638,13552,14319,17151,3622,16074,5860,15075,15361,13672,15571,NA,9730,7688,16604,19461,NA,5819,12226,1966,13531,NA,18359,17996,11268,NA,546,4620,19520,17720,13838,NA,19920,16873,4619,5874,NA,5921,1813,2365,NA,15435,13709,15158,2554,5606,4721,10947,5930,NA,9289,19157,16495,6719,14065,15542,11981,11500,NA,5661,17973,NA,16825,9271,12135,10032,19155,1833,NA,4536,8706,1053,17813,6890,14822,9271
9288,11991,1251,10371,7141,337,8105,719,281,16957,15065,4607,NA,13098,4190,12708,18338,14584,2304,1326,15721,2729,3592,1509,11879,8095,2621,5899,4610,10435
18019,19464,5631,2929,15754,790,18978,12401,15058,3599,2465,396,NA,11594,5801,14233,9237,NA,1765,1203,4992,8841,11002,6456,6718,12896,8432,15494,18089,15309,18,7252,14097,5789,18642,18296,5510,3774,1972,835,3908,7403,2384,9834,12624,3795
8757,2782,14119,18998,13813,15285,17964,1790,52,18310,11065,5657,NA,19979,6763,17476,7349,17218,17516,11127,15571
3354,13035,15452,4794,5498,16973,2463,18962,7149,11964,6591,16321,13199,16571,8015,1298,5879,1709,19154,14056,5972,6271,16111,13670,9856,19370,2565,11729,8841,NA,12765,NA,12132,1324,6458,NA,14150,17606,12133,4259,15706,6894,304,12796,11051,17065,12503,8426,2934,17731,14602
1504,7710,18380,11301,10282,13787,14288,19987,8047,13111,15494,15998,8255,2024,16739,7181,4084,13672,17602,15767,16467,7162,18184,14487,NA,2222,5207,NA,355,15437,11670,14094,3714,7627,13453,NA,17311,8133,2673,3324,11647,457,543,8698,14383,16516,13651,17545,14316,14743,19204,11650,7441,16118,7875,16889,1047,615,12098,14668,5955
4938,5245,16568,16770,12755,19298,7639,482,5404,18366,1214,6868,NA,15585,8288,5445,14052,18338,12230,16334,NA,7049,10830,4739,18622,6522,18375,5844,18020,16432,1809,11200
7678,5052,3524,13469,17005,3816,8734,826,11983,578,19137,4483,9488,3414,NA,15784,10549,NA,14006,4814,NA,4346,NA,11776,8823,14849,17987,12899,11526,344,18982,3916,3003,7270
470,10904,19475,10597,19207,10144,1040,12761,17804,2174,10573,733,12003,17644,1915,4575,NA,4983,8087,4610,12507,12636,12210,13468,13077,8067,9248,12402,17289,3306,17721,17553,NA,1624,6484,10702,12272,4545,3697,18522,9643,12614,15155,8216,16890
15140,8849,3054,1072,4393,1128,2776,3834,3019,18125,11279,18263,3695,7714,15361,7550,17237,12405,10656,704,11272,12238,1892,10939
3543,17440,12704,19005,872,7739,12122,11634,9123,8901,11650,1291,15177,18583,11422,16259,14972,NA,3268,2443,16426,70,5749,NA,11624,9157,11572,10623,19009,9204,NA,865,NA,10066,14752,14847,11116,18432,19853,5152,3141,1000,13768,151,12799,12837,14686,9527,2730,12155,NA,15455,4347,15528,6301,10095,NA,7160,NA,11029,3760,10082,5508,NA,18929,NA,18943,12046,17501,12502,18884,6802,15220,4314
16555,8305,13235,5773,15171,5984,9479,7182,14349,2727,17499,16526,7280,4424,10359,NA,11159,5535,121,10003,NA,8037,13639,5454,379,13382,11718,6206,835,NA,9430,6359,11082,14868,2964,NA,19279,16288,674,1694,NA,6173,17023,8097,9996,9055,12089,8449,5645,12812
11185,8320,16645,6347,6385,13898,4729,18764,6955,11781,3980,16038,2776,10043,NA,7745,16772,5898,2853,16030,11688,10490,16535,2793,16059,12611,15283,16922,5497,16746,3248,6582,NA,3305,6571,10990,NA,9740,18469,6965,17542,6346,2836,9984,12678,NA,6832,11752,9011,16248,7405,1467,13186,NA,888,15454,13179,10835,4507,2727,NA,16851,18932,2192,11446,12427
9,14497,14925,18100,9387,1880,14956,4578,266,833,6923,17177,4571,462,11275,NA,10092,7410,19184,2311,9817,10399,306,3038,2661,1479,2327
3392,12199,10269,18128,5716,9024,11742,10129,11083,19152,15286,6606,19456,3707,3851,NA,612,18063,16787,2368,14887,19320,NA,1538,NA,19739,5379,6764,16455,13727,9702,1606,8081,18108,10662,11898,14739,12971
18618,15760,2239,9226,13358,1538,12988,16227,10293,19154,2544,10021,9793,5082,16835,12795,13107,6691,18490,290,9101,12937,9028,18522,6742,9704,17164,3658,19975
18524,2118,5540,17562,19116,3088,14094,9239,7994,19545,15603,10156,1082,NA,16846,5657,370,917,16270,14006,6588,13128,19370,14283,12147,NA,7704,19486,9583,3342,1286,NA,15421,9947,19992,11314,2432,18639,7931,17367,7987,13260,11702,1719,10974,17742,9426,15667,7450,15032,17088,17204,13973,11939,1886,NA,10115,19405,9062,10,4138,5256,19838,NA,7195,7975,NA,18707,1795,2246,NA,489,19091,6439,2466,18995
10933,2551,8229,19651,2496,18871,12374,5743,17381,15725,1487,7065,5079,18186,14604,15603,18008,NA,744,11029,19265,3510,10246,7137
896,19582,16528,9833,19894,18663,12275,7258,13277,9913,780,4103,15213,9085,18425,7921,4748,NA,8892,NA,256,NA,13453,10553,78,NA,7783,6971,19706,4960,1424,5702
15235,12950,18384,3485,5398,18277,7080,8783,1453,11579,5925,625,14200,16900,6964,3578,13641,5711,6885,9011,4034,1756,10715,9123,12698,1271,15602,19203,64,6497,17813,11576,4415,17,6106,2357,9705,10885,4717,15511,5182,12588,1746,3427,17354,19427,4819,713,14966,16369,17654,NA,14195,705,1705,NA,16411,5391,10937,6400,7447,4021,6390,6541,13400,19856,1613
18937,13328,12738,9789,11763,17824,17952,13224,1784,6590,18292,NA,1562,3601,11418,16301,3707,18532,622,11186,16604,15675,18800,7418,8603,7836,18992,591,7729,11386,8801,3866,15312,585,9180,5664,NA,6506,548,NA,3317,11465,1713,8383,370,13405,468,149
1815,5155,1657,15632,659,19887,4478,17512,3863,18234,16162,10078,NA,16989,NA,5862,4501,14328,4251,13564,NA,13715,14560,8933,19147,NA,12397,15392,18824,7375,9611,1820,17274,3723,1668,15162,3571,8659,18132,14522,NA,18123,NA,8490,19730,9767,7859,NA,11477,1614,16542,13807,14025,9553,18883,11180,9772,17811,8646,2723,16620,17621,9461,3732
10486,9854,13887,17433,6931,11911,3037,6237,10800,17834,5694,6918,NA,17525,6638,16695,9120,15287,18808,832,2226,15670,2890,200,8815,19848,NA,14634,16807,7752,14511,13289,14987,79,4866,19004,5853,NA,15652,NA,5973,14176,1878,3610,9173
2402,14207,9774,18636,9547,6266,18936,17660,16195,5123,3292,11654,16953,3496,12763,13253,2713,9826,4470,10458,NA,3458,19973,11796,NA,6436,10023,17574,6606,17677,12313,14455,7110,6658,2985,6915,15910,2670,17327,NA,624,15693,5218,5087,9107,12620,15672,5813,7517,6408,7538,2399,NA,239,18073,NA,13961,13130,14808,1803,11569,14001,11617,14011,13008,12437,6617
12913,12438,8146,12959,18172,7759,12482,9274,7845,6448,86,19353,17036,NA,16995,3734,7369,19424,15840,NA,15460,9209,1029,16322,3580,2070,14811,2688,2994,10788,10738,1688,NA,7421,10752,19210,17423,1767,12959,NA,5235,17018,16726,16984,NA,14623,14267,5872,17545,11286,4372,1817,NA,13073,8689,5205,1139,10245,7041,16438,NA,3583,NA,14016,5887,15898,6023,1023
3996,15907,13314,7593,7553,16241,8599,3881,13870,10897,16975,2932,NA,11869,15299,16794,16335,497,6548,NA,10959,696,3317,10548,18771,955,12378,NA,5618,8822,NA,18713,10945,9575,NA,17899,17220,16644,3537,15820,16317,570,539,7556,11573,14022,12456,13214,5269,15765,2626,15924,1718,15049,5682,11842,17621,14719,13031,17028,12796,2331,5010,8514,12686,8295,5150,9744,17817,4501,3035,6457,15877,19537
12750,10674,7284,2555,4892,11011,13777,16934,11938,11910,5900,2057,18679,3726,10666,989,NA,9970,10215,12562,19915,NA,13095,1557,10559,10830,16792,463,16847
11964,18999,17204,11483,14840,16239,12951,18362,8533,15692,10467,NA,18248,6267,5512,1143,11493,NA,14513,18034,9708,1124,19090
13373,14605,6547,3820,5139,1982,2689,17205,11318,7308,2110,7080,3827,10572,17225,10770,12206,3242,320,12968,12236,15130,9073,10982,NA,6192,11918,13479,NA,17716,33,8094,4299,6333,16541,14357,6599,6354,15510,5675
6054,14267,3664,1678,2562,4790,17480,1143,4620,194,423,5729,8958,NA,18932,9559,5362,1059,19685,NA,13422,15813,NA,9089,16906,307,11883,NA,2798,NA,2437,10506,9822,18723,5197,NA,12954,14727,6972,4179,10871,11901,17014,10398,NA,13208,9405,7315,1320,13724,10022,11975,18083,NA,10227,15366,6291,7305,16672,2225,NA,10620,8301,2232,9511,17233,10709,18610,19095,12524,18756,15759,10738,16961
7325,15184,16002,15659,3525,7848,14924,8208,16106,8401,10990,7868,6246,NA,4167,9628,16489,17337,9601,8500,16854,4283,19972,6289
12700,10912,7841,19476,18130,2637,15560,16431,5557,12341,15562,10860,13506,NA,9230,14594,2715,14128,7416,8075,10776,8594,NA,825,15829,2663,5182,15184,694,3225,13133
3707,563,11322,17491,19024,9378,10315,18946,13489,333,18774,11547,13366,12726,NA,8012,13923,2600,6840,6980,13712,9045,15644,6890,2895,3316,14268,13722,NA,12823,7163,16566,1598,9487,3480,15794,13962,19812,7094,14298,18852,6614,NA,15383,NA,9433,NA,13261,17788,6204,19428,9700,NA,5808,NA,18349,14558,3189,18442,3974,NA,7036,12920,19193,13401,10276,NA,8399,5576,9392,NA,2359,1300,12613,697,9706
18252,18066,16962,4421,605,3068,9764,12843,3736,4660,15824,7972,17606,15225,11695,NA,2497,1612,6178,1902,17079,19464,13494,10918,7593,3635,19287,16590,10528,11364,4176,403,5352,16063,4059,3006,11974,16598,2214,2356,10127,11186,5153,17842,17586,19473,3050,8060,398
8926,11793,9513,16051,11662,15123,17675,14679,6398,18715,18885,16960,NA,2200,2911,1956,12177,18279,4187,13718,6231,NA,17968,18089,19328,10892,3311,17924
7091,15853,2577,16089,4719,17477,555,18248,4087,4910,16385,14947,5987,13238,19848,16830,17853,7785,13102,8803,12238,2660,10345,1453,1246,11016,18368,13862,18713,11033,9669,18590,14724,7121,832,15239,6924,14235,19803,14779,3483,11836,5769,17101,846,10087,6523
12246,7346,17094,10112,18987,15970,12822,18958,7604,5346,11166,807,1917,5726,7994,5589,16555,1083,9424,13587,17301,11026,5790,2746,13103,19116,7924,9319,13384
16066,13895,18883,11268,17008,5069,10678,4055,8303,17104,14015,NA,16456,NA,8056,16078,18438,11311,4545,985,15587,12926,9512,10831,1416,2973,NA,17763,9176,10508,NA,731,4211,17266,7490,19027,19401
6918,7736,7654,8086,4416,17581,11528,12639,12290,465,13659,3986,15040,NA,2459,14587,3329,4026,NA,1237,6690,9249,7493,4946,NA,9434,10120,8516,17842,9423
17837,9392,3505,2455,8912,1656,7423,14527,6739,13326,19729,16778,10982,16859,1525,12106,10355,6122,18254,7805,15596,13012,8095,15502,18363,3493,12302,14540,8147,4170,9844,5666,14003,5347,8859,10534,530,2396,3591,NA,4992,14036,7653,18969,5457,19455,1647
17649,15906,11098,17670,5950,6119,13535,19416,12971,7466,3775,6277,4394,6624,17126,7440,16090,16098,398,15227,10162,3990,15155,16520,4336,NA,16168,1365,17569,10716,10245,15064,17617,11502,3892,13756,10828,8812,9304,NA,1521,19352,16433,5641,10531,9096,4175,12889
14065,10730,17030,2476,4172,12318,19373,15569,15406,2165,5105,NA,6572,1162,8671,9688,8913,NA,15735,5659,12919,7780,16691,NA,18850,5428,8533,15202,NA,11501,10026,9032,17507,8084
14426,9399,5867,16475,7146,16996,15663,19790,10418,14029,6293,12752,16305,9435,10898,5678,10406,14495,14753,19961,7323,4746,2537,15721,14640,304,2943,10648,3496,3658,13772,14533,12551,NA,16396,7787,NA,1902,12870,5180,12196,13547,5106,8228,12962,12314,3985,NA,8389,1153,8400,19238,2116,16782,5093,6460,2625,17624,8431,6644,17654,5776,3779,9143,NA,4215,2762,3383,6963,5838
4605,18183,2288,15781,12648,6524,19658,1195,3286,4365,13421,NA,289,6837,15636,7330,5563,7720,4556,16247,6179,2738,13162,1449,10703,19916,NA,5999,15518,10429,25,13335,11863,18944,18106,19448,11468,10160,9203,12175,11184,10825,5465,18338
16015,18802,280,4155,4650,6978,8941,540,7271,13945,303,16371,NA,18134,618,16504,2887,6703,12900,7160,1843,17107,4481
19146,15419,17445,12455,9733,18992,17034,19311,16465,660,3930,5439,7499,5691,2981,6265,19822,10670,18457,14216,7929,18825,10255,18302,8910,4734,4202,8508,4160,11236,16195,742,18320,6163,12618,9523,18538
1754,2890,15065,8175,15221,9527,11023,17298,15381,828,18162,19559,11026,18986,2083,NA,17238,19438,NA,7121,16069,4735,6044,7694,NA,2982,3554,3762,9601,8113,4108,18182,13917,14853,8438,15088,5050,10509,1713,3769
175,13574,10498,18574,9231,15512,14300,6178,2894,11134,18704,7447,16363,4147,14987,13106,12029,98,19234,19161,10211,12247,16392,8901,6435,120,17650,6460,17463,10272,NA,4247,2681,6811,10334,4085,2952,15729,NA,3200,8010,NA,13764,6249,11313,8775,18144,16035,15698,13557,3072,8126,3579,10313,11712
14380,16933,8523,4714,18916,16919,3868,17295,19740,1359,14841,19358,11963,NA,11636,7307,4928,NA,8798,10350,NA,11452,1150,17344,NA,18123,12117,NA,12385,12639,3083,16277,5845,144,5302,9946,NA,17325,15452,19850,5781,6087,2771,102,2325,NA,6766,19972,3874,14752,3812,17028
18729,12142,4457,17317,10393,5689,7799,5034,19991,5450,5163,18195,4666,19073,19984,NA,572,5969,12659,16746,3153,10476,8578,988,4282,14743,1029,18320,9643,11659,14744,10933,15733,5462,18013,2920,16036,11205,13084,3092,11956,11626,14989,17987,8993,4859,6834,1291,5633,5809,16928,10543,11747,2502
1501,15451,523,5890,9068,16496,11925,15794,2995,16070,12564,8132,1465,17851,14968,11024,NA,15791,3850,NA,9540,18267,5241,14524,NA,15345,NA,3324,1466,6198,16707,NA,8903,6816,12045,1742,9272,12411,14612,18937,13699,408,15929,3099,12813,7070,4153,NA,11676,242,17358,NA,19822,17218,7897,15516,12904,9222,2415,12598,16121,6271,12232,10744,13488,1888
4020,14657,19515,16524,8389,6899,2894,14332,18340,7236,2124,15737,NA,13979,6933,NA,9920,13189,19214,19380,9656,11854,11144,19032,19366,2840,4261,9373,15140,NA,17415,11203,NA,15154,871,15469,18166,6805,11929,18736
366,14859,14967,4469,2058,7715,13668,597,15134,18521,6215,929,5099,4771,8285,11878,19815,18718,19689,8133,10374,3693,NA,14746,15810,NA,6215,NA,17065,12418,14602,6774,13264,17231,752,16692,10189
3961,16301,13775,4443,10273,12142,7443,19932,15844,5584,10659,2233,17921,1720,18229,8208,8720,9885,14361,19861,11354,9870,8230,18574,18190,10949,15414,3627,15993,13047,17255,8818,19232,4816,5078,10688,NA,19727,15212,10307,18760,3355,10365,19023,19660,NA,16752,5778,NA,1096,5945,1285,18778,NA,5559,10503,5661,NA,14191,684,16918,5022,3834,13138,386,874,18806,15500,8476
2798,1312,13993,18046,15134,7904,18489,14360,3836,4478,15406,7103,8972,16133,NA,18890,12611,5609,18496,10870,4921,5355,15424,4323,NA,8036,5159,7748,NA,18356,17418,15619,7011,2466,16950,6130,655,16199,15415,17541,11281,NA,55,13290,8282,NA,13669,NA,4100,7087,866,1911,9856
17668,15078,17166,18840,9923,10525,5230,5576,2519,808,7508,9740,12444,4763,7628,5502,3037,14285,11573,12737,15532,15445,3954,6463,1410,NA,2182,NA,1121,16207,17785,NA,9535,NA,12223,17623,NA,14908,2697,14445,14388,2388,5739,15023,NA,15424,16692,2865,6646,12205,11542,5815,9195,4397,8550,14778,19827,3879,15758,4927,NA,9176,828,NA,7834,11477,7352,8773,5583,16014,7056,9002,16785,8116,5969,18285,504,7071
2508,2131,14785,1431,12617,2673,6860,13354,3089,13541,2966,17780,18029,11637,2088,5121,7007,6283,16813,17126,10035,11542,12776,16098,8801,5674,2884,2777,10302,1704,17590,14424,10393,2755,1177,5720,13762
13662,10823,14706,15735,8856,12013,10226,14596,5343,19863,11250,16914,4368,8418,2881,NA,7269,19949,523,NA,9753,NA,17237,12991,12724,14094,4414,7756,11452,NA,6720,3653,5242,8686,3076,12267,15461,18522,NA,1947,17917,7690,6058,12285,18951,1683
15658,4931,16762,11196,4172,7219,19225,17572,640,7477,11638,4615,16103,15975,7513,18149,268,NA,6717,14356,3126,NA,823,8380,NA,10606,18963,15808,11178,8718,3399,3711,425,7406,11626,3464,1388,8705,16708,16005,3721,10063,7510,17937,10325,13818,4738,12984,769,NA,3278,4687,4476,13868,12624,14662
1285,2360,19735,11754,939,13626,8310,10191,9315,18822,19862,8893,10947,17740,14618,6306,677,NA,18936,18573,1503,1670,8096,16541,6961,13202,NA,11803,12359,8219,11197,11358,7459,5419,4351,170,9123,13073,15582,4938,14810,12973,4011,4146,18680,13539,17018,19732,NA,19126,2274,13819,10680,15444,2227,4129,7001,3418,5561,11512,18779,2135,6111,19600,1499,14454,12069,12276,11761,16210,17542,13855,4398
5850,14620,6906,18858,5090,18301,14163,10974,376,5321,12802,11273,2850,6325,6677,19796,19991,2217,NA,778,NA,199,7634,3996,8962,19779,9583,12643,NA,6820,5525,4963,13279,8200,141,15409,18752,404,8266,8080,14619
9550,14311,10347,12697,11214,10914,6647,18950,8582,15889,8589,NA,10659,NA,16581,2312,6695,6590,4148,16120,15853,2844
12196,13114,5501,65,13438,6909,705,9098,3235,16666,11932,346,13291,11367,19173,9668,NA,3481,17213,1008,3570,2782,11086
14325,19807,9803,6864,5081,1556,7030,13706,10863,8214,2424,2072,NA,12642,18210,726,15739,9403,16464,8162,5226
19964,7661,14486,1645,13880,1427,13697,182,5932,2001,15682,13717,7759,18022,12758,2872,6491,13281,1024,13907,1690,11966,18709,NA,3518,12795,5023,19507,3257,12808,19174,6281,15730,12745,3957,3249,10711,19118,2285,17365,3397,16159,10924,6214,18811,NA,17457,5789,10272,6336,16693,5387,17449,2083,8112,13394,13867,6260,13876,4646,19277,1814,209,9494,7396,18725,8903,13923
19989,11659,16705,2441,13124,2103,4507,14309,1009,2021,15592,8885,15394,5908,5441,5258,NA,4877,8537,11542,546,4774,11775,12010,3957,8095,1461,10539
9600,7158,15486,13981,6822,374,13640,1388,5640,16698,2352,19730,13503,4270,12523,16823,1192,16967,7201,5926,6146,12353,NA,10546,4751,10457,6224,11646,NA,8814,14877,NA,6964,6332,3179,8522,1869,995,8597,7624,NA,15928,3889,17144,11640,16777,2678,18275,9968,7159,18361,8262,1921,902,16208,8365
2026,7444,6798,9652,3532,14286,5944,10108,6307,18686,15428,11149,2336,9352,NA,8462,11619,1426,1833,19309,16,4653,9682,8824
9189,411,15297,17993,2739,13254,5642,17595,17545,16357,10841,5710,12524,16197,11969,383,15267,12191,14747,14710,16628,NA,19988,16460,15486,14817,11945,5999,9611,7656,8682,1995
8751,3048,7149,12501,12023,2568,15226,1395,12485,7818,6587,10197,4214,9423,16822,19300,19096,315,10096,5950,16119,17849,NA,6835,15830,18837,NA,2919,5084,4633,3136,9217,15913,NA,16650,NA,1131,15656,18011,12391,10381,10538,18480,17080,2240,15395,NA,15828,8127,10460,18129,2834,2279,16066,6525
13601,5030,3603,1506,15257,6998,1996,19233,5905,16403,14855,NA,261,17247,15821,15959,13022,NA,4214,14332,12396,17721,1229,4382,18872,1342,NA,5370,NA,11979,16697,6609,3736,11803,NA,16857,15713,8883,6965,17319
3653,13716,17855,12049,454,11889,18038,12576,13187,11425,18455,4488,NA,15982,3711,5534,3217,12740,19585,5097,18474,11717,12610,8199,3864,NA,16354,4348,9229,3467,7204,11507
19857,5786,6067,3033,19560,687,4226,17258,10393,16387,13619,12776,17997,16380,12714,4358,NA,2495,10459,6652,19500,17927,8211,19114,18215,NA,4114,9442,18013,2827,18316,NA,10371,11245,863,17118,16964,8464,14023
6318,784,10263,18902,3318,8617,5701,14644,19935,767,7305,18724,15272,6161,33,13435,8710,18462,2579,18578,19177,11049,NA,15315,15798,2923,NA,12192,6474,1964,2164,NA,6843,8969,10227,2928,16432,1676,4038,17840,5106,14826,18938,17247,12354,16663,5131,NA,10756,NA,12146,6748,8913,8124,3791,193,10600,16808,8550,18692,19451,NA,7377,10539,5966,15426,13547,2265,1388,5322
10837,19468,4061,17913,7469,16274,9690,8001,13283,4297,16866,8943,14922,652,9429,14022,5276,15968,18983,NA,8199,2070,18659,12103,9466,5413,15988,1171,7105,11699,3845,18564,286,11360,18278,NA,8106,17101,7224,14563,13590,13431,19068,9904,15648,NA,5723,12720,8510,NA,2584,4669,13927,18128,14293,4811,7422,NA,5712,NA,5075,879,2557,6742,3,9001,19882,8298,12553,450,1038,16697
