1016,8642,8127,12604,15219,693,19260,3285,9669,19500,1907,96,8689,7892,1079,2570,1556,3185,9908,12534,14718,19347,6890,2998,12601,9949
15799,4618,703,9116,4897,9154,4396,3842,13614,7526,9137,1568,NA,4101,6776,16236,1105,18428,346,8230,12007,13956,NA,283,11446,5523,15152,6922,NA,9487,101,NA,9973,2900,19185,2787,6279,19926,13311,4303,1950
5569,12944,9330,18079,5300,12431,17142,8265,18163,5687,359,NA,13425,6000,15657,12185,NA,4947,15243,NA,5044,6369,1729,5759,1175,18927,9427,5312,15589,7805,19370,15656,9494,13696,11967,NA,14617,18259,3878,19519,5314,9665
13403,1954,8662,14379,4216,3513,10906,13966,7502,2933,9705,15161,19990,NA,7882,4240,17023,14458,14293,17407,15777,9902,1377,6031,2645,NA,10567,5075,6565,6581,9231,2063,NA,3001,1496,18797,4616,12269,10749,9699,12380,6885
8098,10787,11318,4299,10308,1242,7587,19379,16092,16483,3692,8103,11732,819,7818,8346,4567,NA,1736,12372,1428,14265,16418,4431,1288,9696,876,NA,4076,2554,19374,4718,6943,17414,8604,19856,6440,16126,13166,19476,5529,NA,917,10860,1370,NA,6486,15566,4811,15815,2381,12756,3525,4631,16369,11841,2004,8147,2235,8322
9190,9347,1716,19138,7123,5039,1300,2119,15362,6073,698,NA,1992,3772,8637,12079,10763,17169,10186,5478,1045,2138,NA,7790,8962,17807,NA,14745,3341,798,103,NA,7738,NA,12380,NA,13973,6274,562,14724,12264,663,7911,3522,11816
5963,8264,7552,6457,16601,8661,19138,15795,14973,4913,16611,17982,10322,18488,19610,4401,12798,7694,2626,7021,2258,18355,14772,14180,119,12319,NA,8615,12597,14085,6325,15709,12175,17071,14596,14717,7146,5385,4927,4342,16861,11351,9048,3765,4088,19563,18731,2126,2865,19152
11141,3265,2605,772,10772,18223,12220,18141,19542,14728,10592,18888,2596,18407,16300,NA,9394,6746,16643,4641,2668,6543,7387,14549,11076,NA,16098,13692,13307,5499,6614,12449,7784,10513,12498,19494,17785,12772,3619,916,6608,6289,1271,19997,19402,16452,9637,83,4762,18328,10266,9618,5891,6502,516,4909,4891,4763,14578
270,645,2057,7724,11462,3015,221,2900,15574,7287,3003,6768,11609,10493,5243,2722,17293,2627,13837,13838,1913,7326,16960,2604,6281,2275,13204,15765
3454,5420,8131,17169,2636,865,10279,9873,6235,13587,6130,9589,NA,9867,5891,16611,4631,18425,9640,14438,19549,18324,11830,1162,15800,18044,13650,3014,513,3579,16535,449,19953,12798,10658
16833,14871,17017,15090,8847,169,15770,3320,7626,5273,10284,17430,14788,6628,NA,17592,4225,4189,NA,1286,18932,10876,14765,2358,8146,16486,19015,4368,3058,2439,7370,16521,18688,10698,19561,15358,5795,8197,6438,12457,3105,NA,10652,11990,17508,NA,12930,17838,NA,5073,18855,19841,3111,4191
8497,14706,6279,4365,16958,5004,10945,658,2980,16562,2307,10325,NA,16197,2403,6672,5112,19784,3350,11235,17377,14317,9469,2782,3885,NA,15907,15229,16929,NA,5355,19408,8619,16264,1791,16396,5863,749,NA,17743,14299,13225,13482,8307,NA,11381,12008,NA,13317,7726,8669,3484,4582,315,6496,484,6359,19270,10367,16469,10017,17548,14367,17322,2642,6779,5594,13167,5257,11041
14691,17438,16788,7440,844,19561,6155,10073,9740,12059,1126,8913,5513,2804,1464,12338,2594,NA,8288,10513,18214,2986,6493,14914,12510,2041,10114,15401,NA,6368,6600,838,4465,4338,5223,12978,5524,12841,12916,8316
13857,2484,7355,8821,15431,175,19116,9885,4185,3376,9814,7836,12130,55,2915,2838,NA,5907,8415,2623,17924,4429,19979,3717,18292,7383,3827,1930,11868,404,10155,14871,1770,18881,15954,18263,17783,19335,7997,11162,16327,4660,7303,12114,14854,NA,14003,4599,18047,4322,NA,16466,15597,11782,11094,15786
18362,18089,10667,18404,7885,12071,13822,6543,19603,8242,2394,6603,5626,11632,16748,19759,9298,13686,9172,88,10109,19430,8676,2717,NA,18705,9307,NA,7795,NA,14277,15030,9473,19083,915,2375,9628,16696,1883,1228,NA,15774,8108,5693,8410,4191,11731,7261,15117,19353,11513,5564,NA,16651,12194,15522,7293,13595,5099,15794,2882,6576,9650,9732,9919,9022,374,15164,12847,11819
17903,10554,7021,6398,17092,1701,10770,3573,2824,19273,1509,NA,4717,18997,8779,16870,441,4100,4287,10139,14768,8941,14903,1243,4460,8140,15091,15289,14063,16035,11190,10771,17002,14737,NA,13917,12208,6905,19203,1801,17071,2688,2110,9623,13287,NA,10424,761,9555,9812,12737,15968,4077,7419,2574,4900,19038,11733,11813,1408,17301,NA,16192,7015,6779,9180,6129,14525,NA,8718,NA,16615,18551,5506,6269,5797,3178,17552,9634
9078,11687,5708,542,9491,4109,13775,14558,17504,6152,13903,18523,4652,14747,4921,17906,16019,8184,19139,13898,1696,3802,18385,13063,15004,8501,11514,11382,9267,6179,3351,18757,13368,NA,9871,12724,8356,NA,18920,15767,6226,933,NA,12222,2473,15434,2070,9274,5712,15735,12150,146,11633,8311,15361,3697,19112,616,18957,1495
4494,10859,18522,13435,18721,10314,16617,688,14850,11624,5089,10678,16219,14184,NA,8707,713,1740,11429,18767,1625,8516,9240,1653,NA,6278,NA,10066,6752,671,6384,19216,NA,14126,4126,NA,8759,NA,15958,15979,6449,NA,8354,7582,665,18040,810,19244,12032,15859,2335,9613
4106,15382,14293,14693,312,5592,11912,4580,6591,8902,4665,NA,89,2407,14471,NA,8468,5820,19850,19736,11612,10042,2456,NA,18483,5865,17911,12750,6011,879,NA,17977,19319,15226,6227,952,10621,1682,12501,3303,NA,6430,16179,621,2180,19864,NA,14200,4092,14907,9851,18731,3732,14675,19397
3308,11073,525,2830,10959,4386,17968,18522,14072,16944,18156,19482,14354,6567,14064,14725,8848,13660,3464,1029,9224,15533,11479,2423,17075,19810,7012,7314,72,3658,18943,5313,NA,2226,9458,14156,4386,NA,11794,4131,1730,10387,5926
8547,7699,3930,12961,9304,1481,13754,13332,2857,8414,2430,NA,17541,14177,19363,13959,18647,15374,15840,8068,15508,10135,12651,4614,4758,8390,12478,3416,9923,12958,18584,4752,15773,10864,13193,4165,16431,10649,17388,18373,NA,14788,1048,19156,12259,129,NA,4454,19200,17910,9714,15658,10200,18078,14283,5386,1930,6981,18446,2370,3873,5198,15902,2199,3236,2368,4778,3155,16301,5919,5058,2327
18829,5985,2149,3901,8631,9394,16984,13292,10916,17655,17737,1477,2388,7649,10410,3572,12053,17785,10311,13539,7722,14500,2475,12942,2530,6159,10277,5049,889,5570,NA,14978,11803,12922,17722,1334,6398,2533,6224,968,412,11253,17700,4059,11430,661
7837,7714,12909,12007,19864,14651,1930,17742,3763,15000,11175,12320,6996,5805,7663,5978,12054,17033,NA,19868,9976,NA,7112,NA,3341,2323,7792,11875,12494,15764,327,781,617,13550,19273,NA,13911,18151,7075,17410,14889,12136,7319,1493,19107,15588,7941
296,3678,5281,9181,11335,4461,5015,5147,17271,2298,12684,7158,6896,7704,NA,540,12030,17159,NA,4404,NA,7350,2241,16370,3586,2343,11259,16061,7617,10000,NA,10789,12208,11424,1168,2147,8342
17474,10113,14047,7045,11956,12075,9282,7601,16397,4553,19956,9605,11182,NA,17543,11281,11929,18467,3212,11639,9594,17815,6790,NA,1948,16671,17669,19961,18470,785,17930,15802,13851,19381,5222,18870,NA,18995,9996,6470,11078,2367,10567,8689,3569,1113,4514,11475,17532,9539,7932,11979,596,7202,9516,11531,14714
5028,4092,12290,9782,19444,19549,6857,3716,14596,8959,11520,15606,3388,6536,18573,4820,4065,1971,12958,2477,9436,11556,NA,17221,NA,3029,3921,10316,15496,15747,1474,16016,NA,13045,13943,6858,NA,2628,16134,17209,7780,10230,1121,9051,7524,11605,NA,13764,5772,19912,5264,11312,939,3234,3094,4260,7735,18389
15865,3515,11287,19432,16089,13101,16503,8724,10567,5673,18742,11507,13464,17878,8143,3035,11880,14959,4038,195
15092,1843,17422,3601,17561,17034,10528,11880,16214,15160,19004,6139,8712,17041,1869,19437,8669,11747,16637,8720,16400,4347,10641,15867,1649,7017,11586,18677,8311,16651,NA,17741,10232,3124,4011,12071,6092,15493
9489,8786,2371,7695,17298,7527,17747,2921,11451,3980,19084,4026,14520,11385,1705,6877,13964,NA,13505,13284,1051,935,18661,427,9252,12313,4212,12801,16285,8852,18529,12609,7500,NA,3345,6412,10189,NA,18513,19769,13464,16774,3655,9766,9806,14072,4511,11452,NA,7516,7331,13475,4538,1535,11779,16996,18455,5998,13795,13371,12021,8809,16026,19353,721,2604,3294,17704,4102,16882
4874,17482,10275,14183,3391,15085,17305,7202,10052,14956,10998,6755,NA,19068,16985,17802,16235,1386,5070,8004,3754,333,18752,15073,14774,18066,15051,14146,11639,4462,8798,17163,18801,10198,NA,774,15385,6532,16427,8455,2725,NA,5040,13187,10177,17130,17658,17514,6129,10080,14018,12109,17940,7715,18167
15430,7336,12888,8941,18668,321,19100,5518,15901,2858,9211,NA,3250,14518,15757,17804,NA,4626,17017,NA,9918,8675,16820,8661,NA,11308,8811,19356,NA,13383,17209,10201,12328,16433,11370,7148,1575,19747,17605,3635,NA,1565,NA,12499,8517,18131,15295,12419,6461,16002,3837,NA,6656,6935,17702,13445,3862,6447,7754,12332,14749,6557,5681,16081,NA,14301,12305,19420,2534,12745,NA,3976,5833,10371,19754,12018,16992,6131
16546,12990,2889,6959,5991,1406,3722,8059,13979,834,2182,5352,NA,15733,6785,11991,10337,14991,12029,15000,NA,10227,NA,7277,1623,19571,1716,5381,176,12433,NA,16800,3323,19391,7066,14485,17781,18215,3058,3289,211,1254,4820,9605,NA,12314,2049,13376,NA,3489,2511,5230,18977,13931,NA,10965,7806,7512,14371,2682,NA,6434,17127,14485,11325,3899,759,5792,19579,19008
9606,3674,12129,729,9120,2644,15199,13321,8934,18983,14428,19016,NA,3284,14623,18706,7622,6505,4946,NA,17489,12139,9512,16155,14363,374,1973,6158,4803,14003,NA,17071,16710,18781,3855,14636,17519,NA,8190,16791,14192,8921,14294,1203,5987,8448,7731,NA,8767,19608,4088,251,NA,13993,19487,NA,4561,12945,18737,5893,7721,2130,8850,10483,100,7029,1190,14836,10721,8787,16127,14424,18330,1753,16137,3174,351
5178,10062,7071,16839,1007,9929,1035,4562,6311,17897,12904,12066,7592,11330,4250,8527,10194,12253,1479,3929,13101,NA,10674,17840,3051,5462,3007,18900,9333,3726,19414,12455,1109,5716
3825,5101,2821,15245,15311,15553,3181,15117,16900,4118,7653,10539,8294,17142,15578,11477,19928,19389,2744,5716,11413,5734,2315,4527,13868,12169,9696,12324,1801,10541,19085,15560,10796,6447,1589,9141,16629,7142,11252,14886,11173,521,NA,16002,11681,13335,753,18446
19015,917,18572,4647,9811,2656,10002,238,13063,17544,15757,16097,8633,11168,404,5776,1651,14232,16013,18898,7463,19716,18498,10908,NA,7889,4689,7736,11650,3152,6750,8894,13567,12240,NA,19664,18923,8203,8841,2939,2777,1092,13039
8396,18017,19506,15840,18118,7812,1700,12098,11863,16771,10815,16884,15690,1036,17597,12171,15837,6266,15678,17754,NA,2309,5608,8161,1259,10602,12915,3904,11282,14972,9852,17702,7777,12156,6578,13310,942,8279,2670,2858,2682,1768,15995
3999,13486,11792,10237,17987,2063,16241,2453,16663,19975,5480,9347,NA,1757,9764,17139,10661,2235,12334,6435,19454
13887,13551,2749,3310,13821,11402,7163,12220,11511,6240,18706,19816,NA,7737,2890,13775,2618,11082,14771,13632,9363,11188,12478
9075,7705,10292,6032,3099,12630,10647,4962,7984,2474,3420,8607,NA,9101,8024,6597,19680,12676,9052,11058,881,12583,18954,9503,10217,19889,16852,1651,11902,1243,18085,1507,9736,NA,19354,5291,2056,17474,10833,11436,10500,17298,14186,16778,15337,511,1250,16512,4670,19497,NA,15935,3339,178,7509,NA,16437,14341,12620,946,261,7971,5763,18849,16658,NA,3669,15796,1954,15024,8646,7646,15718,9417,8232
5751,19478,7622,15199,9010,18431,6373,14186,523,12613,17672,12783,6521,9108,18988,NA,18976,18202,7115,18192,19551,11819,1222,7576,19091,968,13123,586,1931,7359,17257,8899,13796,14893,11825,12032,NA,5748,17484,7114,18667,2738,3406,1266,9974,11360,5330,8606,16724,14837,9717,7940,8391,12506,1057,9988,1514,14633,16545,15637,NA,12477,12883,3251,12629,6244,2995,2388,18505,1144,14804,8061
10284,5678,18851,1888,1502,4467,13785,12823,1554,18827,12694,486,14059,14480,11853,12506,6613,8309,7312,8032,NA,10485,NA,16306,8212,4433,16061,17334,19352,5573,6833,7515,15115,10300,16639,19394,2186,1858,14641,7466,18660,3363,7591,NA,16551,4076,10889,2880,3362,11469,11309,8709,NA,12176,11208,NA,8884,869,5281,9403,13440,7375,11085,14298,10364,2718,18,13129,3428,1798,4559,6693,15816,4755,10765
10807,6121,16269,3175,4023,3984,12444,15505,18468,3026,19979,19253,10385,4938,17735,5842,19580,9978,12511,10907,17530,11931,18403,8814,3074,6531,17900,10051,11892,3439,2947,4346,19187,5755,18716,8904,14479,16378,6452,2777,4515,13603,NA,15522,5505,21,19962,NA,4086,4508,14314,NA,9505,12567,18667,11025,19918,11443,11741
5385,6496,2245,7141,8213,19472,18786,3673,12618,4092,10019,2333,15261,13751,2098,NA,1270,19887,7238,951,19676,14338,2385,8333,1919,11844,NA,13671,14656,16033,12058,16479,15853,5149,10494,2781,18012,7840,77,3892,1928,17485,7893,17296,18833,3070,14473,16088,19043,19312,15207
15929,7090,13751,6141,15319,8226,19640,14973,19102,7368,6113,9280,NA,17867,10903,16351,NA,499,3859,18319,14239,6716,17411,6907,3991
7746,16967,7789,2798,14842,890,13035,4972,15137,2000,4860,11619,NA,14225,3653,5824,NA,5486,17427,9338,16772,13889,3732,11998,10915,14099,1720,15412
13826,9775,4040,16060,11855,892,18787,7939,18393,11932,15753,12112,12908,16506,8636,2225,4146,2895,17152,220,15146,NA,18360,15074,11354,19307,19518,8006,2655,7792,2086,9107,10892,NA,18023,3903,2291,5029,979,12997,19913,4686,NA,9395,9762,3615,8451,10475,2182,4146,4816,NA,9053,19247,8119,18559,14152,12490,15723,8202,NA,17014,13068,3931,10027,18562,NA,3776,NA,18280,2554,16257,9499,12876,10516
8102,5474,5379,16092,2709,3037,7296,16718,14474,5178,10060,19111,15370,1410,9445,19364,14928,8062,16891,639,13777,13162,10002,NA,8074,8866,16017,15718,14051,15131,16864,15068,11562,11204,NA,15794,16657,2036,894,14836,110,2965,8540,NA,4981,5413,12199,17365,13072,1907,NA,5625,8558,6186,14099,17320,19227,15993,2245,1287,13864,12016,14901,198,12331,10198,NA,19106,11860,9787,8778,14838,19873,13576,3552
4760,16834,1845,1467,2227,16844,7676,17612,5875,17885,19619,10254,10376,19349,9836,8291,4220,62,18510,16482,19691,NA,19143,12870,NA,19659,13380,4752,NA,14213,1166,17899,285,19891,15701,11948,10831,8090,17647,793,12074,11331,9124,7211,16921,12465,13890,NA,19039,15300,8697,3627,17778,19989,10222,3355,12844,5848,9986,17090,1492,599,19519
5650,19861,10540,7957,15817,12129,17710,4190,15235,4930,7358,19449,15122,2984,5370,NA,11549,5485,3364,4305,8281,10294,2597,NA,4233,6847,7088,782,12766,13884,219,9001,5919,19290,NA,18736,4067,6295,6924,18418,7216,6720,16714,1716,14300,16944,15578,17429,4106,3148,3376,12980,11981,19541,16169,2977,9253,NA,19650,12373,362,11358,1201,18332,7839,3619,8440,16620,10200,19772,16396,18271,2726,18942
11160,15896,3816,2048,963,17712,13145,2182,10748,5350,19048,586,3743,12461,8925,7029,16274,17955,NA,8830,NA,9978,NA,7953,16438,16797,13384,3141,14126,16797,18346,10838,13334,2626,2706,12792,1320,7776,14491,NA,11271,1055,16224,19030,9883,6952
15781,19651,2585,945,17173,8948,2552,4622,13287,12504,3462,9812,17723,9145,8131,13831,8776,10142,4734,NA,12158,12266,6133,11522,12540,7919,13139,18762,205,16295,10307,415,14767,3922,7048,5650,16389,15796,11222
12230,9729,12282,16769,10325,550,862,13330,8018,19754,6988,11587,3639,NA,6341,10909,8235,16686,17607,NA,19688,17541,1017,9510,NA,15246,11048,847,3764,214,2877,NA,4894,16554,12635,16117,2871,7465,2002,2446,14573,12415,NA,7159,5604,9885,8486,14395,15862,6144,2388
1063,11986,15395,9928,11069,10068,19955,1086,8462,14954,6053,9658,19578,1005,17684,17421,NA,12305,NA,6702,19316,1167,9113,8919,11993,255,11857,4209,8724,18251,19748,5774,12147,8092,9596,8796,17048,17468,19666,8331,1352,NA,17861,13148,5654,2004,11669,18104,16168,16172,13440,14151,8320,573,NA,9872,3085,NA,536,1923,8328,9992,14037,3386
