696,313,6447,19305,6689,13446,16712,10277,13040,5325,8637,16555,12426,6675,5107,6529,15510,9777,3225,6207,6832
18892,2156,2118,13551,4213,5011,18274,19364,10029,18980,19694,10122,16771,17934,8486,127,12764,3463,19896,NA,12170,7980,2815,12116,7418,10603,3057,621,NA,16368,7067,9572,1704,4392,12208,NA,11884,4940,18744,15647,6276,NA,17200,17351,18317,3904,14214,8013,3329,14742,6936,805,7353
1625,14443,17845,8274,19755,18372,18266,13648,700,14229,10570,10083,10159,909,6545,19963,5898,3383,15650,8305,7349,2390,5353,19204,NA,9805,11218,14254,4506,12621,16058,6742,723,NA,10122,8813,3548,3581,11725,8269,12988,19783
15311,9127,10852,9943,4862,16158,8310,2761,14780,1225,2351,13360,14235,1016,16479,10528,11835,NA,3571,4779,7875,6294,11477,5238,4181,14993,11275,8655,9797,672,13598,13614,3272,7715,9059,4749,NA,693,6023,17846,17209,11202,6434,9320
7519,13265,12595,17369,10931,12846,6197,7565,6631,3594,10296,4662,7569,6414,10407,14775,NA,5538,13949,3189,6035,4448,1549,5141,5598,10294,1393,16959,11294,11187,19184,1799,NA,19464,2353,18823,9506,2395,2398
16237,779,7360,11627,9132,19180,8057,1779,6513,616,10447,6892,15313,1014,12175,16819,3353,12764,NA,4952,2329,5279,NA,2199,16057,751,16316,5712,NA,411,11190,10021,5824,11458,4810,5868,11455,13019,3123,10674
12459,2159,7117,15296,3202,17362,5536,16024,3581,19812,19132,NA,7336,5791,663,17810,7116,6262,NA,17032,644,NA,11801,12350,11003,NA,15590,334,9984,1197,907,9086
18607,3800,14389,10298,7809,12017,9418,15539,8895,2989,12269,18534,17811,11752,17861,7695,7214,8577,8397,9704,7702,6933,NA,8045,14870,14431,13464,7245,7827,6078,13407,7603,8869,16496,2922,10290,547
4014,7290,8370,9095,3463,4919,9668,17495,12652,14053,17434,9092,12091,6561,5290,18714,10199,18065,18718,4328,5333,7699,10935,754,12143,12905,10670,389,15207,4602,16679,1978,NA,5018,369,11455,10,649,17671,2579,14536,NA,13438,11106,1294,8612,NA,6496,2451,2087,NA,18109,4500,17471,350,17480,8926,4195,7404,12241,NA,19917,13696,17468,17423,467,7759,5192,5412,19044,3122,13778,8075,14036,6237,4643
11974,15880,6533,12764,6279,18323,12382,8637,2780,1046,3227,3321,14444,2713,7941,19832,NA,17076,9070,5106,NA,4884,8055,5249,872,14873,3695,11224,19174,13300,2604,NA,7302,6936,8577,5847,14754,17894,8104,2189,2209,14610,13305,NA,17879,1001,2521,14434,19956,4228,19398,19614,18353,15083,14701,6458,4710,NA,17487,17787,17936,16806,8959,8795,9186,3357,13494,13737,7966
7506,8821,4913,12270,9145,13229,18764,18629,11557,9104,14321,13515,16379,10816,18336,16745,NA,10906,6261,NA,4558,17216,8098,1399,2523,17153,2272,16993,4447,14906,17152,7264,NA,16334,9244,7880,11424,222,18538
19020,10281,16493,18640,11733,67,13838,694,587,17901,4639,7649,14837,3614,17686,35,10962,5293,11380,4731,4647,11416,NA,337,NA,6494,5584,NA,10456,15654,5499,9670,684,2326,14356,1750,19668,19823,15552,2646,1510
4870,15418,14649,18763,11864,8673,19157,3932,9859,18185,18117,6774,13735,2310,18811,NA,11199,7883,3111,356,13703,18793,8552,9571,17503,NA,13143,7692,7971,11453,5105,17999,2437,18418,16776,15202,4013,769,1140,5725,14717
4871,11969,19555,8261,10548,11009,9322,13974,6276,11087,7831,7716,18305,6753,13704,8595,18793,10077,NA,14830,18799,12233,16984,4308,1087,4354,NA,9113,6428,9029,7180,12293,13844,4726,11676,16957,6464,1418,8692,13395,13988,6332,12306,1685,19709,18361,9019,19043,3544,6061,2939,2206
3899,4540,5242,18577,2757,4928,879,16521,7958,6207,18155,11877,18056,18290,4370,NA,9244,11086,8942,11299,2634,13062,5685,18173,2943,11843,7522,2940,14872,NA,12236,NA,17974,12581,5314,6676,11687,14932,5712,6892,3282,16696,4819,18269,19053,NA,17031,NA,15649,NA,7059,15671,7014,12772,NA,17519,NA,9433,10103,10670,3129,83,NA,11945,16657,2879,11732,17880,16369,11674,3881,18362
413,4531,7790,1059,13581,15456,5150,4419,7534,10173,12258,19512,2450,NA,18678,1453,18559,8913,19850,9636,17038,18979,9646,14944,13910,3879,7702,NA,14494,17033,3284,14003,18429,NA,18172,923,NA,18664,1194,NA,7291,5469,1999,17064,5053,13688,19150,9035,12356,6365,19899,846,4564,6555,11127,19931,5490,15322,6340,19254,17006
2607,8979,12571,14691,13794,8295,1520,2274,16270,14979,15319,14030,13388,1548,8660,3595,4461,1604,9676,4195,19535,6480,17664,7623,18613,14241,13412,10587,11303,6401,NA,7193,NA,9152,3627,15319,NA,18176,15415,18505,7285,15710,NA,6046,2109,7623,6041,19312,19511,5290,3866,11431,12622,8514,7921,NA,1494,4305,15283,417,19273,13881,15757,16512,7266
13843,11584,12646,492,8215,2689,382,2944,2856,8461,2772,4911,15039,18274,8639,6411,3201,5211,846,3130,15344,12395,6183,3910,17317,9513,13847,75,5336,15482,13203,NA,11464,9680,9486,8454,18806,852,19612,NA,12778,8774,NA,18859,2494,4233,6418,14708,18440,12205,18731,19568,3022,7919,14308,16275,397,9391,17819,1014,8387,10979,17832
139,4096,3918,3633,13325,17189,16711,13637,3018,7552,15322,6178,5671,19863,18888,NA,8721,14175,15492,7074,16943,NA,11784,1147,4432,18033,14038
4337,2073,11213,18158,14698,15958,7599,4603,11169,16462,18187,NA,12225,3649,18546,4320,7539,6384,10426,5701,19490,1169,18248,16173,6970,14449,5027,16023,16861,NA,15646,NA,8433,15724,2804,19045,12893,186,6566,NA,19333,10221,4718,18005,12778,1598,19315,10959,7796,17370,4900,10482,12182,9927,306,9636,3388,19794,4963,19517,585,18855,13201,7408,1164
14552,19286,76,323,11061,11202,15213,153,4238,1887,18018,1322,18958,16719,4636,18857,13208,2913,8277,18205,NA,4897,19790,519,9935,19863,NA,8175,19220,11735,7903,17705,2254,6317,14096,10377,11925,11422,16748,16026,13288,14656,2879,3172,7588,1722,1805,1232,13195,10825,9973,19157,4144
1098,1225,7586,16673,18146,12255,7427,1937,133,18382,13819,17156,11331,NA,3723,1701,11156,973,NA,15128,16429,19073,9928,NA,6989,NA,8940,2704,16155,16867,NA,19449,19210,7507,8725,17796,10801,287,NA,11505,14095,14188,1323,18901,15430,1781,16048,13822
13769,10938,17116,1898,14152,10346,17614,4556,4209,16202,11158,17159,NA,6914,688,19652,3060,17114,11455,15912,5594,8101,6295,4932,11947,NA,4930,NA,428,3642,19892,NA,17141,8765,7069,6938,3097,6830,4016,16007,5189
32,11534,11898,19021,11258,6205,5883,11014,9430,3094,107,18927,2874,19670,4185,NA,17920,15249,8059,16692,8582,1568,3741,NA,12963,13390,9241,NA,15840,NA,5895,3829,4401,11106,3607,3669,15656,7776,12552,NA,19100,14124,16995,NA,8525,12983,7291,978,8385,15051,3996
19478,2209,19911,19673,9340,11779,4564,2654,1117,19682,10921,5682,4201,1086,16874,17374,9369,5979,10923,NA,4355,15253,2089,6720,12263,14269,8099
5206,10903,17926,18049,5693,1461,19462,14908,19688,14857,6367,7991,NA,10094,16156,14939,5293,11024,8322,14939,3887,NA,13251,646,201,12437,243,2353,2619,16412,7241,5010,10275,11645,14871,1300,NA,15766,1441,16507,10057,8827,NA,3329,9106,8198,10059,8310,2878,2953,NA,8388,15261,10875,10772,9979,16933,10481,7766,9309,11346,13852,209,12693,3673,8865,2458,17493,9124,3961,5643,NA,13326,10145,1017,816,10427,1998,1529
3297,1652,18796,6576,4652,19936,8765,1930,2699,6400,3819,4738,3036,2976,6506,8919,7763,16220,13095,15362,13400,9854
1913,19010,18721,5461,10795,14889,8386,13145,12394,16290,15020,6135,2737,16779,1486,18550,13316,NA,14498,13506,17388,4531,7153,9509,11493,16263,6603,11125,7865,16924,1435,5818,5496,17576,8942,10987,NA,2981,10587,8446,14823,10716,9881,9099,17825,NA,18478,12452,NA,12614,15866,15952,7641,2238,16200,11339,16566,10527,260,18245,13643,15533,NA,7764,2573,15915,19585,3595,18570,1442,15623,2990,9557,16641,3753,14086
7043,8928,16498,613,17054,11377,3208,11820,18650,2950,10579,2568,2479,14229,1488,6118,437,NA,15207,19252,4269,498,19563,5198,12313,19248,11602,17478,4471,13350,19026
11358,2196,19870,14462,3326,16382,3362,9975,19742,14396,5187,1501,1192,18095,NA,1705,15377,11937,9828,10660,8883,628,7141,505,4340,NA,16295,13795,17399,2280,3416,12630,10115,3355,4378,17649,12920,17127,11141,10009,19635,18529,8820
10552,14301,3234,2763,10601,4761,8799,11831,8271,6795,8126,10517,2817,11381,5927,6225,13405,16315,5381,14498,NA,7983,16484,17478,NA,3436,3375,3527,4738,10746,2240,19889,12516,5141,6049,7025,10567,NA,2229,NA,11108,377,11876,8781,7040
2512,2664,13487,1363,15119,11417,13936,11459,2873,19165,16814,17705,16733,11237,4669,12770,15910,18866,15095,19363,18512,15154,13135,NA,19107,3533,16336,NA,5886,19967,15530,11393,13076,15537,7474,19897
13484,16548,6163,16903,2361,18184,6865,19278,10653,11178,861,19285,10772,6977,7340,2974,10145,17757,14932,152,NA,7284,11914,17337,4410,18517,4953,8085,14236,14429,15696,7949,16669,14741,2150,15403,6902,7556
6960,19297,15959,12243,17109,18849,18168,11682,14053,5390,19604,18163,14485,1018,17219,4096,1569,18529,14327,43,1585,8976,9114,907,4135,8568,NA,8039,690,5270,11802,10836,15915,11846,18392,19689,11721,NA,7921,10720,7894,6464,212,8992,6804,18334,18816,NA,5606,13916,4306,9511,17561,11797,12629,10865,8611,15488,NA,7198,11563,NA,13490,10399,16119,11308,5804,3144,13609,5401,8915,5475,15014,1359,17124
2338,19551,7041,6036,16664,5790,9933,16560,19846,14166,6548,2389,9433,15909,19548,8417,6876,2430,11352,13376,7958,6944,2925,NA,3651,15520,396,15351,7018,6762,15289,6409,18968,13785,1149,12320,2127,838,8289,6860,8143,NA,14070,3535,3050,3756,4194,NA,1550,14958,13029,7473,19361,10273,NA,195,1615,10723,2282,13478,NA,2467,16327,11402,7343,3562,13166,7109,12810
740,8765,10016,2581,17513,11821,14152,6602,11302,8337,3329,12567,7047,1658,16296,17784,9925,15432,16594,NA,8102,17140,3941,19952,13694,17070,16490,9748,14608,9196,16594,3108,7084,769,10926,6255,12646,7068,8813
2551,8325,19256,12398,10757,16715,15272,8796,5735,4963,12521,18750,NA,10758,13149,14995,12484,6424,16150,1542,8741,17680,7156,NA,6189,16002,NA,11155,9912,19842,1911,18013,7591,1684,16993,6731,NA,3104,2828,19201,NA,19438,1749,3660,12658,13383,13553,NA,5620,4193,19576,14167,NA,12856,7308,2402,12102,3325,9778,12844,18143,13629,8988,19513,16365,1612,8382,2005,4681
103,17253,16864,15208,16157,15136,13712,14446,7943,9453,10882,6454,7132,14900,4045,11648,8658,13556,13569,4081,NA,11844,1403,16844,15488,10168,13737,957,9813,7714,3462
19705,16921,8956,2716,14710,18188,1525,5364,19518,13350,2368,12424,NA,19705,5301,9951,11660,18076,13193,12234,9097,12717,4168,19152,16789,15747,11998,3859,17409,NA,8675,3870,11301,NA,6876,3382,2589,1384,NA,8818,19312,318,19009,16356,13119,6054,3389,13500,7062,9180,NA,8463,5313,18280,19325,4341,9520,9134,783,14271,2271,16790,3198,5431,8873,5148,11413,8384
16878,9024,4172,18904,17410,14582,4937,728,15760,284,12445,11011,3252,9202,NA,13642,12588,7565,7267,NA,3536,10756,1898,19548,440,17644,10205,13247,18918,18814,6539,19903,17588,3181,11495,13379,13789,7376,10482,16428,15217,8559,8825,NA,19365,1496,2788,4803,936,18307,12900,11682,601,19229,14430,16591
7800,501,2728,16577,13586,11531,9414,15046,14379,5549,1618,NA,14847,8164,5705,19949,7843,3521,8583,NA,6807,142,14962,16403,8472,16522,16709,19076,18274,5208,5577,NA,14276,8157,17012,1689,NA,7504,16670,NA,14907,4077,15216,4761,10553
2172,12667,13952,10249,1711,4442,5987,13045,19132,2157,14056,7515,1930,7385,1271,7316,4008,13530,19487,12127,13343,12456,15001,11618,10714,3934,NA,14241,14788,9396,14467,13935,6581,4765,18129,10340,9171,NA,8712,16295,11640,12040,12767,3813,2412,NA,11133,10938,5338,770,13875,11586,12887,19380,8333,1611,13844,8652,10953,NA,4379,8268,NA,9689,1960,17086,6393,14660,5324
3367,16630,2830,12862,7331,13623,2938,16618,7528,13964,9504,13339,451,1889,2209,19111,14270,2692,4959,18863,2613,9282,17363,9849,11463,9395,7152,7599,NA,14386,12398,7022,NA,7186,16989,13859,7305,10277,11652,6232,9942,12370,1155,10464,15084,3852,15749,8624,19542,13035,17711,4774,1086,17076,3883,12196,996,10648,4624,9829,19536,14817,18408,12125,16237,17453,215,12062,17602,16880,15580,12462,18795,4345,15518,284
7210,12599,10591,13198,1141,3407,19440,10327,4849,9066,4379,9263,NA,206,4418,NA,11855,500,NA,6857,14245,9999,6725,18473,12638,16321,18622,4592,10699,8794,18416,13494,12510
11479,19345,15217,18649,18271,3315,13131,17620,780,8701,8682,15677,13593,9917,8145,NA,11881,5618,465,17400,4450,7659,19198,11814,17107,13624,19014,NA,16874,4689,6192,NA,8149,15507,10382,15099,18030,16334,12004,14471,8136,4095,9640,12322,10964,6808,7255,2699,8449,4549,NA,5049,5823,14357,13756,13868,13712,14076,10819,4730,1233,2205
16318,10524,11326,13665,16201,13725,10355,18370,5507,12129,3462,365,19254,2667,8296,7653,14708,3012,16679,15548,19665,4556,6645,2121,12900
15251,8278,9169,11584,10952,18161,13643,3436,6753,14292,10947,721,18939,5629,1362,19144,11303,12287,16989,11688,14246,9391,8305,927,19557,2659
6089,13739,17804,3539,16469,8253,16133,4907,1347,4567,3781,NA,15652,NA,15626,9822,7018,2347,12431,4570,6353,11105,13244,3461,2948,19385
17413,7466,2491,11506,8561,5187,7473,2330,6075,12206,10844,10224,3202,9986,18371,16435,12254,14236,112,8638,10019,19555,9029,17146,18291,3801,8639,NA,15092,8904,NA,10925,17352,NA,1182,570,1399,3140,4079,10801,7938,5581,1984,17748,19932,10738,19495,6806,3645,8162,15339,18765,14491,9936,7939,15377,7504,16383,NA,5817,2708,14879,2057,12975,12513,14288
14571,10881,7740,8568,1697,12065,10027,10719,15313,5606,6374,950,14754,NA,16669,10983,16599,7132,9847,19175,17808,19903,NA,4913,12316,NA,19660,9538,17434,2803,12875,13222,3178,16912,14486,6750,12086,NA,6989,14379,NA,16388,1972,19120,12029,8726,8305
10196,5877,12870,19322,10055,3631,19917,19556,19725,18383,6906,5882,9535,11292,4395,16252,17894,18500,3975,8732,1911,13941,18250,4569,9707,12010,760,13736,1154,15497,16820,3400,15817,5194,1013,11039,6505,7370,6948,18904,10563,18149,6521,4990,8619,15193,9214,819,8771,1469,15736,6669,108
17524,15777,19064,2138,5006,4850,19880,3751,14313,17244,15421,18665,10015,12516,16301,14480,8549,NA,11709,16911,NA,18644,10878,825,14309,NA,3246,10557,8200,6312,15491,17892,7687,3401,18930,NA,15123,1937,1579,1555,6052,2814,497,736,8360,15190,3176,709,6158,15268,NA,13549,12380,NA,18543,6376,6058,15820,3239,15996,11457,15723,12075,NA,11303,6319,NA,616,16924,15498,10000,4822,1080,18622
5431,16846,5635,3383,13828,831,9591,17691,8514,10382,342,6649,NA,8863,7970,15578,11656,15848,11306,19938,15188,17288
14014,10127,17718,14602,2629,11088,7009,211,6745,3813,17084,6511,19900,7955,12310,13688,6647,6226,12185,7973,9308,10052,12916,18924,14713,8130,15768,19404,5339,1851,8202,4940,6435,9006,NA,438,NA,4013,15187,9421,3965,15119,6083,2165,13680,6688,8124,3429,9523,NA,12004,2368,335,8820,7926,11204,12574,4401,19868,9067,15575,10007,2079,6609,900,15142,19252,10677,5920,7673,9596
14933,6949,19146,12969,7304,15240,1400,18933,12014,3354,5461,4879,5009,NA,18525,NA,6372,NA,14514,10774,13207,17711,6846,18120,5072,11914,12777,10831,17527,14827,15117,13671,11656,11522,416,13689,2906
5250,19477,4080,2928,13108,7257,1722,4420,12017,19660,15576,NA,5913,14612,18572,9933,13287,15346,7259,9268,11272,813,8367,18896,5750,10904,13987,17933,17842,14891,1936,NA,5025,4564,12715,1713,NA,9862,8498,13243,314,19718,17282,NA,3132,5810,12849,1760,NA,12656,7204,5947,7667,10621,7518,6820
6430,7713,16849,11522,17632,6901,6309,15870,17727,18608,19695,10031,11966,5949,11887,1783,18122,11057,7302,17971,11875,15411,NA,11003,7548,10976,6373,15990,5142,11821,16369,2475,2064,10138,11873,8994,17314,17729,1778,986,5075,NA,4810,4869,11082,12381,13999
6629,7732,4978,2568,16951,2624,10744,289,17530,1447,2185,14084,4842,7379,2587,NA,11659,3855,17151,11360,4074,NA,12669,NA,8205,17280,15157,6084,16686,11552,12625,1655,17136,NA,17633,11149,5179,15517,9706,11830,15612,19314,2113,7237,16266,12982
9901,18425,1979,7008,12917,17607,13935,9421,12494,18336,14433,NA,3837,4813,7448,4793,701,8871,13748,4755,15498,2026,7013,4914,6948,2834,14961,17095,9795,29,5633,14321,485,1413,18692,7344,NA,19281,NA,8678,9158,4666,18235,15349,5877,15232
1598,12651,4972,17361,553,3569,14220,3208,4837,5141,8858,NA,17908,5548,1859,19185,NA,10759,7638,12793,8223,18726,16615,10792,13733,9619,9087,6977,3898,15004,13365,18249,1077,7747,6868,11242,8440,14764,10358,3952,10459,18857,6963,11319,5589,2555
760,19779,4086,4455,12248,10138,6778,15124,16276,9494,2905,2615,15202,4910,14361,NA,10323,7863,17251,12141,10135,12590,NA,14652,14941,6648,1348,17780,10305,1328,9151,NA,11985,15330,13175,6121,9945,15570,12474
14707,17916,16100,15234,11993,16883,6689,5585,8055,15767,2071,14334,17408,3639,9427,5126,19354,3871,9301,NA,18041,9645,17990,15365,NA,10777,17884,19585,NA,12261,12546,6385,NA,5922,13095,13745,3749,NA,446,2479,12716,6388,8975
18252,12703,9655,2882,14055,12170,8910,13151,2446,12661,3826,14409,5215,17621,6283,18171,10866,10707,836,4989,NA,7919,18829,11190,NA,4781,19972,8110,12625,532,17315,15389,9521,19350,15547,11005,1029,16842,5233,43,11921,17573,15383,NA,3802,8823,8869,15860,9261,7128,13089,16922,2840,12868
