11713,1862,17834,16611,3473,15025,18858,19496,15930,9359,18571,NA,3094,13013,NA,3185,NA,15384,6166,10377,5888,14827,657,12140,12974,NA,10432,10405,11186,13045,8347,19101,19867,NA,3169,3176,18614,11434,19253,2224,9238
17642,537,9868,8068,2802,13332,2458,248,12523,4772,16972,17355,NA,4152,14466,10410,3955,11702,17395,NA,8070,6968,18667,2118,7109,13776,14520,NA,16578,6066,12308,862,8332,11685,9085,NA,11983,NA,3829,3033,8600,2102,11162,NA,1014,NA,9764,1118,15438,3577,18304,10700,NA,1993,7285,14852,11089,4129,313
15335,11263,10526,2038,14814,3355,15987,2574,18133,4589,153,NA,14308,NA,18939,8395,NA,2643,5598,6627,2096,14849,14514,9754,12973,NA,5119,17973,17989,8276,16068,NA,3325,NA,9606,19020,15812,995,NA,4788,2989,10343,7758,2734,6138,9193,15823,9889,16163,8664,16326,NA,17721,NA,9752,2120,1999,8432,10935,17006,17337,322
4601,18903,5263,887,7426,5883,13165,16214,17466,2551,9379,6990,10359,8488,18000,9441,10670,11027,NA,17432,13497,13269,16764,10670
7493,13210,5186,15097,7522,19124,19777,11562,18830,19687,15735,5901,13930,NA,16701,2265,15471,1534,5453,14400,4233,12280,15214,19345,4825,1633,14487,NA,415,18069,3571,11287,NA,4514,2453,11811,7230,10048,8470
14412,2643,12027,12643,7758,2223,14221,17830,10350,19690,6453,168,3149,789,19512,7408,NA,2061,5952,16184,16152,16767,16722,12683
7440,11444,17058,19427,15843,15480,12461,3324,1509,7851,8688,NA,4311,16004,13826,7033,16599,9947,16509,12039,13647,4846,556
2362,12531,16881,16766,14823,11170,14453,11818,2456,7391,15084,7133,18023,12370,NA,12805,2530,8363,1038,3640,10868,867,17473,3860,6241,16840,1415,6759,6777,18767,292,9684,4037,18792,9232,13265,7060,7472,8140,3157,18519,18353,19660,927,15170,17420,9033,NA,15650,8293,5101,16516,12932,3036,18345,3665,9304,2655,623,2372,11658,7189,6650,1250,14495,11037,8972,16439,7835,16149,1950,17309,4236,11838
14609,13011,3720,8223,18,3053,19009,19260,487,7102,17275,2003,13864,8987,5581,5034,2463,12452,13444,NA,10298,NA,698,17378,16746,15,6367,18692,12060,14937,18736,13358,1582,1302,3588,12927,4272,14076,10707,9890,NA,9673,18646,11263,18369,5097,13877,10110,10628,18121,19543,16998,1474,7098,9741,6339,8210,9530,NA,7905,2400,10610,12906,225,15271,16537,6046,17375,13555,5251
17728,8528,4465,4057,6193,15350,804,11811,13950,17850,3143,15200,9039,19206,1426,NA,14431,9206,NA,15819,16466,6867,11561,14837,220,1785,NA,17705,1983,10445,11573,17553,NA,7370,9718,18211,NA,16349,6495,NA,9005,15211,11289,11842,11933,19814,8609,14095,17546,16518,14261,8175,17831,855,19955,10197,NA,8643,3778,18327,18082,3122
18823,10354,10588,3995,7315,5894,1722,10503,2590,812,17931,2443,7944,1477,15368,6998,19130,7986,9537,15359,NA,5540,13896,6029,NA,12814,2164,5650,5104,6619,17454,14968,277,938,15270,278,380,17690,17405,3867,8666,7654,11774,12326,8901,15876,2964,19768,8262,19452,18316,10824,17774,12238,10356
2522,13227,8722,18420,19484,14333,6854,6170,18851,2422,4026,15258,17390,19804,3742,16298,12629,NA,6791,13497,862,6934,10091,5520,6841,9941,NA,4879,18038,19035,6084,10071,13419,18038,4035,2390,5248,9171,14048,13875,14402,NA,13002,7397,16312,16263,7650,12127,8221,16677,3789,11540,18101,19793,NA,10230,5331,18328,12631,5877,5454,18342
1824,16656,12561,5915,2963,3959,4963,3859,2649,16416,9236,NA,385,17482,9345,8444,16555,13827,17430,NA,15794,1110,NA,1780,4820,17694,15607,12696,16398,16999,NA,15979,3006,1091,11624,NA,1457,436,NA,3238,7844,3349,13559,7424,1676,14734,1503,18517,16656,12544,NA,4114,586,17234,7755,10737,18427,NA,360,14264,2372,1673,12601,14408,15397,10170,3596,10851,13861,8319,277
11760,831,3348,15100,2840,7641,3974,1322,788,16795,19539,3925,17989,NA,12721,3566,NA,1917,12406,5038,1295,19189,7779,8236,NA,2819,2382,12415,14159,5295,14513
11900,8486,11930,15022,14132,15124,15470,4568,413,9787,1757,16102,12785,11738,12511,18037,1066,6908,13081,11048,1713
18923,16021,16914,140,1466,16695,11935,173,5781,8090,17422,6518,9511,5969,4292,4681,225,136,14957,6973,5405,9881,4418,16396,8276,2588,6598,8935,5348,12817,5732,9075,15574,14331,19077,6040,NA,17831,10730,7659,13387,11113,11577,8924,13590,8228,13109,6210,13174,4156,5218,1412,3818,7658,10525,18119,19168,7598,12128,8714,8106,6177,NA,276,17805,11414,18118,NA,4685,17441,8501,19996,7521,16898,2164,11683
15985,7326,18817,16867,1498,5365,5752,5347,11002,11950,17266,2963,284,119,1914,3256,17183,1042,10281,17189,6074,4284,19003,17271,1764,1466,18869,NA,17761,6350,4697,14966,8543,3887,14421,10935,2243
19707,18333,1663,2059,11487,2111,10377,6619,14830,9419,11057,4498,6508,16882,1144,18500,17479,8456,4692,17032,670,2776
3991,2676,3903,7172,16823,8754,13082,11538,8388,17462,17231,3399,14819,NA,10091,7519,9602,993,11615,NA,2178,12740,18675,9371,9544,576,86,13085,14584,10411,3043,346,4586,4956,19918,11541,10726,12326,4620,7363,2687,5979,14618,NA,3246,16533,5477,17150,7386,5612
6006,10243,19090,18863,9188,15258,15684,16115,15607,1910,86,3906,8382,12039,6921,18064,5421,13715,18730,16170,30,15879,10116,NA,10470,19406,2129,5796,7336,6959,818,5213,15413,9883,13242
18236,2361,9112,8796,5798,6712,16209,3358,16918,3578,7902,4492,4942,12569,13689,16828,17019,6599,5087,2712,16097,3248,17886,NA,8204,6747,2347,10522,17663,14267,7674,NA,13697,13481,15879,556,10329,17547,13022
15290,6634,8125,13146,10530,8313,18265,1791,14916,17471,11153,8543,NA,19879,11290,1369,5411,12890,16458,10393,13414,11679,18984,6739,19165,3787,2841,2587,NA,3508,5647,10391,10718,NA,12463,4929,7262,3467,15567,3313,14987,NA,10351,965,13875,NA,1421,5073,4874,6667,10898,18162,8781,8779,10092,19490,13868,9159,272,6235,14506,4897,9504,16394,18406,7549,14343,19650,NA,17293,10697,6567,15633,5002,19122,440,14789,15461,3083
9802,6999,14059,2339,3332,1251,14379,8135,12598,13268,10270,10976,10212,9604,11255,7079,673,4113,740,19707
1185,12360,3281,11454,3572,11668,14535,4878,10010,6212,4597,6627,16283,12855,14363,13788,16550,12267,13690,929,4480,17943,15268,11557,12475,7141,4040,6576,8252,14912,4880,17621,15802,NA,12450,NA,839,12954,11802,18189,8949,12610,NA,15124,7185,2879,9477,3021,16544,15614,9827,12735,4301,3183,17210,4961,1649,7581,15402,13582,15861,19601,4057,19139,15286
18375,15863,11835,17589,7456,9545,12002,2113,6636,12299,7834,5801,15768,15286,3351,7345,7543,8312,15370,NA,16264,14647,19717,9089,3723,18433,8367,3621,13936,5749,16580,9,159,6000,13561,3664,12045,4715,12190,9721,1349,8787,NA,15539,3364,16163,8315,399,12285,9718,15383,5916,5062,8091,19960,7149,19817,597,6676,NA,10082,6864,17882,8263,17304,676,17608,3362,NA,1688,18164,17302,12875,17553,16785,3716,4253
16358,1424,14758,8094,18329,16521,11583,19782,11821,2213,19326,11557,10615,1001,15973,16934,17554,14198,7555,4444,12392,8648,19816
13397,13544,3084,3267,3406,5710,9257,17768,14265,7619,9113,1444,13398,NA,1785,5849,11013,19366,3424,930,17390
13405,14306,3900,8341,13059,16888,8337,3478,15932,736,15824,812,7797,6871,19105,7173,12984,12878,10933,7821,2784,14992,14648,4801,4296,6621,7151,11342,7095,5222,9755,1207,10990,15598,NA,2113,2605,8375,NA,435,NA,345,12875,7921,18279,6452,NA,7487,11906,6399,18548,17398,6514,8691,3496,15200,3034,19442,16550,10988,12932,12738,8476,8183,254,10113,2358,7956,NA,3466,9034,18410,3825,15605
12919,11989,12163,13635,18399,10791,1997,13490,9542,6871,5853,5112,5248,12182,NA,16084,6292,4031,18889,13887,17317,15798,15520,10526
6589,3963,11789,13049,18404,17825,7010,6037,7889,6037,4646,15475,2664,19399,15827,1015,18777,8572,7804,NA,12136,10076,5438,NA,6806,9915,2510,NA,19917,16571,4320,5504,16159,15833,9473,19346,9657,7868,18020,13276,8136,19484,9955,11435,16294,6511,18921,8408,19690,8743
3823,6186,8754,15130,9934,251,8328,5063,13363,1354,4713,5003,14904,3074,NA,12829,11767,649,2522,18349,9769,17125,14374,2800,12300,NA,3030,15740,6683,6468,4557,16836,NA,16002,1414,2436,9286,10380,11264,15632,3033,8832
14313,15682,7073,8756,5815,7426,16842,11139,16836,3484,17430,12758,1256,8034,10275,18670,8088,9311,11547,19378,NA,2081,10418,7123,10183,19624,16842,5488,4513,14896,11900,14503,8999,5193,5115,17263,18693,16973,4274,10114,9666,12132,8307,17311,12691,2324,19651,3962,17926,2527,13718,3217,17004,5740,9284,NA,5650,9015,2969,3042,16408,17447
14289,3329,5274,12016,15891,2603,16103,18820,5075,1126,1869,12447,NA,5170,19039,3383,19332,4356,16993,10384
13047,19996,2932,18873,2191,15109,7584,1860,10975,18470,17289,NA,15022,19598,3543,19378,15947,17745,14234,15078,2965,2751,16113,8837,11462,18701,18402,19851,19920,5525,10211,10698,10732,2257,4576,NA,111,4253,12286,12425,14530,215,12721
5684,16256,15379,4845,363,2182,15458,16183,3708,5714,8633,10073,11186,13076,10783,NA,13014,1152,10673,15885,5329,2673,16218,NA,8547,3361,15164,15580,8221,17262,3584,14198,232,16225,8004,18016,17486,9249,13861,9430,18547,18034,16566,1732,319,15278,12563,9246,2157,NA,12706,5618,5756,6877,5393,13840,6518,6140,NA,4127,11998,15363,8812,3299,4733,16554,3750,16362
10583,16794,2469,19848,17826,2287,16630,12944,15986,17701,13346,NA,10165,3105,6922,NA,10983,14495,11158,12827,12746,9960,12720,11361,391,1878,NA,11118,14882,16524,4489,12128,9488,18157,18649,NA,2723,13264,10381,12428,14672,3607,3918,17116
19360,6444,9301,2815,4204,15571,2892,3129,7685,18889,4245,9538,18541,9455,6677,7747,17239,7195,1266,19700,12791,9288,19664,5545,15762,8032,6982,1925,5489,7724,10162,8396,NA,903,11104,16800,5336,9813,12977,5973,5013
85,19819,12890,6194,19802,292,5872,1073,17562,1925,9649,8376,4246,6229,17982,144,16319,8554,15078,5633,16632,8945,15676,11310,7391,17833,327,NA,7595,1026,6619,3958,19389,14609
17274,5480,11849,8721,9091,18962,13120,2741,1523,14014,11225,4161,19148,18468,1583,4238,18226,NA,10979,1489,10961,NA,15445,13074,5203,15752,14327,11256,8154,18158,11011,12863,NA,2724,4094,1281,15487,8569,4973,7638
6920,6911,5285,3999,1662,16510,9002,8400,14727,7819,981,12536,12400,16816,4341,7231,11831,4686,2147,9511,4345,10448,15034,8740,4355,17158,11841
12633,12290,18186,18405,6387,15868,12030,973,13403,7299,17988,6521,4220,9831,13084,11536,13628,NA,6637,129,9858,NA,4687,4105,7905,767,10434,18768,8717,2250,15096,5109,7965,8068,1293,12993,NA,6594,10325,NA,13419,4902,13677,15425,15756,3275,10317,9334,5780,4663,15126,3127,15370,14341,15697,10628,17378,6774
15985,4910,6047,11625,177,15914,6367,6657,11431,12215,2468,17943,5070,NA,12797,NA,19241,15032,2261,9130,19983,3732,17885,NA,19433,15155,3860,19969,1424,6913,7943,12282,13607,10237,16682,6484,15022,14889,14956,6684,1517,503,16194,11618,19528,2748,12230,9343,19518,NA,4764,3807,7022,8193,3746,11729,2616
2175,18677,10243,14237,13935,703,1958,18613,19190,2909,6685,7395,18979,6297,16191,11036,11807,2729,15150,18399,13806,6456,12385,7098,NA,7580,10626,11876,16177,7594,524,17340,13478,19703,12022,16276,3619,13216,13005,9372,1674
8786,8129,9516,6004,6206,17506,9596,13219,7741,12828,18001,4424,NA,17483,2902,18348,14667,13529,679,18796,6875,9238,11168,15216,4755,NA,212,14846,2437,14827,2611,5893,13491,18262,14381,188,2623,14307,788,14813,2757,8518,12942,19615,NA,2835,6072,4182,NA,8915,5799,19493,241,13611,16295
6008,14058,3832,13033,13546,18859,14922,13314,9641,7231,15127,4999,2393,8312,17444,15242,2249,16405,17560,5645,1765,11171,19466,12839,NA,17572,10755,8044,14451,NA,9415,14635,14637,4053,4317,4764,5250
12263,17059,1486,10595,1730,8694,13821,16676,17719,19879,10846,7646,16298,3815,3494,18738,NA,6827,3115,NA,14700,NA,11416,18063,17488,10141,10241,8495,7752,17799,3093,15187,19986,3944
3567,12573,12902,3247,704,12970,5352,846,5230,5586,14488,4688,18565,788,11210,19902,315,5085,12780,11565,17389,3674,6626,1460,NA,5151,12247,5459,1800,13132,NA,17804,3818,1546,4400,NA,18477,3523,232,NA,4190,3481,5658,13224,4506,17694,17547,1158,8309,11937,12640,8502,5561,18973,NA,14169,4542,3759,2113,1423,3217,803,8490
4199,1719,4324,6563,12790,6909,4491,13639,15524,11366,18846,9543,5109,19331,15636,NA,12574,15832,15090,10531,NA,12890,NA,2313,2686,6741,16660,7844,14973,16817,6482,5412,8668,17464,4473,121,2531,12668,14300,14675,8667,8193,14937
7825,12544,18905,7092,2753,2897,17369,2010,6310,3394,4321,10684,17304,14520,13597,16325,3375,NA,2951,15069,8985,1018,10478,6438,NA,8226,NA,8691,7735,19884,981,5850,11607,NA,18844,19087,18358,NA,11574,6264,13505,5179,11375,16984,1709,9772,1855,NA,15597,19335,3171,9041,13499,5462,16652,8436,9362,NA,12402,8508,5330,15199,5961,6692,4095,16417,8831,11007,7860,5878,1214,19105,16855,3746
17659,19546,6618,13966,10921,1305,17120,13001,14476,19465,456,2758,8795,5541,1222,6362,1999,17055,NA,11220,4430,15583,6026,2066,5542,863,4732,602,NA,5910,105,9578,23,9844,6138,11426,12598,5327,19231,14089,809,17500,13845,12207,17062,19464,15040,3664,19576,15438,790,NA,7414,899,18056,NA,2582,12661,737,7296,9143,14914,9177,10544,12049,18540
19361,8936,11361,3705,2412,12601,1010,15139,6307,7231,17011,11312,900,13479,3659,6750,17386,7356,16664,19476,NA,5515,6254,13433,4049,11070,756,13380,16806,4324,18379,NA,5494,18976,14148,8275,5961,NA,12588,1938,2814,4088,13103,9749,2803,3494,3070,17147
9430,6143,14477,360,10411,4330,1110,6706,9704,1044,12326,5190,8985,13122,528,13051,7398,7742,4691,5906,14849,12718,4238,16240,NA,18921,NA,5037,7685,18524,17827,6799,19325,9008,9823,4807,4649,18107,5307,12254,18069,3728,17876,NA,12189,4091,4023,3655,3187,4621,10007,5602,1399,NA,16849,4098,19485,4651,14988,7106,13973,3278,7582,1430,9179,14903,5467
16436,16605,19189,12256,17679,7440,10183,4043,17234,12326,18403,11852,19315,7634,NA,4337,4467,NA,15556,15963,18946,19513,324,19327,14282,154,15762,800,11914,5199,19146,11336,1496,5704,NA,15610,13630,NA,16163,15861,13855,2520,11701,6652,10299,17302,6746,8034,6397,19658,12068,11479,7910,4373,2712
6149,19566,4719,16696,6500,1683,7414,11461,11273,6235,10771,5327,4281,8571,5233,2637,8311,18001,NA,19363,19324,NA,4596,18812,13936,17036,NA,10805,19142,1693,NA,8607,16898,10457,15959,13458,9267,11393,13290,551,11898,8822,3971,1932,15405,10847,7404,14844,17944,12372,11004,2054,6967,7443,9177,1615,3281,14875,1377,19624,15420,11104,11169,4428,19795,10153,7161,3064,17633,16416
13499,15752,18123,15233,5571,11929,7774,10602,7991,19601,10017,8306,4770,15899,9038,16644,16711,4361,2578,12775,14790,1179,10546,18340,15285,14708,NA,19340,1535,5933,15249,NA,4635,NA,284,5017,7471,18912,10191,10826,8579,9896,6379,17238,7757,8502,11676,8570,11150,17863,17895
16370,13075,11340,9429,18284,11709,9417,4788,3552,17530,10762,9482,15929,2491,NA,5885,10330,1990,15364,133,1630
16222,9880,13862,2591,9044,16493,8650,4809,17652,11275,5300,10502,NA,689,NA,4310,1229,8454,14942,12275,13824,7295,11059,1646,4240,NA,2217,3361,11348,7977,9512,17028,462,NA,18779,16938,15491,15931,15644
6861,19825,4348,1537,18844,5303,2817,18760,7838,5966,6540,9002,13565,15170,18366,NA,9853,NA,3603,3753,18383,9737,10496,8133,13418,10328,NA,8011,18104,14965,322,18833,15670
8614,12206,1997,18699,12802,19640,18434,220,12559,12649,15628,15299,12089,12950,19423,12397,2335,8688,14897,14201,17661,18860,19432,9172
10583,16862,9875,18145,17637,6221,14283,18883,7884,5103,12369,18844,10038,NA,1088,5101,NA,2159,5563,17066,11887,6327,18068,NA,11412,NA,3505,13057,5650,19522,7747,NA,12393,7663,831,18065,10467,4344,1476,12487,13883,NA,1250,19422,16972,18318,15389,2949,18716,17808,6933,4585
6164,12726,15561,5092,6378,3001,7537,762,2804,2768,12599,7779,NA,1761,15837,NA,10947,5756,10313,7115,NA,10514,11143,13807,12817,8467,3899,17723,3746,6295,7518,17417,8942,12639,1485
247,13981,169,6175,9783,3423,2811,6071,17557,16214,12816,NA,18689,4366,2520,17674,1705,8750,8093,75,11473,15379,6378,5403,1553,16095,19324,15531,16894,13380,19325,116,NA,14270,16119,12256,3312,7966,15387,1320,9764
11087,1211,3492,16175,17555,13430,14113,16051,2814,1943,132,18642,15150,12679,243,4864,NA,19851,7760,9982,9363,2527,14988
8953,15595,8501,18578,12840,9103,7836,11052,487,9183,16745,11786,13073,8144,8052,NA,13570,1944,430,6625,13828,15642,4419,11398,12358,7776,2476,18519,15536,11892,12601,3736,4210,17478,NA,582,16748,8052,15761,14623,3481,5202,1655,1432,5109,6035,15425,15440,14920,11806,5857,15413,2654,15437,18223,1250,7860,NA,6776,7419,3994,3954,19303,13416,12120,14369,7462,3809,15986,2098,7934,NA,3931,7175,8048,9817,10524,8332,13595
6545,15846,14106,11164,14981,15573,10976,739,8779,11414,7729,14405,705,17435,NA,19262,NA,3903,14411,7677,NA,5931,8428,5222,8914,18642,18086,7770,8820,5364,6256,NA,293,11052,9272,3881,6035,NA,7794,13942,17070,2429,11908,977,13511
14351,10491,6637,15492,42,12643,1492,396,2142,9835,18813,11397,1122,7633,14689,6773,5794,NA,8394,10708,1184,1311,3526,18198,5886,4538,1137,6406,6546,3298,NA,15997,7213,8336,12265,10583,9745,427,1600,18833,16602,1741,8573,9095,1433,11377,11409
11771,7925,10560,10122,11467,19962,3961,1436,6697,14857,973,10800,17673,339,18495,10806,NA,8442,13496,9038,NA,7459,7260,NA,8003,8623,179,15338,3838,204,11114,32,11812,5520,11772,18508,3166,15017,15234,11596,11458,4521,7426,11728,17276,2077,16260,13580,5731,8194,1586,14362,9512,546,8416,18763,NA,12297,11273,3611,11745,15811,18783,1357
13546,439,9190,8713,4902,14006,4638,8166,18436,19011,6756,4576,NA,19397,NA,9780,8439,19026,14524,9630,14676,17120,12717,5467,211,2853,8217
11799,7006,15479,4803,8952,8779,16726,13661,1534,19131,8184,12284,NA,8425,NA,14090,5862,19697,19496,5987,7436,14028,18851,6443,10213,9742
9961,13404,17529,14660,7381,9906,17960,8363,11553,302,16733,7942,13381,5314,17978,NA,983,8048,18924,4237,18745,8812,7124,886,2097,2986,5803,17075,14458,16245,9869,2592,16070,NA,8383,602,3995,16751,NA,7832,12943,15709,4400,14518,17441,NA,10644,585,9930,10462,9171,19075,12109,NA,8795,7177,2319,14985,14053,18363,2663,5148,1317
10037,710,14848,3915,3946,15678,12913,9720,13544,18193,3521,NA,10564,7919,3692,2423,7141,2834,NA,431,5959,17254,15296,1516,5416,19774,775,14272,8081,18471,8630,NA,6212,8345,18347,9994,12365,1756,19681,NA,17730,NA,8685,14570,6127,16458,4581,9996,6927,1756,16937,15803,5906,7874,19112,4025,18848,1153,15973,16519,14986,4147,18906,13093,4987,9727,3079,15967,11417,678
7045,7188,12974,564,14185,12335,449,7971,12036,13538,19866,6745,19764,11125,15909,8549,9050,5656,13626,7230,627,2055,8622,5040,13620,8926,10283,NA,12163,19298,5030,13511,NA,1854,12808,16633,16060,10483,8260,19000,6737,10853,15981,NA,14424,18685,13672,19324,16067,11455,5226,15473,17858,9310,12688,5150,9177,8840,11919,NA,5386,15777,1344,4861,16124,15792,5528,6312,16750
15674,116,15472,3614,6409,13377,15265,9225,4470,10886,9015,13025,11459,3651,1541,10920,13922,19712,11718,15735,2991,12397,10453,NA,16084,1824,8300,2543,10219,4582,2029,7577,12316
11660,8245,14826,15950,4657,8594,14658,14092,12015,7543,3350,250,7122,269,5661,670,19250,1323,18938,9297,9885,16317,NA,12272,NA,319,13925,10554,7453,NA,19487,4433,590,5739,12516,9252,6074,4178,18565,8027,15746,NA,14688,7037,NA,4122,NA,17921,10718,NA,9900,2432,NA,18696,11173,8153,8617,NA,1410,18031,8573,17241,19518,12657,9548,4347
8713,17104,145,4863,1283,14020,12396,11849,19819,17991,9768,NA,10534,1383,13566,18170,NA,13201,12247,8297,NA,640,18022,17399,NA,19445,17297,10629,6970,19836,1879,18902,14528,9897,5438,2560,9756,13370,15277,14055,1336,11094,3562,5983,13729,6568,6881,NA,9455,10134,17869,3250,14124,3203,5820,10824,2502,9473,17742,NA,15936,19158,4054,11910,19655,5799,15045,13622,NA,8884,17241,4697,17839,18320,13059,10437,2728,18238,3198
18979,5626,6557,16811,13012,7,7977,2454,6957,2017,11821,NA,8340,13416,17716,11053,7211,5074,13966,6756,4701,16898,16313,19484,15258,9368,4260,8240,19804,15205,10939,7662,17982,16810,6022,1975,17006,10513,10793,1988,14766,11309,13661,9618,7469,4472,3013,3009,2089
13853,8967,8167,369,129,14928,15118,2669,11047,11816,1424,18161,4184,14312,13810,10159,1297,12828,6489,19485,19764,14518,15570,19615,8654,5190,5229,8837,10874,9952,14363,3240,16353,5254,14406,10753,10127,17811,7274,13662,3424,NA,14719,NA,308,778,NA,5889,641,3594,18394,7100,5793,18015,NA,14217,NA,10884,18516,11099,10062,7944,14542,9099,7230,15548,12189,17247,5971
19614,12657,12099,8500,10998,8747,10757,997,2894,4127,11490,NA,2284,7794,14127,10580,16404,2953,13099,9294,1205,19346,1255,12008,11223,14184,NA,2481,13343,1493,13192,NA,8850,459,9708,6047,14736,7627,19022,6966,14286,238,NA,810,7935,13050,9133,14375,12749,10072,14345,5325,2225,7083,18655,12200,14344,NA,17292,16377,12750,613,3680,5689,5164,5393,12521,17908,10294,2730,12663
18579,8020,17018,487,18489,19497,8065,13005,6307,16629,5046,19805,NA,2231,11584,NA,7111,3340,3980,10075,14830,18634,15762,2831,9766,NA,496,5899,14068,9221,9160,7183,16413,NA,10556,653,15469,10049,9066,6364,1618,11757
11142,4101,3471,16915,13123,213,5941,8281,19606,2864,11331,11363,NA,12371,16283,15281,12507,3672,9913,NA,3717,NA,11956,19518,14380,3457,19073,19207,4358,11759,5618,4057,8578,9438,10735,10692,892,11456,17451,10178,14152,4534,18111,16226,NA,15770,9818,NA,14048,4693,NA,10409,NA,7124,18465,15464,6359,14553,11908,2462,11266,14260,1069,13290,9823,14283,7981,17955,8817,15608,17915,11406,8266
13796,1287,5835,14458,17968,19710,19584,10810,13766,5269,14344,10900,12642,NA,1819,5225,14321,5636,NA,1100,15268,2772,8830,4914,16230,NA,9685,17763,18247,13904,5359,502,1212,6523,13587,17476,5895,1807,1012,6,3273,7132,9585,12014,16672,2511,14793,13755,19987,1989,10881,6204,10688,13855,4441
14648,11337,4820,15782,14866,16204,13682,3279,3352,13537,13451,NA,15706,NA,7928,17513,11543,14778,18806,16423,8098,NA,1096,11929,14755,4245,6680,17494,19708,13896,10772,728,1104,15007,NA,7976,NA,9105,6861,17481,2709,3523,18976,18934,4945,14886,9116,18058,NA,6340,9750,14643,3997,3862
686,15287,3278,6309,17065,3411,19353,5676,9318,16733,11766,250,NA,13979,NA,1063,15636,NA,6262,13158,7213,642,12050,17947,8732,11461,8441,NA,10029,10439,14628,9867,18183,7532,13677,6944,17691,3071,3863,17863,NA,7013,14563,5589,NA,5904,8003,4745,7761,7149,10954,1010,342,11203,12902,7163,18579,12860,18139,2497,15872,10425,13994
17050,1378,2849,10616,6075,11902,14995,9161,5377,1792,15368,1700,180,5353,2646,NA,4664,4586,15739,NA,6949,13644,8271,16008,5440,18882,13237,18569,6376,4080,NA,12190,16775,6911,NA,13262,5708,8507,NA,16814,7663,9913,9962,8059,4362,14171,6165,6205,8563,5937
3477,4350,2404,19139,572,1456,11184,6591,18317,5591,17803,18713,15197,1052,17942,2050,8057,NA,16950,11640,14233,12785,6001,9046,10474,13229,14301,9879,4242,18002,NA,19403,13973,319,NA,8508,10430,10078,401,10802,4802,NA,13551,5200,7407,18249,12840,NA,5259,2003,8304,2681,5929,2878,18030,14527,NA,4677,7173,787,14055,5328,NA,11903,10001,1107,3821,13027,13860,203
17287,289,17680,19577,15750,18568,14346,4815,16823,2126,7438,NA,9325,2406,12113,1737,13866,18066,10192,18544,13655,3153,8866,13794,17170,19249,17778,8198,12396,NA,1955,9844,16580,6701,13437,12157,1595,14148,2104,15514,6741,10922,4438,16033,18411,12158,6843,9900,11167,14192,8425
