12792,7154,7969,14146,13316,6322,2919,12952,3341,15966,994,19359,2229,12814,19868,18490,11274,11643,699,19447,NA,2514,19850,14846,11626,NA,18547,7613,4294,7542,11574,18169,14871,17872,19619,7756,NA,6315,18944,1552,15935,15172,10931,2705,NA,2755,12355,2204,9764,55,13448
1150,4582,5394,3572,19554,5055,15200,7893,733,9374,13213,13545,19137,18956,10102,16288,5109,19216,NA,12133,286,15047,4166,11526,4883,4988,15106,13765,4367,11191,9851,17318
19898,18911,14175,19515,10120,2549,3256,12930,9349,11242,6160,5502,4452,8543,6392,14433,13828,6137,12544,17155,2308,19034,17712,8529
4659,19658,10772,6264,5642,4289,10573,16503,9890,12360,2168,14889,8489,NA,1341,2399,1310,8783,7559,15075,11520,1061,7605,16743,6012,8249,13714,4101,6678,5940,2047,NA,12747,18618,7343,17624,12490,9148,1881,12189,3865,NA,15105,311,5772,16944,1563,9237,16359,8521,NA,17162,16042,13785,NA,19567,7719,10501,2995,7533,19381,1101
9729,18886,15299,18536,11173,939,1082,5104,18095,17779,18160,1570,19510,12445,5989,19863,8713,1364,10612,2924,8469,NA,9907,8994,9722,4779,10184,11005,1271,11129,535,19693,9103,1890,14263,4009,9134,1261,18868,NA,15395,15769,4227,9890,2742,12249,NA,13421,10811,12032,7232,8031,16546,12064,3004,5198,18090,2934,16102,16156,4335,14613,3332,4301,NA,5390,NA,10873,18144,10190,134,4519,12283
12317,18577,4211,17515,19199,16352,19506,13639,14354,5701,276,17634,9608,17995,231,12528,10393,NA,8186,776,8106,17094,13394,6658,912,15666,15992,9869,4856,19638,11827,7921,3774,1895,14306,2048,4651,17000,4655,17712,5265,19439,NA,2372,4213,17045,1152,3535,NA,15024,16707,17176,11707,2501,15608,18540,NA,6016,16873,13261,19457,17551,14578,19788,18887,1132,8495,16635,81,10476,19739,13023,10366,16371,3919,18967
3423,1884,11540,16566,19553,17377,3150,17486,7105,4122,12885,19843,219,9538,408,7002,8717,14502,15953,14283,4974
13377,8339,13002,9921,14466,10206,17023,13501,3370,13408,13211,17888,9113,1268,1073,NA,10312,8290,5586,10873,19357,5379,9339,1483,19279,13235,NA,11296,NA,704,3262,NA,11243,8595,19763,10494,2507,3904,71
909,2663,14650,11683,14314,9844,1415,16037,3823,15890,4369,19867,9525,11500,18049,5354,7499,11590,11113,NA,9631,619,12997,18737,16282
5433,6046,3298,8145,17349,12552,18442,8965,9281,13554,4174,18055,5650,935,12229,8946,355,10503,4740,8615,12095,1994,11237,19782,14203,12486,732,19357,1986
12875,2314,2875,1383,17023,8052,7111,16767,8426,11504,14370,14093,7023,12430,5353,18072,19357,7633,3665,2444,16916,14151,1541,2571,19909,10830,17497,18157,NA,1539,8729,13225,14397,NA,14112,NA,4162,11070,10431,15953,6278,18258,18253,19596,13619,292,4433,9780,16750,6422,2497,11352,14091,16190,10108,16260
5265,1786,18994,6860,19944,14178,19893,18749,13492,6193,1943,14066,18973,7807,NA,6277,13300,14258,15364,5612,237,17688,NA,12251,13953,11114,16896,12862,13646,12506,11696,18352,9648,8212
5822,9552,1320,12259,14228,12681,6028,14297,16284,2141,4224,3733,18933,NA,14504,1662,7556,14383,256,7863,15633,4258,19919,16530,9434,7922,NA,11961,166,9,11511,4447,19221,9571,2412,17066,15913,6530,1670,NA,7945,12944,NA,16351,NA,17445,2164,10007,1167,6773,9704,15261,14660,5948,2440,18279,7412,5570,10747,12921,10090,18153,3499
1183,3256,13145,7259,11815,10165,16043,4707,5670,80,1161,3726,16360,10224,3850,16436,17766,2704,17108,2732,753,949,8403,13350,4498,10070,15314,17847,NA,4985,7060,1388,NA,12814,16262,9428,7759,4561,11394,NA,15245,10636,5179,NA,4104,19748,19551,3745,16914,13882
17554,16032,19018,11046,1413,7891,13143,17142,8192,7077,2458,3711,9854,300,671,18524,6256,12464,2932,13832,18626,17098,6818,13630,7871,15082,5578,11840,9643,19424,5194,19047,1560,1616,18224,19818,8979,877,15049,17183,19124,18534,16878,13095,2281,14789,3916,3987,12769,2491,7136,9053,1827,17509,15030,15563,8528,13429,11845,464,18113,11912,2924,17912,2586,16327,11556,8023,5524
15464,10506,15703,17547,9476,1390,4805,16341,17846,2984,5811,3000,6615,6231,7447,18687,1188,2563,18746,2944,NA,5130,10782,NA,18944,18797,17485,14179,19408,6549,8804,2707,13515,15335,8220,11143,1077,10143,9685,17386,6757,4055,11343
6196,278,8494,4397,12306,9653,12297,17525,3242,13690,12196,416,7756,4613,8075,15889,13003,13599,5714,7644,19165,16518,10447,11484,NA,1422,15181,2240,12828,9897,10716,NA,11444,1390,6638,19171,12425,NA,7181,12685,9647,327,9829,851,19583,NA,8293,11565,5442,1563,19942,19425,5248,16381,12880,NA,18187,8061,9454,3716,NA,3625,17486,17129,9042,39,NA,17320,2919,5170,18898,14218
2442,4785,19243,291,11574,2192,11418,18972,9471,4178,3443,5760,NA,4691,10479,41,1615,16427,15465,8026,7420,11263,15189,7300,9226,14203,193,13746,9733,19901,18383,2720,2606,14357,3770,16566,NA,3926,15687,14242,16855,NA,3918,3417,2170,4028,18967,16282,140,7602,12734,9222,10710,6386,NA,15229,13763,3260,6906,9433,3227,5694,18827,1020,18966,8759,13356,19355,3489,8229,3313,3910,1285,4470,4815,3098,9527
63,15398,16280,17767,14001,10898,7803,8244,4324,446,8584,15626,7576,4542,12287,9938,764,1423,1663,9346,8637,386,16853,10050,14672,1541,7754,4111,18947,10203,267,13613,18733,14036,11405,19097,19826,12997,NA,2671,15067,8033,NA,11462,456,19556,NA,12403,16870,19505,16506,5483,921,7047,836
6954,15062,646,18521,8240,4596,17972,13440,1060,18568,12684,6836,16238,1874,3374,16723,NA,12413,3182,8672,15035,19226,2805,6919,10401,5087,17902,19770,18728,16316,NA,718,17817,3927,3745,14771,4759,16838,7214,5923,3011,6690,3462,5519,14567,12968,18188,15084,18902,15637,18784,10640,1866,11752,NA,548,13680,6379,2519,6243,4652,11181
7439,6476,261,13399,16570,9020,10519,11603,6832,794,4825,NA,14403,14238,18602,14224,3771,5368,NA,3318,14481,16072,3202,6879,3581,NA,3360,2625,1327,10985,17862,19236,NA,3950,17888,NA,15932,NA,5238,17951,10999,5867,12153
13149,15520,9612,16130,14378,3592,10693,10732,6927,3926,17215,5393,13611,19593,12183,19405,NA,10847,9494,702,19448,13262,4114,NA,18274,4372,18387,16478,4915,7901,13876,2556,NA,16106,16572,7979,12812,13588,4790,4734,12003,17832,3875,2864,9920,11729,13437,6450,11672,15266,12662,10013,4858,7573,992,1066,12948,12063,17068,1631,3583,12750,735,2959,12702,6127,7252,14666,13533,NA,9991,10620,NA,12804,11096,835,7458,10826,4853
14167,11889,6837,8041,2953,1411,6695,14206,6941,14820,17882,NA,16838,7930,7453,17745,15918,15678,498,4077,1529,3723,5037
18379,4924,9780,9107,12565,-1,10445,9995,14749,5164,9114,5696,1008,NA,6038,1015,19768,1080,13895,NA,4211,16856,1287,13148,2795,13399,3361,10896,19918
11943,15822,4317,3746,8371,6077,10735,4011,10730,13965,5403,14887,6471,NA,6766,5169,12549,10488,NA,9391,NA,7345,NA,4074,1562,4648,12219,5452
14862,4156,15121,13949,16378,14313,19959,9421,18792,1322,5764,7791,17138,760,19994,10906,5182,13613,3328,9741,NA,11097,NA,3036,16778,4436,11128,15043
4820,9592,2308,7950,3148,8457,3621,14051,6736,14356,8929,13928,4241,229,1389,186,8142,13978,9475,13105,8364,19184,8110,8058,18757,1051,4549,4285,15189,7123,2835,2164,5291,NA,12734,3823,4199,4470,2313,3062,15040,8716,15182,10773,24,19492,186,12535,18570,19668,7858,3307,15385,16534,13149,8972,19009,5800,4864
12364,19650,5374,905,3741,14075,15686,5378,13739,6886,12482,19016,17369,15938,8328,6794,8854,13918,15532,5671,320,14944,7725,10115,13014,15330,5585,12,2895,1481,11473,4152
3295,15572,15143,10733,1580,805,9727,19618,1983,8049,18193,11673,19657,18318,13911,10345,NA,15342,13012,17958,3646,17365,659,1298,7627,2557,17440,6419,2276,4799,19226,19736
17086,12731,16706,9929,14356,6392,11413,2897,198,18586,16859,15935,7330,2458,7761,15805,16921,NA,14972,7621,4913,6952,5788,3434,17612,17707,2043,3382,15934,2068,19806,7233,4220,6305,11095,5972,8438,5301,14117,17829,7608,11638,NA,1750,17769,14253,14107,7649,2835,9590,7440,10827,15317,5995,3492,4965,4644,796,12424,7205,5110,8993,5179,NA,3013,17699,1956,NA,15506,16833,6694,7043,10876,4208,5179,13486,14097,12220
16206,7443,6347,7834,14542,7533,12883,11752,10418,8970,16934,12739,15872,1288,8369,17706,2043,7561,14805,5589,10226,13982,4869,4468,18730,13336,7541,14366,12903,1954,13523,NA,16998,6625,3682,12573,9856,NA,17118,9640,14396,11696,2963,689,19171,892,16175,2027,5806,8653,NA,11268,10133,10547,18557,5376,10427,4927,4691
4742,12410,2062,18207,13099,7082,10423,13522,11014,3662,4758,2459,9682,1042,16949,10832,2628,19842,7390,1233,7389,18476,5701,7839,2612
6901,19994,1114,10451,6306,17441,7976,11848,13715,15554,17489,4630,14366,NA,12448,17345,1401,6076,NA,17825,16599,4384,4019,18797,NA,8447,11764,17753,9820,3147,NA,4598,15066,3286,9493,11658,6677,19379,10994,138,2400,5534,32,19552
17669,3896,17374,13370,17116,13657,4687,3656,18748,579,6374,10732,1187,4527,2149,11098,16636,11293,3128,NA,6814,15399,8601,15077,9074,3033,10810,8247,9031,17546,8177,17900
2353,10652,5572,7548,6346,9335,5882,15734,10742,12778,1221,NA,2175,2430,6648,17945,5992,1707,3923,5203,7897,5046,1368,10269,9199,12447,5597,19830,12232
11787,1243,9888,11888,17138,5347,11720,1429,17030,9543,18888,1959,882,NA,7479,18402,2176,2906,5177,17795,3900,8221,NA,7110,19299,9813,NA,3831,7294,4065,6049,7759,18298,5803,13881,14510,17994,767,19243,10785,7815,11427,14199,6283,16156,7420,16462,11932,5724,17205
14522,5977,3090,17494,9838,2394,14763,15740,7260,12020,4012,6916,2894,3897,16845,NA,3478,12647,NA,2072,17012,17017,5768,5173,1638,11490,242,19157,9478,17334,11980,19309,3025,NA,16654,14261,951,NA,3165,17799,5880,6990,9171,12059,13962,NA,9925,NA,14308,NA,4251,2669,19588,18214,754,17287,7356,15053,NA,7830,13812,1458,16212,19497,6154,4379,17819,NA,2948,11657,15346,19383,8622
6366,16146,10585,5353,17737,14805,11638,12224,14132,2942,1993,486,1055,4251,10742,2626,NA,19751,14455,NA,7087,3510,19085,2538,14777,12385,10678,11729,13542,2495,1272,13558,16176,12702,NA,17324,18859,NA,17418,5729,7738,9221,16593,9460,9950,3743
12137,18456,6484,1842,7541,6337,19106,18391,16307,12365,10824,4850,3114,5512,17108,6116,NA,7821,9252,15432,13162,12679,NA,6702,10244,NA,13928,3468,13063,8295,4749,12056,17166,4845,13936,8416,17257,5784
16410,13416,15580,13139,10815,413,7011,9037,14675,1207,1914,16636,3113,NA,9357,17214,4248,8735,11743,17483,13637,4296,3281,8382,14133,NA,16559,17836,5280,4185,15171,14929,7882,8369,13276,6666,13777,15899,708,478,10783,8306,1808,17663,1518,14929,4223,8332,1841,1941,17565,6511,1851,9966,4493,5144,7296,6765
8551,1896,3560,13665,7313,9812,13957,3909,2008,7563,15062,17404,633,8842,6060,2237,5524,7793,2417,10815,17946,18207,9176,15471,7389,NA,3454,13344,12392,4186,11862,NA,3251,NA,17863,5200,5222,9995,NA,6078,8946,7347,NA,15904,1960,7987,10429,8181,14978,6004,12653,17289,18364
1892,12660,448,13063,6197,1697,15495,3120,4851,19317,2428,14360,1940,17359,5384,5126,3136,17599,13773,NA,9004,14018,9783,12820,7136,NA,6244,13571,1569,7005,11240,1331,NA,2999,5116,4029,3710,8636,6066,5432,8576,4295,5717,18756,7699,7200,6955,345,5514,15655,NA,16486,3697,15772,13949,NA,14085,NA,10108,NA,13447,14127,NA,1657,10638,19847,NA,6415,11406,9253,2723,17729,NA,14078,132,2638,7533,5046,8133
5758,11543,7950,5019,9776,13527,11983,6822,6534,10823,15065,15004,4523,11336,16357,12466,8543,13849,985,18893,691,16453,19225,5404,17578,7676,18127,10478,1176,9760,4529,6300,17161,19760,18231,11680
12194,14901,3386,587,11785,10849,2852,7387,15460,13014,789,15294,8309,2272,891,2752,8351,1765,12530,9056,18164,3881,11774,933,17410,11502,3313,7944,NA,17310,18781,4667,17788,12023,8619,10485,2936,12941,17562,15306,4401
15188,13900,6623,11642,19902,2156,17913,7551,158,11242,4169,NA,330,8562,2248,18182,11049,17522,7796,9457,3123,9837
476,7161,19391,1955,6281,3745,15668,10574,19689,11726,2252,13240,10211,NA,5702,NA,3803,18364,5077,NA,7249,18844,2663,18861,4383,15653,15225,2121,429,12985,NA,4162,542,6959,12376,15493,NA,11844,8957,12332,18530,1894,3266,1465,9085,14068,11615,15608,NA,12176,1817,12710,19181,18558,5081,NA,13941,4548,4913,14618,16538,NA,17224,10724,NA,18556,8009,5547,5609,1868,4202,13697
5960,4777,8539,19918,17174,18012,11850,3214,40,8827,17792,17448,12683,9086,9076,15597,6973,6415,6826,10346,NA,8942,12508,16555,9117,11193,18022,18628,372,14949,9460,7912,15490,6632,9638,14742,13816,3583,2968,2524,8595,7569,3668,7085,9136,19733,14965,11852,14814,14339,5771,809,7519,NA,5805,3959,12804,769,10796,2790,NA,7400,1916,11776,12400,211,14324,8329,16997,4480,13922,11996,18137,14944,2321,6294,1433,6857
1030,18323,1547,12354,11993,3565,1010,16320,15350,18585,13568,446,12336,105,13376,6335,1771,9712,7226,13170,NA,19672,10046,5300,8930,1192,4354,1369,2880,7048,17754,14336,12129,18661,5100
8313,13515,19352,2096,11983,7015,5823,6105,2752,9948,9917,NA,8069,7119,18705,10521,540,9561,3234,10251,NA,11865,7198,19515,5248,12284,902,NA,14828,12432,NA,8896,13864,18060,6063,19798,7857,17721,19481,13282,11020,18342,7959,7560,4452,NA,8762,9120,3493,4471,10319,8481,7669
15202,8195,2155,18374,16343,4176,18596,14800,19040,214,3091,16427,9062,17313,5584,19978,6421,6974,10025,NA,9457,1944,NA,4899,5100,NA,13997,16618,3680,8334,1561,8225,13710,8113,17776,NA,12443,2731,NA,19912,16125,NA,12175,17690,18693,NA,4740,13983,3476,14092,4441,3192,6449,NA,4609,7818,NA,13683,11160,9255,7745,13515,16927,NA,8236,13763,4420,517,7664,15295,766,4145
12515,5477,19807,6197,2792,5446,12886,191,14762,1330,10623,1810,10482,9146,7882,14824,989,19767,NA,4124,NA,14077,10032,9777,5697,4981,7374,15015,16151,2706,4139,6135,12104,5198,493,11703,12443,5576,19258,7473,5565,8858,11972,11264,NA,1511,8716,16905,5787,13337,4368,5756,943,3149,8945,16848,16370,10362,2958,17514,1859,7601,12630
10965,19673,8260,3382,15075,6605,7951,17392,6616,1998,14861,12418,13911,2361,3197,9481,940,10294,3947,10162
5110,11333,876,13062,5628,11069,11061,9619,7695,2675,16373,NA,7606,12446,11300,9181,11761,5733,17730,15836,7680,NA,13384,9081,8530,19340,10967,2343,13877,11646,14558,17861,17557,15056,16279,6004,NA,19952,NA,4055,NA,14381,19099,9166,14175,NA,4974,3899,2886,NA,2065,17526,2035,NA,10208,7391,NA,6099,18593,486,18977,10090,1647,8460,17681,11932,7212,4972,9175,11197,19635,NA,13154,4772,9693,17839,19416
1680,15051,12377,10526,9804,8987,19813,7003,7859,4884,14356,18109,4801,13485,691,14171,5333,14587,6917,3714,3163,2514,2216,NA,3066,18190,6702,19709,8177,16958,10916,5192,16790,14704,19653,NA,14736,16369,3418,2896,10465,9941,18257,16469,14916,19565,154,5313,1880,5358,5199,10272,9396,8308,17917,8392
16145,15037,6629,14154,15584,7170,13783,14072,15871,6119,18951,195,NA,18747,2661,13209,6900,NA,5609,8364,8198,13163,13951,NA,19070,8917,NA,1238,7980,11716,15764,6973,16533,11839,5024,NA,4989,14253,NA,8551,12877,10781,NA,2200,4833,12309,7535,11209,19782,1130,NA,14041,17206,4191,16183,8419,8643,8777,18028,660,13171,2082,10244,12414
11682,12486,4490,11475,3641,19650,19798,18588,12647,7777,19069,16537,8854,9497,11550,6698,14277,6103,4584,3924,5038,18418,17282,18368,4235,7940,14300,19167,1572,878,17758,725,NA,3116,17497,8121,14098,11870
4352,7404,6142,3631,17737,16526,6012,16528,11516,11594,14323,14648,9278,4388,5540,NA,9087,NA,3532,7714,4929,1143,16025,8743,5907,NA,292,5449,8492,18603,16921,13083,913,16341,7184,16306,18074,2368,16182,17732,8774,4807,17938,2544,9431,17736
4757,11202,2318,7053,12013,12897,15926,19546,1592,15432,1993,14020,16064,5956,14641,11964,779,13578,3861,NA,13885,16837,12450,16437,11199,3294,10731,14786,19688,8420,7505,19838,15795,1843,18060,2658,16648,17304
2624,1930,16231,19995,18829,6680,4652,1821,18630,8323,749,17261,9562,3487,12589,8809,6513,NA,9600,17368,14373,11040,NA,10336,7019,16238,2026,9069,8264,6528,2250,16111,19744,12701,11927,7551,NA,2194,16720,NA,16114,17395,16326,10802,5654,9158,344,609,6325,7560
10095,14025,17098,999,570,7381,3944,16720,1989,11986,7587,12424,2342,2719,5270,6650,17487,7298,NA,113,6788,16180,NA,10624,14394,6308,976,5327,13367,13638,7638,14530,17172,16931,17124,18740,13423,17234,17500,8194,NA,19781,377,NA,2143,12923,19503,14747,2614,1188,NA,11866,7149,12546,1909,7832,2060,8406,3569,19169,1300,18284,13620,10294,6404,16689,15059,8448,NA,9493,12534,14656,9778,10453,19437,9120,7615
1171,1881,10114,1158,16972,5468,301,12758,7480,8217,13581,17778,18089,19531,15647,NA,12310,698,12757,15257,NA,12186,2086,4285,17564,19855,18758,14728,6581,1689,14006,10864,5277,2536,11060,854,3116,13891,3845,11006,10163,3203,4774,8440,3669,4730,4307,3634,2918,11425,13211,NA,19553,6727,9550,9696,2988,NA,4000,14527,1475,9416,10460,9462,11963,2264,10940,4888,17260,18515,6036,18835,1177,9404,6475,19180
17202,6511,17460,10682,6625,14626,5982,5677,6870,17318,14084,6799,NA,16050,14726,13652,7760,15562,6640,16880,14825,18737,2356,14710,5742,NA,3812,18245,12031,3182,14854,11814,1988,13253,643,14091,10885
1438,9696,414,15183,14483,614,8684,17790,8786,15342,18249,9848,7433,7189,8734,13691,6213,6483,6428,19825,8432,12053,7293,16089,894,6699,7195,NA,19783,10890,2021,14837,13303,15435,9410,18458,7004,3121,14962,8010,8213,NA,5045,7864,8756,270,10492,10841,6452,NA,15630,7819,444,17575,17223,10328
11639,19091,16909,10132,2806,6271,11358,10616,7151,5772,16525,9970,3163,342,9348,6993,206,7946,17139,12465,5940,16730,17670,18660,14451,92,16220,11343,10668,4242,1965,167,6421,13732,18551,7502,4655,9735,1397,7049,10067,19978,17660,15052,17581,683,17033,3114,11553,2685,4123,NA,17969,15797,6891,7258,9888,NA,5657,11531,1191,4374,6891,15727,10034,3465,6562,6344,8873,17552,7204,NA,5948,7406,8998,2487,15957
11378,1044,17132,5099,16401,15905,9375,8516,17572,3158,11324,2487,16585,NA,13186,16366,NA,10109,16040,9193,10312,18114,NA,1051,9220,NA,14371,7038,NA,10522,786,NA,3265,19260,7919,14453,17944
9669,7895,12933,14472,8067,14026,8117,6180,6904,13976,6832,NA,2806,4792,18332,NA,5616,NA,10956,6774,6608,18200,32,10364,11058,11776,7045,3501,18621,993,13569,19790,17418,14902,5589,16823,2890,11440
14163,9645,14615,1582,7120,7337,6012,17983,16604,2679,58,17558,19694,9608,12507,12367,10235,NA,8984,1774,18004,716,59,5483,979
3174,1132,5650,15612,14564,10030,11622,8815,1340,12258,14241,11116,4126,NA,11790,3007,NA,9876,8113,3878,4794,16570,16075,5115,7932,2161,6945,14664,14486,1496,14941,4789,5600,14702,7852,11256,5444,6986,9651,NA,10290,16422,8375,16142,5621,10541,4368,7977,11199,12558,7293,2431,9301,1157,NA,9782,9127,11418,19865,3778,1091,13515,18238,12600,292,12630,868,14914,2406,18043,18525,4590,6257,7945,11122,12458,486,10287,19250
11455,6239,17219,4500,14128,14480,10514,2188,12967,16396,8314,5227,18817,17662,2871,10203,17802,13413,1897,8341,1721,13463,16722,2998,NA,3127,21,7309,7751,7489,17927,NA,15875,4042,13554,7278,271,7393,14801,17946,19750,5116,17604,5823,18200,11988,4636,5604,18899
19730,13224,11285,8897,4837,9731,3549,1850,2513,16483,16577,6308,NA,19707,1644,NA,13560,NA,16392,9076,9470,16262,3102,2301,188,7575,17328,3439,16984,1002,10358,6902,10801,17414,13227,9459,4103,NA,18551,5437,16217,14794,2551,2140,3279,1564,13412,9295,10335,9911,264,3032,5215,NA,2908,18157,5091,19214,7319,17825,1197,3098,2405,13354,10272,2805,9972,11892,14783,11639,7597
11974,9955,256,11807,14502,7603,7224,16569,947,9060,15211,16562,7530,2793,755,773,12786,5080,5827,883,13964,17602,19694
2490,18107,14922,11451,2454,7907,6431,16187,2096,7543,8736,5584,7480,5994,11483,6588,NA,883,17098,18817,1035,3602,14265,7179,4110,18633,7649,17551,NA,12290,NA,6401,2750,6233,3309,12650,8274,9359,8678,17173,1243,NA,1061,15762,NA,1608,16170,5704,15149,13304,5451,13952,10742,11614,18130,14493,9334,14224,18542,5986,14335,19903,14580,12048,180,2680,15429
13071,2204,11919,1811,720,1138,9718,7059,2823,4417,8324,8433,8223,1603,NA,4768,12317,19523,6300,NA,13919,747,11791,11852,11173,8529,7356,18449
4928,14836,5522,2674,15420,16285,2964,18460,2898,7126,10319,4994,NA,18480,5935,9872,16178,9778,18566,7823,15380,7628,5042,2040,NA,650,9469,18187,1594,7526,4436,7430
408,16596,8125,5984,12362,4522,12463,5297,1992,16489,973,7637,17148,18809,NA,10561,18403,18219,19867,5214,2921,18131,1775,7526,12183,19045,19642,3722,11105,10714,7720,7809,252,1955,4280,NA,18612,11526,NA,6813,16786,10158,8125,18885
5776,4641,18276,865,14244,14158,7552,9193,18144,17348,4184,11040,17930,6416,13615,2902,17958,15628,4177,15874,6987,18129,NA,7056,19285,2206,18974,17298,3074,6219,837,13450,16000,10785,11131,13194,9997,4026,18233,1536,3265,7697,NA,5003,471,17735,16491,12149,NA,15760,3669,13504,1123,1666,9771,6102,12810,396,17602,11002,7418,15323,15437,15334,NA,14780,1178,18186,NA,7426,17868,6359,NA,7794,19589,7966,18556,5166,11111
18082,14385,19246,3325,2354,19905,11471,9281,15487,4578,17818,10752,18052,NA,785,1623,10735,5606,11321,106,NA,157,455,9076,1628,19349,17989,11981,12595,19828,2955,19263,10968,8796
