13560,16821,11842,16656,15229,4905,13953,17992,5905,5253,18783,19819,109,12509,13492,16169,14243,4431,1309,6128,3582,4608,9006,334,13303,5867,1107,10581,11786,8603,14004,17533,2860,2465,2029,19448,2104,15520,17647,12955,6451,1088,19219,10999,5420,15312,4754,1964,17813,NA,2421,NA,15217,3115,15182,18553,11518,16933,14391,NA,8871,NA,17809,11005,19468,9720,11279,NA,12463,1707,2794,13412,17126
17163,549,13009,6313,19239,8371,7304,16978,12999,7096,17234,4402,15995,18146,9441,2506,4261,7141,1796,17737,12370,12537,8663,9331,19021,5241,2161,4506,1732,15052,2216,12659,1098,16761,7634,8306,5239,11305,13733,NA,18354,6832,NA,810,NA,18140,5531,15031,19903,17388,12530
13177,11294,7491,1161,10064,19144,18329,3198,8081,8525,7344,1137,4351,4917,13723,18082,10664,17434,19023,7476,1165
4910,7653,15327,2192,8399,5248,14855,17254,7081,10672,4877,8197,1743,8399,11014,2593,16330,10932,7639,8551,19157,8255,NA,15917,10409,9902,10835,13220,5959,18816,9179,17212,2941,3610,NA,17746,10470,6240,NA,13786,6074,16769,12569,4888,4419,14673,3083,4273,10683,3650,7598,1886,12876,14552,9434,17521,6983,12912,NA,17169,18999,10518,12832,6696,19044,16551,16799,818,13056,5819,12271,10800,19264,10237,12971,8615,9151,16664
4076,7204,6436,9184,5204,15476,8645,7712,3637,17903,14014,5519,NA,17972,18084,14544,16896,2540,8637,16383,NA,10166,9497,15298,9898,16254,14413,5825,5145,8571,10959,6019,16038,10084,19751,14050,15149,6106,17087,9743,6198,18415,NA,9739,11940,15830,5194,NA,17441,17079,18731,NA,5812,5793,19889,15814,14334,8292,14634,16628,5639,NA,7694,4201,9133,4542,8089,5823,16545,14939,16973
18607,7102,11173,8525,5022,11420,409,18741,9329,24,9662,7738,12920,16021,11534,16421,10888,NA,19720,9528,3097,7178,19568,NA,-1,12447,14901,17594,520,10602,11722,1355
7975,6631,7864,8644,17715,508,3379,15699,3572,11018,950,5003,16075,12244,2496,11940,2293,5119,9083,998,19525,10081,4611,12169,4838,10153,18681,1893,2798,4745,10662,10019,16998,11274
12932,13751,3280,6795,2454,14140,8326,16067,18846,13627,12137,5743,7333,NA,13973,3213,15645,10964,18497,12274,13531,11662,11696,956,12236
14313,3609,914,17767,15590,9246,7157,719,9492,13313,9406,17124,1918,7356,17299,15089,2546,10190,9006,14839,19748,104,15622,19867
11745,15116,11874,460,18811,7444,204,18846,17878,1724,2470,NA,17977,7709,17667,11298,14473,14307,12180,7456,1969,12474,14034,7670,13645,16049,12729,15935,16276,522,12030,10468,NA,11271,11964,18107,15005,17715,11992,8630,1063,14981,16335,4487
4123,12642,17844,14367,12942,6446,2269,18741,1161,17239,15906,13506,5613,113,11394,18632,12721,2720,19982,19677,5710,548,NA,778,4371,18674,12521,8308,NA,2930,10084,NA,1258,6424,12926,16221,NA,13238,2628,1983,810,3062,13171,9044,19269,1650,9870,17969,19364,5923,1519,5737,18880,2894,7402,13431,5548,5074,19233,17215,3412,5804
721,2788,14252,17142,6794,18605,11144,19761,1457,1087,7068,14237,2169,3744,11200,NA,11451,13496,5573,19111,4201,7979,13875,17802,8199,12884,7044,5024,10727,2627,16429,17247,4652,19353,667,NA,1994,19797,5675,8283,6988
18352,15301,12289,4272,4720,5527,15647,15122,16955,6398,17589,12546,1340,10191,6111,10532,6839,14201,17247,1408,5153,5836,13140,17496,13669,11652,14406,15809,8240,230,17856,7007,6299,NA,7214,NA,1674,14636,NA,16408,3581,10822,16677,5525,16014,5814,17998,3621,6026,14631,16889,10339,9999,788
1529,4876,16968,1495,19875,15690,8597,8738,14295,6406,6801,16677,8043,1386,16478,3134,14151,5771,14791,9754,19302,NA,7892,13595,524,3917,11913,814,19814,16149,NA,16036,4699,2303,13031,17530,1714,3467,NA,5510,2079,10220,1581,8818,11014
3703,16539,10813,16083,14191,10126,9758,19095,3459,191,2517,19585,5506,3076,NA,16533,19749,9759,14861,14614,18727,11126,6347,17652,NA,6368,1852,5866,NA,18431,4484,12349,17398,922,15871,2314,1687,19154,6942,5742,8332,14145,8868,860,14008
12111,18086,11033,2120,16207,19212,8074,5173,6599,15844,3726,11848,7126,NA,5313,2348,13170,4495,6066,16732,6546,164,3210,NA,10328,5864,9612,8948,5503,4223,NA,8006,14258,15724,17079,10537,13652,18333,14842
588,4151,17646,15295,18212,10113,3364,2249,5213,13323,15240,NA,10531,NA,8660,3206,14702,15906,3715,13335,15772,3284,16861,16449,9582,10366,671,2874,4034,3232,11612,16455,12649,5813,1686
7507,2969,11943,18039,17972,18868,15871,13894,6765,17507,19897,17058,8885,6500,896,2087,12505,8293,4705,5590,3025,6537,16656,18475,1114,NA,2167,12167,17051,2976,19690,3925,NA,12023,718,2250,16071,5249,3335,4975,19521,10013,NA,5118,18090,17337,8364,15046,18070,5433,1316,5870,8705,9603,12086,2972,19010,8930,838,45,14542,15640,NA,19082,NA,11430,6211,3266,6134,15249,17982
11121,4163,2922,15754,16087,6122,19337,13297,11699,4660,10696,18654,3139,12013,13134,8162,2178,1664,545,11789,4038,10787,12936,15982,19599,5654,12148,11259,2870,9351,12086,13676,614,9828,NA,702,15639,10137,2165,15843,9511,15174,13666,703,19341,6103,10800,14096,11223,665,10465,815,10641,671,852,NA,17605,14426,6560,NA,12148,6745,10546,9890,13378,14151,14323,17423,16333,512,10529,9462,11150,17824
10461,818,8985,13236,18975,15176,1614,2006,14686,4153,17794,16131,18213,6309,NA,17196,NA,13114,3095,273,5794,8430,NA,8198,17250,1002,7361,17270,3439,5339
10108,8354,17930,3141,18466,12279,1484,15231,7739,19779,12134,17912,8615,16662,9064,3047,14503,7375,13913,13147,3496,7430,2973,NA,15595,18211,NA,13859,6543,5361,16301,5602,10753,7202,16564,15412,916,13937,5346,15308
8792,13097,17904,18723,14581,18742,18343,10836,16270,11610,14864,17631,12803,13315,11587,15758,18658,18140,9493,4198,988,15148,17591,16679,17452,14373,6537,19894,590,1381,19140,18491,676,8721,16914,9694,10595
6563,19463,13226,15558,16604,11228,6568,13955,12887,3003,1797,16385,18918,9431,1500,12944,16304,11536,2966,16295,17276,13316,NA,2821,2843,12985,17991,4169,15581,10961,6970,16,13499,17779,16272,5123,2305,10683,2815,13986,7485
12375,8886,9823,13688,10240,17410,14405,9968,11233,15325,17165,14096,8802,17428,11628,11317,6365,10031,2221,NA,16560,NA,1911,NA,2681,15084,3590,8265,8569,8620,16283,15541,18298,15171,12089,17570,7224,4785,10501,2447,8701,4128,NA,19803,19775,2619,6590,13677,2913,14967,14674,3958,3891,15057,16919,NA,16019,1272,13267,16684,7348,693,707,6267
14201,11194,11692,19637,8619,17263,12737,717,4427,6864,3210,3237,NA,19705,14064,5500,NA,2253,NA,4858,10909,18325,NA,12728,18020,8446,17458,NA,4179,6603,13387,17236,8701,9327,2848,17715,NA,3350,18024,NA,3379,7102,17354,929,985,NA,16856,9187,9555,9014,15378,11466,6659,1658,13525,10336,9038,6687
14080,6538,1148,6915,2118,5985,9933,1699,4139,13493,13012,NA,14064,5108,14810,18295,11254,6989,3514,8307,288,6282,NA,14387,8442,3944,14297,18878,4460,272,16178,16976,9896,2930,11028,2042,NA,5856,8513,17183,19260,17872,11668,13256,16028,3680,15615,6772,1910,10540,7762,11012,17486,7667,9689,19390,15199,12974,5827,10096
360,18161,7415,18821,17593,17603,9287,3205,2434,1439,11167,670,8725,3436,3305,NA,13562,3895,3355,5106,4520,4872,828,3932
11496,2037,11043,8717,15337,10360,16875,3799,6883,15431,18786,4602,3563,NA,908,14702,16744,5720,11264,NA,7565,10024,6010,17877,5206,17840,11123,19091,11277,8030,16272,NA,17420,7198,10490,6443,17316,17375,12216,909,11377,19608,12889,1623,18775
12128,11931,1515,8006,18343,6049,19987,12864,18172,1915,18896,16136,12385,2858,12629,11939,19983,18883,7572,4004,15182,9682,19329,11906,10119,4142,NA,6716,13641,16790,886,5673,13942,15016,5818,NA,5027,513,13465,16969,15813,13912,10520,17299,12887,18892,10239,1826,2486,11089,55,18914,779,6242,16640,18876,669,19428,11529,8755,17742,13161,19735,938,4226,15157,7204
2656,5909,5104,8691,14025,8225,12050,9372,11481,17585,474,18432,NA,8295,NA,7000,15691,10907,11261,1576,7282,18462,15152
12665,5131,7686,3210,17887,1610,19082,9696,8630,19599,19292,5846,NA,1228,6356,6962,11789,104,1262,10498,8954,9011,19951,11716,16646,13318,19081,11095,2244,9443,7775
5001,12474,2298,4999,6784,1597,19705,17510,5361,12240,11725,13432,15852,NA,16316,6335,18429,8858,18465,10666,13078,15563,7803,2699,11304,17445,9161,NA,7258,3337,17366,511,5452,17966,15302,11454,9864,1271,5742
14760,14264,5039,17298,12737,19072,9854,6900,12363,4447,13118,11585,4143,17767,12562,3668,1001,2224,14606,5077,8830,13049,16318,15177,18269,8141,3013,7452,5220,2745,NA,19376,NA,5082,13079,19281,945,17696,NA,11890,16093,NA,227,14840,1953,1656,19993,7994
9292,14274,1553,760,2533,7724,14317,15297,1045,6383,17270,1641,10330,5019,7583,14065,8682,11401,5724,8695,16609,634,6266,2948,11681,10561,NA,16635,11188,18607,15565,17208,3515,16513,7198,8351,13743,9621,NA,5564,12813,12130,19765,18818,15038,4344,6754,NA,16025,NA,10085,19550,1858,NA,2725,15590,12706,5451,1545,1841,18133,15151,NA,616,14545,3984,11263,6767,1797,NA,8461,16981,4946,4102,16515,17951,16215,1153,16895
7149,6391,2572,13271,7543,2873,18678,16044,9257,7968,8639,12007,18151,NA,19892,NA,6445,18983,NA,17614,2030,15481,662,3243,1597,19656,11977,11664,13562,11628,13937,19464,2994,19654,13158,7623,13026,6063,11337,7319,963,NA,4461,11070,13221,13335,3992,126,2490,10109,11812
4315,14347,10815,7869,14736,16287,3442,11691,4329,8092,3456,19451,11528,6612,16811,19460,13041,NA,6232,18312,10920,4896,2548,13753
16483,5849,599,1157,5151,8839,1536,15115,19769,14213,5368,4340,3989,13055,18549,12434,16823,17709,13481,17900,19262,3066,5798,6211,8020,8867,2551,10934,8967,17531,NA,10882,9273,2930,9758,11617,11028,7383,18354,3188,19884,8404,18137,12874,17507,7343,11357,8869,18305,7131,10006,14001,9579,64,14187,18506,12575,18201,7447,1434
4062,6382,19184,8027,1829,8568,10825,16358,13119,15580,3691,10353,5023,19882,10614,11592,17698,5793,1037,NA,19887,689,7637,18225,10254,8815,NA,11456,18662,11571,7125,19725,7873,7878
10194,3376,13227,8159,16748,13057,10481,19428,18552,14701,13469,3257,NA,16942,12338,2542,19486,NA,8212,3438,16724,4483,NA,7446,6206,9582,5998,4821,18989,11914,15534,13160,11923,18566,4782,16810,15843,5370,16204,8276
5916,6050,12318,14401,4184,15443,13249,17235,166,12841,4793,3626,7436,9203,NA,4118,9149,10064,7260,4027,18723,2472,NA,7791,12814,18065,9527,15525,6608,17614,8271,6282,15666,19415,6769,2221,18180,3398,13128,7177,11421,17,14452,12232,9880,8469,4794,8739,6509,397
5445,14883,18330,13029,15441,12623,18070,18878,10764,11158,19622,12434,19203,18064,17708,4652,1129,302,5000,14699,15319,10674,2877,14211,2152,8188,10045,NA,13203,7327,19924,19115,17940,7975,15762,18057
18845,1676,9230,6264,1671,4939,9454,10868,2551,9262,5089,5231,1713,11989,9804,3204,14757,10147,6406,1615,19554,3943,14399,12545,10660,10678,17143,5299,258,12350,18761,7334,1883,13825,5332,14683,17039,3583,3602,13696,6520,13105,9786,18864,15013,NA,17372,9995,NA,4598,8898,9233,1913,18392,981,14994,11164,9927,11775,4266
10619,12216,9166,9505,9156,12669,2628,13376,15172,4460,4875,14386,17726,2609,3443,7305,13453,6975,19801,3975
14585,10594,18206,11576,17291,16943,2140,12421,2733,12337,8684,5808,11953,18132,16542,14972,NA,11351,NA,4815,1986,10096,17692,16516,18065,12584,16131,17618,7420,345,2808,4462,19105,NA,13423,NA,11370,3878,153,10047,18388,NA,15033,4456,8067,14713,NA,15199,1849,18834,NA,3532,19313,18676,NA,11465,16531,3811,16530,5037,1161,9233,15467,5995,13051,649,2854,2916,12103,17047,6133,13338,14263,4429,12454,12726,13133,1434
508,9875,7302,7736,1911,19726,16265,6942,13694,13015,5031,6391,10141,13635,13788,8178,9380,3595,7869,4842,1669,815,10747,18396,9351,10836,5096,3194,8132,15205,4619,11450,16055,389,15223,11024,9649,11725,16799,16350,1891,15776,1995,2272,1228,998,13880,4955,14976,10241,19417,5033,NA,18523,10230,10389,6025,1042,7887,NA,998,4339,15209,271,NA,12242,18826,5750,9347,17714,9157,9263,8059,8312,15166
9453,14026,6288,3714,11038,6801,11866,7052,9977,17378,19393,18155,12125,4565,11633,18405,15486,19821,NA,2950,6253,12210,8329,9143,14963,16881,18353
4151,12188,17933,7665,13727,2183,8660,7853,5315,1697,883,NA,8107,17360,18575,NA,4767,19390,9646,3540,18599,10498,13546,120,12624,11041,210,18648,8699,4537,1783,3129,1473,18056,13918,NA,2594,19388,13019,1484,12136,8789,9149
8434,2658,15550,19696,2989,19210,11798,17566,16334,10520,3358,NA,7345,18971,4812,6097,15304,6850,NA,13670,16892,15523,4452,14081,17936,6678,2735,5443,6236,12026,14577,19369,11121,9626,411,892,13206,5900,15235,2566,NA,13565,2884,4530,19419,6956,3160,7509,12227,11725,14295,16890,5696,5161,14881,13462,7775,11885,3952,8232
5395,5677,4833,13440,13946,8222,8061,15413,16378,18281,10093,NA,15438,7206,18362,8020,19290,2593,2335,283,5787,3557,6132,NA,8353,7484,12042,3993,2470,12112,NA,4414,NA,9045,4629,11267,2744,7617,7667,NA,13575,1083,5743,14920,14243,12990
7829,15009,6840,2191,18714,4460,7943,15713,6927,17682,18614,13162,8745,9107,77,3387,NA,3823,17317,14403,NA,13886,10939,6049,13549,2572,6659,17265,4046,1547,17257,3908,15780,6750,1790,6026,19116,NA,15310,17319,12906,12709,7726,7619,18259,19590,18289,5716,12439
20,10895,4539,17126,11875,5951,13870,11109,9336,14762,16601,5162,7030,8043,2442,3513,8154,7623,4522,7023,19947,6414,9553,13873,11357,2127,NA,2188,10446,NA,14120,3833,11606,9463,19713,5345,11699,19882,9685,3824,15938,16679,11389,NA,8664,7169,6958,NA,15590,15739,NA,13278,9941,19288,15227,6399,2423,1004,19665,14472,7487,8506,3032
19950,594,17751,481,1176,6600,15688,7582,3794,18946,699,19491,251,2068,15130,2887,266,9546,NA,9519,15204,19200,1396,18644,16374,9700,15298,5579,5745,12131,12507,13810,3512,2742,19458,NA,11473,4607,9256,18676,13158,19502,11992,18921,3830
2018,9571,15884,19278,12611,12263,2041,8403,17386,10074,1042,NA,4834,19602,18026,13820,12142,5008,4580,5266,148,NA,16020,17595,5860,13882,5089,7484,11542,3278,15271,18908,18903,14602,2385,6788,12526,1182,2235,18321,17083,6940,15707,13084,17475,10704
15296,18107,4600,12277,9386,15951,8060,12322,15719,14241,10864,1922,17013,NA,9295,19886,NA,2087,4450,16854,7773,NA,5554,12385,2431,9129,NA,2239,NA,14751,2469,NA,8345,17288,9388,11464,1396,14772,8999,2269,13888,5511,14696,2702,18782,2331,19277,2814,9572,3956,12307,3339,15943,326,NA,18636,10162,2445,14732,NA,4935,7226,2998,9934,19779,8887,NA,1286,3188,2429,2354,10332,NA,6539,13,7842,2060,3799
93,5605,13844,2066,7759,11201,17535,9786,17760,9400,18649,5924,13286,9459,15274,4363,4119,18616,7736,6977,10818,8586,15322,11120,11405,19023,13490,11007,7305,10217,17702,16109,5835,10352,NA,15586,3368,1950,11356,11242,9936,13880,3969,16086,18707,14030,13449,4744,NA,5772,981,15202,3835,11061,7098,NA,10258,10592,18615,17964,7765,16251,19683,4568,1442,NA,15071,9847,6028,18796,9362,18830,7188,16694,16683
10878,14405,2771,13789,7482,13386,15426,4455,16079,12862,190,12387,9471,3123,17965,6236,5342,NA,14564,19344,16180,8534,1799,11311,4019,1419,19321,19747,4016
490,1537,465,12862,388,6687,12886,2034,5213,7916,8135,16740,NA,19822,8738,18918,4306,15946,11798,9255,NA,18717,NA,18666,1038,11767,16487,15848
286,16710,13377,10767,3002,18629,17264,483,703,5193,18460,10310,12896,10757,3599,12492,8216,NA,390,13278,NA,4157,13041,12673,10095,7587,5015,17030,19097,19438,11537,4667,15090,16656
11064,13613,14439,12378,9578,9027,670,14941,12931,8695,3204,13602,5045,7511,5265,1426,13043,6508,NA,18890,8678,NA,5424,709,15195,11618,6246,16808,14022,15341,5536,4278,10772,3311,NA,14108,6103,10535,6831,5149,994,1236,15047,11892,NA,16132,17911,2442,NA,14792,4072,17846,12950,4418,18394,2633,10996,13057,9434,10512,10456,18037,14023,13517,4008,17531
11080,161,3921,6224,263,10185,8253,4016,8920,18956,5366,4561,8124,17769,17281,6075,16836,12465,11428,4779,5143,3796,3098
4897,16372,9597,19271,7811,11024,16131,10913,6356,17849,17463,5442,19094,9872,12329,12860,17871,15364,8371,323,212,13553,18391,1971,10189,15357,16333,6282,8723,349
7244,14581,4038,2524,8445,1443,12044,8882,12668,7584,11339,4566,2563,9341,1434,18100,NA,1194,NA,472,7536,19416,9786,16330,10005,19166,5108,14821,13481,1036,5488,4959,8797,9688,NA,11081,3355,18439,394,12094,9550,18672,11415,7930,9397,NA,18998,11344,15771,12903,17720,18574,13361,8357,19092,16487,5022,NA,7417,9954,11926,19713,13189,3475,8677,3346,2372,15642,15376,9184,1079,19259,NA,16944,17729,2295,3865,13729
17402,12267,2044,10144,5416,3922,10873,2314,5790,10593,6064,5847,4822,7685,19662,12457,4176,15909,6160,NA,1588,12261,8436,2147,NA,12336,5929,4762,12956,2707,7514,11485,4817,2565,5725,11853,15798,13297,9601,18833,9112,17950,18111,5995,1825,5635,18420,4111,12410
14302,8837,6276,14435,19144,13339,10697,18094,224,11717,11324,394,3745,18269,4322,NA,10156,9051,5162,16408,NA,4169,17914,739,9032,8696,19513,NA,1907,4111,16054,8810,NA,3834,6940,14668,12620,4276,4377,13363,NA,11911,NA,16062,15502,11974,19578,14701,18811,10676,15670,14249,3840,2584,17985,12311,19645,8912,7253,540,19371,3020,9136,10251,10997,11276,10636,17342
17380,18135,6024,3456,10874,1565,583,6387,19810,18040,16255,12958,12893,NA,10207,12895,12873,18506,14340,NA,16807,NA,8056,1011,16269,19011,15685,12832,16229,3200
14162,3213,19580,10436,16453,4346,6515,13265,8120,938,13397,11479,3407,19885,5235,16896,5161,NA,4721,18812,6834,10399,NA,9983,2402,18991,5029,6529,4003,12462,10094,1296,397,4212,9415,10325,15538,17167
10889,3860,17639,13831,14677,248,5248,8160,5208,1581,13488,11806,10898,5415,16011,NA,6461,13898,NA,6634,18856,8042,10862,5249,18305,3583,5266,1149,16229,NA,9264,10201,1494,10164,8120,2427,8027,18869,5716,7227,18767,19800,12920,14619,4556,7085,12131,2678,12959,13649,17597,19956,13894,11905,8220,9041,3932,18926,12020,3998,13168,4981,1779,18956,NA,8726,NA,19094,9257,7682,19385,16143,5912
10700,18053,9232,3303,7062,15651,18543,17752,11223,12768,14917,13386,5655,17036,19531,5969,2759,4674,4075,8214,8145,2104,8972,NA,4353,13687,73,321,10185,7369,NA,7359,14347,6021,11780,10837,2299,12281,16796
19131,7098,2954,11039,15411,16171,15926,1182,13242,15316,14858,19269,14557,11441,15553,4829,9462,5821,11281,17000,19393,13478,13570,2331,11944,16009,4456,5913,1916,18665,11858,14222,15180,18230,9071,375,8722,4033,9173
2819,19100,14330,593,15253,4068,4374,10019,6243,7870,19562,13461,18246,2844,6241,6416,3934,7223,NA,9296,12218,NA,3320,16464,2203,NA,1061,10401,NA,13001,18424,10630,7880,19520,3452,4127,501,10153,472,1326,18526,12311,7931,3284,10925,594,5288,2604,5806,10401,17382,NA,14556,225,12672,1294,4662,3013,4974,2398,7187,13180,15850,19663
10715,207,15456,16397,13926,9830,11399,15323,14343,13886,12599,14652,7033,NA,19794,4035,1083,NA,10583,5790,6742,15266,6660,12692,12463,11840,NA,16608,9831,12521,19902,3237,554,13854,4151,NA,12193,4527,3672,6315,7201,12774,17461,7846,17180,14233,19934,7720,15354,2679,9339,19784,5405,4047,4157,17989,11181,18604,7460,438,3438,13501,7089,5071,7507,4014,7771,2140,13771
7108,3729,1039,7078,2279,14658,18947,5999,11138,7817,4352,19807,NA,7455,2817,14796,16175,15269,3030,10444,797,15995,NA,13933,10654,11460,NA,11836,3998,12495,19354,13599,NA,11218,18055,8996,15957,NA,12108,15278,9450,9312,10980,3902,18517,555,11858,2049,1627,6186,9774
14853,11908,3272,1585,645,4424,9030,18429,18936,14214,7637,719,15136,19093,11143,NA,2607,8457,NA,15588,9479,3372,10945,4010,NA,1390,NA,13837,9762,11432,718,5453,9181,6604,1993,8343
13769,671,8344,4317,10939,15070,647,5187,2253,11874,3680,1314,9049,11558,3760,8894,NA,12681,16292,9667,4952,17852,15971,817,10232,10009,2548,13848,NA,16742,163,13281,14339,4764,4301,13178,19566,1787,14680,19273,5717,NA,7497,17297,8317,19684,814,NA,7912,15915,18794,6436,11303,NA,17017,16537,3757,13023,8554,15323,NA,19582,13463,5427,9470,19887,17038,9199,4841,13901,16073,16931,2666
18973,3467,2858,17003,7988,9193,11537,12459,14077,19155,2186,897,18635,9470,10903,6835,763,NA,14275,7771,624,3731,3629,675,18883,15573,560,1849,15788,NA,4424,587,NA,10945,14511,3013,15990,10170,11958,2517,12508,2253,12435,6585,16500,8533,19040,8404,6571,4587,838,6055,17767,12354,1752
13930,10133,4452,2159,11631,17506,414,1586,678,17054,4334,13247,2610,5150,14947,10768,13588,19975,890,169,19848,7120,7342,NA,9900,15740,16952,13540,19296,5263,NA,17531,15323,7123,9442,3805,2531,16031,12127,3328,977,7415,13497,11099,18845,14346
12484,851,12458,13198,3977,5631,1426,7993,9669,5895,164,14629,18106,10374,14330,12327,15056,11963,17584,14404,1065,5022
6268,905,19172,12359,14230,18572,1033,10752,13500,10472,3174,8105,5040,18374,9265,5265,9001,10947,16219,NA,10055,1552,10699,12363,14498,16066,NA,10767,11818,13185,10127,12394,9475
5555,18740,9115,16327,19671,760,9828,13779,15161,3195,19110,734,18216,3229,1441,11666,11503,4022,19128,16993,3794,13643,8405,NA,4737,8705,14974,14804,NA,18926,8188,10511,149,13064,10145
15754,2661,12853,3700,14173,5267,4668,12911,13026,12682,1227,445,14594,19840,NA,2541,19280,16803,4448,14182,12275,11503,7580,NA,18237,5348,6518,8889,NA,637,16897,1535,1925,19777,18229,18747,19412,17429,491,16610,5780,1275,3745,9655,10395,4278,5051,17569,12044,1350,2474,NA,9884,19233,17100,3564,6391
16497,2426,13103,4769,17046,6099,7724,16797,413,17445,2441,16126,2468,3175,12587,NA,14391,1613,13329,3751,12449,15363,10722,4220,18142,9604,17872,7481,11437,12053,5463,1265,9785,NA,10255,14169,8791,16560,13835,11438,NA,17113,11103,4948,3390,7320,NA,3965,NA,16208,13075,7123,14425,2985,12628,13112,13059,18480,15163,11243,3186,5292,10514,17916,6488,7753,3823,15929,6165,NA,18645,15395,5862,3070,6404,10972,1190,7596,9462
10970,2669,16576,11792,13138,12123,4507,2536,10897,9951,14164,16839,6319,12308,6730,9992,19871,2557,14008,18886,18175,6139,18069,1526,14262,NA,8881,6638,14559,5512,16383,2298,11139,16048,NA,937,NA,7881,13271,1315,15751,4802,11019
2607,13398,6934,8077,17250,5319,16064,14476,16743,17724,17671,14740,3717,13571,4882,90,1220,8255,7832,9094,18589,5065,13392,9957,9664,18756,15350,15591,1967,16527,7320,16529,8517,4954,17205,15969,9064
17218,18104,12624,4173,5499,2475,7307,8476,1722,13415,12517,19704,4882,17974,12212,17690,18886,14657,11721,14263,17466,15120,3937,693,6650,5173,16002,6860,NA,15625,1234,745,9372,2160,8626,13400,11652,12654,5455,1187,NA,2960,6220,NA,12917,16528,18604,NA,4258,NA,10968,16897,1811,4856,17335,15185,16183,19738
7089,8242,15542,11330,2552,6346,12675,12477,6811,14227,10306,NA,10661,19306,8542,9034,11683,198,7948,11865,16972,1180,8530,19415,17132,2272,9629,9312,7281,NA,2211,13600,10256,13690,6169,3813
15781,10866,17767,14858,2009,6799,47,6424,16404,10085,8672,13464,NA,15063,4462,4900,11094,6114,16597,8778,12214,5675,17784,19376,1787,6623,12219,4517,13536,13220,9315,453,13355,2433,11333,9845,10373
14482,19129,2116,16115,163,3866,6853,2537,17370,16653,7686,210,NA,12668,16548,15622,1613,7880,7816,905,11340,NA,15572,9503,NA,757,5499,NA,19031,7080,7678,11000,5456,7053,NA,13393,18108,17399,15079,3151,10592,13130,15815,4432,NA,6684,7232,11363,6942,858,3517,5638,15723,10190,11605,2556,18501,17035,15639,7332,8028,17498,17820,1610,19142,2733,10115,3086,11162,16440
716,19665,8503,14981,7236,19867,19658,5179,15479,8877,17349,18443,3655,14335,1756,4303,10525,12434,9530,8674,8894,7635,1370,18275,4333,11095,14043,19494,18025,10141,5379,12575,NA,11774,16749,9910,NA,19028,5651,9359,12163,6720,14512,2902,467,12989,10149,NA,19579,742,19708,7780,17867,9613,17218,6889,8504,2575
10902,8872,427,4223,15356,16603,126,5672,19582,6624,4777,10353,934,18116,1135,8827,15935,5664,3064,17278,2119,803,12397,15633,5422,8046,19325,16379,18605,14866,6879,10326,10306,6498,1050,1091,2430,11449,14642,NA,633,NA,7921,19335,7543,5762,18533,14866,3523,15738,5140,15500,NA,18405,15846,15349,12566,2107,8630,16230,12822,17720,14802,8605,18091,NA,16682,13528,8007,NA,6425,4966,7527,11456,16389,9712,3299
15898,8827,3951,14885,13160,6485,6790,19067,4790,7296,13938,9546,611,19397,NA,7052,13227,5530,17427,NA,11094,10240,16863,13128,NA,17406,17110,NA,3700,NA,3715,7153,5638,NA,7635,14905,18483,5615,16445,15326,14727,14192,18273,3167,7524,17117,85,7003,7708,NA,18335,19701,2211,19276,14963,7756,NA,19765,11654,6004,5645,13089,10755,10558,3406,NA,5107,17981,7275,2576,18677,19738
16563,19078,4144,17265,12641,13415,9798,12104,616,11023,6839,12523,5637,15763,19691,5395,785,1190,5077,9221,NA,1148,10474,1874,16455,17490,7283,9677,5775,10072,NA,16220,13036,10294,14793,7861,15185,14984,12740,5382,7428,859,9523,14154,13925,11815,13681,12944,10204,10188,16950,18879,3969,7769,9737,6469,3993,NA,3062,3855,13304,13889,10086,3690,1568,13362,9615
2757,11244,14722,4433,12628,14382,5537,12315,11649,13536,16854,19897,19975,16134,19464,7440,12546,13683,3318,9466,15595,14269,18450,19914,13344,6360,11082,NA,7479,5092,11216,14604,7666,16359,11283,3596,1377,16996,1985,11963,1001,6365,19844,7673,14650,16564,1675,18911,4130,14450,10667,8122,99,19367,13735
14923,10736,2495,13156,6437,9636,8849,6563,19477,7567,635,4881,2984,NA,12220,19583,7670,10964,5314,3246,14831,1832,1807,12986,6028,6106,12646,9291,NA,16039,NA,10767,8678,17682,3815,1815,NA,4834,1037,16029,NA,11978,4874,3886,10412,9733,16205,17895,12590,17356,16659,6916,18977,8695,13019
17657,19813,3034,5868,16978,17264,163,8364,4270,17617,12032,NA,9195,4343,66,16087,5759,9040,NA,5447,16662,17431,5615,7101,7932,9961,9781,9808,5781,5640,11663,2616,4080,12272,14088,5173,12716,10667,19330,13669,15836,10258,13608,1107,13141,4218,16613,18771,11400,624,29,1430,6507,13233,16811,5020,1937,16598,19789,14675,NA,13127,12497,9108,350,5450,NA,5418,NA,18906,13997,5524,NA,5433,12954,5601,4967,2021,17038
1838,11808,17453,18395,5360,6245,18248,15374,8750,6816,13996,2919,4588,3982,5471,4245,NA,12437,13391,8702,NA,14511,13932,15275,15483,6377,11474,14840,NA,1845,5988,19928,12426,3812,9674,16289,7575,8713,NA,8413,NA,17732,1047,17493,10083,17090,5223,13448,7231,10915
6435,4583,16036,12039,7989,8331,8231,10469,7511,18077,17230,2216,19239,NA,2018,16102,13327,8053,NA,15513,697,19495,NA,19493,15713,6648,8146,16495,5337,19274,17740,5595,4635,14846,NA,19866,8111,9365,16288,16049,3631,624,15934,10679,NA,9767,19581,NA,15473,NA,13041,NA,14386,3105,6392,12567,612,14963,16118,13969,17545,13966,14018,NA,13125,9994,2087,13326,12421,7747,7129,19942,NA,1214,14567,19943,7340,4972,6771
3687,16197,15924,15166,16630,8782,10765,17362,19025,6858,5653,4064,6463,16182,12859,9170,6393,3158,13364,10412,4966,11727,13809,19519,12294,11677,268,14299,7230,5099,19240,NA,1527,972,19996,3118,17858,13795,6434,5059,6445,11804,5330,NA,12090,17793,NA,18316,13922,414,3324,17725,12327,18954,11470,6042,11532,8571,9245,14015,18724,18289
9432,16738,5319,17918,15419,4950,16352,9219,14299,9349,2704,16576,3423,12125,16084,3262,4901,13793,11043,NA,10611,1411,7604,NA,11277,NA,8788,9693,10074,661,5082,7570,1327
521,12602,6917,542,10333,8210,1818,7611,11046,9061,3634,15308,10488,16178,8474,8536,9648,6425,4479,NA,17907,4143,417,7277,1365,13292,8962,9501,3805,18088,10191,10963,NA,3234,6779,10444,9467,1836,635,19292,12351,507,5603,1655,8022,607,282,1646,2066,17986,7591,19503,17561,1949,19568,1746,9525,18358,1030,5765,7613,1067,7094,1079,17748,13625,13313,8285,12222,18409
