4523,6292,17079,5989,19259,7205,5282,4651,4203,12521,4468,16483,NA,8896,11480,NA,19574,14237,13987,5963,1242,8670,6812,13515,629,18402,11082,10980,9954,6382,5874,1157,433,13057
1706,4078,12406,14266,11320,14596,19299,14161,14156,10515,2334,19702,2930,2751,NA,1079,NA,3226,13996,12195,3558,8229,8636,3429,13089
14629,12479,7365,13528,298,8880,7414,11048,18170,15932,4144,6191,8716,10478,16485,15574,17864,7190,NA,7834,5116,3798,9733,7893,14307,4055,4309,2420,NA,6722,13220,7742,39,707,6180,1344,11277,13239,NA,16059,NA,2876,5688,3270,17849,11589,9336,2305,3071,1967
10928,16953,18784,13104,9677,9768,1512,3043,7829,14338,13303,6979,6051,19662,14128,1851,6230,15378,12498,16057,6160,5512,16255,NA,7540,15602,2756,NA,17843,1835,11879,6525,4117,NA,17798,NA,14505,13856,10865,10092,15654,17074,19109
18774,8974,14591,18806,11515,19940,9511,6696,3688,60,63,3157,18814,8009,6192,5619,12679,1973,19112,8120,5484,4858,14811,8176,6837,39
9544,18629,14722,8156,2342,10981,13480,11749,5972,1017,2529,15282,2875,11581,6094,5280,6661,933,14056,8250,15736,10485,1174,15951,15549,15110,1605,3827,16913,264,9249,17432,18814,1670,4072,17816,928,6303,5741,12310,15968,16131,4394,16948,NA,10970,NA,6518,8321,10708,14596,12899,10655,19087,8161,13641,19930,14071,3303,12417,4653,NA,13480,NA,2982,16889,14237,4672,16837,2799,10118,14144,5493,15046
7234,9440,8618,10935,2765,17412,6743,19437,19579,12304,17185,16961,13628,18600,9630,15958,12957,13460,2523,NA,2657,NA,12439,17248,7029,1063,9750,16923,3719,18553,1070,14539,17954,13664,2449,19140,2903,16439,11801,4307,17740
19022,17635,3983,237,11635,5720,14729,17521,9908,4546,18568,11783,18748,4413,17665,17780,5058,8687,5001,12967,19267,19698,18276,18373,19644,4931,11536,9009,1534,471,2562,1256,10878,13429,240,7761,NA,12496,3432,13369,NA,625,NA,2553,8314,12548,6512,14291,10380,17611,13125,7029,10281,9616,1487,19498,12563,4322,26,172,7159,4480,9526,1776,NA,10748,16660,14712,4006,6636,9104,647,15695,17514,17128,11532
13795,8830,12185,13462,13191,1035,9641,16926,15190,15973,15225,11444,14581,NA,15231,9033,276,12244,11508,16498,455,15048,7206,924,NA,12919,4839,16126,4383,10296,2376,10372,5423,15432,5783,6236,9056,10572,17317,8960,758,18200,1991,17966,1054,19773,8229,4419,18565,8410,NA,16218,3776,15167,6891,10869,73,7019,14057,12979,7305,1561,NA,3378,10550,1723,14605,18522,5923,18475,2786,2012
6699,10390,3590,14382,18707,3365,14531,3156,15377,1918,3795,6974,19997,8256,16572,16674,503,5180,10001,9010,3017,19935,12972,2607,2979,3490,154,15556,NA,19425,17387,17315,1404,NA,15525,NA,18246,6932,9323,19043,8378,19574,4271,18007,7424,14605,15845,5754
9298,14853,88,19401,16637,9026,16448,9199,7013,4368,11360,18613,2609,12167,6351,2782,8579,17478,16554,2966,18834,NA,13521,19815,5154,17488,2209,NA,3216,12653,31,10612,17214,4828,NA,19445,2930,7182,19489,2063,175,14200,16753,12437,5089,14303,7863,NA,16469,NA,4920,NA,7265,7921,12508,5435,1196,16568,6574,NA,13194,820,6687,16549,1599,12415,16840,4062,5237,19540,17896,18077
726,5054,11681,52,106,12079,14406,16184,1801,5096,1470,7163,3822,7397,10406,5219,2327,17141,1789,16865,19295,13161,7901,5951,14912,14081,523,18404,9348,5444
2793,17232,1419,10709,11456,17021,9519,18982,16539,15054,6814,12040,6037,3963,9468,NA,8677,6680,19841,3140,6261,19723,18344,NA,443,7123,NA,14188,2396,4838,9957,6755,13884,1188,11641,4724,15295,6328,11411,10231,NA,5034,14474,16913,9642,8815,18341,16395,18841,4251,533,19466,11124
1997,17571,16190,1298,4933,4485,15885,17805,5996,14543,15850,1245,14743,17992,15104,355,NA,7025,12513,NA,7446,2543,16985,828,9223,10647,5238,NA,13180,7636,947,2639,5577,18679,13298,1292,3654,NA,1923,NA,14599,11357,NA,7971,12914,1187,9616,14481,NA,10918,16511,8821,11064,10383,8754,3048,14786,NA,11969,3274,12838,18570,1455,2832,6477,10322,3745,7586,1479
9340,16430,13763,16062,15302,11795,8970,3228,18041,2523,9147,NA,12531,1380,17656,8796,2635,19318,16440,12005,11962,10125,603
7569,15990,15846,19728,9546,8433,3841,11553,12879,14505,4377,1753,14100,16647,13181,8573,9268,4863,NA,8384,16033,10470,202,19348,15554,2724,14983,10211,9214,574,2563,5056,16529,3657,79,16779,3043,937,18330,16415,15353,105,11270,11168,3866,14144,11137,18878,291,5782,4173,6596,3798,NA,10284,12254,2440,7214,5997,2293,10222,10816,18134,6495,NA,14575,12199,16745,NA,16375,NA,13526,NA,7002,15117,7997,3167,19549
13271,19049,8527,11157,5559,459,6045,19978,1402,9967,824,NA,5242,15441,5350,18206,9672,13667,5407,12752,12014,1781,8346,3779,11509,NA,4918,13696,1247,918,16202,6747,15142,NA,12791,19912,10632,5800,2716,6049
17776,6503,18841,799,4120,14896,4199,2257,11991,13475,1396,19588,18213,3890,10821,4768,16889,5650,329,897,15511,7289
2117,3617,7695,2426,15571,8206,4066,4257,13144,14649,9006,9880,NA,7117,12393,17043,15018,13262,10803,5970,13850,18570,5539,19875,10610,3595,19209,19639,19854,5328,5898,11674
588,16417,19943,2255,11975,9519,19133,3908,2590,14255,18278,5238,NA,7218,9711,16044,18950,19285,19483,12358,8158,NA,3070,4228,3603,15441,17918,18163
1442,19967,14888,12994,16833,4432,11171,19603,11711,11503,10023,2522,11446,NA,2574,19309,NA,9112,1663,3641,9897,NA,14272,3892,5047,6438,2512,2749,NA,5827,11316,2582,540,1218,7427,NA,4613,15527,1925,3221,6364,9394,13356
10437,15263,10087,17681,9881,5135,18433,133,770,9730,4462,1471,11803,19655,10994,15679,6891,5592,18800,4356,16668,12356,6834,11964,18384,12643,11255,16844,4558,7529,11598,NA,10719,15439,19064,16537,1245,16508,12647,17772,16015,516,16353,16046,5924,NA,2005,9263,4746,6192,15603,14862,4039,13861,13753,NA,15450,15188,8200,5993,5992,NA,5154,11059,3334,7560,18546,NA,11533,14364,10337,6171,14765,1899,16163,7453,13440,6272,1342
11382,18419,7519,3121,9507,17027,4729,11003,13389,1795,13230,6809,2642,253,19471,535,7320,NA,1050,7344,16915,5036,14898,54,6193,26,4488,10260,12386,18739,7592,NA,12351,3867,16854,3525,4279,2371,11120,11402,16875,10913
1903,10267,17441,4403,19449,13030,2778,7315,19721,6965,11140,10501,NA,3262,12350,13479,17614,2306,1639,9457,5428
5291,8164,13470,15577,17476,8580,2808,10893,9612,9398,3010,NA,14729,15274,16266,17018,9461,1944,13268,10467,380,6671,3962,NA,16460,14597,18766,NA,713,109,18049,19328,6336,6749,13561,6110,9308,11881,19637,13006,9675,4280,4480,9752,4408,8113,15095,13299,12427,12662,16993,NA,19557,NA,7806,14701,5086,8579,4239,11491,17818,3904,15583,NA,13728,16399,7213,4129,17632,8263,12175,3232,5474,5798,5502
14058,16755,12876,18738,9888,5736,19547,6160,8542,2199,8880,9962,13462,622,NA,1648,15063,13460,17116,6992,3056,14076,15094,NA,5069,5723,13842,10346,2299,1955,10148,5159,2555,19713,2126,5059,8574,14903,18782,18737,12792,10200,8237,7509,5343,14784
6251,18676,16287,11467,12832,16554,19746,6693,391,3326,11742,67,16855,4121,13339,19973,14999,NA,18313,924,6015,10695,523,7432,2982,10542,966,1673,304,15208,2666,18455,NA,2688,17958,7834,NA,17638,10019,NA,4594,12243,7384,12816,8669,11766,18457,8380,2039,15716,9525,990,5884,16018,6872,7247,18833,12147,15646
18986,8120,18189,15812,13325,2581,13171,17695,10746,10542,16117,11557,9821,1430,7531,2153,10089,2567,10038,6129,6047,7159,10894,3232,13,229,19549,18492,730,11710,13082,8050,8718,11023,357,16250,7755,2132,12719,15230,NA,412,14052,6335,6420,3426,10896,17673,7596,13080,15615,16749,2308,NA,9207,860,8090,2491,14264,4490,13148,9538,15917,3041,15962,18472,1200,6337,602,8035,10811,10475,19426,1223,18671,4912,4379,3907
2132,1304,17045,15994,7178,11994,17751,377,3492,15958,13916,5970,NA,4229,13210,7816,15446,14733,NA,8934,12326,NA,13927,19576,7959,10812,8039,NA,15812,3817,5839,17559,484,1950,5605,7401,19788,13592,783,NA,580,4265,654,17016,17202,11910,10044,13631,1665,9906,9535,17641,792
4023,14313,802,6402,6096,13196,13085,4414,5292,12083,2297,16423,2495,14662,9428,NA,17566,15370,18762,2792,11503,11648,1174,18872,2347,19494,4625,4019,3803,12372,17000,1723,13429,12811,15615,9524,14560,8733,12214,4713,19447
13558,17090,18144,18116,5683,5777,3533,4884,11659,1414,15295,18193,17045,14065,16111,12106,1691,13280,NA,14342,1135,10519,17512,9919,7923,4140,8442,8574,6085,125,14138,7591,4641,616,8309,3999,13932,11844,13808,2604,15366,9915,10686,10308,11136,NA,790,11674,7575,NA,12562,3110,11419,NA,3855,9302,2242,14922,917,NA,2796,9710,1683,16206,14285,17642,8012,8794,18629,1912,4175,16905
4633,18706,16514,9676,11322,11393,12576,6779,9746,10235,14114,10342,681,NA,19045,17204,6852,6956,13606,15511,2812,17881,7066,NA,19502,12805,9346,7820,NA,18887,13888,18456,7796,6736,NA,9778,NA,17323,8003,NA,15325,18196,4233,NA,3629,1417,9879,16246,2606,7402,8297,13709,18754,4367,9442,14111,3226
19868,4650,19379,13961,9095,8326,17397,7288,17421,1568,16881,12226,6345,5128,13986,4630,15496,14283,13646,NA,6233,NA,19553,16161,16746,19356,1433,19141,9897,12232,16959,8046,17271,18036,9829,17274,1168,8467,18680,19925,8800,12118,2026,18125,11502,17155,10563,13587,13435,1146,777,2146,18410,13901,9513,3890,11917,4107,8659,8594,1821,8424,11876,2878,10033,3252,1233,220,7216,NA,10256,9769,18046,11390,9616,11453
503,8929,7041,14742,11633,1412,1889,12364,4986,12375,4056,17112,8604,NA,3858,3945,616,3613,NA,1464,NA,6454,11315,13188,17079,16307,18741,14690,4499,1590,15298,8165,19009,19842,773,14235,5476,11962,18748,16658,9910,4887,14569,18618,4385
14140,4168,2736,14759,13062,13298,12055,11058,2463,7690,1784,17081,688,6198,6798,2613,7001,11222,11033,16813,NA,18019,4069,NA,16342,15341,4764,11030,10268,13279,3579,9386,18018,11481,12074,6099,2657
5180,7261,11571,3676,8184,2976,5264,16609,13226,16252,5245,9335,765,3677,NA,2970,7085,15153,17019,9358,2147,18439,6697,18381,13453,2593,15796,19546,10562,18647,10769,7835,15152,14285,2868,NA,6803,7757,8793,1300,8034,5363,7982,11284,8662,8541,3925,NA,2185,5393,17416,NA,3319,10980,1899,NA,5908,14375,11561,8312,8496,2155,9074,18917,17568,6827,4065,19531,15060,2385,NA,13602,3117,4716,15698,7660,18966,11675,14510
16561,7332,8472,2853,6211,4604,791,9962,6426,13868,11858,NA,2796,16968,15373,15969,2719,7306,9654,17669,14063,11583,19007,2862,12216,17650,5730,12509,5849,247,896,18848,NA,11963,19981,5401,8517,3485,6590,17670,17139,9341,14297,340,9097,7974,8114,2725,7916,4025,5268,7262,8178,NA,15828,7045,1271,10085,5361,17685,16972,3899,12941
11993,6046,2699,11700,1667,19400,18352,10610,3952,11153,4563,5430,1447,8188,3726,4698,17598,12916,5669,10158,12340,4706,6620,12847,6027,17993,4437,7325,3251,19186,2851,8276,19116,14999,NA,14046,10152,197,12423,13339,3169,104,14769,19878,826,NA,9825,6040,13422,16391,16554,9433,14913,19663,8472,292,5856,3809,6403,16353,1099,10732,NA,19301,14188,NA,9275,1301,2398,1015,14736
12260,8477,4912,567,3162,7207,10334,13213,3462,11027,7801,16541,19632,18188,6033,18978,13354,16530,15630,6553,15254,2505,18088,10373,NA,17614,8309,15392,1172,13096,19393,12843,15068,3806,7411,8225,11816,7319,15903,10690,2906,14810,13702,11264,18319,19517,13084
3736,1184,19481,5853,18155,16933,19548,3784,19356,6064,2067,2520,NA,15195,16065,NA,17769,13647,3522,8411,NA,7210,3352,2335,12005,15833,16109,8042,13448,5900,3541,4396,10468,8619,16820,15850,17914,NA,3737,4105,8019,11901,15058,7130,4811,NA,1874,6316,4150,5585,1344,1137,4394,15254,8031,18210,14079,17544,3060,2514,7348,5592,6995,237,11971,9839,NA,6994,13153,16523,3112,12943,4742,7585
14837,13654,5496,17973,6645,15842,6134,14279,11052,4473,3869,NA,1036,14423,1121,NA,5837,15354,4730,12734,5711,7277,16555,NA,4154,5642,9355,2275,12191,16866,13805,14241,9270,NA,10123,11103,1052,NA,14167,18067,1669,16349,16218,13080,16296,8920,12335,4999,7435,8224,14705,1356,1941,8930,2434,8174,1622,1398,10777,173,11189,17871,2890,8019,9564,12550,4490,11134,6371
12046,14800,1952,7946,15262,5236,16803,7334,10205,18326,888,19397,NA,8466,18269,9972,6320,NA,9873,11622,14570,9676,5376,11721,15627,1074,9413,10190,1018,4357,5027,14779,16143,7302,19760,6104,7425,4946,16228,8730,7527,11634,3434,9513,NA,3970,5880,8077,19478,7799,12249,18816,NA,2455,8086,6572,215,15910,6293,7047,18511,14904,8541,8599,12380,11112,13169,16681,14699,5810,19492,10209
11844,4483,13432,2260,14690,11318,9909,9012,6220,15835,18714,5746,12702,12734,1812,13949,13114,12479,NA,2270,9573,737,6677,NA,7637,18555,3513,13923,18496
4520,18701,13704,10810,3172,873,3720,15893,8654,12751,1693,8556,2625,19212,NA,4736,7263,NA,9082,16165,730,15252,3960,11837,9756,2151,11384,8461,4051,343,14115,19199,9584,3112,7693,17183,6712,18166,270,10071,15533,4326,16388,8643,7050,NA,19240,17533,12835,15089,17286,6493,11543,1731,15050,6489,8611,11779,19067
6385,11499,10784,10613,10161,1461,7106,19642,4829,6374,8300,15765,17702,1057,18202,3402,11183,15763,9620,13105,NA,1272,7232,NA,2053,16039,10365,15447,4961,19629,551,17310,4867,15887,3073,5670,5343,19408,17231,10230,8755,9318,7862,12990,7134,2773,144
17416,18828,9645,19504,6194,16594,19357,4735,15137,4138,16536,6288,5373,NA,11204,7842,2410,15888,NA,313,NA,15768,17837,18697,17819,16530
9209,12526,11217,11753,2577,4562,6445,8237,10259,11941,8902,12241,113,18514,12054,19732,NA,13341,NA,10109,15102,16844,12623,9921,2783,11791,6439,14149,2026,5364,10431,19110,15033,13063,7284,5151,NA,16645,10675,17344,7344,17339,7964,NA,11626,NA,2673,14397,11717,2958,4137,16493,17036,NA,17561,18653,13392,5759,13041,8207,16739,4177,4640,11173
15037,13191,15984,10850,7035,7028,1117,14990,14589,19496,8784,1803,10055,19435,12581,8879,10419,18889,11849,11055,918,3222,10665,2314,15784,19486,6249,7401,11333,10939,NA,2811,13621,6165,13256,5605,17548,16167,NA,15627,8615,3289,10893,7144,3943,9274,19664,3012,8211,11758,13323,1901
12869,12757,1086,3265,7084,1439,5827,18911,16475,6209,566,9985,18583,14896,2304,3915,15212,6902,4345,10400
12738,14755,11649,13119,2134,7181,9641,9140,10801,10079,18675,13391,12189,181,5442,15400,15078,77,13180,15357,15644,194,6935
18091,2750,15738,17307,6530,11516,7071,5083,17058,10590,2085,15151,4353,13596,11863,1718,14650,2766,15542,10864,11882,NA,17060,806,1332,18247,8489,19208,17231,17377,8212,NA,12157,4767,NA,12995,8914,NA,12095,3487,19791,16592,14446,NA,6974,6814,NA,12142,18558,NA,19013,9806,4927,7785,16665,6009,11401,5030,855,10853,NA,10412,526,2339,18273,3939,6255
4176,7040,2147,18223,7160,17835,13791,17256,19487,17511,5892,388,4852,6048,19834,1952,NA,2532,2978,NA,2678,18938,9557,1906,9541,993,14768,6905,582,836,NA,2300,9595,18467,7683,12654,8295,14477,1087,18502,6517,18642,16425,3023,5505,16342,7063,8452,12093,10965,15842,18719,6297,17895,11299,10465,627,7975,NA,12787,7854,19337,19209,10722,3753,12283,16463,11176,15374,19378,17120,15419,19967,18755,6519,14736
