6150,18547,7542,7426,2805,11125,6738,18608,13952,6158,7259,6562,17266,4602,15235,19000,18891,NA,4053,2382,NA,17730,19080,10073,11881,15269,8515,3837,1359,12241
16159,15869,9862,436,18864,9906,7630,18639,5261,18646,6925,15832,16647,1915,18028,18572,19590,13373,9863,11189,NA,18146,1747,5158,13541,486,7992,15507
5864,7028,15557,15035,17331,13546,2758,14257,11881,3362,2396,7762,11192,13668,3923,18066,9736,5629,2724,8087,14263,19869,6817,10498,12073,15471,18037,4877,15209,14657,14947,16209,4399,5564,19310,2486,18328,17351,11552,16119,1578,8025,7437,10668,13987,NA,7,NA,17855,9490,5601,14014,17126
1498,2157,9509,17598,12772,14512,11380,9593,7128,4750,16792,3064,NA,3299,13004,11426,2083,7733,19628,16479,11872,15511,19230,1483,6846,3465,6347,9270,7981,370,6537,6953,10446
2880,10836,56,13751,6222,17210,8749,2330,18895,19554,3840,15835,9215,10980,2799,NA,9416,NA,6717,11871,6698,14683,6299,NA,8640,2179,19744,7615,5648,NA,8858,12553,12070,NA,13275,19279,9917,12666,11905,NA,9530,6870,16970,5270,15343,4538,9185,13525,17195,NA,17309,12293,NA,19647,5036,1785,15792,13833,15916,18191,8052
7024,18556,3812,19967,14955,9041,7072,14721,10471,16220,18473,10900,6556,14179,9904,5569,11977,12529,5103,9057,6712,NA,202,11045,2007,7681,17387,988,2221,9435,16524,14374,4181,3278,19466,14062,3931
13690,13679,16879,8590,10310,10626,17408,1042,4794,5424,6168,9128,15153,12581,NA,11819,3285,3931,17598,1368,15321,818,13609,12761,6067,5491,10601,10768,16466,9309,18665,10731,13261,6301,6769,NA,3096,18065,19518,13843,289,9242,9569,4122
8393,9419,13603,6526,5276,4446,1115,3465,16079,8173,6398,13009,NA,13060,9375,4693,19406,7666,19617,NA,7894,1888,13692,19842,12728,14847,1918,1097,7410,NA,5494,10071,16099,15674,16906,NA,8964,NA,3408,18733,7192,10576,14611,2041,7942,4523,14280,NA,11632,8072,14834,10947,14527,16239,8791,17,18920,11165,8181,10363,10647
3833,1935,13456,19904,4942,3632,16178,14547,13266,16073,5909,11279,NA,7046,14333,9197,9515,10913,8798,16459,16157,1508,250,11066,1178,14672,2306,4572,12081,18676,8289,9875,10273,8048,13501,14381,9211,8949,5563,19383,14942,13903,10484,NA,8345,15691,1872,385,11653,11316,701,17532,NA,17428,NA,14850,14611,5149,10623,18901,16736,11443,665,16332,9919,13435,17046,17503,7755,626
1169,2608,1800,8478,13197,5805,6024,12164,12475,19756,6933,6337,18828,1349,17098,12200,4570,2824,19071,8127,16196
14533,17341,17682,17085,6887,6673,14701,10475,18830,1755,17437,5694,NA,1128,11371,415,15595,6812,9788,NA,8466,14733,NA,3348,NA,14782,159,9225,3851,13715,4713,7368,13566,4958,8070,12136,16042,8627
10924,16332,7578,11120,1964,5137,17964,6955,1934,15323,2362,6898,NA,7928,14460,7486,592,336,16073,8603,NA,2729,3360,13583,7965,12209,11625,2897,14501,18829,5273,19673,1297,10767,7074,2522,18814,5861,11659,6348,11245,13879,11246,NA,16243,18866,7654,9189,67,4881,NA,6644,NA,7413,17594,11606,6027,2671,899,6461,14839
15010,7084,8036,8442,19166,7583,4159,17911,7294,8380,12163,19240,7881,2604,6664,NA,17089,8029,5855,384,7606,2410,11995,NA,2030,785,7893,12243,17628
14265,3550,492,1351,16674,3467,10070,13980,16951,13289,10646,610,NA,8460,3945,NA,2568,997,13072,4465,8859,464,5790,10694,16930,17753,19527,18391,6485,11470,19671,10953
14414,17738,4158,12946,3729,1220,5711,14234,13733,14580,6050,16984,11398,3767,NA,14005,602,NA,15824,10256,16924,6997,7962,3601,8612,18895,1414,7949,6947,19354,6199,8369,9983,18125,6217,2207,8050,9809,14464,777,12378,19933,4296,10747,861,2966,11192,8980,14544,880,5793,13086,17796,17998
15320,7412,13855,1062,8709,520,17523,7069,10576,8365,10588,16253,1818,9864,6798,17729,18012,229,NA,12968,18831,16040,16113,14932,13967,19653,3119,NA,9857,293,5323,68,18417,15744,10958,NA,12565,5163,12960,10667,4646,3277,4690,8164,12983,19469,NA,4843,18617,7064,14119,10400,6833,16747,9155,9663,15380,18476,NA,4729,4043,NA,10583,10837,16538,11644,19208,12483,3601,15772,18640,6090,8433
4119,3794,15433,6953,15342,10508,10133,2635,14614,17755,12759,8099,18676,1585,5499,9731,10781,15087,7025,9129,3905,433,15887,6006
11517,19386,6244,3654,6694,19627,8265,7802,4403,10697,15899,609,19116,19076,18571,6396,16540,13830,16884,7341,9758,6960,3789,14282
6470,4030,18981,12055,6632,1460,7868,805,5822,14486,1763,17429,17756,12375,1678,12766,7958,12651,17685,9003,7148,3893,19762,14879,1745,9815,7695,6250,19297,16885,3068,5308,NA,11039,9362,6412,11521,18194,2,7149,3453
17856,2182,2391,8334,9109,1527,7033,19917,7745,1200,1418,11458,19962,1194,11078,NA,4952,NA,718,19570,8045,19502,5221,14402
14395,15250,10497,1968,9112,18785,15595,2961,16683,12242,1499,16761,17774,4675,2439,7819,11128,14764,NA,16565,4406,2764,16235,6002,18902,16621,2032,17654,18276,18753,5793,14366,NA,10778,19686,16270,16186,18617,17632,2544,5947,10643,7970,2902,NA,14588,461,6751,6729,NA,17200,5436,1214,15263,8082,19064,6471,12213,NA,834,17672,8655,8488,9282,10104,8455,3132,19320,14103,1530,763,818,19484,7751
7547,7455,7726,17405,7603,221,18422,18991,1903,17397,11564,1355,10086,12293,2968,7480,NA,8660,18354,17301,8483,2684,13071,19058,18891,16686,11952,16230,NA,5417,17347,17541,7754,12477,7592,1349,3595,10894
6864,2584,13930,15338,6849,15909,18004,13889,17400,7487,7812,19329,9583,NA,19638,14805,4964,17007,4477,9539
18490,3005,11055,21,11095,15056,8133,16481,17982,19159,6895,12360,14345,16158,184,19105,11814,NA,5060,10261,10434,5643,1922,14266,18167,1392,19113,7500,14205,9818,11984
852,10121,7830,16981,9378,16566,7971,18690,2555,12644,15350,17049,12191,7650,12387,12668,13997,NA,13307,9171,2841,6519,16298,10000,16683,NA,8753,1820,NA,15016,6211,5492,18334,19515,5633,17435,9974,16365,12078,13964,468,2993,11035,18062,3840,NA,4835,2983,990,5094,14218,8436,NA,12825,6089,7917,13796,1454,16746,5810,18008,17050,16924
8466,19676,19803,17239,6958,2783,9907,17140,11045,12966,6814,1736,NA,14860,3825,827,9068,NA,12367,16868,11584,14047,6537,10214,10987,13837,2890,6985,4249,748,NA,15369,11951,16175,15922,18098,15618,2961,3210,13816,5316,13170,6450,19286,5117,NA,10908,NA,13026,7214,10748,6647,708,19720
18679,14064,2610,18755,15253,13321,17199,17250,680,1458,8450,1580,8619,17434,11332,2385,3425,2372,691,12161,11000,8674,17969,1927,6372,19834,12510,226,16903,314,15378,12746,8124,8659,6439,NA,7617,18854,2986,5366,6449,NA,18875,6462,5192,6713,19864,9065,2522,6499,3417,12239,14842
12819,11040,8050,16514,10453,12497,14054,12707,13650,9040,11515,4213,10091,NA,13489,3441,15730,18574,17057,17808,4149,2658,16679,7668,490,12750,9352,10137,10330,8869,5572,15942,15540,14046,125,17551,6788,12525,325,6221,NA,2825,10379,9865,12725,9037,11764,14180,3045,6779,8401,4507
1130,17076,17964,13417,2521,11339,18355,14715,14673,4858,7248,14779,12007,2885,2753,2248,245,3001,5446,16764,8733,14138,1221,238,6482,17280,11298,17040,14868,5221,11915,7618,5471,6372,7904,11630,5759,4178,16997,9081,10891,17808,18359,NA,2699,16836,NA,19284,4949,17405,12274,10184,19393,4368,16904,8483,17285,13673,18139,1537
9312,6268,10706,15821,5094,5892,1411,2472,3142,10967,18522,4357,NA,19297,18518,16832,4406,541,3731,17892,119,NA,2878,10614,13422,3823,14566,10946,9394,5643,NA,11038,11074,16867,16873,5355,NA,8521,7996,3421,NA,1858,18523,8362,13889,16567,6010
4596,3161,12422,14789,19831,18098,10599,17362,13289,11533,3602,4633,19277,NA,9094,18336,NA,12538,4154,14065,17098,11613,14345,NA,9350,5200,3208,11829,15487,3020,3135,18637,6303,11335,NA,14254,13616,15083,NA,15656,17910,6458,7944,10819,13875,3383,2314,4893
5534,19202,8667,662,979,9159,1316,19829,13634,3056,4066,6669,19093,NA,9334,11556,12189,NA,11272,8939,13211,2039,13591,18319
8773,6200,103,16921,16094,10659,10274,8609,6702,2261,19584,16359,18530,19323,13302,13576,19562,14215,1569,10911,18185,10541,1300,17585,12171,13528,12135,NA,5874,7371,2732,15061,10867,10319,1322,NA,5401,12186,1214,15671,2510,9476,14083,NA,16461,19828,13344,844,17973,NA,18999,10261,3955,5338,14314,3785
2514,5180,420,13499,19372,12384,241,16941,6677,3371,10718,1232,18887,144,15966,17401,2207,13756,6724,8766,3587,6466,11302,NA,8064,18022,19691,15647,8156,6621,3962,15215,4499,15127,9710,5934,17250,13711,7356,9168,4713,NA,17707,14140,412,8456,6760,5111,4330
17307,9172,14964,2018,12339,6739,10244,10491,19120,2010,15772,6272,NA,6568,4100,7360,19263,817,4455,17480,15248,18774,8367,6554,15612,17445,9174,19848,7793,2467,15403,7319,5911,10548
17673,2919,1232,18991,263,13415,15750,10247,13501,15407,914,11585,11809,17010,17201,19182,4782,16445,8814,7280,6142,995,16508,9750,1089,4976,15495,18247,12234,201,1812,18253,214,11376,4618,779,6257,1298,1460,8255,12294,2303,13934,15774,NA,14285,6731,NA,5173,3628,2840,9873,5240,8748,82
2112,10922,688,19222,3454,14676,11570,17844,6071,15998,2863,14926,7211,18587,4957,NA,4010,NA,-1,5329,12752,4496,8181,10613,3175,14028,2802,16460,5974,17919,1315,14328,NA,13644,17615,1530,NA,5311,11491,18130,19149,9726,14733,16184,269
17346,1826,6051,4785,1357,10386,16356,1543,12526,10265,1697,4681,17174,8563,16076,5904,11937,2466,NA,308,19520,16395,6021,16978,15445,16561,NA,18681,14345,6009,10179,6395,4927,NA,18280,6484,19697,1573,10856,19016,17282,14879,17849,677,15732,4226
4379,1895,13615,16488,15963,19617,14274,6549,18473,8488,10501,6890,NA,18946,18349,NA,13968,NA,3274,6045,3642,7656,1814,5746,1977,2975,NA,5401,19246,4933,2306,2937,5927,5523,4597,14965,NA,5077,13814,15479,1805,11702,3049,11998,6561,16931,18794,NA,11829,6379,2087,12029,1574,11024,16991,9530,19992,10192,17627,12594,3488,8438,15782,14604,10101,1206,8161,19689,4143,6781,3429
7449,4437,16001,15276,4491,12133,14006,2150,6431,11408,15568,NA,13059,1940,16032,11543,13476,4002,16589,19060,NA,9661,14624,13522,3892,13859
2355,10891,1889,13398,936,1552,9755,14362,11176,6276,2848,5618,6352,17868,3013,700,8772,1673,18578,13819,3303,4480,4989,10676,19304,1777,14640,14312,10412,7814,19269,6332,12028,9427,12741,4232,3582,19595,11902,15743,1235,933,19168,19971,6141,1024,18596,6872,16521,13618,17233,11909,13008,17067,17987,15943,19840,16706,4206,12841,6723,1969,11711
1072,11662,4888,855,9934,14074,19533,5861,11827,7391,6179,2873,11419,15935,3094,7577,8850,1219,4533,9675,11368,2527,575,15122,4363,1408,1398,16509,12356,16091,6628,1898,336,19097,NA,9793,13253,1880,5476,8506,4440,2201,8062,14186,5484,19087,2264,5749,17956,3988,2378,16437,1931,NA,2006,11053,12138,10731,3773,9713
19783,4412,18415,18123,6012,13065,18700,1349,19730,19171,17140,4672,12173,6637,14099,17599,4167,18860,NA,13541,3239,1155,24,14587,9319,9203,19681,13178,10445,3339,3859,12833,14838,15102,15946,10534,12667,NA,8147,3554,16891,19473,2,2402,NA,1198,14024,14956,9345,4223,9750,5560,7253,127,13329,9166,1809
9729,16295,12328,12267,2388,16557,3176,5459,2279,2611,16921,NA,7588,15155,9636,5031,6239,17374,10641,16041,15964,15151,821,13305,3335,9630,3175,8968,NA,6889,6985,9409,7586,16540,2760
2291,17616,12140,12623,4823,14366,16969,3202,18831,18676,19327,15120,10064,11830,NA,18553,NA,19318,9608,4169,3834,19876,13707,1780,7799,15742,17832,NA,2588,17868,13845,8849,7761,12255,13,18830,14846,6630,9036,501,14384,13979,11208,6851,1021
2063,13628,9975,1413,13147,4523,85,1040,18646,10048,2006,7746,9869,4505,NA,11537,2430,NA,7937,8873,17924,19182,12105,4721,16844,2263,486,18745,9779,10746,614,5673,19796,4947
12735,6164,13508,881,14153,2259,1550,14559,14495,7867,12233,86,15247,5839,2662,17395,10719,9020,13151,16307,3905,10453,16151,15341,10360,8172,NA,6357,NA,16939,13713,17488,7741,3042,18800,14689,11462,19165,384,2994,13287,14517,7255,18458,9031,8364,14458,8432,1142,3137,4502,2739,7568,6275,6513,10407,8610,16977,13949,8635,13939,15678,16224,1910,808,15524,14080,5686,5703,6477,7638
17544,11165,12709,18228,7681,16419,16372,17949,7801,17771,6590,NA,15967,19268,8337,3768,6522,4943,10907,10933,12782,18360,12403,14247,19593,3711,15883,9954,NA,17202,3186,13180,8005,13709,9885,4986,5271,17328,9931,NA,11023,19433,4125,17810,19113,14591,9808,2110,18480,19000,18813,6158,11821,15869,5816,6357,2471,10482,7086,14955,17290
7112,6977,16359,15782,9127,15535,1405,4328,7570,10338,19194,2540,15855,8829,19872,12368,9657,11577,682,4363,14395,10549,13912,6589,19586,16258,8723,5904,16656,1814,9241,3118,NA,3188,9487,4900,12968,1040,18410,18399,17068,63,18085,19673,15546,2066,8738,4671,2720,14121,1188
17903,18618,3880,7450,14122,607,8722,3216,9999,14756,10922,14015,17707,17667,19103,6016,746,18257,3733,NA,574,744,14953,1620,7019,NA,14379,4956,8171,16290,6316,NA,10443,14173,NA,3297,3099,3478,NA,2901,7722,17668,18013,11267,17567,18591,5959,5308,9750,13436,3163,6602,4520,3166,13816,10966,10137
18411,3302,13748,6574,19456,9878,19388,305,19190,6949,3341,17912,10346,17331,11761,15874,7000,NA,15765,NA,2334,NA,10645,11453,10436,17910,883,11766,13045,66,10779,17537,14075,5630,18243,16190,2449,15892,8156,7328,10552,NA,7873,6394,11629,15961,14937,13276,8510,9149,7953,5244,6409,NA,13251,16630,8132,10924,13042,8309,NA,1868,17702,12205,13947,6404,821,15011,3416
18897,19214,4128,9170,15627,2648,14811,9372,12576,8581,4393,2045,3709,10076,NA,12412,16394,2221,19418,11561,14204,10568,NA,11782,4879,3351,3046,9911,15194,1661,9035,14814,13040,11826,19521,16508,12918,13272,8870,83,1868,10088
16189,3720,3053,11088,281,11120,16554,7988,8435,8351,19231,5412,18840,15643,11308,NA,13562,11187,NA,17997,9424,18562,7771,19463,18796,4508,19192,6556,18521,10697,NA,19859,12502,5923,8356,2297,19192,10434,7688,4753,19366,3373,424,13522,6457,452,NA,12255,6548,11515,7360,10623,5377,7272,10832,1858,4239,11077
6151,6272,15431,1748,19897,6348,1555,2171,19565,18878,2417,10563,5086,16860,18174,4182,3407,13712,15891,8222,15027,15973,NA,11701,6082,5565,10390,15435,18206,8376,13305,3306,18044,17791,16006,6014,16624,12909,3950,19979,456,8057,404,1823,15592,8833,NA,8912,10206,7775,NA,18957,NA,2166,9939,NA,3598,8406,5160,9670,NA,1162,2603,1292,3528,7180,17283,17295,3039,13584
8593,2651,6236,17734,19334,946,1792,16474,11766,13974,7791,10293,5469,9345,943,2345,14,13288,1993,10637,NA,306,1772,14564,9984,12436,11657,2369,18496,16653,4996,17692,1194,3758
17598,696,1348,10096,8958,13530,10228,13829,15519,14876,10351,12171,10544,14021,7148,6446,14282,11978,8258,4042,9643,17536,5670,NA,2668,12876,13100,5030,2269,NA,13119,10262,18227,1046,10987,10793,6391,17888,8087,17520,NA,11327,13869,NA,9584,2720,8338,10957,10005
11515,4333,10839,219,15396,12315,5474,4198,16417,1011,605,9698,4034,NA,6810,8227,6163,9980,11123,NA,1979,16777,8132,14821,17272,7274,18717,9967,18267,1119,3020,13746,7750,18604,1182,2977,NA,8389,1965,2654,4890,8794,15602,16216,19329,13357,739,12334,7467,19085,241,8023
10520,13299,17659,13097,5992,3490,86,7393,6169,12367,1143,2863,12548,17914,19066,9537,5850,15161,19224,5390,10965,14964,NA,8747,3579,1283,13547,17070,17825,17114,11896,13054,16925,17085,10211,14040,16498,5827,11947,8950,5748,12220,6586,15609,8166,1666,16390,14987,11317,4795,11505,5830,17027,18230,19452,14810,3249,NA,16613,16907,NA,8019,15906,16589,14879,15838,11331,11734,18956,16356,14314,7076,16272,3781,17795,14021,11044
7967,5105,8315,2418,1322,7529,18235,919,11360,6829,18056,14761,16873,12512,17819,19484,10252,1061,17389,12848,2410,928,7904,4177,1015,1454,NA,7154,14923,12059,12897,6487,18005,2973,14786,13911,11252,6104,3857,15383,10010,19951,19276,4171,11197,14213,2130,NA,6270,1928,335,6334,14822,1308,7266,6042,7429,17724,2219,4079,19695,15962,18961,3930,19359,13196,703
6958,18992,15079,10554,4190,10523,10662,16097,9597,10357,18354,11783,6030,7312,11860,6662,18717,468,13908,15875,1686,15898,14456,NA,7072,1998,14688,19911,8444,7671,14747,NA,18234,11604,19272,15321,14578,16583,10217,4387,949,625,8030,6388
3401,3294,4451,2970,14781,18778,12392,15783,9068,15854,4435,6032,7911,NA,8953,6526,11370,2079,7412,NA,12871,1943,NA,8155,6576,3110,NA,5239,18300,7632,1065,10441,12540,1796,6315,18775,NA,14037,NA,15758,NA,3598,4279,3510,7186,13459,417
5261,3520,19691,7132,7631,3922,17656,5200,13255,4627,17977,15039,12680,18303,NA,7932,3020,NA,7603,14551,15190,2667,19338,453,3136,163,716,1602,3079,6445,7555,17928,11001,19243,4924,1389,18928,8046,15766,3360,1935,13538,16176,18992,7575,177,18566,672,7720
8629,971,19591,2017,16369,11573,13291,7871,15042,16824,16404,320,4438,2413,16472,1654,6091,9070,7264,1507,6432,NA,5924,NA,18447,3626,18978,4708,12777,15311,12722,19991,19944,5841,18167,5986,17261,9625,8486,8472,494,14542,14592,16701,16212,NA,8787,6250,13334,9173,13697,5774,15282,17460,4589,9164,8548,10297,7299,19059,12973,7075,17723,10063,19440,19559,9873,1846
18686,14592,10569,16167,10446,10117,4495,19313,18277,12071,9731,6748,2066,9285,15672,15649,4144,8210,8857,NA,798,938,10453,15660,NA,9956,11673,18290,9574,14130,NA,1579,NA,14581,4218,7858,12920,10999,12301,5303,859,NA,4943,19026,NA,7470,1956,14103,13917,2558
