2399,3239,12697,1198,1927,5333,11839,4856,16456,15592,4428,17356,1849,15662,2128,13612,13004,8674,19778,13580,7544,7110,7174,18784,3853,14726,17187,14303,19173,18988,9591,16292,5745,NA,6992,15818,18557,1146,19898,8042,4177,2428,9529,8015,18495,13026,4193,8617,16258,13819,16017,NA,2007,NA,17076,11420,NA,3434,1477,4615,556,6187,NA,1183,13994,3525,9868,4809,3735,17602,266,3886,14365,11838
10381,7117,12210,17744,7675,10632,3839,13323,17322,13023,3178,12076,1923,15204,10778,2704,NA,15121,3438,16497,15189,2958,12363,2962,5852,12836,474,9831,295,3916,11276,11037,14520,4533
6161,17366,2140,19658,17604,8346,14797,4269,4598,6686,7426,6229,NA,18096,NA,19548,6310,5794,19875,16899,16066,6862,3494,NA,4930,17895,17596,5518,10446,3178,3635,13010,13691,18140,12864,12218,13726,NA,9091,NA,5380,1769,17700,4674,8566,12708,7748,2388,5533,10790,11379,5587,12961,3195,15447,10903,5896,1906,1286,5172,12581,4513,14716,15503,19795,2494,14314,7787,13729,12265,3197,18290,8146,6381,6730,6094,6703,19597,6368
5142,7365,4922,2364,14037,4032,10335,8639,10292,7502,11330,16160,7358,14003,9272,17219,7910,4535,17161,4225,14998,1,4366,14004,18924,15186,16546,14298,3524,11905
16785,17279,2782,15958,12380,8108,890,17565,12663,17500,4352,17733,8222,866,17089,17236,8167,15832,7851,9153,NA,8820,18738,12942,16364,15775,8671,7400,9010,NA,6317,4831,12792,19702,9684,6876,5140,NA,16099,2450,12850,14792,10322,5118,11884,18321,10463,626,8107,3236,15264,19149,13593,16270,11143,8295,17762,12566,14994,15722,16729,9629,15499,6492,13596,10180,14273,6278,1404,19125,18448,16578,4781,2352
7494,14925,9782,6373,13685,4087,9655,26,18850,4751,1454,NA,18753,2264,19186,3973,4305,10414,14862,NA,4471,12323,8916,14257,4048,19653,15222,4184,1032,15551,14954,8763,13958,5431,13343,5479,15358,2028,15598,11985,9762,7845,13673,3756,2472,4692,NA,12764,19778,7118,4591,13002,8057,10954,11387,2430,15459,10959,3840,15011,3993,NA,14677,14833,16403,17409,5990,NA,9523,NA,11291,17735,6343,15240,18682,18056,1578,10937,18546
244,5533,10001,1677,1199,14367,12918,4221,18992,466,15071,17240,13976,7628,13892,3707,732,NA,14211,8631,5066,15881,NA,1532,12893,15053,3497,11341,18781,NA,7949,19580,11964,16987,16578,511,416,9538,1089,494,1048,10853,5161
14538,19748,7557,17530,11493,15139,7177,4524,10490,9754,11515,12471,18870,1179,19781,4903,16035,2847,9185,11603,19655,15636,14567,17570,19064,11171,17652,17528,17683,12055,19205,8958,5456,NA,17938,18950,15776,13593,14853,7429
10028,8575,19482,14402,7226,4748,17598,14453,7823,4574,12651,12324,15743,8924,8614,18015,11360,1666,18368,10282,1722,17185,7912,7740,13984,72,16942,272,12833,6624,NA,4955,NA,6077,12942,12974,1430,19625,14533,6531,3044,18483,13311,12971,15144,66,2130,2012
10443,13018,19481,970,18788,6606,17021,18271,1534,12064,10153,18271,12395,5252,3699,14512,11223,1305,19901,11163,18698,10635,15002,4916,874,17258,NA,9908,8975,18586,13962,2757,18294,9257,4130,NA,9038,11122,136,9698,16132,15284,16150,7103,4225,7974,1541,15375,16777,416,10343,4216,15208,2379,13891,10338,19663,994,12099,10141,1565,1566,162,8657,19921
19461,15450,8361,3420,17346,8052,14757,2336,3656,15297,13633,8314,3205,18467,4560,9073,3746,12035,9195,1188,18964,223,1744,15173,10576,15901,1159,4627,3905,7301,11,2881,19732,10673,7784,19631,3577,8585,2409,9257,12131,15061,11797,16335,1917,14283,NA,5721,2834,437,12538,17212,19335,12299,19219,6486,16103
11378,8180,2955,11443,11608,11416,10679,17652,13583,3108,17382,10288,8142,NA,808,11801,5728,17813,7409,10865,NA,1077,605,NA,19806,14091,11149,85,6941
13247,5139,11627,236,12459,3699,13489,9596,3482,18438,9947,18480,19595,NA,13313,2656,8311,14510,13889,518,10328,5441
16164,3646,6462,16111,5334,4260,9166,6367,19791,15318,17729,16383,4451,15110,9292,18581,5410,843,8584,7711,6506,15371,12483,16203,17806,12888,13092,8970,12056,NA,2093,NA,8442,5748,653,12032,18016,14515,16221,4586,4924,NA,10519,17317,1838,5870,6389,17375,9283
19899,7081,13169,3604,18037,6398,6926,6978,8790,13308,5243,7971,8210,1464,16085,1889,14269,16260,4255,15832,15526,19957,585,NA,13043,9510,15355,13940,4117,13499,3464,7365,17905,NA,906,9602,10724,8961,3149
16708,18447,17747,8731,5639,9177,17094,10259,18998,7599,18953,17580,731,19184,12295,8937,19869,13230,1675,1506,7166,4804,14858,13499,2734,13229,10981,10297,10499,2558,NA,2594,NA,9842,8239,11390,12035,14090,1043,13067,15846,NA,6956,10129,19801,12469,15146,5366,6672,4389,17720,14319
5616,1438,12894,16529,16379,5881,2476,19685,11366,826,11492,936,17648,4997,5091,7885,9867,7559,91,6301,7528,2492,289,2841,11535,11318,3576,7223,19443
2744,19603,5104,14651,8848,16378,18124,1367,14864,11261,18033,NA,10006,7412,5898,6594,12974,12465,2742,11267,17376,11679,6564,11803,NA,388,18277,15376,4985,9001,10069,8526,3289,13092,17696,2881,NA,17896,17750,8482,11849,9040,16837,12183,NA,6164,2111,1388,13584,7595
511,15322,16724,19729,4520,6598,16600,9461,14450,18206,13871,7244,17582,998,10052,19508,944,4455,10570,8613,1818,18014,12122,925,17554,11336,NA,5563,NA,16365,9857,11401,17989,6522,19876,7046,1911,5668,14591,NA,6896,16801,7195,1691,7757,17157,12557,18415
711,1073,18163,8218,4720,9629,8677,12121,13615,8938,2924,19434,8353,18385,12414,12802,1677,NA,13448,17611,16487,9591,6443,18599,3038,19385,7274,1755,18709,1756,3158,7980,19443,16813,15183,18986,17648,87,8937,1956,12878
2436,8289,2951,2531,11308,19258,19491,12713,3201,8296,14671,NA,16547,13065,11260,7969,14658,4522,5926,6608,3492,745,15825,NA,15801,3859,NA,9810,1002,18118,19610,NA,13080,5966,14577,14304,1617,2453,13598,NA,12386,10405,1661,8207,NA,18889,555,5209,16169,4763,9069,NA,5936,9434,15379,2567,9857,17122,3324,8490,15824,15244,18382,9715,16987,6667,13138,2832,6065
6062,10627,17055,232,19914,2921,4274,18391,1640,3027,9916,10544,19468,9387,12152,17824,13991,NA,4164,NA,8954,1808,NA,6926,6602,16045,2830,9734,1245,16517,14721,NA,19953,205,13779,NA,3470,5771,1724,17861,11836,16073,552,9414,16492,18350,17028,6976,9321,2841,2562,19054,19123
1172,17179,13047,7736,15001,8468,11680,3676,2067,13104,2442,3468,4684,15155,NA,2330,4822,17937,11281,17195,NA,6239,13947,14676,753,14734,270,14953,1110,7713,1545,11103,19049,12040,17847,3312,14581,10742,10134,10783,3258,18739,3001,15460,10316,91,7719,17371,18285,5326,7829,16524,9603,8847,19544,9950,19551
18757,3668,11538,16912,5879,18603,14462,17156,10184,17575,18696,11399,13153,5690,12641,11483,11800,11598,1862,5252,12713,19272,13697,14743,NA,18823,9281,19637,12998,15204,11868,19037,15647,12485,1119,19763,6187,6365
13785,7018,19397,16814,12119,3882,153,4197,11984,15020,8580,18146,13653,15695,19322,15707,NA,9125,14491,8397,13142,1758
16236,3749,4962,374,14636,5680,16582,14372,7126,12825,17228,157,10871,2428,3930,3775,13304,NA,8526,12579,10800,16933,14873,8771,10161,13778,3457,10670,9998,3772,2942,18659,NA,2192,17202,14653,8902,NA,12644,890,15222,NA,698,1738,16200,NA,4920,16551,8239,NA,806,17656,16362,12500,6865,18888,17688,19573,4643,16455,15771,2287,820,4858,9921,6644,11430,2988
1810,10909,777,12788,12793,756,1185,16555,1745,4765,999,18155,17311,NA,9469,525,16993,3493,18140,6714,16705,5774,4869,548,16175,10251,17894
3433,15308,6641,7594,1531,18677,8936,19160,1907,8911,4875,6344,6257,11806,10589,17791,8754,10776,7108,19698,1548,14214,NA,879,7127,6080,17088,93,2822,11830,6565,12144,12078,19339,1792,13081,15181,15712,7574,14041,4729
6932,1489,8372,1237,15304,545,6206,17957,10457,10677,6993,15311,6812,13176,6971,13819,NA,11295,6539,15380,18124,17783,8408,14426,NA,14891,16283,13083,NA,14141,16696,NA,6603,1566,10801,16610,526,15615,9784,15947
17861,10572,11384,640,4548,14953,8359,15935,2773,2590,4500,13193,11154,6596,18961,13464,17074,14395,4670,10554,15896,667,13127,11711,19512,8363,NA,19927,18159,19558,10220,14785,11017,7585,NA,6068,3242,NA,3395,247,17159,4108,12161,7878,NA,5650,7180,1910,16337,6135,15655,4682,NA,3127,3121,425,7335,13450,11000,9973,13910,15313,2432,5840,5001
3977,16620,10333,12026,2089,16532,10762,753,17106,9811,5819,8648,12070,443,NA,11101,13895,11454,18806,19239,6603,10489,5425,8239,9109,NA,10109,16440,11131,13494,13927,5427
9287,8366,12935,724,8153,14499,2148,16575,13206,15131,5304,11062,1382,NA,10299,13740,6625,8201,18319,12466,780,3683,5948,15760,1475,5424,4593,7678,16784,10234,NA,4898,3996,12513,18977,18316,17158,NA,5053,4136,19180,1006,5732,9932,2341,18728,11052,18435,13014,6913,14875,3656,11339,9163,18780,2798,6056,7559,928,14893
6531,19534,13609,13099,12173,16816,14185,10322,13253,15589,1703,NA,7318,2373,4246,14848,4455,13760,NA,15746,9228,5066,13817,3410,13684,9378,NA,17240,7879,16561,NA,9419,12431,4034,NA,2942,7783,797,3336,17613,2345,13046,13399,19730,16938,1836,273,4052,2475,5047,14593
8975,13898,18290,3073,5512,4461,1446,4319,9695,9561,5084,8989,6770,5507,10084,14857,17754,11856,15915,8134,NA,14141,11843,1033,9344,1427,7899,9969,9313,1814,18148,10509,12352,13979,18831,19035,18506,13168,7956,9688,20,1794,11368,19690,8191,17745,4097,1054,7274,528,6705,15773,14558,14133,18607,2955,12272,11247,NA,13290,6606,1737,11158,18325,6416
16525,9009,3551,7442,17152,10763,7236,9455,5775,5389,12312,2369,NA,12192,19470,13154,902,8774,400,12047,3630,18170,8515,8297,19682,4890,9472,11927,19576,12581,5353,NA,12936,1166,4923,7798,10510,5653,3047,NA,10421,882,11354,17718,18632,2702,13594,1981,12057,7413,2565,6715,4292,19961,10357,18033,6728,16293,17254,8325,3841,17304,8795,5093
8587,17255,3036,17969,16594,1485,15635,18074,15860,17493,7704,NA,18416,6890,10742,NA,12034,5582,19392,3304,15221,460,14463,16457,NA,6706,997,14671,11774,8577,3944,13335,1155,7227,16172,10439,7345,16223,18444,6347
19329,4864,15060,9690,12698,6365,4198,17197,6030,18642,8875,10718,NA,7272,704,11900,14829,15790,NA,10946,16281,9467,19706,12258,3586,4143,12970,15845,11516,9363,11343,12961,6456,2991,2,18519,15755,11536,8438,NA,13147,12553,7996,16226,11982,9066,17611,4080,2071
10298,18530,402,12910,18795,5075,11618,17641,18558,8421,10784,18810,9567,NA,17038,5727,1074,14282,2579,1606,3105,3848,8794,18116,NA,12683,3967,14334,15008,8809,19361,18677,3200,12915,12886,16837,1940,11123,9867,16354,19242,NA,14462,17910,8250,3992,4026,19551,13039,1809,10946,10999,7295,1522,271,1600,7065,NA,7166,14183,15313,16597,19264,3486,16145,15634,18771,NA,8723,10335,14237,3678,3893,13232,16420,4751,6393,10503,19900
3325,15382,15572,19754,18676,11051,12434,17518,12913,4709,5348,19234,15177,8108,2745,13463,17648,11200,12960,1393,15021,13418,5263,8659,NA,19622,NA,7086,6056,15629,2895,8699,8102,3450,16300,NA,18306,12115,18435,NA,3350,1836,12611,5760,NA,4797,2346,11282,5723,670,13080,18985,12716,3587,7997,15405,1530,2490,NA,5166,18705,1235,12294,NA,15388,NA,7054,19448,7418,3177,5616,15700,10069
5523,821,8550,9735,15024,9418,4337,19349,16876,7182,12289,10272,NA,5481,NA,9569,3525,11524,284,7820,14117,14151,19955,NA,7568,8518,58,11555,10069,2646,2320,10003,18384,17686,4407,19483,7998,6651,NA,12067,17164,11400,14681,10938,7689,8500,NA,6552,4956,4363,2531,11092
11191,16255,18973,15682,11994,11146,4183,8590,12948,11800,16973,6168,10331,3285,19511,6418,8550,19927,9656,17516,13757,9642,2083,7808,9831,14649,17294,11653,9388,19897,3881,17092,17895,9193,15186
16354,14408,15619,8458,2452,6214,3774,3553,6493,9123,8240,2247,17885,1141,14031,16977,1865,16747,10006,10107,7452,9741,4377,10540,4301,18775,14049,17586,19559,4098,NA,8655,10295,4126,17147,9276,10355,14584,781,15048,2148,4472,15306,3657,5630,16237,18439,14055,6787
1971,5956,13947,13461,11678,6532,13213,15370,6702,8236,16976,428,9550,19162,9899,18648,16124,15596,18707,19083,19238,10553,15413,5151,16227,3547,5459,NA,4820,11463,7149,12740,12046,16352,2818,341,13379,13332
18190,19396,8142,12714,34,19250,5061,19274,15997,18521,18365,15864,6777,4009,12944,1329,14980,3104,17035,9846,3765,1703,7828,1444,6080,11676,17862,NA,13165,13121,899,6419,7660,5489,12403,7618,8358,6030,1550,16570,4424,4338,NA,14431,11975,NA,10898,11890,1413,10313,19943,13844,12168,11401,14490,NA,7844,11647,12440,8562,2440,6607,14765
4731,18077,19277,18135,7738,899,13658,1366,172,5547,12937,NA,13318,10857,1625,11078,12933,5411,12845,8525,10861,14731,NA,15031,8946,1805,1584,2387,NA,6571,10109,NA,12678,19710,1295,10501,16086,8626,10807,11749,17628,14952,2507,9543,4692,11074,17186,18917
10735,12662,10447,11447,16189,4971,2512,2888,1122,9230,7781,16645,5456,12635,9809,17583,10230,3097,NA,14336,11127,15758,13798,3357,12966,16359,8157,7576,14648,10811,16864,1413,4762,8403,12551,16103,16192,9492,15398,9090,9719,3209,11495,10741,412,879,6234,19043,7452
13025,13625,1797,11983,18237,18630,5276,18083,8500,6171,12437,2496,18651,NA,3174,12267,5300,7456,NA,11539,17746,18792,13465,17503,NA,15445,NA,985,1854,4453,14837,14189,18620,4940,9792,13305,2284,6657,5667,201,12001,6798,17168,8129,14043,13723,14263,279,19729,12137,8374,441,19225
11716,13423,3433,10567,5724,4245,8988,15863,10674,11387,16944,4953,15167,3036,13286,19038,6409,4021,6521,13743,1497,NA,5990,6252,7989,3517,12141,13637,315,17932,18265
40,4737,14201,5415,808,11847,9083,12980,11096,8026,13773,3898,18231,3234,16060,11538,12370,12465,9250,9029,2687,18699,17362,18325,5174,12120,9275,2069,13806,15386,8175,NA,18553,10777,17185,848,6405,NA,7578,6372,6968,3399,5034,18009,945,17184,455,15915,7645,9799,1478,4727,535,8728,13548,12322,10222,16279,5548,514,11463,2071,353,10508,469,19623,10412
11719,9334,1062,626,6268,1443,14003,5659,27,17776,6207,680,13516,5635,13647,5416,19009,NA,7417,3220,583,6203,2719,13287,6522,16544,13437,16557,5038
17735,4606,17756,7113,18293,7966,3266,8521,12370,2849,5457,10214,9072,6165,11286,7697,13235,17745,2230,1851,9978,4488
9000,12753,5913,4640,12799,14177,1065,3284,16398,18242,1789,NA,10028,6572,16424,306,18557,4504,13564,18305,8574,9338,9904,8783,12898,10288,3345,18013,16739,6841,14474,16230,2254,NA,19291,17415,10832,3763,18192,19621,12412
7055,18973,16238,13583,7539,19380,784,3372,13487,11834,13739,10278,1047,14957,19420,7103,9132,17846,19438,3705,8411,1336,9530,3402,4481,1906,NA,9382,15604,6696,7240,19712,13395,15101,4994,277,2155,2291,504,10812,NA,13177,NA,19492,13195,6921,1002,10069,11148,14516,3756,3600
10041,13145,12812,6464,3252,1882,13942,4090,6264,14244,4973,NA,19959,13248,3371,12794,12954,18304,NA,12327,3997,8721,19095,10222,17610,6674,286,6490,3189,11420,10416,2232,8967,8295,4515,13670,13170,3066,14531,5509,17705,18907,13943
15192,3748,17961,607,17783,16600,10127,15068,6771,13883,13202,3723,9733,10274,3545,16995,357,NA,15398,1209,6434,3575,18695,7151,15679,6363,15353
5443,14973,8746,8944,2515,14340,6239,7522,11155,10543,10835,54,18609,5531,18279,16414,3226,15846,12821,18312,10732,4313,14475,9401,16409,564,4454,17460,18804,18888,4938,5814,13794,2964,2536,13519,7210,1748,5640,7729,17704,3992,16548,18085,14156,1554,1419,9516,16764,9314,10638,15274,17480,12885,NA,13297,4979,15090,18283,13797,15148,15997,18685,9902,18936,6158,19637,7123,17684,19174,3378,9069
8485,444,13917,3664,3455,10982,14605,5589,9338,15920,4500,15105,18811,5919,6305,NA,19071,16350,339,16251,2916,7870,9845,6774,430,2418,19310,12889,11568,3081,3508,NA,13325,12750,11992,NA,8436,NA,19579,253,4184,17586,6707,1031,7284
6278,11854,3858,5235,9960,8761,17122,11866,18371,16792,4597,7973,6156,15935,NA,14940,5534,14169,12880,6099,9883,1538,8703,16117,5672,NA,1906,15113,1058,7105,12441,NA,1760,6647,9605,8410,2688,12720,16370,6886,17879,10323
1938,2049,11405,5053,4354,8285,6709,11268,11235,10833,13148,19307,17131,12483,3810,8141,1439,17335,NA,14813,NA,13092,15202,4029,10535,17431,NA,4535,NA,18991,19243,9085,NA,16898,14179,16516,3876,7286,NA,6889,1119,18657,10035,13128,10176,13202,6319
18462,14584,12780,8971,2498,15121,17972,2104,12819,2691,7206,18202,8616,NA,1045,17106,NA,15258,11716,15964,1075,6431,1131,10164,334,179,5627,14231,3849,4435,16352,15375,1853,5780,18834,3074,16348,840,10285,12620,4750,4301,13088,17020,14552,3977,16542,16200,553,8761,10301,6743,1123,17397,NA,7779,2339,17476,650,1911,568,7352,5143,13345,14588
