15356,5603,4576,7105,2529,17462,17083,19784,15143,6962,12016,13287,17735,7452,19852,16632,866,16427,4696,15004,17339,11110,10629,5946,19603,11826,15128,14690,19014,NA,15793,7088,12319,954,18093
14677,17183,1496,10699,11053,17833,7027,12076,15584,2939,6467,7302,4930,11894,6068,16057,15051,13506,11165,18296,NA,3273,NA,2803,NA,12158,17323,11975,15135,8874,2247,444,5692,509,12626,4697,17774,5008,16565,2671,11201,7350,16467,3878,3238,16460,12420,NA,18896,2388,889,5688,1864,8721,15843,2195,2102,9669,4841,7505,NA,13537,609,16189,5418,8700,2534,19497,16628,3716,1160,15275,2732
1645,5007,15072,9609,12867,15193,12778,7734,8779,12822,18781,7194,16908,16361,783,12897,8997,2908,13072,17329,2719,3938
7720,526,14107,19470,15163,188,4988,12494,11412,6011,10394,16975,2729,NA,4478,11143,16221,18733,10616,15963,19653,171,16910,7861,17433,7902,NA,14610,16033,5272,4345,10521,12533,1974,NA,13404,2979,12066,12041,13314,14322,9075,19410,5593,12467,1150,11300,16554,8024,10075,19804,63,2112,15284,17351,2525,14183,8060,5860,8497
8774,13352,14143,14860,10813,6284,17309,9936,6497,14874,9442,19383,2356,18268,15821,4667,7719,13946,4660,8317
3063,8393,8699,4854,2854,4669,3694,5767,8661,4388,11412,11319,4249,10164,16254,5433,19017,NA,19843,4843,13706,19961,9671,6140,12438,611,5383,1937,17007,8639,345,NA,11147,7738,16006,15354,15115,618,2957,16140,18648,8109
15958,18736,4310,18704,13879,2491,10691,10065,1660,16229,1950,19170,14333,11673,12895,471,4227,17151,7134,16836,NA,9277,15106,16433,9919,3877
18630,19716,3004,10196,14418,10771,9634,17723,12501,4935,17100,16032,13409,3716,16169,15737,NA,14868,14125,12061,3164,12518,14774,10586,2999,17539,17785,4112,18866,14145,2160,8417,15424,5863,16795,12615,1016,7247,10268,11487,16174,18182,10076,5414,14558,2590,8126,NA,4691,NA,528,12250,7194,15479,12995,17509,12373,14166,10253,18599,6888
9997,19882,15555,3613,19377,3944,13930,16316,12017,395,8087,NA,7951,2783,6947,16924,2600,14423,NA,2695,19065,11473,1189,9157,16583,NA,15972,NA,15177,5939,13084,NA,10951,11592,14566,1987,345,5205,18053,16240,13823,1382,6546,5052,4333,14592,6359,665,NA,1536,11351,8961,18138,15924,5731,19507,8356
14796,4851,2700,1734,8558,10959,18813,8315,12152,2240,2932,17513,9322,9553,6643,4128,5860,14060,11909,9171,9783,11625
12747,12332,5098,7325,15337,3174,16585,17092,4949,14528,3357,19952,5517,5950,4837,19922,11822,3788,15559,13631,4050,16601
10655,7462,10599,12676,3285,909,2383,10053,8565,18736,18671,9433,NA,16203,6205,12260,17134,5180,10763,15745
19253,3434,13267,6050,18531,9590,15937,15653,4791,9896,11583,NA,2652,16944,16721,10078,NA,4761,6098,3307,7647,700,662,1682,16356,NA,13203,10195,13108,10551,18312,15829,12183,10915
4900,422,15361,14619,18265,4505,11834,2388,15518,8041,16854,14157,5713,8118,6654,8414,14408,181,19312,3426,NA,2544,8824,12167,2096,11167,19050,4034,18089,18223,8022,4698,18700,2245,13464,18609,5814,4924,7823,14229,5538,7388,92,3487,12274,19596,7459,2189,19868,812,15536,18027,13148,2728,10892,11904,9544,18256,10140,3840,7107,8781,17950,11275,16922,18582,8784,13794,3164,NA,7296,14590,7347,16905,3046,5465,18931
5781,8308,17345,5420,2013,8170,15390,6616,2792,16713,8571,NA,11394,19053,261,4652,NA,10871,9603,3673,NA,13481,14301,NA,6288,2913,15986,10007,1607,NA,11032,NA,10003,NA,9582,NA,14139,18519,11500,9415,6025,11615,12498,2181,392,6535,NA,11922,3572,NA,820,7028,NA,7732,15648,18878,15431,NA,8893,7084,9249,2598,11498,13802,10632,NA,17002,6834,9120,9721,17051,17680,14151,12876
10608,8613,8523,7754,11353,19034,15984,8527,8891,8441,10645,4475,NA,9542,12813,5988,18299,8297,19384,1400,11773,5798,NA,4943,7364,2820,16287,1117,16828,11283,10107,5440,NA,4379,2699,13224,5857,12816,NA,7647,NA,15761,34,NA,12661,919,14991,14663,5880,6875,10408,11478,5130,1947,13355,3073,7524,8814,13903,6823,6978,16658,17320,6966,7847,10362,17445,80,4585,2486
6436,5873,13901,1745,12139,2448,14799,6111,15167,1678,4534,5542,18607,231,7470,7948,7306,17213,3196,19150,3087,6727,6163,17067,NA,5453,5640,14238,6646,9331,4110,14189,15445,5688,1731,19386,6876,7209,19422,2216,12695,16234,3,4454,4369,12304,19315,NA,8836,4910,9114,5629,7347,14748,NA,3422,NA,9832,8865,9021,13010,6154,19148,7416,2637,11787,11250,8583,5183,2580,1895,9655,1574,16347
14048,18790,19569,8676,4713,16490,13949,14772,13524,9438,16776,10562,NA,373,6012,13841,1228,4074,4501,18932,8337,15988,NA,550,16824,8529,NA,5964,11821,17016,2935,9243,18338,19376,18709,13354,15710,1490,2098,15607,17376,1550,4849,16818,NA,14621,14067,14842,17500,6586,12723,1050,11909,NA,13257,18838,162,5922,3365,10127,867,14513,15502,1085
13585,14861,8634,17840,3470,1713,19,7384,12203,10611,19215,979,NA,2588,6699,8567,14910,4419,1562,7640,11613,6014,NA,19989,245,13918,19549,4690,NA,8050,12933,6394,19692,6291,14636,8823,NA,13081,3317,18143,15276,16134,14280,4486,8044,16497,18512,3658,17698,7579,3749,10046,8934,8807,14909,NA,2723,16053,7386,17722,17294,9357,6762,12432,15563,2117,NA,9164,15201,2584,9502,13311,6488,6633,19146,2861
553,16645,18226,17544,18918,15887,17916,1244,6877,5327,12068,8158,3611,15262,346,8238,4657,16143,3748,8062,4514
6495,4473,10225,4461,411,3713,5145,10601,9614,17540,10304,12446,8066,15083,NA,4083,8438,6302,3916,1129,6466,14001,9040,17067,NA,6758,16334,19312,4149,9143,1821,3547
5099,9715,19121,15258,14253,5102,13396,32,10760,19505,8725,18996,14580,9048,1450,458,10711,12864,4523,14192,1036,12276,10695,2697,17219,13825,11064,19007,17869,17969,NA,3535,4429,9271,10941,11655,261,8241,18783,7093,5564,11320,19754,16869,1423,14144,19775,15464,13420,2835,12052,14511,NA,18303,NA,12720,16382,19479,2785,17864,11507,16370,2067,14176,1410,5854,15405,NA,7332,NA,19444,9920,5881,13277,13475,4817,30
6574,3285,6248,11019,14054,6080,9450,6592,14737,3961,16858,15069,11320,10214,6574,10545,13856,15393,19338,NA,9291,1576,8841,8119,4523,15087,8270,11804,15926,13322,16492,3182,10180,133,3530,9249,5650,10839,12801,12237,1486,18295
10596,2673,1165,2149,487,5876,9101,15816,9595,9073,7196,13639,16244,5702,9267,12606,10998,3509,11010,13289,1420,11825,8753,12845,12528,NA,11182,163,11734,17972,9127,8049,9486,4473,9141,4303,9065,729,9713,16622,14019,10782,8850
6973,2686,6924,6583,1584,15408,11633,18168,3448,13401,14258,8131,19165,2363,9318,11555,5491,4337,10616,16915,19809,3567,4777,8145,536,17407,18896,5797,NA,11820,5459,15217,19520,13058,302,1616,16343,17983,18716,5527,12342,11849,13541
612,7121,10884,5014,12391,1867,8491,8539,15081,15583,7081,8434,11567,4048,NA,10128,8585,2588,4978,190,NA,1618,NA,6046,1737,4245,3627,10094
14763,14568,10331,18515,10853,5387,2105,878,17046,6682,7017,10040,13132,5986,11900,NA,10870,NA,11562,204,8233,8721,1511,17676,5428,10765,7551,13704
9386,3986,9659,16876,6822,9225,583,16972,12128,7331,6523,15096,10369,14299,NA,14379,6361,6609,16410,15536,NA,2513,490,6083,13037,NA,9406,9475,NA,17521,2372,15333,17567,16102,5331,10738,8649,18847,13220,1892,2748,10635,2287,17278
17870,10125,17528,14406,3542,18035,2441,2424,12085,6324,15636,5160,4163,597,12620,1601,NA,6561,17819,11584,17490,NA,12822,17562,199,11157,16138,13292,10400,6792,2985,NA,12493,6736,1843,NA,7601,7297,5472,824,10820,8058,NA,18722,10168,13202,18324,16684,7545
1879,387,233,10045,19946,14900,18398,12794,2411,2085,2681,18152,17405,2698,9577,NA,14199,NA,18367,NA,607,11500,11557,18679,9661,17942,7445,5124,NA,8378,10477,13609,7509,3273,16866,485,7542,NA,1887,211,5206,8200,11898,7752,5718,2413,9984,7245,4426,NA,12059,NA,14606,266,19215,9784,14538,13585,16632
19841,19115,17915,2840,3702,9642,11050,6659,3480,15417,8768,6888,17647,10480,NA,7577,12740,1823,15287,NA,7647,8252,12302,636,17873,15646,11549,7549,13065,8738,12791,13564,10423,9745,9975,4610,10369,10945,3839,17252,17110,6174,2523,8444
6913,7876,14655,13273,3297,11802,16409,10001,5483,12184,3588,13509,925,11848,9833,6060,6699,14941,11604,2263,11912,8197,5309,19615,13183,11032,5569,17412,3208,2874,17397,17345,13829,7573,11989,2464,19635,NA,6377,16773,686,2045,19147,10751,NA,16293,9818,10763,17971,3193,12939,15123,9777,4431,6154,16680,8348,12980,9754,19945,13263,12746,NA,13321,8082,14558,NA,12066,15760,15615,14162,14331,2369,12067,617,6734
19021,9061,14140,15631,15755,17488,1813,6393,9194,2737,6364,8285,12516,4010,13512,15901,104,13648,72,15148,3522,15098,3041,8434,12918,16553,16620,13567
14697,1406,1494,19873,13318,12662,8328,14034,10246,11118,5557,6157,13390,16682,16617,640,NA,6289,8318,19594,19089,18619,4370,2547,NA,6771,25,13335,18382,8839,11744,9358,14694,11179,9531,1280,14691,14818,6650,18562,13149,9185,13179,3674,3967,9084,6613,17281,10171,6138,15776
4361,17624,8570,13272,13134,17733,18716,14616,12021,11760,18564,6988,NA,7860,2570,14748,6313,2829,10108,15228,1038,5766,NA,5163,7221,19158,8751,13201,17368,NA,5837,17291,1109,11272,15697,7967,NA,1699,1394,11667,15548,14359,14867,8503,19351,7584,NA,5999,16070,15649,2292,12641,5583,NA,16281,10505,17760,4484,2196,5124,1587,8126,11859,9772,17810,1124,1456,17892
8971,13207,1051,17158,19310,2614,9191,10748,11743,11838,603,6059,8579,16189,18850,1007,18825,14173,17191,19614,7536,12784,NA,17190,NA,15923,9025,1108,4186,19054,1410,3381,15743,14952,10787,287,12620,8988,15202,15411,1768,15747
3153,9921,17714,19441,18521,8651,15406,13792,19650,19962,18632,12294,15864,NA,14803,1866,19410,966,278,9631,12167,3691,1854,8985,3084,12135,19904,18839,5269,5927,5010,6706,16595,19853,18592,16220,17411,7447,9859,19788,1662,17073,9004,13067,15609,17829,17471,17209,17103
4940,1099,6185,3804,8246,6931,2903,18754,751,1221,3178,2909,10863,3768,1399,13585,13444,17373,12640,10629,15697,1611,839,18513,379,15661,8431,14090,7716,19359,4000,19183,NA,3219,19601,644,NA,5347,19895,NA,12442,NA,5590,1591,17189,13518,6831,7545,11757,12477,15495,1059,19930,9202,1576,8492,2694,8350,16913,14215,NA,18194,11355,7923,NA,10935,2623,4776,10154,1345,17405
9469,5849,6949,920,10720,16561,18418,16976,783,5519,816,13703,14105,12262,9646,8146,10705,7221,14501,NA,19168,360,9946,12475,18982,12832,18607,945,12833,18164,12225,NA,19502,6142,18008,169,12709,6133,6917,19925,7268
17648,15461,7118,10659,6851,15507,11899,19866,12256,11728,4406,NA,17117,12684,4101,9944,12270,NA,19741,14378,NA,15444,16333,14079,6606,10959,NA,9602,10808,NA,10128,9754,2011,66,7751,11457,19818,10636
15448,3276,16635,19655,18527,18518,5806,11139,16377,10092,2511,8787,8691,5567,501,NA,12882,19535,18014,4960,9165,669,16029,9148,18830,4703,19468,4021,19339,16068,4050,1233,6393,4568,18247,19470,5879
14822,18833,11736,16907,14418,2723,16425,4188,950,15785,12600,10121,17459,17864,11388,14230,8341,4198,3162,8817,16475,5915,2306,9218,2107,8369,11405,11760,2905,8747,6139,18570,11639,13375,12659,8994,5443,8753,1290,489,7876,12967,15505,6494,8387,8438,17916,14088,5477,11660,NA,8272,9090,6797,19982,8764,17556,10508,18177,9400,16137,1170,6340,5218,19966,8807,7191,8007,10971,4921,3744,2966,8550,1496,2867
8267,12320,4981,3004,18220,11663,257,6794,7757,7666,17334,5137,8167,13701,17566,10547,14393,5993,NA,3149,12184,19875,12590,15949,2825,7499,2344,883,17412,10748,NA,388,NA,9248,4581,9404,17690,13758,14078,1920,NA,10487,12200,12724,1987,15142,5831,17371,9224,5858,18822,10494,NA,1338,2157,10649,15743,17932
2454,13537,14276,4285,2387,2598,1024,18057,10978,5457,8268,NA,13508,NA,3995,NA,14303,2250,12991,13517,17183,139,3013,NA,13494,2497,17524,5758,NA,6918,7790,NA,3679,18689,12151,NA,68,5162,16240,15770,2358,1494,19206,12274,10733,17128,19702,1216,18535,10356,NA,11931,14513,13706,12091,9381,7607,9232,6687,16685,17111,12843,5032,15026,10095,10233,4749,548,3311,6335,4961,7519,105,13335,2946,7143,13416,4310
7408,18351,6728,13083,6398,10887,16588,16320,573,6270,16677,1168,3620,5240,NA,16573,NA,12567,12649,17179,325,17814,18341,14180,1475,14848,688,8158,17127,5161,972,670,10286,7109,3166,3042,17997
8751,18212,13942,8729,13642,14541,18277,9407,13056,11213,4274,4019,8501,7067,9421,4684,9057,3589,8629,17081
4630,11423,10765,8761,4652,13958,3552,15287,11918,18296,112,4908,15818,9472,NA,13754,12833,8951,18303,15914,10736,NA,9984,18531,NA,748,9108,19492,15790,7978,5282,NA,13868,5470,809,4748,17663,11030
7360,6213,2077,14550,11528,13300,648,13107,3084,9214,19207,11188,16674,11876,7373,19182,2473,870,17898,13949,6870,2715,13673,11208,14031,2136,9849,3040,1528,826,8830,5991,13609,16576,NA,10224,13597,13245,NA,13489,2230,8275,15100,14453,19431,12323,1205,14081,18126,12938,12908,16179,14172,1860,19884,17576,NA,15430,6611,9678,511,85,14097,5980,7019,2692,5750,3155
15144,11356,1159,3370,14902,4604,3364,11352,18033,10128,1529,11114,2813,2922,16284,500,8196,1020,3980,17623,8476,18664,4388,15099,10721,12585,12154,14790,12595,3954,3800,2831,18186,10790,16896,15816,13712,15139
731,15290,15659,10347,11243,15841,12726,14181,13390,1201,12089,11180,9331,509,16615,16202,10860,18850,12876,5312,13198,293,13519,1428,NA,19728,14469,77,8350,14334,12258,8216,10788,11247,1271,8285,15185,19701,8121,1709,19231,3427,14007,2610,11434,5435,17846,6565,356
9699,19629,6482,17587,3386,2182,7713,13552,17518,16146,29,9632,5468,12214,17010,16326,10668,NA,18319,13134,1903,7550,8491,3505,11295
5426,16264,13842,17074,469,8100,19535,16689,16594,10204,11624,8540,NA,9600,NA,5622,16752,NA,19897,12664,9717,1797,10998,6165,15667,578,11581,16020,6939,3248,4614,16065,14509,6793,18897,19541,4427,11902,6429,16068,490,3344,3913,7415,18173,NA,790,1884,5005,14643,19573,3397,335,1684,14389,17131,4177,6198,210
1393,2745,880,16931,14802,14952,9030,9745,2119,13415,6857,8443,14443,3734,14778,10595,4435,12930,5261,1926,641,NA,15187,NA,11643,7197,18388,9178,9323,6823,18543,3574,NA,13979,683,19423,NA,6925,NA,2259,5974,17478,512,3786
6853,4427,5627,6121,3712,12460,15600,18695,14353,2189,12367,17086,NA,13701,8054,6650,10751,10636,8318,16242,1373,9830,16498,10862,4229,18697,2881,1879,7229,5073,NA,9751,8088,4587,6198,171
17682,6650,2560,14901,5189,1798,11172,8192,15047,10301,15739,17119,7152,19035,115,7697,17123,13722,9458,12079,10292,15674,475,9655,855,11237,17348,1332,4359,7155
4234,1566,18117,7766,2800,6207,4588,19699,5144,9776,17612,7405,NA,15504,16146,1560,6652,12009,2136,10149,5466,10181,14231,NA,18183,389,4070,16481,NA,6700,19522,3047,3330,2317,17438,15303,12112,12406,19502,9570,884,13582,4113,13926,3018,11609,17619,NA,10285,16729,1621,8978,14317,2867,8032,6276,15563,15159,19107
250,16039,5734,13964,4618,4698,6693,2692,9459,6153,9905,1567,NA,2632,10450,4254,17878,19032,NA,5088,2899,7368,8792,9585,14727,11191,9042,11351,14055,17672,5971,13352,8860,12437,3647,NA,1284,11275,15578,3015,NA,6957,524,2599,9145,15131,2414,15217,4850,5453,2845,641,17116,NA,12280,2770,7982,14059,NA,69,15043,16835,10261,NA,12444,13965,5125,18042,17378,5568,19353,16443,15105,12807
4973,15886,15703,11809,14408,5124,17156,13943,11725,15277,13552,1947,5706,2463,3671,1714,10041,2869,14012,15071,6943,4277,9631,16760,13713,1123,5785,NA,17025,542,9135,13893,785,13474,18565,15014
9701,16605,11435,15873,10909,5082,15374,3479,4142,1666,19373,19480,15316,9772,NA,1037,4714,NA,4985,NA,13897,13892,3909,3346,11992,17184,11189,8191,17748,10654,4705,12187,2033,15382,4613,NA,14565,1527,194,5402,19116,5487,15987,18926,18422,5787,16721,5072,19853,10130,3260,7611,14450,2128,12827,6501,679,17505
2890,633,17523,8667,13712,11425,2864,6098,2056,11297,17875,10528,43,4546,NA,3182,272,10371,16158,15107,4794,10756,11346,NA,14412,5123,11236,8523,2910,NA,10658,3908,NA,8448,19021,639,13329,12933,13720,190,4430,2167,11168,9271,4917,17500,7166,8759,NA,12791,18427,8102,14719,7400,19852,18374
7598,11559,13929,14893,8594,13949,639,512,3787,12361,14539,12581,9596,15180,1321,4008,15577,5143,16027,NA,7349,954,19167,18191,10404,3358,5869,13921,18305,18600,657,2294,13172,7676,11949,4783,1823,15764
15295,6434,17593,7144,15974,12083,7486,3225,19555,11271,13897,15001,1109,360,6303,16672,14635,11643,11243,7015,2412,2131,2348,8268,754,12107,7750,2266,6696,12985,11364,1128,15622,12025,16491,8356,8110,15375,17020,3666,NA,8464,8405,10882,12765,15720,4588,3751
15024,6370,17514,7931,19423,2440,14570,9026,6265,1761,58,15674,12794,6800,544,9664,11169,11631,19064,4253,10028,3319,19830,18818,13721,19092,1794,9213,3410,19968,8264,17031,16528,11827,NA,13484,2029,1807,10184,19331,10296,NA,1272,4908,10645,6699,1949,6756,8092,16888,15524,11903,15172,3126,14022,16369,2030,2752,12722,7540,15619,15836,15105,18865,12988
5269,4628,1071,13624,5093,14096,5173,16380,1537,9062,17800,NA,12962,14478,14689,18493,13797,18874,11877,9997,13193,NA,509,7947,19949,9809,16140,12235,6421,NA,5427,16490,12108,16552,623,13348,4163,11194,17302,7779,13446,1162,15940,11603,11992,17506,1389,18402,3265,14143,16973,6858,NA,5688,8221,3022,11106,NA,12523,14333,1886,1759,18518,16409,1707,19387,3166,14834
19051,15948,1243,11063,18349,7093,6801,15569,14873,6614,15876,2266,14155,NA,19477,9150,5219,NA,14228,NA,11458,13414,12894,4289,19226,NA,14499,19987,13667,12274,14101,4801,5746,2303,NA,10667,5458,13924,11605,10821,5564,8701
9416,3818,17959,8381,15839,5683,16289,667,18518,15780,13023,7870,17796,NA,472,NA,16044,15163,8905,6605,6586,8512,2301,4406,18508,12033,19855,10089,10557,11973,6340,5451,300,16589,10954,8465,12261,13632,5649,10451,8135,10841,7484,15021,18153,NA,13531,5350,1727,9488,900,3682,12597,7870,7666,6663,4410,2759,10985,10755,8437,9656
2843,5154,4883,14829,3201,4399,17598,10604,16389,15670,1830,16828,NA,1814,8566,NA,16946,18739,16227,12596,10284,10207,NA,6971,NA,11059,13260,17516,10892,8129,NA,6618,19858,NA,413,16859,9684,15199,18901,18231,12582,NA,6287,19116,8703,10783,16754,4115,NA,11287,6169,6031,16911,12988,9291,NA,4723,NA,18080,10988,15938,18313,3538,4533,16511,7055,16744,NA,7778,17989,9790,18556,10746,7696,8138,3565
2350,17168,10401,13538,308,5090,5509,16361,4159,13547,14270,15293,18934,4325,8125,10596,5235,913,10696,10793,3724,4757,15918,18182,818,15102,18065,656,11630,11166,14345,14972,11015,17105,12576,606,594,6957,10017,3182,15297,142,8533,8526,2010,18536,924,19276,10819,15153,5978,697,2102,18544,7597,NA,16191,4862,5670,NA,6409,8941,1795,14546,18079,6360,18995,6128,8861,NA,11066,15823,8745,9072,2029
19186,288,18315,13545,5677,4993,11969,19185,9830,17869,7764,4323,471,13089,1419,16574,NA,7004,7855,4034,319,19708,1417,1486,6202,5919,17772,5720,10222,11382,16489,2058,7043,358,11874,16985,1634,5461,17646,19303,6932,17772,11645,9617,16649,2932,19740,4383
5730,18775,16532,3173,4942,17431,16390,1336,2178,2217,10483,18824,9638,10733,2966,12032,5658,6160,14418,11695,13181,15661,16340,14167,NA,7012,5718,10634,16758,14045,4845,NA,13244,2948,3468,7839,4437,1405,15666,NA,11537,19301,16723,918,10495,17166,11504,3364,11531,2366,18940,19249,1223,6763,17990,10609,4814,4500,16215,8900,9243,18100,19245,4391,18457,12900,15968,869,8807,1125,13278,3674,18108
15712,8292,5898,2743,17103,19114,2408,13401,15576,11094,7455,NA,16861,NA,15480,11656,NA,2344,5523,14151,19829,188
16829,19359,15118,3707,16415,10179,4196,18293,4747,9501,5394,84,3204,2123,2421,NA,18285,189,15291,17864,1937,17571,13167,4291,7258,NA,5689,183,1610,NA,13023,12908,16384,18410,7909,1682,18850
3106,16837,3453,3631,14331,15512,17096,5349,15696,1931,186,13627,7879,14066,12771,16306,4473,19711,15726,7318,18662,631
19738,2852,392,5537,11005,14927,9797,11357,10668,1674,13367,6280,7695,3959,12938,7240,9922,NA,9323,4440,11075,799,2062,18939,10626,2488,16566,12353,10533,18144,17722,15542,14664,7938,11209,1738,10954,11552,4633,870,4119,6418,3862,9229,11243,978,1840,6434,NA,11817,1170,2514,NA,7794,8733,1133,19800,4652
6654,9883,12649,5981,7170,15922,16929,19293,13710,2361,3013,13424,8667,13956,12769,NA,15483,15759,19667,8931,13582,6199,6678,13423,19544,10044,2271,9517,9594,11645,6642,14152,19674
4609,17759,18892,6841,3251,4608,11329,19419,6817,6638,9313,NA,15727,NA,4219,4374,13568,17348,NA,9106,17243,4075,9400,6477,754,7937,11734,3517,17524,9776,5985,12627,13145,15535,11988,16197,17316,7273,3301,11926,11884,1873,160,4541,6159,18171,7223,17490,12917
19928,8243,16655,6194,13891,7278,348,1682,18058,12376,7597,13720,12557,13612,14955,17218,11570,2740,17317,6616
550,15335,8370,11583,9621,12009,2896,3901,14784,16628,13597,8204,5673,NA,17559,7521,12822,6842,15550,7984,17888,9352,5697,8058,14732,11412,15587,12077,5694,9882,1423,10805,17873,NA,4389,6960,NA,12161,4502,15439,9692,11435,11094,15706,1588,14297,9542,NA,14392,3707,8385,6107,12854,17010,14235,16888,15444,11546,12353,5449,10269,1385,6728,11143,2811,15264,19250,4470,7502,10753,4035,13805,4496
15078,11931,7199,15320,7661,4518,5740,1254,4657,18997,11040,11993,3807,11600,11371,7431,17223,19070,14975,7898
9412,2004,12617,5596,17023,6587,4422,10634,16775,9025,2268,6964,7714,8845,13979,4221,6642,9417,3546,8974,12307,16042,13171,8281,8958,NA,8905,12461,2226,17480,8206
12480,19219,14538,8302,12971,11314,3689,17563,16841,7952,16890,6392,17337,5771,3770,NA,11289,19332,NA,8544,18973,18748,18411,18190,4214,1842,1998,14733,12166,5978,7894,3223,7368,2891,15449,10463,19678,6094,NA,1936,5616,16539,16346,2398,NA,8973,8576,NA,1054,5799,19180,17391,7408,17919,11072
18988,15773,16567,15729,5478,12253,8297,14637,5962,15314,19240,4707,5665,19140,NA,2257,2488,4402,12289,9859,8344,12726,3842,17419,NA,17944,5037,NA,4329,6210,NA,2520,11226,7860,12724,11719,17267,2516,12348,4333,17371,16882,3469,6462,NA,2906,3283,15858,6068,9659,2270,14521
16423,7370,9921,11459,793,4106,5702,938,5664,18653,847,8672,3364,15143,7178,8639,4419,4175,1977,13149,2150,15832,NA,6788,10719,1225,NA,1431,4730,4325,19245,14599
12286,8665,6592,8611,4629,16714,14981,6386,6544,15471,13831,888,16709,NA,5215,13663,4464,10990,18064,18786
17037,18611,2379,2609,16073,9709,17286,7923,3027,8891,1629,NA,5575,NA,8375,NA,18744,12872,18281,5433,16446,8111,13056,10885,9293,9630,14766,12229,6973,8238,3208,19198,18154,1541,5576,17058,19230,12784,11075,19796,7865,15061,15584,3482,7441,15138,3335,5267,2824,3348
11581,7343,8120,13222,5046,17517,2006,10392,4273,5724,5982,7209,9710,13131,229,4821,6345,2310,16996,17971,12400,3655,7280,12282,7347,14514,8605,NA,13174,2398,8648,1213,NA,15294,5781,4612,18504,17339,16708,3759,9168,6990,2617,672,16397,14176,14230,19127,4894,19694,18262,2228,13012,78,4583,10163
7246,6109,14632,3882,10401,13029,16797,13623,15792,16097,10985,15419,17364,12998,915,NA,18900,15205,19260,13306,3301,14129,17551,8423,11096,19049,10673,NA,7179,NA,14441,NA,18455,10945,12205,2316,17914,5989,9578,1851
619,8404,14648,17118,13091,18319,16898,10828,16558,18729,14880,3538,6372,16115,4340,5172,2375,6888,7764,5148,11396,10016,15969,12825,1272,8601,7939,9492,13347,16790,17785,NA,8178,7925,323,13621,4433,13987,660,7037,12413,7368,7958,NA,2211,13937,4208,6657,17564,10101,17538,9940,14296,16780,14648,18218,2657,5858,7653,8194,16522,15352,11697,11455
12486,18812,15657,18659,11552,6951,12999,9527,9847,3812,7623,7350,17969,4598,19344,17824,16298,16967,17571,11263,NA,13263,NA,11815,9079,6174,18163,NA,16703,NA,17513,12290,2055,5370,19984,10367,19772,14199,6915,9755,5214,16984,16282,18056,17564,1409,11351,12531,18707,9266,10785,11314,7161,2905,NA,8449,13615,5076,15922,5615,15099,13477,8155,6107,1633,11209,18351,16055,1302,9776,6373,9344,6833,3283,1115,8876,6299,7598,17132
9155,13180,14474,9838,7868,11524,2355,2371,18148,18816,4963,2595,14431,4718,10041,12227,13302,3343,10129,17719,14158,5734,18262,9201
5484,11594,11671,5508,9722,2870,7424,6752,16873,2386,6249,16994,122,431,NA,16817,11659,7257,1134,2843,10450,NA,8718,11897,19863,7439,9048,16781,11264,4229,13772
19176,16079,7581,6381,13999,1765,8999,11104,18989,8821,9708,14844,13497,4448,16848,6327,7552,4700,633,14800,1392,15450,15707,5475,494,18174,2407,2947,4560,3005,6830,8655,1732,1637,18097,10393,5694,5709,17394,10204,11850,4200,7412,18304,10740,14219,13899,17140,6017,15137,19118,13724,8419,16606,5636,3118
7534,16240,4093,17191,4279,125,652,14507,4917,9207,14604,10289,NA,6464,5081,11086,3276,10842,15102,12305,5101,NA,9963,4907,NA,15404,NA,17442,NA,2545,10438,12813,6529,17318,1890,2307,19024,NA,422,16925,2524,17063,NA,11473,17192,18054,12147,3370,18031,19788,3569,3857,13968,14269,11751,10956,11484,11383,12018,1327,6704,12288,6765,14063,3463,14247,9372,14597,14227,8047,7648,14460,10542,15949,6334
16433,15795,7376,5503,4924,6202,459,2486,5207,18323,4664,15261,2373,14668,NA,4623,4257,14635,7646,11718,11712,19181,19002,7199,10379,15757,3556,12985
