17334,5457,19429,5973,6818,10907,1345,11644,11536,15532,18901,13474,9961,6686,6073,12243,547,8397,1053,6895
12545,17503,8746,11810,8914,12686,14397,18211,16240,4547,10902,9793,NA,15101,NA,8999,12517,4907,8193,4064,10408,16713,9451,12091,17346,11312,16996
7444,7643,2059,1399,2093,13605,7719,12676,7069,9587,13504,11818,10768,665,10232,3589,NA,16861,8856,11798,NA,18431,3359,NA,7492,6423,91,14780,8281,15314,13005,11227,6153,328,3018,9535,NA,12558,NA,12830,11755,7912,11767,10515,NA,7526,3256,8742,5734,9011,4125
12043,8459,16753,10215,241,16857,2571,984,12975,6083,15923,10253,213,14455,NA,18929,5511,18915,7901,2696,6291,2721,NA,4946,16594,18818,5550,1546,3354,15225,3197,8292,2346,19635,12234,11369,19467,8206,765,14816,16984,933,17215,6335,4266,6834,14613,13272
1576,3397,13162,13522,9307,4106,17270,10642,16553,18390,17821,5592,1534,NA,11646,10929,18681,17829,15107,11450,18743,15708,13597,17785,10791,11576,3408,13909,16817,6132,NA,14397,17343,9676,NA,11493,19195,16412,11886,14311,2226,NA,4073,11870,14580,5978,3210,NA,19393,NA,7441,14437,3034,1399,3522,1002,17888,13318,2607,17024,15213,3731,8780,15913,1095,19270,15699,15717,9027,12198,836
19672,16764,13177,17207,5576,14823,19678,12361,884,1039,13269,9449,15261,12092,14210,17036,14786,1434,3577,12197,6459,11807,2571
6880,10659,16843,13478,16714,12819,12405,14226,8191,5080,19298,3715,6503,17967,3333,9772,16732,NA,14667,12532,1589,8247,3139,2627,11221,5643,12320,15674,17475,15794,1572,8894,8795,3584,6278,NA,4368,4392,14754,15893,5296,9760,5527,12507,14656,11929,2509,336,17956,4933,3963,16158,NA,19090,19980,15488,1498,10208
3679,18367,11699,11892,4536,15232,18754,13068,6268,9085,944,1735,2885,NA,15703,16412,14792,5504,14880,641,17073,83,2503,2394,9175,15278,8417,3355,8765,10099,16144,2945,3652,906,6964,8167,5407,8330,861,13157,16396,6980
16845,17981,13520,18726,8001,2969,1151,15546,19454,2175,11281,8900,14883,11697,15615,19443,NA,8025,925,18733,8175,16076,14243,6838,2128,16421,11878,19733,6146,18078,9053,17927,16313,13367,2412,NA,680,12174,18420,2228,513,618,12905,7626,15254,16201,16331,4367,4589,5965,7519,8008,643,199,3408,5895,10400,6745,5086,4306,7033,7665,16052,12223,12928,7842,10314,12657,7019,11605,1602,278,7726,16299,18254,12011,1574,497,14321
13596,12488,11464,2727,10674,12110,14754,4397,6165,11875,14967,19599,5295,1991,18395,13700,1188,16745,16790,13760,3411,18516,12690,6163,17327,2796
17614,3264,3805,14320,5145,2522,2532,3705,2939,14797,174,4016,7180,3828,NA,6351,NA,4627,NA,9163,8807,8820,16312,3168,5941,1436,14070,685,2413,4302,17915,11769,18393,8408,16090,NA,15761,NA,18255,NA,12459,11515,19803,2625,6465,NA,18391,9548,2328,15543,4275,6755,4539,16234,19620,2666,NA,831,NA,14338,9907,11591,10232,1654,8701,2977
10690,17446,6710,17120,9898,8671,11017,5742,8286,12415,6808,1548,6234,16725,10914,NA,5281,13555,3322,4857,15681,4467,15245,680,7613,4815,2285,12356,12021,8873,7104,19585,4801
2421,10666,15970,3618,10393,7970,19923,7450,3740,2284,12614,13012,16886,NA,18000,6982,1919,3686,2484,NA,10295,18081,9091,17470,4761,209,18282
2722,14476,386,2671,12741,14304,1585,16815,6269,2482,12610,9968,NA,18233,3362,4650,16484,13857,NA,5469,NA,12812,9914,NA,14511,10049,2946,2831,14978,276,112,4080,NA,15711,13545,10763,16419,15457
10281,3911,5932,997,7105,11933,17137,18809,14247,18751,8902,1911,2189,NA,7100,9914,9384,2323,15963,4162,8452,NA,19255,159,294,8769,9958,NA,4198,14474,14722,9757,NA,11849,19896,3614,17062,666,5799,18704,7546,NA,14470,3682,NA,1024,10872,11104,6328,7871,19882,17352,4490,NA,14585,19510,8116,15689,19979,17957,7546,2297
8400,11323,2728,18650,6856,1737,3584,8267,757,6488,16626,18284,5672,10549,18868,6927,16845,15992,10392,4529,5781,7190,4037,5119,2452,3864,16073,1286,19688,9658,NA,16980,11656,17302,3294,6902,7007,952,6111,15180,15764,17782,18313,8458,14336,18531,15626,NA,7399,9563,11853,18007,15467,13822,10464,NA,19694,17496,NA,1879,11007,17728,NA,7399,513,14249,6384,17278,13407,7114,8025,12785,7932,15043,1804,17563,17948
6558,13046,18866,4475,14700,7579,16452,9891,9006,8646,17149,16923,3616,2204,2274,3541,9012,8890,5226,18040,17690,15147,2109,3530,6723,18863,15722,4319,12639,4199,NA,12665,6503,8564,4773,1464,NA,18762,1157,11065,19698,NA,14199,2301,NA,6287,8805,15089,13140,3436,11840,15257,19839,17526,11071
4450,2152,17812,8578,16565,10098,3304,15787,13571,4738,14388,19699,3951,NA,15852,18860,8008,14116,5068,3951,1090,11565,5670,13263,17671,8439,NA,1760,11052,3543,19179,4152,19155,12446,10417,1382,11489,16040,13302
6038,14972,1492,18888,13302,17060,7152,11470,9946,14493,3438,17849,NA,13049,18240,5393,NA,14400,6412,17745,12966,NA,14037,15865,4454,18799,1336,5734,12309,10074
9805,16460,4036,9007,18665,14611,6479,6851,15256,8658,11159,11495,NA,14715,727,1660,4654,17733,15620,9270,3406,9490,18726,431,4020,15204,12672,8193,5388,12037,5939,6601,11121
6531,14736,17772,14417,5737,18450,7729,6732,565,15401,15932,NA,18782,9656,1201,16856,14937,17709,13082,NA,7690,2262,6708,659,14718
5263,8760,10747,15523,5736,4797,1091,8108,1594,15230,8669,5932,NA,9520,10677,NA,11437,15827,4794,6910,7005,2582,18226,6758,18075,17652,6306,14551,12081,NA,2079,15542,NA,13084,18044,5000,NA,11844,3764,NA,18783,16707,NA,11214,5581,2164,17746,14320,11529,12706,19266,13139,9914,7672,NA,17114,1621,6228,12301,10413,19827,9542,212,18659,16521,11933,9021,12191,11705
13608,15523,2429,3364,15952,16497,669,2259,1637,12785,13437,14386,6722,11722,NA,10977,5571,2128,16169,8688
16384,12318,10362,16560,18155,18821,17252,646,4794,5738,1877,10449,11825,4995,11682,3901,11188,7507,18957,5621
8907,16965,1712,1117,1172,10427,6600,516,18436,18296,13134,17403,4931,15477,8822,88,19707,12567,947,5304,17850,2584,NA,11004,16412,12082,14430,2080,3305,12942,2393,1744
15292,7324,8847,13117,719,7686,6492,15389,3853,10108,2971,11674,NA,14580,4390,9552,7959,7221,3078,12766,7285,11278,814,7637,631,703,13472,11987,15177,10608,2589,8228
14841,13374,12726,10622,16123,19751,10735,6419,1160,11241,17950,25,13551,19837,4747,13296,12477,NA,10594,10551,9123,1177,18615,15230,NA,1329,6777,19891,4519,9934,18944,3960,15183,14724,10268,7048,1795,18813,16804,9999,16392
10984,3094,12845,10748,8844,19963,8102,16028,1976,3587,11893,NA,11680,7314,10111,14174,9260,110,14370,15117,NA,1544,NA,604,NA,595,17147,5042,3445,6080,12117,4886,8037,9515,7766,14267,19295,15609,4757,3849,19751,5990,19617,16326,18651,12959
7415,3751,18184,2499,6121,2367,18629,15523,9415,2219,18510,NA,11997,10329,4169,14058,10674,17515,16856,8786,12660,14772,4699,9218,16880,15942,6978,335,18049,5701,9447,19609,19921,790,13855,14288,18866
15319,7688,6694,12703,14130,7554,16730,1069,889,17723,6541,6067,14383,373,5163,NA,12815,14989,16351,13518,NA,2118,18509,5806,14107,8369,4305,3873,NA,8828,2304,14767,12355,17214,NA,11670,10008,17878,18315,7982,16722,8895,8865,17110,410,13084,8126,16877,14489,NA,3838,6150,17325,9897,17852,16395,5188,7472,741,43,3689,17679,5656,8485,17378,14777
215,4846,11119,252,1483,12869,262,17733,6180,18835,10949,9758,2511,12360,605,5412,8722,2691,11420,11798,14835,4222,NA,4667,NA,13937,12154,6504,10621,14987,NA,6417,5303,7681,NA,7858,7175,19571,6525,5877,6866,11115,8935,15578,12521,210,3176,11460,NA,6878,2509,10683,16903,11240,13859,9587,5745,1988
16775,15525,10700,11795,5971,18831,13591,3550,11333,15014,3091,2493,7210,NA,17407,3976,18104,18580,3784,NA,418,12472,18974,4683,14754,13504,12443,16256,3656,5716,7410,6183,19098,NA,8014,18002,10766,534,5023,5475,19689,12250,NA,8076,8210,19755,14814,17746,7670
10975,2901,4357,6037,10024,10125,4605,12917,10185,13012,13249,1232,10150,3615,11912,NA,17350,17288,18397,7641,14664,17475,9723,18765,2093,6916,5533,13895,5798,14898,3840,3049,7753,11349,1242,11542,NA,18887,5096,NA,12869,12601,NA,18066,13628,16264,NA,15520,8695,NA,18720,18303,15269,14267,19047,18546,16519,12392,16843,556
10329,13819,19772,14487,1279,8651,5945,10047,19094,2610,18118,19656,18150,17408,13751,11696,17078,4373,6589,15330,4806,7016,NA,12740,9545,8500,2352,8586,NA,15581,18820,19044,6300,14168,17763,15111,11537,3371,7773,13386,10722,3838,9098,5455,NA,6858,11564,19975,8755,16816,15043,16405,NA,6588,12566,12247,8061,13944,1487,8336,16258,3490,NA,3991,4588,13658,949,12450
18681,8545,5157,8291,16129,19087,11210,15449,8571,89,16300,13062,5496,4350,12793,9041,8603,NA,6680,14018,12981,12567,14641,3834
15015,1731,8966,4229,15670,17846,11386,2725,16659,9231,9070,8820,15167,8630,12677,NA,3112,8106,12969,12412,5971,16668,2165,17776,6562,NA,2485,14873,16692,4630,NA,8039,14014,5441,9857,14966,1773,6675,246,9284,14004,16954,11923,5224,7012,19946,10272,8598,13329,6666,9624,16911,13401,15388
17870,5422,12598,16389,7304,8218,15937,9105,1322,19940,15322,NA,7878,10888,10490,12310,12015,16041,3523,19229,17887,9406,11291,11829,14160,7158,6613,4606,4281,8483,NA,6459,13273,11289,15756,1039,1900,18183,NA,16313,18079,14137,10551,13191,4063,4541,19894,11051,18388,8588
18914,14509,808,9929,1506,9872,155,7043,9445,19113,9965,NA,8334,1052,1228,2964,1854,2428,NA,8372,16474,NA,13256,2209,7906,9932,17629,2539,3089,NA,3475,362,5443,NA,812,3192,10941,8302,6972,14687,5488,19269,4409,31,1299,14095,7753,3051
9188,13394,11136,16235,14835,18806,1378,10711,2565,4910,19000,13945,14664,12187,5795,3998,5283,255,8743,8590,17054,11407,15796,280,16618,7488,18059,4350,6170,8905,717,19019,7741,121,NA,10548,NA,1423,7467,19090,NA,18210,12726,92,19392,15732,19459,17861,4839,18352,2243,11458,9013,3153,17351,6389
14221,9710,16042,17617,4823,6863,18073,2575,19171,286,12669,5171,4597,6866,7487,418,NA,7871,15595,NA,10030,16998,19194,5351,15147,11997,17179,13298,16207,5653,NA,16273,7526,16375,10751,535,6889,18647,14551,18324,491,17349,14086,NA,6803,NA,8255,15153,12420,13463,11243,11730,17732,4698,14502,3107,4907,686,1899,9925,4636,NA,5317,10463,2938,9520,4519,17677,2820
2928,14387,15007,15250,5744,5909,8766,19261,2300,11873,14762,16163,11963,1572,14707,16166,1174,17763,NA,13831,6982,13219,12171,125,12638,14827,NA,16778,10378,14947,5200,16148,18261,11242,NA,7286,2858,392,7886,594,18311,13814,10023,14487,12082,19270,17618,5252,7747,4826,12328,7327,7445,3999
12694,3481,16916,17054,16952,10435,14106,10904,7205,14576,17501,7701,1629,17057,19246,3254,19198,17081,11788,11501,17622,11089,3759,11185,1580
2751,11502,3877,1996,2393,13828,4747,15616,513,7073,16990,14300,19190,14856,7536,11983,NA,14503,9938,NA,5475,6632,3873,8846,18393,14835,10556,NA,14515,7130,4396,13241,11187,18855,13657,19756,252,19665,9397,5186,11134,9520,15988,8296,16978,16601,4025,18995,6606
1076,8181,11853,1570,17307,3207,19027,1404,11206,5478,16159,9146,11657,7859,15124,11923,1805,16223,3176,17282,1206,7885,12642,4325,12905,3034,3255,2508,17365,10107,16308,NA,14197,9747,19524,11918,13795,11990,5688,103,5611,4298,19569,12906,3077,7700,19833,10936,8507,9504,15074,13191,14707,19414,18687,14900,9812,11968,7037,3500,13508,3846,5146,11278,18765,7330
7501,5816,14292,7941,8047,9902,10140,16243,9374,13631,1313,17540,17472,12654,18699,4940,10080,8456,16416,5331,1208,9956,4842,17986,6737,13316,19578,5444,8853,9605,6809,4623,9418,5361,14605,16258,9537,10345,19441,12135,7316,11127,6817,3306,10308,3016,17245,NA,11980,NA,16737,14488,18740,8815,4989,7561,12990,7313,15371,4340,NA,1531,1793,14932,9840,10050,7112,7852,3851,14634,11725,9544,6226,18520
9518,9494,900,11319,15710,5338,18349,6217,14642,13308,8299,12601,16120,8166,8083,17903,15709,10371,16263,11683,6084,13659,14947,NA,8487,16630,9241,NA,18114,9926,5221,11974,1457,NA,10189,8238,1069,10182,9006,3410,3435,5463,2127,19265,10978,4539,19988,2548,8096,NA,9019,13145,3354,18172,14248,2096,8793,14590,3307,13539,490,8109,1959,12564
5169,14315,14387,14472,9379,6813,5179,11129,7470,9907,1123,19254,3456,4906,18843,16156,NA,19720,6918,420,9732,4885,NA,2728,11878,NA,10446,12554,6904,8937,546,18612,7547,10729,1597,3010,13717,13624,19483,16416,2581,6225
4310,16978,12694,1123,11419,15403,15617,11440,1078,8382,17140,18199,6952,3089,1170,NA,17071,NA,14129,NA,6145,8752,10222,13015,4106,1703,19247
2883,3988,4207,12491,585,7750,1963,16007,12589,8137,9218,569,6363,12623,16409,14385,15008,8143,11333,3567,4058,13319,11632,66,15771,5746,16249,10885,1493,5663,9532,10670,6955,NA,18839,8925,10753,5975,13420,3232,3105,13370,9119,10307,7806,2311,12610,1092,114,18796,2216,12300,15540,4538,7363,4039,5737,17603
1077,484,2375,5521,13119,14469,3669,932,3002,11495,7510,12542,1296,4094,3980,NA,17944,3937,8588,16581,NA,8542,NA,5458,13387,13883,12423,201,14277,NA,3787,13607,8428,3128,NA,13786,6597,2921,13408,8210,7051,9983,9737,2923,1538,12635,8402,4078,11945,13783
4938,18159,8673,1490,6726,16082,2012,16645,8369,5993,8175,NA,7669,13739,3050,17233,NA,11790,827,5976,15767,15660,10423,11153,7087,15344,13063,7518,6806,8522,16259,10384,15703,14763,NA,1576,8128,5180,12268,7109,15994,19651,15741,NA,11416,16443,17067,13825,NA,5447,3375,NA,11371,5578,3906,19354,NA,2830,NA,1816,2897,15417,9752,9086,16551,4184
6789,15811,19733,15239,18576,4933,16667,242,9572,17860,2582,692,17905,12624,18279,10623,19316,12434,NA,6801,8968,14721,4064,12175,4006,1005,18823,18128,11818,11887,NA,15995,116,18325,15324,14113,13461,19721,13838,NA,7701,3103,18990,11920,19960,5748,8478,12323,7278,14322,16239,18108
1058,19648,6137,8543,13767,7635,3241,2293,3666,17117,297,8545,7124,4214,5268,1079,19246,8844,5283,12407,10772,5718,6422,NA,248,286,9721,2083,19960,7699,14688,4067,18988,6118,6134,10839,6098,1702,77,14666
4032,7684,9996,284,5520,2923,10806,18210,5052,6750,5797,13233,8150,8848,16716,3134,269,10557,10358,9624,1487,17311,19059,18361,17447,12711,10298,7760,8242,5607,8064,441,11092,2198,15332,4286,10077
10128,11688,19446,15395,19333,9727,7639,10552,9586,16740,7037,18175,2919,5830,8564,16174,2892,17235,15298,NA,6664,11895,NA,9533,5831,NA,16576,1812,18548,5499,3015,NA,12088,3129,823,13909,11089,765,18045,708,NA,710,106,15974,16220,7927,16935,895,13182,15935,11081,4372,19328,11106
2050,8289,4636,13441,4807,18171,10982,16741,7812,11957,14297,16227,19192,14472,8819,6630,15106,11554,5229,10477,NA,14357,NA,2655,17444,16400,11068,14450,12575,7334,1810,17962,16518,1991,10960,3539,8491,15734,10036,13871,12007
5856,19143,7736,379,6309,5257,17626,18249,8851,12766,18594,NA,9151,17739,13616,122,9316,13485,395,17934,16329,4321,11292,1886,5586,15452,790,9472,10637,1407,17365,17414,2616,NA,19884,10213,13936,4835,3189,17498,4928,1816,7105,16858,960
3990,5565,9377,34,7901,2862,15036,15690,9156,8582,5851,5976,1384,499,16038,13183,12409,2996,9808,6057,14682,6559,2747,NA,6184,18633,17342,2612,12276,8934,7649,19164,2697,14594,12166,1896,13100,1611,16501,5498,7560,12302,18868,14113,19187,9671,3705,13515,12786,9682,4770,7020,NA,15353,3707,19971,8687,15206,17421,2941,4006,12167,46,3751,NA,11211,2331,NA,7401,18560,3734,18872,2466,18973,18525
