2537,11354,11402,12189,16777,12739,10503,18006,11776,5761,15569,10475,7389,16596,1305,4069,11713,14535,18341,18220,12546,14923,8844,NA,14522,5366,3413,5686,10634,19067,4008,10809,2916,9325,507,11076,NA,18441,16796,15576,1276,14587,NA,5290,12691,19995,16091,18637
15950,15043,10523,4098,16458,3405,16788,13978,10429,10460,13083,14860,18751,2527,15177,1622,6958,9829,NA,1641,18910,12783,971,18967,10083,18096,17462,16956,NA,19765,17784,308,2523,NA,1460,8226,18065,5283,8691,18932,19091,18867,17314,5143,19843,2789,3427,19119,17938,13209,1731,NA,15644,15152,8657,10221,1373,11083,16178,18603,278,437,4985,13558,9344,975,1537,12195,4989,17644,13550,16865,10151,18597
11988,1964,14319,983,2845,13496,1440,9144,1878,14459,18205,7545,7409,NA,14645,9721,11467,9275,26,10276,NA,5116,3543,5182,16001,NA,6339,NA,15924,NA,18101,19619,215,17817,6592
6459,3698,10982,15526,4391,13967,10553,3345,7945,6111,10007,15374,16983,9771,5489,3770,8931,2391,8678,4417,1534,705,11550,10508,8130,7085,12445,6698,1499,NA,4235,14464,8376,2812,19656,7673,NA,17304,16972,11685,9243,15364,3021,10496,15437,3368,6501,4061,6995,3669,5432,7429,15940,13799,NA,5841,1903,3853,1470,6340,7587,4575,2387,4203,NA,13249,19741,2249,652,616,NA,7987,2518,2344,2818,8993,12215
5015,428,17549,14611,5218,2605,14406,679,5184,6668,6548,18404,6856,6473,2064,7368,3821,2708,14585,NA,14718,11546,14796,123,NA,16759,18238,12808,2087,1997
16219,7014,17179,2328,15113,12100,8735,3771,786,2870,6802,14749,8742,6362,288,18828,1065,NA,1575,11375,NA,15622,2580,16112,9720,542,13496,1232,7558,464,10893,3181,1368,9430,16978,14504,4403,19671,19951,7004,2273,19188
7392,14289,7784,16036,7817,17551,14260,12898,9236,5793,8291,18736,7772,2838,8878,11745,12643,16118,12617,14690,6915,13451,NA,8237,1268,13384,10647,5580,1202,11520,6155,2375,2928,6201,19879,10890
6124,19528,8391,1539,11576,2444,7776,3735,18043,18714,5663,6632,1476,1222,16916,15118,10717,18677,2324,6064,19163,11433,4766,18155,6225,1852,979,2138,7679,13236,1352,15260,17466,16301,11539,5831,5138,1558,9983,5952,19919
13417,7872,12510,16884,3076,18957,1323,5065,4041,13122,19012,5390,15804,15950,12145,9506,790,8264,NA,10260,17119,1001,7482,18183,15350,16120,14060,19514,4870,3256,17631,1527,17991,2547,15045,16229,17790,18611,2666,16101,5325,9867,69,6863,18709,NA,13519,NA,3956,14875,15002,8143,3955
8268,18420,19304,14975,12233,2255,14722,17957,17137,8779,9359,18005,15448,10396,14285,NA,19761,6914,6769,9583,2999,8351,2617,16732,13559,10095,11985,9189,5985,7577,11975,NA,15677,4841,15417,12943,13136,17832,17329,11216,16124,1774,11820,16264,15419,6637,12296,NA,16618,9841,19200,17192,6336,18594,1990,13295,14350,11221,13079,7880,7122,13345,5627,18016,18164,10463,18252,15012,10074,11005,13533,761,8478,17169,15737,4567,7940
13804,17539,12016,6868,17399,8960,660,13925,10676,3317,19516,16115,12868,NA,15785,8032,9971,1803,18244,7870,NA,14735,13771,5264,18291,5024,12680,8922,9168,NA,7832,4436,5656,2214,5027,6060,2816,11465,15792,241,10231,18809,NA,16261,NA,11791,3400,7193,17351,11540,16007,9400,2925,12858,112,1079,9633,7581,5040,18966,6429,2263,8933
1587,11655,11576,3481,11131,11299,2524,13138,130,10872,1853,11009,11718,14676,12133,15954,16463,12894,17865,9717,14940
2432,17228,11465,7927,2852,2564,9618,10153,16690,16142,6616,6956,15588,NA,1465,9606,679,7052,18001,11341,11054,12795,19811
9847,18163,7884,3196,11269,7412,8207,8041,4269,6038,6834,12751,3634,18266,NA,13671,15280,2631,15341,4392,18386,5344,13975,2751,2957,15259,9249,12041,14795,7476,1568,2891,14154,18823,9138,16890,18775
2190,17806,4897,3862,19755,2894,16727,14762,942,163,8218,18452,8806,1725,17667,1734,14046,NA,10289,15979,13572,1172,7930,13775
15869,4577,7460,11888,4998,8691,18364,4792,19819,17597,15151,15821,19820,7323,11979,NA,15995,19791,524,11669,4240,10268
15026,760,19226,11570,4293,3966,7246,3252,146,13153,16526,19905,2680,NA,19384,16911,9052,16273,758,1463,18923,12165,2989,5735,9019,2182,NA,1282,15721,10589,19042,12747,6114,2119,13939,2133,5842,1331,6998,NA,4265,2657,5749,9913,2382,3783,NA,1181,14519,13601,18809,344,14883,12417,4385,15311,19884,2602,11264
8721,1773,7378,9016,12253,19333,15956,11052,18201,15480,9544,8953,6010,1570,15742,8411,13038,14694,18804,17881,15208,12929,1723,4871,10100,4238,16697,9601,15237,7040,4322,17881,12794,1892,5444,2313,7858,7926,283,15654,6105,2627,1072,19306,11244,12924,16385,3951,4700,NA,16791,4734,3565,1455,18879,2623,409,19944,17504,5811,15747,NA,1803,11295,16326,2112,1691,4874,2886,7620,15199,2945,5680,19937,13703
19890,7455,11243,17111,7395,13114,18327,14741,14109,8938,19067,17204,11824,10496,NA,12981,NA,1066,NA,11582,15429,15278,16128,5769,1055,17054,16518,7184,1391,16980,2246,17669,12508,9017,13019
7972,280,5366,761,9130,13743,13018,8892,12381,2678,11511,NA,4624,16170,NA,9694,3287,14650,6999,NA,12766,NA,1019,253,2249,1106,551,8464,9672,238,13669,19201,15974,5916,11479,19583,475,19724,6474,5156,11125,16599,19459,17383,NA,9731,12761,3860,233,14587,8782,15741,19268,9883,5540,6679,13480,11524,NA,17387,9842,903,13199,10286
19520,18677,3895,11160,14852,4559,3182,9727,9354,11136,193,6111,18404,46,4493,14371,11825,18291,16856,12734,1713
5247,11699,10886,5082,17859,11484,12959,6077,12359,9796,13237,5301,9259,19887,5797,12177,12849,13845,13159,17716,7038,2288,2394,11178,16367,14564,5770,14731,17427,3551,6496,NA,17107,8925,15907,10979,12439,15588,NA,7465,10806,11694,17350,7397,12820,10905,17410,1683,NA,12441,4887,5677,16982,18494,6237,18627,11523,11310,10006,4837,4760,707,18945,4925,14949,19607
16621,18279,6162,15301,716,1504,831,10209,4650,12477,16738,13548,7123,19950,14296,8438,16692,11702,220,2719,1110,16363,16274,13528,13966,NA,1132,13187,16143,18289,14972,4585,18444,15229,7632,13229,1604,11067,9921,17238,14879,6072,19733,2927,19133,8696,14544,17436,13023,15895,10577,13531,5463,4664,3342,4423,19664,4187,13926,5384,NA,16395,11504,15334,1168,10417,19544,NA,8165,2037,9071,18900,10984
8717,17943,2695,13250,17959,15929,6694,10428,2752,18358,11197,675,11087,NA,7360,2876,11766,15751,3504,19899
4024,3340,13938,12598,16038,18111,11310,9621,11506,1978,14233,3420,11355,5425,18831,5122,18537,6867,17847,7821,NA,7140,18603,13835,NA,18875,4412,11449,18135,NA,14694,13954,NA,9488,4971,11636,19985,17135,10274,8247,8484,2281,11932,16735,3799,4723
11905,15364,17131,1237,11933,9883,520,12949,1268,10684,3476,4602,3236,11515,10007,5800,13584,12581,19443,18329,2860,1983,9516,4743,9125,10535,3168,NA,4647,17444,17556,14022,6495,16510,NA,13704,9871,10947,17663,12577,11189,1528,12143,2461,2893,10148
1095,14054,6218,17296,17990,901,16018,5126,4336,7080,17542,15467,4895,8408,10730,7420,6934,7874,944,2562,NA,9536,5625,3147,19354,4392,16388,16461,4495,13883,10544,10668,7678,16190,NA,19142,NA,19115,14555,16692,4239,9361,6230
8762,16349,3714,17737,6256,16252,3001,16977,12866,4035,5447,4224,3198,11421,19184,NA,19632,18231,8577,6080,2966,4047,6029,6725,3022,8505,18118,9129,NA,17464,393,961,6649,12244,17768,2811,11484,14843,18262,4025,13866
3094,7504,13143,5536,8698,15501,6149,12914,17589,6875,4728,18174,2998,14866,12166,7089,3039,NA,6882,16260,6723,2350,NA,6970,3831,18846,15348,12016,7248,2268,NA,3628,10166,5617,9277,10106,10823,6343,4773,2848,7001,6172,9585,9587,11335,11208,9789,11330,9769,19851,16415,11478,15832,12765,6173,6423,7520,7994,10930,17833,10805,3482,17054,4835,19466,8782,10602,11703
19904,1603,493,19636,11724,11805,8924,10453,948,4825,8545,NA,6297,1411,18561,826,15074,13670,16168,7372,1236,1975,9986,10838,4686,1699,11064,11096,18790,3815,18247,NA,3083,14944,9760,7696,10839,19768,11355,17763,12852,NA,6715,18583,NA,19360,18009,2601,NA,2227,7118,934,619,1437,6742
14734,19069,6231,7083,10300,4722,15786,7026,8508,3865,3422,15037,17773,138,13193,13467,3443,7789,19142,11509,13557,12955,14419,11880,17837,5908,11765,15570,11286,17072,3613,11405,16280,3259,4925,11575,1527,10861,11453,9344,4093,9446,17841,13743,13164,13551,13735,1393,13550,NA,3053,19753,2364,3024,14779,1701,13508,13029,18718,7610,18351,8275,11268,18300,5955,6375,16297,11919,13082,23,3536,9774,7808,12963,544,10486,5399,8690
8484,16667,10394,14207,120,16716,18959,18427,18008,11002,17617,19420,9389,18806,2498,3309,18856,1393,16837,2521,NA,8652,1893,4001,16692,19336,NA,7744,5379,18058,1427,13131,15984,19107,11084,2698,4353,16458,9172,8079,NA,852,2911,19969,5817,7176,NA,11539,8657,7205,NA,10977,NA,1835,704,10327,13243,15514,1416,19713,1540,14515,892,19245,14551,15690,15993,7577,4466,6893,13144,15575,2972,4483
11613,7625,4079,4124,15107,944,6144,12513,3299,12163,18179,9162,NA,13627,18376,2422,2183,12467,3777,6541,5243,8799,NA,5817,641,6038,10706,13440,17092,18586,8617,17635,12671,9054,3564,10381,NA,1311,7552,3999,NA,18421,12939,13331,3988,557,11050,9094,12882,7835,9149,767,2657,2263,1500,7991,736,18163,3062,1676,6935,7733,17163
15804,16973,3732,19964,14009,500,11219,16976,19735,18612,12789,1821,363,6552,14790,10466,NA,3175,12352,NA,13319,12493,6477,12050,NA,15737,17709,6049,12945,9432,9295,8925,11743,2910,12509,736,10038,11908,10113,2229,NA,1369,16560,6713,11062,11121,5201,11120,NA,19960,NA,6375,1097,17470,18408,5022,4412
3574,15512,7227,13820,16817,18529,10439,6616,8759,16616,17963,157,NA,18117,16048,7657,NA,11013,13296,16994,4934,2055,NA,11480,17574,19281,2076,5500,9741,8022,17830,11145,1274,NA,14867,19461,NA,226,8654,11098,16264,8223,5097,12617,NA,9465,4338,11863,11590,NA,4977,4770,16854,12391,10425,5694,10352,17497,7549,13299,8567,7676,1384,3439,7545,5574,10632,330,6049,18675,10722,11709,1044,11013
16238,15257,8487,18768,14584,5268,11517,1646,8330,1992,5691,4105,11054,5982,3032,15688,3700,NA,13724,NA,2405,NA,19633,11316,NA,17982,15545,3346,9320,4272,19223,3266,4369,1137,9946,12711,1824,13237,7076
615,3914,4600,2972,16600,16581,19595,1579,17554,13698,13325,16900,8855,8538,7193,14714,4500,8061,18104,8064,9804,1579,2382,13342
17339,9341,15731,4115,16145,4486,19001,17196,9829,9827,618,9093,15915,11226,9890,5537,10124,NA,6401,NA,9755,5654,1443,18718,1192,12295,NA,4594,13713,18804,11108,11049,10012,19049,5116,11766,18428,12872,6729,NA,2021,13566,12140,7232,NA,19828,18949,5922,10141,9720,16177,12383,10645,7535,7841,15189,11407,4551,6521,7048,7394,9535,4197,17479
9751,14599,6595,19702,12660,11674,5759,14992,11059,9187,11655,3582,NA,12604,7273,NA,4396,6067,9978,9727,2845,6853,16278,12199,10174,4878,3309,15802,8209,NA,11692,5094,9395,5403,17541,17748,6199,5077,NA,13709,5473,87,3909,12848,4644,12364,5730,2071,3905,NA,12753,5841,NA,19688,6054,6945,10066,19941,NA,5201,32,19773,6874,11748,2930,11556
1864,14791,2250,19272,16513,16334,19838,15834,17428,1899,10588,4684,8320,14367,9994,NA,8767,NA,6616,19522,17839,NA,82,15782,4484,10018,18509,NA,14108,7632,19958,10869,7208,18942,19009,1428,10668,19408,16717,6509,13970,6232,334,NA,18339,7640,19295,14801,3078,14315,6255,4942,11913,3054,12865,580,6603,13038,5558,5838,9774,8186,8854,10125,16643,3888,5550,18389
3791,3701,14886,7916,5343,2368,5212,15888,7788,12295,3272,6484,8969,14615,NA,2804,17274,10521,13841,15151,17197,4104,NA,8574,3414,6958,9522,4851,17976,7818,10773,18771,18048,3515,4333,4259,14005,17115,17432,5625,19451,10093,10408,10463,13304,13891,NA,5582,18658,14890,9117,18308,11599,19205,4721,9337,NA,5026,8279,484,12093,5255,7146,14436,3717,18609,612,290,11394,13305,12285
5816,17638,5022,2264,14776,19611,9427,2929,9727,7149,7298,9723,1785,1816,3083,NA,2880,13075,18152,18372,19637,1961,2309
12204,7894,10701,1675,15030,13113,10913,14070,13407,17933,17289,2145,4693,17189,6155,5949,8247,NA,2322,955,16844,9029,14965,8868
7186,3321,16132,18735,2113,14084,2449,7730,12121,3106,1044,12724,10671,5680,5482,17120,3576,1780,15746,7217,8870,527,5767,16407,8553,4219,10331,NA,4980,15568,11200,11485,5068,5923,9866,6125,4852,1683,15304,NA,16049,6772,4717,14500,NA,13780,NA,5257,9969,7601,17875,3965,NA,8101,8433,4751,1920,10351,14194,13860
2701,12515,12066,5844,16744,6990,8925,19288,174,17988,19732,NA,19454,19291,9236,7809,3775,997,NA,15637,10154,15294,9196,8749,8384,1056,6055,9150,9728,1768,12563,17633,2576,18367,1863,8838,1611,12032,7365,2944,2223,3431,7896,11932,19761,15044,16364,19431,10922,NA,4419,12263,NA,13002,15394,9960,18419,12191,NA,7359,1445,14932,9884,NA,19312,14143,14743,5338,13581,17272,853,495,19962,14562,2189,12096
9976,14949,1216,853,7907,2434,8354,15315,1121,14317,46,7710,19626,6161,14213,17059,4883,2266,17323,2558,NA,754,18588,13803,15957,9839,3347,18477,952,10594,2162,4771,9502,9028,10496,8752,2678,3974,19436,4971,15810,4193,14017,NA,13569,14863,7004,13280,1057,7995,15375,NA,16151,397,2097,16918,7910,5728,12420,18988,NA,6875,15567,13708,1250,16214
14720,12591,1522,9973,4430,16488,5993,3433,17044,833,14205,9252,9008,1589,18391,11200,9632,19768,2838,2761,10932,8979,8524,NA,18512,18782,16497,5588,13293,1995,2724,15397,2140,NA,17332,15822,7745,596,14119,1616,15813,4905,1570,5932,8179,11661,2231,6906,NA,17004,9566,9386,5442,391,6828,19050,7897,1868,17841,16713,19520,2508,1937,1884,5164,4993,15286,6638,19521,4896
10559,18609,19548,5287,18656,13506,1074,14805,1606,18736,6308,14786,10009,5261,7389,4199,10555,NA,9390,5028,10794,10362,6926,11082,19036
10331,19003,4388,7237,7561,9951,2620,14129,16161,18361,13516,NA,6045,2881,19352,17085,9119,16114,247,NA,16807,13084,NA,7663,9116,3544,14580,8886,19228,15372,10834,19171,9456,4689,19382
271,2665,18867,1150,19627,15095,6408,3827,5811,12200,17643,NA,8378,17980,988,2613,17393,4051,7257,14903,664,3739,5179,5316,17744,18215,15249,NA,8467,2428,4275,12184,15540,4523,11031,11811,6510,7644,9335,474,9957,NA,5673,4737,17724,12172,802,9184,NA,3638,15308,13636,1467,2076,NA,10278,4111,15477,8357,4017,NA,168,3936,3946,3495,12765,13543
15027,9630,4027,8775,12045,17341,532,1731,15319,16128,13870,9133,1292,NA,17371,6464,10956,12997,16552,8537,NA,15320,NA,18798,14581,12361,11579,15075,14832,2493,13544,15464,6943,16989,NA,1871,1494,10527,19062,14376,14997,2428
