9562,9315,2195,19747,7700,277,18687,14223,4082,3238,8518,9294,NA,19704,NA,8764,7285,6332,1195,13181,9500,19204,17599
2577,173,14041,13869,16290,12720,13757,2382,19954,17923,18340,18699,7223,19353,2036,11688,7193,6303,12036,7374,2695,3371,NA,14762,3855,221,17495,10805,3672,NA,12174,12269,4923,NA,15793,5611,3874,14908,2933,2301
16871,2564,5810,5926,7887,3811,8664,19532,14930,6204,10695,6570,4209,16324,14073,5493,8801,3115,16773,6623,8515,9747,11102,2024,16691,14884,15905,17842,18077,18106,NA,4976,9306,1940,14217,NA,5722,4085,15849,7814,17134,13494,10830,7231,1633,6137,16774,3279,5263,NA,8338,1536,7764,1163,324,390,10582,6064,NA,5134,17575,3923,18512,10307,11210
14378,6961,6013,3839,751,15048,12067,9235,15086,14499,1600,9721,9144,11509,9669,NA,5922,15401,5176,1920,4679,NA,335,7791,16151,11657,13337,NA,3847,17123,NA,4605,15787,8210,8722,414,19423,5960,18361,17724,NA,4308,12047,9415,10118,2913,NA,4162,5384,11542,1688,16098,15251,7646,9288,16505,9649,13726,2662,16776
5043,2587,10968,6642,9601,5793,1305,3886,12732,1530,10386,13260,7967,16931,933,14235,8452,11456,10970,14067,12980,17077,6516,11681,7253,9289,NA,6371,11801,NA,11276,11769,5793,NA,3455,14958,7668,19865,6729,19922,14795,6221,19315,11503,1553,12225,573,10844,9801,17810,1243,16458
18021,15020,5437,3142,1271,14303,15536,6314,16543,2444,13480,11867,1337,11239,18827,18518,10849,11416,NA,19667,16079,7135,10646,19080,14989,19494,12675,3649,4774,2467
5572,9645,6797,1823,12108,13227,1741,15235,2743,6168,15654,7833,13557,19806,1615,16536,11465,NA,14034,15270,3351,15176,19777,15368,5128,16085,4242,2390,19473,8226,9728,1192,11790,5431,18652,14877,6968,13270,15334,6386,11947,2061,17451,13007,4413,4854,8362,20,16267,13844,8100,16160,18514,252,14296,18666,11927,4889,5609,9266,6037,19375,18861,NA,19057,18378,937,5929,8879,1971,3676,794
10506,2332,15411,19696,17242,14537,53,17394,4643,5002,14718,7109,NA,3743,11684,11332,17841,4004,7808,16176,9919,2451,15517,9255,13585,19477,79,NA,12515,1334,NA,15848,9043,NA,14517,NA,6950,NA,10079,5032,9510,13894,18333,2558,2217,1217,13286,11511,13412,11916,673,19105,5900,12159
1131,19562,4858,10612,8654,8504,379,19565,5813,18604,48,19831,582,15967,960,9521,1556,2071,2528,13779,11543,1194,5566,11537,5811,14182
4523,8743,10802,8013,7747,18186,8740,5999,1200,19403,11966,10399,4825,NA,4970,7234,8109,6619,19126,4229,2739,5330,7770,13832,7688,5400,9271,7839,2743,2306,14387,9862,14119,12888,1990,15778,3183,17288,11778,NA,12691,6378,7103,7835,7562,11456,12005,3961,10175,3391,18327,8060,3481,4392,13047,NA,6523,NA,14656,10926,14352,8999,12275,11698,18045,19814,8271,19405,15545,10299,6787
288,3107,10491,11281,756,1217,16966,18534,13314,1673,14414,9132,2144,7448,18503,14166,13406,13043,13428,6090,4889,11666,8420,3740,1181,8037,2864,17500,18781,6599,19368
12270,1615,3776,19797,16844,17891,19313,14137,17068,4670,932,15148,4898,10136,18430,17474,3550,12203,14951,7770,6356,1290,NA,8411,3050,10848,1952,5418,14512,15645,7403,14531,11458,10408,3613,12833,18984,8670
14849,19165,9476,8129,19040,17581,18124,13905,10041,60,3467,19076,2717,NA,7068,12786,16843,5915,NA,15019,1684,13711,4194,5658,19314,10816,9642
6711,253,9168,4635,15499,18678,16967,11545,15445,1543,14669,17793,311,NA,2967,2478,18344,15774,10922,10160,13918,8843,5806,3606,11074,19854,3060,202,8256,7508,9385,2416,NA,13251,3966,14602,10141,2976,6143,4542,12062,10376,NA,6565,18037,13617,19415,1046,16832,NA,15756,10064,3525,8014,2612,NA,4695,358,2206,1541,10286,7495,5516,NA,13413,13330,9021,7701,17027,18473
15543,7692,19547,3940,2501,365,16414,8990,9577,1040,14346,4378,9932,6734,11063,16621,15176,6001,18088,5808,19208,19670,10843,4113,7664,12516,1174,762,14606,15856,9779,12145,12629
11680,7783,14019,14342,11631,11659,15104,9777,1767,3479,4109,148,13632,16986,14302,8160,18751,11017,15406,11023,14788,8564,11633,NA,10975,7586,2641,15028,5111,14369,5635,10452,1471,14223,19324,14584,10554,448,14631,14710,15461,3219,1372,8160,315,2906,NA,16996,9632,6019,13885,9963,6868,3510,3466,17096
1970,7547,9798,5365,9460,5720,10423,7572,276,18534,569,7806,9524,1547,19256,17620,18290,3018,13765,16977,405,7624,16278,9490,11562,823,2674,10850,11607,6476
17471,8267,16314,12936,19715,15017,8096,1742,19786,8178,4685,675,NA,16456,7513,12503,3578,15250,15675,17531,16168,17734,9372,NA,17085,4800,12867,13339,1411,NA,19443,2529,12102,18025,8341,NA,17515,10550,18370,14760,19447,7180,14865,15979,7319,16977,5415,16266,10234,19666,5534,15793
11183,8607,8525,1892,16560,12788,461,4821,8179,19541,5488,13186,17346,9625,5570,9930,9082,10282,2001,564,6157,12277,NA,14984,14897,9340,8267,181,6950,3546,5660,18415,15953,19654,5871,4523,6883,6874,6140,2769,10536,11234,9405,7070,11056,10013,14470,12522,1211,1210,9123,NA,8124,1999,9385,3001,3486,13465,7766,18661,4647,8124,14996,1893,3790,13077
1796,4161,2283,11361,3840,4998,6243,18799,14348,5931,9652,4064,613,10656,NA,10622,3864,18352,16747,15133,10061,4573,18048,5318,12955,4870,8577,5956,5693,10134,9706,10258,11830,4502,10144,5653,8924,7372,8207,17495,16392,18095,2884,4044,6719,8686,172,5920,17181,14694,5161
18733,2800,5835,19554,17143,18032,8384,19312,7137,7891,6710,8473,NA,739,13690,19878,15931,9943,NA,7933,16586,NA,412,NA,19175,3282,1674,11410,10353,10502,6561,1074,7471,13944,NA,8926,17439,11740,NA,10704,NA,16892,NA,19239,17471,18478,16985,13211,8079,80,325,7476,6529,6179,19155,8576,15803,16019,6406,17627,2196,9217
17137,9903,4647,13659,10482,17049,18846,16736,7837,5071,10475,9742,5670,4396,15935,16233,17237,7458,17823,5310,NA,14456,10720,8321,8200,16638,14440,6714,8009,9013,11910,13465,7156,13333,16580,805,13362,17265,13273,12054,4568,14101,NA,6661,11785,2787,14045,17050,15113,11746,15717,3857,17714,5060,392,7172,8855,NA,18133,5574,4881,NA,13344,17293,9771,12026,5321,16008,9790,7862,12503,NA,3731,10835,17720,15924,8343
15232,18698,3603,2245,19273,6025,13798,18665,16895,8553,13638,1644,18032,6115,3289,16706,11546,239,12661,5890,11375,6,4610,11089,14772,NA,3391,2024,16707,8288,10084,19599,12440,6790,NA,10398,8751,11577,9592,16392,18212,223,13539,15152,5898,19908,14378,11366,18233,2370,8263,8502,11567,NA,6499,NA,12269,NA,198,NA,8515,5733,14344,NA,10249,NA,18717,13276,7391,4758,461,18958,9923,877,7184,18009,7519,14545,9882
41,7784,1957,80,18768,15705,14738,17963,429,14703,11478,8791,2726,19438,15117,14139,10434,12354,NA,14545,NA,9529,11373,691,10116,549,18418,10254,18966,9305,4175,7693,12072,12385,7898,8290,NA,7963,16000,11024,13249,12302,13260,4909,19874,1449,12445,1401,15622,14727,7069,17327,4353,11754,8276,16517,14761,9445,5676,15282,14247,7523,18011,15576,15759,1465,12669,3360
382,10277,10679,12120,1597,15827,13788,19339,17351,11677,3437,17631,NA,3027,7760,NA,12246,6526,13166,16359,1686,1841
161,18719,18302,17812,18054,8590,15327,6501,16010,16752,11430,798,NA,9899,3479,10281,8185,11304,15444,16286,18448,9098,1467,13041,17396,809,NA,5960,10711,9129,1033,11015,7518,NA,12748,5883,8649,5626,11785,5588,11042
2803,8497,5357,13802,19498,15553,17084,3940,666,16753,13007,7768,14240,12511,15290,12271,13012,16173,16951,11211,17004,6444,10385,3143,NA,19154,9276,9303,8526,11495,10055,12565,2643,NA,907,16385,9088,4475,2062,6063,5001,5444,1936,7938,NA,15148,11,6113,3019,13229,7152,NA,11505,16515,NA,3949,11536,8463,7671,18366,14640,7134,NA,93,3795,5731,11107,9594,6673,17256,4458,10110
421,19700,17989,17737,15186,6324,1276,17451,12792,12568,15418,3246,15947,4229,NA,15355,15385,NA,11348,2104,10365,13845,12341,2666,NA,7389,2468,3682,NA,2503,15488,5298,2115,8739,13189,7019,246,13216,255,16537,14931,7037,15066,15295,18326,6632,7764,14181,18510,NA,1591,NA,4049,10052,2366,9216,6062,5943,19701,12141,6470,664,8457,18553,14096,3313
16494,8942,13961,17535,18595,9879,9095,17919,15098,16168,16835,18676,7080,17503,9110,4797,18718,19972,7611,NA,9703,6710,6992,NA,16304,19701,16661,6363,10497,1817,552,447,10800,16224,11658,11086,13944,1891
14261,16788,9571,6206,15943,4055,7648,17067,12355,1229,11615,10093,NA,10047,7128,15201,10084,10280,12374,1243,14738,15188,19325,2428,10215,NA,12510,7966,9137,4759,16737,19205,5296,1001,4170,18559,NA,2780,14785,9737,4808,6167,14519,17432,1696,2275,11220,7372,14225,1755,12322,11125,14663,3998,3844,10260,5395,8907,13777,2022
4291,10649,13604,19547,10348,1116,2695,13992,10768,16464,2168,14934,11770,13629,4477,11407,6197,4099,11170,18785,9549,3936,9016,11277,5716,10737,NA,11439,NA,6421,5939,540,12020,9859,9371,NA,237,2244,2198,2756,17778,4880,NA,18722,4201,19013,19533,14758,1907,2934,18873,6935,14995
15629,9969,13783,14509,3549,7596,13740,3489,4846,1988,17061,14897,7623,10354,19544,4486,707,16471,434,1613,8342,1367,7243,832,19219,9411,6103,11859,11216,7646,10866,2835,13643,12831,13227,2655,NA,7444,10032,6098,16837,18661,11571,5442,16359,4235,14022
5709,1136,3498,16724,17357,3785,16210,14505,17751,2952,16259,18476,247,19428,10627,3438,9841,NA,3876,8897,11643,5555,1908
10893,527,11109,2021,9685,2666,4371,2134,14978,9082,5531,6391,18959,13362,14019,14970,13020,5264,19457,17182,6199,11832,8443,8662,6594,8894,17437,NA,7149,5470,1993,NA,17513,7699,7000,13092,1972,6033,8397,3345,3637,13366,NA,2935,NA,14797,3028,2121,NA,7131,8569,4760,NA,3892,10975,16321,18600,19607,11097,15836,NA,13072,12788,19558,15541,NA,7243,15633,15876,18999,11003,3944
8547,15596,17617,6608,5770,1294,1043,3779,2554,530,1473,19578,4505,16975,16505,7149,8276,15247,51,4049,6796,3175,NA,7314,NA,17866,8001,19040,NA,11862,13911,19866,304,13632,3844,8580,7449,1250,12222,18435,154,5194,6115,1234,13478,NA,17743,12045,3869,5884,298,2600,702,2382,8862,15059,13260,2885,10802,7684,17420,13964,14430,12459,17449,15330,2568,5362,14,6885,NA,2679,7597,607,1848,17088,13268
19339,2623,10192,15749,7877,13434,4335,15235,5848,8058,18906,17159,6320,15629,6462,1322,17399,9000,11244,13635,11006,15272,12887,19547,4649,4459,8701,7873,15379,7081,10100,19663,13502,15410,2354
16183,8486,398,1085,12036,5493,2808,18649,9507,8224,8555,1413,14232,NA,3763,13243,NA,4397,9760,2625,11940,306,1271,11475,8234,2675,NA,16984,289,1027,12363,12510,13350,17084,706,16425,975,4414,18033,12027,10367,5992,11372,NA,16573,18318,10942,9284,NA,19020,17197,10120,15242,NA,14081,12939,11067,6283,18383,8072,14470,NA,19649,13420,4081,6754,7296,11970,19445,735,NA,13368,12376,8327,14762,6228,6782,2150
6975,16477,17243,19589,15640,8669,13725,16706,16663,7893,1719,7572,7911,NA,13942,13723,12400,11211,8701,12812,15720,2394,18476,19541,NA,8517,14741,5732,12223,16031,3045,13299,11456,10586,NA,12259,14422,6106,NA,6399,10786,5408,NA,10913,13112,5463,15384,2225,9690,NA,8912,10382,16760,13588,265,NA,9468,7861,12791,NA,41,NA,5424,8436,8691,NA,14135,16518,6807,28,19972,15995
17551,15755,3079,14858,11726,14614,1191,18456,66,13471,8394,5029,8818,13017,11349,11464,NA,15992,12456,1496,4187,19718,9543,14116,11667,NA,5930,5378,12026,17328,19405,19173,968,8508,1074,16180,13620,8586,11541,8286,NA,6434,5759,9389,6313,2064,6235,18117,1844,7632,8055,12722,5631,19785,19565,10408,9094,3077,11403,17772,NA,14013,NA,9171,17356,7711,NA,13745,17921,11655,11222,6263,13869,2876,8155
5566,1698,2515,19522,208,2415,13576,10685,18010,12648,8358,18450,3968,3568,15572,NA,9490,4337,NA,7239,12239,2906,3649,14839,12762,7915,13010,4861,16085,1750,9279,18295,2836,16048,8278,10488,7681,8929,6893,5262,6313,12107,3066,1928,5293,18321
13293,17407,4790,4825,14420,11589,15048,2046,10766,7295,12023,18304,NA,13421,9448,12072,7271,9640,NA,14114,5572,9005,13488,10779,8173,14592,13364,9856,5931,19581,2634,16450,863,9082,NA,12193,17719,7455,6763,14880
6800,18916,7798,8871,14150,2910,13181,3363,14228,14822,7854,7128,11113,19818,14303,10459,NA,9878,19551,11482,1350,6356,7405,9980,19248,NA,17055,13287,10384,3343,7707,17883
10851,5125,12459,2773,7841,6160,4611,12315,12085,19882,8931,16921,17134,10050,11782,15687,NA,1050,13037,17873,17275,5875,3425,NA,19678,9994,3688,3937,NA,3086,11249,18713,4084,8746,NA,15549,19543,2054,14700,11042,19627,11774,10745,1240,16629,11343,12654,18952,NA,15131,18456,NA,5053,14438,5925,NA,7682,15255,7631,13502,5468,10654,4882
4203,165,13444,7365,2876,19853,18582,16131,12673,7509,7140,18110,9500,2025,559,11569,10984,15411,NA,4348,19779,12951,8844,7391,14811,13321,13209,13192,13108,NA,12499,8634,16819,6498,8293,10884,15376,9547,7921,14732,9471,17335,12232,18130
10298,15591,12359,9009,5871,9240,1085,1872,15371,7272,19052,1580,93,NA,12078,47,11084,858,13857,8796,NA,11610,6047,NA,13297,5776,NA,8540,NA,9474,NA,9385,14652,8868,8624,18964,3833,12474,14605,6107,NA,6209,8684,12532,14557,18264,17226,18369,4327,14090,4699,986,16168,15661,11411,3941,14813,7271
13089,11348,13227,9689,1332,7629,15982,19590,17034,17523,2852,12335,14398,15454,16245,19188,1459,16710,NA,4290,8194,7012,18192,7954,5819,122,3886,14961,15976,10597,11028,18082,11517,13652,7409,15858,18572,12240,18125,12865,19869
12494,12120,984,5974,18738,11691,4855,14251,11947,10093,17524,7765,19714,11307,14985,NA,5863,569,12932,13170,13258,NA,7132,12622,14744,17886,5432,13958,15134,17135,19701,10936,8196,13857,17527,NA,8939,1138,12421,NA,5529,13115,16157,1963,4886,12668,4009,19248,19086,5,19334,326,14726,3973,13944,1704,1643,7644,7960,4146,6623,17404,6388,11847,16847
6551,19130,7801,16512,7817,10717,9327,7751,19936,2526,12415,12102,10837,15678,10512,16021,6368,7624,14970,1264,18318,19617
12826,19896,4141,657,959,355,1384,15388,7349,5448,8571,5153,17232,NA,11863,8311,1583,13930,7923,3788,2042,14280,5480,6615,15980,19242,5087,18143,5369,12146,523,1418,1932,12399,7929,13176,9232,13666,5507,2004,4517,19028,16587,3597,17293,6795,12759,18409,7798,915
15642,12405,2792,6000,6632,19900,18030,5986,7715,5792,6034,3433,6740,687,NA,4315,NA,3758,16940,19632,9157,13481,10743,11145,16536,15061,6614,14031,6367,2685,16473,8453,7481,18346,9483,2872,12506,17549,18818,4062,7468,2640,377,16731,5979,14524,8317,14040,13853,NA,9439,16159,5244,12025,10832,1790,19424
13061,19465,17945,15042,15009,14050,12300,5929,9748,15974,6036,11627,5577,17736,11251,1059,11580,8346,12016,17194,16334,17297,14496,19339,11012,9080,1707,19448,13568,17569,NA,10597,2029,14539,19090,1295,6200,10943,15133,6964,18178,1644,6770,13851,14974,9191,7775,7503,17961,11478,6671,7676,16094,27,1241,8521,6972,1789,9468,NA,14075,NA,4004,18788,6400,5964,9253
7999,3096,16274,4329,8298,11819,14512,9082,19444,12470,2818,17219,2930,3059,9790,19229,14673,4836,4409,5075,3292,15048,NA,6718,907,5627,6893,14253,13735,13896,10609,12078,7550,3179,3208,1173,8674,10756,18991,2877,5387
14338,3958,17266,15491,8346,1108,5843,16150,8386,4479,18468,4308,7159,NA,15116,5951,11736,18108,3030,4203,9712,6064,6682,4742,17430,12569,5503,13779,8953,11833,3523,4924,18529,16336,12845,17489,5487,13211,6483,19733,NA,10881,14736,15971,11285,7428,291,9275,7374,17328,19001,11716,8275,9122,18598,6529,10003,11515,10601,2896,15495,5895,19797,4113,NA,15506,14481,2658,17591,11457
10532,18131,7538,2028,3169,17354,8173,7109,4492,2939,16813,1071,6917,NA,3026,12324,3067,3869,7985,19216,17944,13222,11965,19137,8079,12357,19172,2763,17254,16955,7166,18252,4599,11774,17631,14021,6526,7587,810,NA,11796,4925,15799,9635,7362,14263,761,19407,1534,2472,13677
12900,158,16851,4333,2155,7791,10974,5380,18507,0,3568,1931,4985,866,17428,13358,18156,NA,17388,4401,11874,10558,19951,12116,17362,18988,NA,6468,NA,1003,NA,19840,5748,1581,14804,12712,8512,4877,NA,2784,9770,9292,760,13684,NA,5145,4165,8296,13802,152,16271,953
21,1560,11580,19085,14869,8266,12779,14745,8750,12223,18039,13925,9873,7111,NA,19193,14769,7041,15716,12511,19219,15671,9652,11910,11182
19239,3923,13554,7040,14375,6555,8764,13841,6867,150,19863,4009,15955,11708,10607,NA,13107,10626,2973,6361,14777,5115,208,12487,16071,16306,4408,9234,13519,13173,80,5674,8197,NA,3688,4943,14547,15226,9701,815,4540,1371,2302,17390,11867,16704,266,17869,2006,8229,17449,14879,7896
11651,5807,9314,1054,4294,6362,9281,6599,2639,3494,15041,19918,10581,2253,6028,NA,15567,12941,5566,17917,11315,13094,13241,10566,12245,8797,12527,NA,16951,19744,7483,14167,4261,NA,17334,NA,1364,11798,18309,15806,14159,18383,15578,10264,10539,12361,15051,17741,1505,19080,7661,NA,14972,1458,4636,4443,14803,2577
