14065,1147,7065,10351,15512,1652,14867,19482,1016,2886,4279,1344,10214,4831,8545,11576,1902,12006,9956,NA,14138,18979,3143,16184,18092,9681,8039,12212,NA,8179,10493,10180,2692,5144,13876,2931,734,10666,1521,3691,482,4571,15324,10710,8016,NA,4634,16730,11392,1841,1826,13994,15991,13399,15769,5446,15224,3361,8931,13830
7853,5952,19093,17201,14290,6138,2416,6051,17264,1942,451,18210,17105,17738,12212,9455,3142,417,NA,19457,NA,12874,4294,9720,NA,1689,19878,17363,5694,9836,17128,2043,16197,7909,18501,5635,14782,19673,17110,14102,5583,16734,4969,NA,3588,4578,12469,6762,18831,129,19646,3936,14922,16984,17184,6923,5345,3209,NA,19362,17473,14892,10599,19265,16358,10612,9293,15957,606,17510,1415,8115
5274,4250,1912,129,3957,17032,19022,592,18351,4528,18201,557,NA,3072,NA,8718,4615,8921,11844,19783,6707,18089,12265,19652,9382,6287,6473,6943,14864,19982,10404,10277,37,108,17721,8121,10807,8210,12515,6175,8410,18605,10017,6926,16908,11295,NA,7887,15731,6466,8569,2645,NA,2534,17012,6257,10684,9025,12046,19805,NA,3090,19268,13388,13485,193,10974,2694,684,16029,15947,19246,6879,9707,14458
7989,12053,3771,12891,12206,5257,15370,1493,15640,6610,10111,NA,16480,9798,7860,13894,4776,NA,1466,17432,2215,NA,10662,5353,5818,2744,10848,17679,NA,11211,13230,18961,10897,7762,6435,14817
13195,5168,8723,1390,16413,14405,5055,18191,14297,17952,12825,7644,4772,18684,13896,17016,197,17852,4963,2553,19539,10159,10255,15605,15529,886,16807,12861,1345,9637,6391,15686,19599,1199,10672,7027,16035,6511,11094,4665,11568,15875
6396,700,13173,6172,3056,3093,17166,988,2768,614,14663,5303,12131,5925,3102,13698,3327,8734,12486,12215,15362,13662,3063,12691,5853,124,13246,2389,13341,9176,4362,15816,7784,3432,12449,17692,11380,6395,4914,2280,3612,541,12090,11708,5717,15976,17349,12509,17703,NA,14596,9753,2670,18680,136,1469,16083,5763,12449,NA,7781,4608,9221,18854,6182,6697,13608,5154
14277,13216,17203,19528,10255,12586,14644,10318,14922,3315,16206,3645,6096,13410,NA,10488,13580,6489,18400,19578,16131,17128,18530,10302,13637,15343,8233,14016,11377,8981,11337,8546,150,14933,3121,10679,10384,17829,12547,14219,3295,6349,3058,8521,17004,19321,3404,11614,NA,9691,4991,NA,7051,NA,10766,6288,11991,11701,15465,17231,6048
16527,11492,2909,13052,3225,19274,6390,12721,4397,4106,1796,12192,11148,7860,12453,NA,13243,182,17787,1361,NA,19307,11755,2306,NA,9566,10319,1105,2977,4183,4087,2077,NA,5475,17824,8126,6992,13665,1718,369,4513,5908,4105,7232,15584,924,14158,1687,9537,1330,9123,15015,19283,7319,17025,17668,19185,18304,14643,10388,1849,1512,15433,218
14434,10840,10060,5443,12734,13035,15807,634,13204,10844,12507,8101,NA,14210,14919,NA,15793,10890,18405,NA,6030,NA,1292,2703,11478,19888,4231,3418,15907,3606,NA,3414,NA,19693,6598,4994,7860,14430,15639,6642,18746,3453,16401,8887,19124,14569,6719,16991,NA,7272,1158,13252,19371,18142,12155,12018,12769,1218,NA,1479,5734,9636,18521,5533,5692,11654,14993,4037,15728,10258,10572,307,9931,14028
10947,2072,10966,16825,16756,18521,17180,7217,6017,16393,17256,15314,1995,4944,12493,16937,16402,12994,NA,13449,9087,4633,14723,2480,NA,17667,966,93,9354,12719,15891,19362,NA,16935,360,16850,3367,1406,11043,9768,6950,17152,7959,6999,1537,8795,14647,13018
5468,4678,5817,7610,5945,4824,1522,7065,16879,9609,13368,15549,14983,16880,2751,19870,10569,7526,10312,1808,17762,10103
16081,17135,15729,5015,2476,18740,17332,13041,12126,8253,4888,8117,11609,986,14287,14188,16955,NA,12179,2101,8692,17613,2547,5045,2610,6289,NA,12845,15567,5568,1544,2903,8213,15102,1150,2169,219,12315,16051,13116,8949,8087,18190,10114,7901,12435,12600,8893,18010,12128,3740,5266,12372,9634,1735,NA,7578,6094,1611,10701,2554,13213,19391,17273,9478,434,3727,779
8815,1737,5058,12581,4205,6085,1180,15354,3294,796,18324,1661,NA,16316,13010,17698,2470,782,16363,14380,15062,8778,9872,15453,NA,10319,9748,17900,2266,8363,13655,18120,3947,15696,NA,3803,7103,2690,NA,18417,16061,14678,6888,12875,7324,9906,8259,10901,12854,17108,15105,15214,17144,NA,10655,14557,NA,13780,2128,13731,7280,3653,15437,18244,13994
18538,18081,9921,12306,7668,2002,7396,8039,18346,12887,12583,12531,10887,5341,9825,18451,12905,2241,2470,4962,18310,10983,NA,6068,9122,14010,1625,NA,18346,2287,8053,10845,11552,1177,12672,1077,235
12618,743,12264,8118,12016,3988,11836,6661,18423,1625,1756,18629,NA,2768,5664,12142,NA,18579,13543,9608,5224,NA,4449,901,4626,NA,881,947,18749,13360,329,3791,8618,6386,19414,11508,8478,13974,7040,1090,15774
14315,12588,7253,18492,17613,4648,8531,11702,3335,761,3247,10733,5135,6340,12006,18895,3929,14591,2856,13478,1913,4472,507,9377,2458,NA,17927,166,6143,3290,8123,9571,15515,644,NA,4030,11088,NA,15221,NA,10774,9199,5930,2090,17585,15510,NA,12570,7655,NA,16444,17286,NA,15225,1971,3986,18037,10395,14705,10834,1575,19747,17033,9225,15052,11270,14686,8930,6858,3353,9645,4938,8742,39,7177,5736,16494,10693,14198
3497,18720,6945,12156,18527,7104,7526,17798,13078,18261,14924,18803,2410,10657,19874,2230,14583,10235,4780,16152,13838,NA,1360,2274,10715,10172,6567,1183,15918,964,NA,11127,11133,11310,1801,7238,NA,18257,5307,12613,7215,8161,12214,3046
14452,4524,11412,17517,8673,14789,19107,12244,8270,3785,18574,14545,4666,16445,NA,13510,NA,4344,18816,12257,7555,15974,14757,8680,NA,2902,12910,14787,NA,12097,13197,12627,17454,9877,15705,10712,16583,11701,11074,17022,18991,19467,17807,10777,2349
10745,4163,5125,17803,11101,5677,16076,17390,1838,15358,5598,9300,18629,2162,16461,18762,10863,7235,6196,6029,886,15393,7312,3631,12473,6718,12050,10757,15550,18621,5481,3246,440,18253,3655,10941,18295,6875,10607,18067,NA,13565,12745,18310,6721,12835,2264,7948,18146,12269,16535,1059,9819,5847,NA,16992,6034,6556,10111,8984,18426,10058,1114,7330,2472,16390,9706,10931,10624,12809,2171,11095,17963,1420,9962,5898,6009
4342,9170,16666,3058,3845,13588,6055,11626,14449,6197,13704,NA,3820,15361,7735,10297,7883,3748,12503,19723,12939,16830,5612,9085
1001,11506,17937,14729,17353,6988,2270,14852,2797,19727,18496,13502,3510,17871,16626,16220,6543,5716,417,3893,16085,696,9016,17456,8222,8205,NA,13909,4499,2258,16569,10925,6643,8165,17898
4426,3691,11020,14412,1780,14263,14313,18299,18477,8265,7957,18209,17571,5044,2181,10865,NA,12238,18767,9502,14469,16926,2280,18242,8156,16634,2349,6003,10159,19324,17200,15185,14754,NA,972,9705,8160,17776,7591,4895,NA,4117,15457,3619,6914,16468,NA,2023,16196,7813,14247,17055,13947,12548,12015,4616
2146,2092,8247,17569,8737,14355,8534,16065,8973,731,5493,NA,9382,5884,NA,14118,2896,1452,19078,18167,9239,19038,8638,9222,6268
6620,16847,15831,17698,19760,16490,13016,14263,8145,17961,6011,8410,6622,14870,NA,7187,1944,14137,596,17111,61,15312,2884,5835,15611,9018,14560,11366,16733,1496,16268,7717,16848,17519,NA,14117,5625,13616,16160,5762
15348,10961,14895,4886,13561,14749,19032,8340,1807,17104,12427,NA,7765,14844,16956,3137,NA,7887,NA,7589,5369,12112,6822,7627,3608,12631,14181,16580,7931,11139,187,6911,2839,2702,8949,11002,4456,15067,11336,5750,17953,NA,19145,NA,9695,4601,13097,14290,9493,9847,8103,6905,9000,2775,3572,11659,1653,7266,18961,15723,3215,19494,9831,2623,11985,14330,19579,15735,18879,15544,11675,3656,10624,3182,13907,8374
5821,440,7425,1752,16930,1999,16807,9124,12463,8782,13411,NA,19825,1819,11457,NA,16756,8748,7342,10644,15133,3845,18220,11331,18515,1788,15305,15440,NA,13581,4995,17174,15074,14766,NA,16197,14017,9155,2105,17196,19403,19567,13732,11898,2497,18760,13677,17340,11795,1262,2393,14875,NA,15682,16757,16253,10561,6819,8747,3401,7538,13319,NA,12091,18174,18895,15483,610,4993
10747,8463,3397,529,17995,3109,3013,14564,12286,13168,17105,NA,863,14210,980,2984,3092,2589,4052,7212,14447,NA,16738,7284,6059,NA,3914,9083,9486,12148,6283,8130,3843,NA,19719,7058,11698,6091,19061,17040,5568,1761,16983,15589,17788
19631,3587,3118,15013,5234,4978,2972,2624,6427,7536,4773,16816,NA,19323,13915,NA,6248,18748,9323,12461,13572,NA,8095,17872,87,14873,10521,6450,8964,10598,7840,9185,15101,NA,1131,18266,9106,17383,NA,12438,13238,17810,12316,2053,13826,13154,11915,6024,16964,6040,4247,2156,7898,16121,13951,8529,16361,2923,3874
2663,7662,13868,13733,12518,14845,13841,1784,15193,12086,10155,1466,3683,12020,7209,NA,2753,4756,11204,NA,12778,NA,18432,NA,15223,NA,4695,248,8168,15345,NA,5254,5699,5181,3499,9239,14093,6199,9738,NA,2903,NA,2288,4110,8008,NA,9623,7135,14641,59,7617,14293,13154,14199,1965,8668,2542
17516,16332,6523,7601,191,12419,13272,10588,4960,12049,15332,4196,5430,NA,15034,NA,16574,3777,2506,11910,4797,5094,10323,18304,16800,NA,6991,NA,7566,12737,7369,1022,NA,4103,60,18249,NA,10436,3901,6052,3480,2208,1743,1581,6219,14352,13496,8226,18094,591,15736,17192,16142,15882,16993,NA,15124,5484,2230,1586,9072
11608,10141,16491,349,13977,11359,6422,16225,1675,4684,17230,163,4392,15197,9503,19047,10551,1415,9157,8709,NA,10559,12935,16390,NA,16212,NA,19262,1369,1635,8177,18084,6018,1742,6365,18672,8082,14079,NA,19858,9117,8793,NA,6307,NA,17948,10906,14382,NA,7957,5854,6756,690,10298,19905,19156,15296,2387,10642,18486
10629,4975,15358,4608,13760,14765,15017,15929,7228,18009,13813,13540,4684,NA,11907,5209,15602,10502,15944,1370,13560,16495,13391,607,13020,19200,18681,NA,15876,3467,NA,14975,15954,7598,4163,5016,12964,10773,15904,12464,9526,13678,17325
13430,10940,4147,6684,707,93,11876,16263,10316,18247,12627,1662,8868,297,9261,14355,9381,17435,6069,49,11374,16713,12323,14841,5434,14453,8723,307,15866,17801,14920,3586,19164,2410,4094,12022,8782,2356
18293,13361,11066,3562,19302,8745,9891,14195,18332,16045,16334,17772,8826,10994,NA,8565,13671,2796,13544,18761,17118,18105,16624,4814,18618,18535,NA,12620,3693,11172,16185,14992,757,6498,13589,17788,2242,11195,NA,18524,13845,12515,19493,2529,12137,3451,15489,16825,10183,NA,11560,7573,13797,5183,5981,878,9290,15209,18416,4003,12845
12326,14678,13324,17232,11738,10490,83,1207,14904,10061,13696,11999,19119,8816,15483,9459,2633,9033,8691,18278,14463,13714,NA,1512,4467,NA,10331,NA,13568,5380,1612,11072,9874,7005,16543,4092,8336,3586,3580
12597,7130,2491,15423,14153,8019,17303,10983,6902,16642,6897,6796,5252,11655,3619,17399,4009,6247,13089,19890,5726,NA,9131,11007,12591,2920,13306,NA,6696,NA,13177,9696,8682,1564,3686,7208
5546,13331,10145,6820,7819,15325,7827,11339,8671,11466,6923,18089,3212,7890,6337,8336,NA,990,6372,9708,6969,7694,13434,14127,NA,4631,NA,1230,5880,16137,15566,NA,3010,15577,10556,2770,8054,19818,1384,1613,3098,18988,16401,5073,14650,15981,15041,8574,8942
2700,12514,11107,13720,1191,8481,9231,16415,15304,11196,5727,7275,16444,12012,NA,7658,9547,4750,NA,201,8364,10338,11857,1941,2360,12095,10059,18997,13221,10,7042,14669,9240,855,19589,17563,5089,8509,13567
10324,15748,10452,5549,1276,6936,16750,9358,18459,6033,1995,1329,NA,14908,5278,19124,1394,5850,6781,5765,15910,16156
16223,7302,17149,2484,11111,3822,12077,9860,18427,6098,1208,2566,9631,9746,17824,NA,6031,19255,968,11531,NA,10031,5215,3230,10395,19252,NA,14462,18259,13790,13152,18534,NA,2148,19365,11809,9322,2979,18387,10546,2997,4461,17434,5173,459,18297,7393,4183,5178,19401,2816,2970,3919,2002,8129,751,18837,6228,9246,7383
3848,19452,1810,8741,19981,2967,6777,19787,7820,5334,18593,13831,12315,4482,11328,11591,16764,2300,19799,2453,8512,1624,9905,9029,16482,7403,NA,11500,7150,6025,7431,7314,11433,2856,19928,5525,883,9058,9484,NA,11,10057,16158,7792,11383,5147,7,10151,15658,12199,12481,1694,10491,10854,NA,12697,NA,3061,12473,3989,11142,5392,4791,16789,1699,17116,2325,3542,5356,10320,5385,3215,2300,14344,18281,9960
18884,17599,8241,5821,1358,1058,4254,7847,8070,5367,4584,10409,3537,NA,5117,1994,4607,9440,NA,16426,NA,1322,18138,15954,19124,11224
4471,16646,149,8123,5488,10752,16187,3385,6104,11875,311,4703,8015,11612,3046,11400,19057,11463,18127,19742,9386,6504,15767,8427,6695,7647,19801,11134,15503,6390,15352,1494,NA,173,6465,6492,17011,14053,327,9845,10135,9830,8881,12166,4348,12023,16721,7058,9619,981,10505,240
10861,1275,3487,8911,19591,2256,15124,12777,1599,2273,16137,15101,798,17342,NA,525,16064,8104,5759,111,1585,6362,NA,14697,5629,7175,17018,5785,NA,6964,4534,2963,15211,5983,11704
13028,17532,1825,4158,17458,1625,13803,3399,1675,19600,10307,15429,10308,12854,5463,15535,16722,12856,18402,2398,14863,18037,167,18510,NA,1344,37,11010,9271,216,4839,16600,5804,17146,7835,1302,14666,13673,14415,10019,6949,14161,3021,1715,NA,4325,475,NA,17335,14804,14143,11978,333,8345,19725,8569,19848
3513,15777,14732,14657,1453,16218,5805,4185,6225,6010,6518,11454,11533,4633,19919,9334,8733,4642,8904,13668,12630,13447,10177,9001,17239,19195,11667,11756,13895,NA,17427,15788,16598,2519,21,NA,16879,NA,1738,6263,2249,9168,2541,11800,1858,NA,12320,19140,3065,11304,12111,5255,14764,3116,9267,6694,18399,8881
12077,9786,6901,16538,5718,8565,2429,17441,10673,16935,6021,13853,10752,9563,5774,13795,NA,182,13396,17479,7159,17449,16019,6170,12884,8699,8013,19977,11828,15035,8907,11810,8513,14911,2365,1634,15705,6976,3503,16041,11551,11287,NA,5766,13752,17122,13842,1982,18252
13482,3502,7598,6631,15828,12170,15437,17079,15167,7665,258,9015,1263,10076,1871,2927,19613,2769,3525,7224,459,1789,14707,11299,7546,2396,4796,13828,10809,10555,15212,4814,12202,1910,17669,14358
12452,8414,3731,12883,2385,14903,5811,18070,6422,8392,3038,9810,18820,5454,12034,1784,8655,16224,12667,6536,18604,11582,806,15277,NA,3427,9266,2807,831,7878,2102,7255,3022,18911,860,5360,19357,13945,17993,15299,14615,9669,7088,7039,9061,11673,16653,8674,NA,10594,18318,14067,13917,14698,17358,130,16986,2744,5754,309,6117,10694,15642,11924,4745,949,17549
1110,193,2502,1619,9698,7608,3928,13590,19174,17828,18747,5298,8024,17331,10297,19439,4933,18029,15956,5550,14061,6949,16728,7508,13307,10842
13846,11112,17217,9231,1032,6752,6801,11095,19360,15409,11685,16011,6517,19725,18137,6768,8361,2842,3968,19248,4823,19108,16138,13118,NA,9047,14828,603,17111,NA,17458,7475,9421,9987,2747,11049,9312,6565,1982,5503,18811,18828,896,1161,18333,11697,13794,307,14811,19779,18269,11772,10365,11694,966,11987,2593
3563,13451,15437,14594,4172,18669,9871,16558,16969,378,14491,17844,15123,6601,466,14267,10969,1016,690,6530,1079,262,2670,792,7045,NA,4420,16199,5125,4605,19558,10492,6346,14827,17201,11473,14184,627,14729,14972,3040,14300,14133,3988,6873,1605,16319
2251,11377,11621,14061,6809,7238,9121,11237,14289,1301,1138,12628,11284,12361,NA,5443,1837,16151,13435,16011,11021,18457,10924,13441,14440
18798,10633,14734,19142,3887,748,8905,15669,3496,895,9698,11359,6272,16970,2263,4216,3457,9250,5645,14890,17616,17068,2924,12238,NA,11606,16317,4277,381,12288,14303,NA,10719,13743,5753,6275,NA,3011,17474,3615,15558,NA,10144,NA,8233,3461,11701,11565,19002,12160,16809,6180,12667,13826,9049,9783,8673,17065,NA,12856,4589,8263,NA,9180,NA,1053,372,17761,16695,17592,5060,9888,2690,12645,6581,90,15764,16647,18381
10979,16065,7966,4931,7382,12223,4832,4627,8526,10246,11573,12494,7850,13280,13090,13279,3421,4928,18967,86,18665,12713,16297,8745,2347,91,258,11,19334,528,NA,13954,11260,15668,8523,19311,6716,5927,5049,13678,9638,1241,14934,145,7278,9151,18604,19507,19896
1878,17317,8836,13370,1990,17190,14906,10618,11847,14828,3616,17146,3617,18240,13500,17244,3561,NA,8458,11437,1357,4457,16957,1068,9225,16382,8487,9410,14079,13153,6304,5919,NA,13725,18800,5267,5845,1597,NA,9057,5554,NA,7235,10172,NA,629,15687,17641,10050,18584,1516,9421,15021,10111,10209,4444,4888,19707,10256,NA,9613,19595,5048,17970,18258,18945,10437,17107,16223,NA,1057,14062,5177,19357,12949,19920
3693,18776,14698,14465,13580,19414,2445,8786,1151,14163,527,17192,10618,3020,16848,11187,1730,6274,4454,6784,17597,3821,11611,3900,5452,7927,13445,18053,9479,13129,8176,7027,4074,5936,17629,12465,9520,6568,13330,12917,1744,10736,5731,3919,14519,10256,14207,2990,9097,17813,10224,18141,1334,1931
15238,10600,8949,7985,11620,746,14371,18978,1531,5557,8120,18197,10843,19436,898,NA,16180,820,15233,3310,10964,NA,18021,1013,13991,16422,3284,10281,10513
1165,3733,2888,178,9975,9992,3420,9256,4686,10786,5675,10485,8670,9864,9028,16901,7687,19394,12798,18515,14687,NA,14679,15405,NA,6485,17761,NA,10208,8088,4889,5352,19878,14905,18247,5027,7849,19399,3022,15759,19180,4316,11105,NA,12785,NA,10709,NA,9639,15665,5622,NA,18922,14653,19315,3745,10569,11002,12964,4744,2376,3939,5002,19557,10596,15780,6236,3854,6522,10985,553,16159,4850,19401,15096,16002
5789,16323,5855,7351,19343,18725,1732,15730,10506,19978,5761,9824,9020,17889,NA,7504,14157,17106,8778,18182,16135,2735,12584,5628,3472,6611,12115,9979,12061,1825,13478,6172,8521,8319,6250,NA,8796,11920,4125,12801,NA,521,10985,15792,13776,11701,1532,6121,10576,NA,19208,13741,568,2408,2295,7439,12757,8239,7809,16430,1503
2608,12394,6644,16431,7472,5834,12778,6662,14942,5240,9119,1259,15502,632,739,10694,4566,5172,10814,10174,10939,NA,7501,11920,15165,10790,13372,19777,11490,356,13122,448,6047,4480,1669,5366,13010,6757,8299,7609,5647,10879,18542,18264,4564,10807,NA,2856,591,13614,10673,12476,16037,17857,12553,9211,5050,NA,12824,1290,5542,NA,17811,11105,4432,10889,11828,2504,12143,14746,17112,3694,15073,13762,8716,18707,4551
4931,18980,6307,6691,14136,16944,7822,3333,15616,13146,2462,2736,7104,4507,7703,12557,7866,7888,8150,NA,2025,5294,11620,19729,17699,8466,NA,9254,2292,4891,15603,13078,2887,16004,3326,NA,12025,7671,19961,19611,10584,18893,4995,25,15865,14687,12159,19799,1916,128,1441,10266,17778,17405
13209,8228,1221,15485,5645,9615,5141,11217,3866,8052,12475,18882,2537,16937,1916,NA,12764,11215,NA,3156,11481,19904,10648,5283,8531,18997,16237,11895,2245,2866,10877,11315,17372,16963,14337,11762,12127,17445,4405,429,5925,NA,17884,5776,10337,14611,18997,12653,7956,NA,17916,7628,4601,8533,9819,NA,10648,NA,7146,7869,5554,15360,4610
15908,13632,6149,16359,7551,12996,607,4686,707,15366,19835,2389,13353,15635,9900,8133,12655,NA,11556,1873,15541,12478,16094,15978,11508,14559,15561,7875
18976,5433,11444,14911,12020,3739,14676,18047,6673,540,3573,8978,13632,19824,12502,1741,14663,6500,18694,2693,8618
18935,6695,14054,4310,13340,12964,381,2908,6140,10504,14359,6408,11803,1520,1413,9196,16825,1308,8968,6695,13685,14238,9822,8285,6453,14022,13719,17772,19183,2142,1594,NA,12264,13706,5009,2774,17285,7213,NA,9252,10043,9451,5947,1198,NA,566,3461,16794,7426,19973,17150,17562,5289,15498,1750,2028,5000,12037,NA,13735,14318,15752,15764,6892,8432,492,6808,17449,15903,18327,9167,6164,7316,14258,17943,8841,160,706
17456,14727,18521,18057,4889,12279,13941,2644,16054,4440,1136,607,7356,10356,16481,13195,13567,16838,19313,19176,15351,4317,18078,5286,13547,15924,13539,12403,NA,5137,NA,16511,16650,12459,18294,11458,4314,17180,NA,12515,14913,17560,11980,3858,11445,11500,4321,1473,7171,12054
4770,16880,19226,12114,16731,3582,4133,10846,16915,13951,4137,4228,7346,7789,2329,6732,9643,12547,8523,9111,10018,5380,19264,19823,16278,4759,5242,6778
10462,109,1676,10778,5445,7224,5907,17564,16115,14403,6423,5345,14940,5906,12095,3544,10037,NA,12605,5239,4174,14921,2171,7405,577,12172,16412,12072,16134,10067
9183,19337,5330,13894,13626,18325,19817,8153,16592,10261,6473,12696,NA,6042,427,16450,18501,NA,9477,19469,8271,635,17395,11862,14582,18310,3237,14761,16038,13205,19534,16468,NA,13766,7698,6389,12435,10355,2746,4041,10048,2877,14154,19144
12597,1021,9496,5041,17581,10614,9616,8821,9658,17233,14278,7910,14822,18510,2025,1736,5974,7591,12396,8414,11069,17539,15084,10628,10514,270,15085,NA,10432,5491,8353,2618,11171,13415,9163,NA,11476,9854,6901,4716,6085,15380,18986,2451,5172,3747,6332,3012,16061,8185,8274,2424,6820
14356,10502,869,8430,13988,11967,18570,13406,14432,6079,16294,2711,17080,19359,7446,10243,2929,9507,8347,17154,6284,10799,1472,8227,11404,5362,13678,10793,5755,5139,8212,5,19339,5736,680,14000,11657,5192,9470,10487,16467,NA,15864,806,4098,6724,62,10941,6229,9606,7930,14134,10476,17689,NA,19744,7040,17191,8223,11476,6534
14640,5333,17888,2208,16344,17313,13941,2003,8885,8704,17726,5954,NA,6187,11064,12457,10068,2226,3971,19050,15746,12979,3804,3181,6978,19265,13604,6705,5957,6507,18084,7012,11223,18647,4343,15689,9559,7950,17221,14216,9524
10012,16914,6401,12840,8096,12189,18702,16527,10087,12276,8601,11880,18458,150,16027,11518,13189,14118,8138,9088,2830,6775,6989,6553,3045,13797,1466,15367,10805,3660,3473,9045,9708,15012,4437,10679,17175,12432,4347,12550,12052,13258,573,2527,9464,4064,NA,6831,13366,7042,16696,2765,3575,1060,701,19141,3898,16203,17174,5564,13675,14124,746,10673,864,7887,8906,924,8866,7759,12873,9490
11253,11218,10771,17202,19269,4837,14770,16570,13106,7083,3745,14661,9419,11233,13384,19442,7230,10106,5036,16832,10226,NA,15530,NA,19305,NA,10210,12154,18310,14892,NA,1588,9520,3491,2601,18325,NA,8252,17606,1279,8124,NA,10690,7930,18636,12010,16330,3758,14581,8891,7451,9537,6745,1597,NA,11818,NA,18370,5641,11485,909,8789,10446,10336,10393,12068,16449,6000,1886,11648,NA,8230,19851,7413,17026,9520
11115,9058,3844,10180,4763,12264,15500,18397,10401,16743,15350,NA,5466,6688,NA,16037,13452,NA,9636,19354,NA,7184,14589,6808,2890,9101,13899,1677
