9426,3323,1481,6525,3988,2434,18742,16500,2839,10431,14930,13404,17935,14077,7802,555,2073,1281,11576,13591
17386,10836,6006,8160,8118,8437,7097,16720,16837,5151,2110,5892,3145,3336,534,1496,12647,7682,13791,8268,6709,9047,12826
2198,17222,11298,12207,4792,8374,16365,2496,1084,6993,15712,16025,307,NA,1060,NA,264,4811,19533,1821,16408,2312,12000,14652,41,NA,18482,17877,8275,6781,1772,1792,10198,7094,13981,16606,19170,3912,9508,16096,10822,16062,11318,11886,19789,15927,3720,NA,1732,13033,15254,2065,9826,18256,18992,9849,2083,12813,4551,17833,2637,17222,135,7112,14475
5723,18542,19434,6242,16775,5475,2469,4291,13619,4735,11680,18660,7812,9584,18424,2759,18332,4264,14862,11253,12605,6791,6562,16745,16068,15494,13405,5090,2313,11007,5178,6107,6567,17112,17280,10970,7355,NA,1019,NA,17909,19197,12062,5324,989,9287,5279,13968,16129,5354,12884,5757,18643,3102,5385,15129,8434,19111
12272,4713,2436,4574,11488,15365,5392,7857,11177,19195,11468,9208,7761,NA,7682,8070,NA,12403,19229,9800,13834,7969,16378,7416,13875,15632,9983,8817,580,NA,19429,935,3840,16290,19802,1386,8177,18614,NA,17794,4866,NA,2868,1834,15893,8853,8628,19093,10725,7217,6063,4153,3904,10282,5860,15298,17063,11689,4828,3158,6155,5344,7881,NA,5669,4977,12420,16638,93,8428,16261,7413,11446
8793,11888,17487,7741,6248,6384,1859,7401,15943,5694,242,4772,13453,15111,10253,17394,11080,1107,12078,11169,13111,17720,12656,16386,NA,24,17665,2280,14250,3942,18742,12836,17729,4214,13119,11320,NA,417,7499,19618,13500,1887,19119,12299,NA,8664,7437,2338,15671,17583,19817,10843
15174,6958,7770,545,1520,6624,8242,7139,7649,15802,16479,NA,15339,10225,9017,17888,11337,13273,19294,2807,8552,4108,711,19786,17033,8456,3523,7057,3760,1047,13764,18362,NA,14253,NA,7506,1441,NA,17789,19855,3348,4564,6412,12332,9073,17447,15834,17806,3400,7753,13262,8664,16815
15920,17975,16086,787,16598,66,7238,17241,13749,16849,17094,16815,2169,12802,19143,6930,18473,6599,14908,8324,14905,5010,178,6140,4223,8302,18891,13539,15406,178,NA,13961,543,12472,9292,16646,552,5775,10398,19290,19968,6776
6937,4972,11424,13629,4951,13183,18364,9591,4288,10091,13654,1261,12361,1252,19628,NA,10574,NA,1997,2463,10925,11723,13950,1339,14929
4379,8186,17023,2229,6738,9812,4946,16261,15953,12754,16794,3145,9583,509,7439,NA,17145,12466,4718,5079,5167,1182,13066,7774,6148
16733,9285,17451,16486,11212,17575,3581,6719,13407,2174,7421,822,8021,NA,13344,12810,19899,1557,11571,1975,11908,18191,5019,NA,12659,11362,2234,15454,6910,17427,4917,18783,18526,17685,NA,9796,15953,13801,12067,5663,14308,12566,18962,15206,15638,8661,11764,5966,16682,1820,10209
1120,18538,7532,10220,14973,977,13780,13844,5992,5008,3017,15155,15249,7528,15009,5448,10867,NA,16543,NA,11166,8626,9878,11757,NA,1135,9662,14494,2295,13137,NA,1898,6622,6398,NA,8082,16605,6103,15313,16257
9793,242,19766,19495,10148,19148,4843,2692,3361,14089,18854,NA,16570,6685,10705,6365,12608,16410,NA,9206,NA,17153,489,19005,4699,7216,17776,8242,16402,15898,17430,4202,NA,8941,2076,14051,4274,19507,17768,7529,1330,5452,2873,5339,11577,13902,NA,15065,5608,4571,NA,12358,10580,11702,2166,16282,14350,2731,4669,16103,17918,5985
16948,13003,8276,19623,12050,19630,7790,2062,17546,5827,4206,3213,16589,9192,13972,15808,16351,11304,NA,8126,4686,16291,15372,17765,13898,5742,3008,1652,2134,12169,NA,1169,19329,16884,2077,8813,NA,7265,6585,19958,9784,8336,13952,7944,18716,4732,NA,1324,4503,14981,18839,13971,11777,17529,5896,17250,9153,19617,15110,18783,10365,18250,12293,4550,6164,799,10349,3705
4758,3928,14641,15535,167,182,12971,605,15874,7773,11451,4757,1866,8279,8187,4397,NA,17105,18788,16411,16970,14293,1704,8397,11600,19546,12722,12243,13693,283,18476,12657,8853,6570,3250,16239,16100,11977,7739,8423,10091,4721,2095,2447,4781,18116,11354,3412,13307,8168,3080,10572,NA,10311,NA,2112,14325,2783,13049,4068,2515,15098,14767,15436,12720,13146,5375,10337,9607,8923,5090,19755,NA,3725,16993,2872,18564,920,1735
6575,2208,11530,292,7783,7789,19139,14978,15327,7908,19835,1723,6297,3406,13262,19876,16106,17145,12056,12659,19995,15226,NA,18177,NA,2744,9291,15999,7697,15274,16914,4480,9089,13303,16862
18344,18767,15823,7569,14528,3164,7204,19096,10443,680,130,10808,17636,13280,3875,18029,NA,16445,NA,3335,2834,16526,18037,19720,792,7267
19085,11434,11706,8075,14158,19998,4130,17939,5277,15423,16952,15518,8304,NA,19189,4542,10134,NA,4040,14615,5685,9265,5615,11955,17273,10002,18817,NA,14402,11251,9313,1386,14269,8757,9426,19160,12000,16506,15671,16541,NA,6290,12958,14171,12592,4677,4354,10501,7341,2927,14216,13256,18540,8209,10653,9262
19813,11474,15252,2893,16116,12709,2285,7236,8871,15168,19520,3854,14034,8217,4935,8287,7391,1681,16974,4157,19636,3264,784,14910,15671,NA,5371,13782,8037,16340,14740,2773,18921,14012,6010,3024,19168,16245,NA,7474,NA,16423,24,17471,9514,13804,4147,NA,12906,13985,NA,18410,8490,4668,NA,8872,18042,NA,15163,12413,9345,721,6671,11840,13059,19696,2962,19323,3508,NA,6034,5203,4819,13945,19992,4783
6947,9891,4147,7948,12486,5815,19893,18294,13659,2340,16377,12006,7666,6526,NA,8657,4827,6901,10349,14186,5993,1866,14188,14092,13067,7092,12129,8158,11620,3915,670,1232,18030,NA,16806,4077,13099,12043,9644
7698,6399,16465,1394,13577,7375,12236,2413,4925,19017,12181,7550,11687,15186,4806,10854,3210,3956,19480,17302,6341,19481,5323,14190,4671,2527,1897,3637,2630,2595,10288,7254,10352,4311,5388,7202,8823,9104,19625,15090,3316,17933,18269,NA,8038,11887,4847,2417,NA,1880,16695,1176,NA,17565,9586,12407,13553,14807,3402,1355,9769,14374
15031,14194,14692,10263,11261,13017,15612,14423,14250,13226,18935,9785,11540,8490,NA,10439,NA,7825,13059,13457,10590,15425,11073,NA,5010,17831,18684,NA,18465,3869,157,15287,12395,12400,5320,16397
7639,15690,16204,9531,15776,18510,2357,917,17060,9870,5868,14914,173,10480,16395,NA,5568,12792,14993,17336,302,15617,18209,17166,NA,13279,13438,9237,6753,2001,17655,18646,13313,2591,6309,9827,1896,17552,18669,17540,9283
10503,1128,2613,18960,16763,11234,326,7422,7487,8051,15960,17411,16532,2788,12223,15842,NA,10607,11473,7950,NA,786,11329,14072,18300,15431,8810,2897,16447,10053,9224,13066,11094,6994,2191,13827,1588,2559,NA,5588,6325,11731,8854,7966,NA,7763,17880,NA,10358,4468,16571,525,NA,2533,18963,11631,4107,14263,NA,2682,14918,11008,217,1432,2754,10610,11130
1117,15173,4301,17384,12967,7854,9790,2461,19633,19221,7339,172,NA,8635,6581,18033,10784,3543,3604,4374,6234,12443,8724,NA,15131,8950,11927,8942,3366,NA,19820,18873,3404,7347,NA,16547,8117,NA,16203,3193,9274,3713,10834,12810,NA,4075,11451,1799,11827,50,1140,5229,13176,6755,8720
15182,17629,9203,14474,1020,16608,14654,1652,18965,8851,2928,1275,1778,12674,5792,16727,7616,NA,6167,1392,12931,16433,1271,14003,NA,2154,NA,9540,6343,19824,NA,9051,2665,7320,229,8060,9510,15065,14853,9411,1458,16591,5835,NA,11378,12113,5699,13784,10087,11376,17378,33,12738,2581,18499,14485,17060,9955,11516,9256,12839
5158,6269,12764,19704,16595,17302,3454,14332,10154,18686,3402,5765,19135,2227,11639,6445,NA,7716,18353,6415,6024,3166,11127,17142,7975,3604,1707,16965,14411,7288,17349,NA,12324,10107,6535,16174,19411,NA,14397,NA,19019,14124,17319,16276,974,4410,17177,11442,NA,13042,17247,16088,13056,14732,7672
13660,16141,13510,1413,9679,3869,15296,11683,10906,3066,2353,15804,13624,16908,2376,265,19245,17010,NA,7649,8476,8159,16735,63,18900,14508
6748,4568,12616,15860,7872,16825,18257,10469,1250,29,9265,4156,3254,3470,156,18204,19945,11190,19642,4493,12948,16821,13922,1992,13956,5954,19782,16737,11791,17017,19612,8463,12385,6063,10353,11228,6063,4526,6090,9273,11392,1734,1766,158,19198,10439,13330,11209,NA,13166,16731,9590,15557,NA,832,12943,16365,NA,7481,NA,6714,NA,4958,3434,14310,17261,8333,2812,7174,17650,17480,17749,14652,16558,9446
13076,17381,6470,15258,6295,166,7002,6980,13180,13868,5922,NA,7856,11127,4623,10839,8837,17982,16630,16588,NA,10461,9968,12574,382,1200,15435,16684,3152,12419,6090,14914,7395,17540,2042,11948,12319
15473,10864,14098,2042,6585,6831,7921,17598,12358,17347,9837,8996,1917,14322,3544,3592,12159,3067,15013,13044,1993,6937,12785,700,8811,8396
12507,2399,1567,3061,7135,4335,14660,18400,10709,12800,6255,11441,17703,9650,7963,NA,2161,14515,4817,16511,3494,10070,4038,7388,9556,19941,2026,13984,3695,15275,16505
500,18671,18668,18915,13231,6979,1303,993,5997,19436,5301,7288,19054,NA,1793,10597,13062,NA,18997,16857,4579,9310,5365,15120,1063,1350,19987,19682,2620,19204,4341,17603,17409,8955,5406,17370,5795
11385,7443,6904,13552,1458,8938,5914,11481,17858,16933,2372,1199,11211,NA,2094,13891,16252,11009,NA,13062,13252,NA,13680,525,NA,19792,12703,14602,16895,17145,NA,13260,3644,14376,NA,11846,6176,13478,16726,19581,15457,16400,12318,19610,4800,15793
13947,9336,11851,13665,11467,15028,13279,6144,12453,16185,13503,NA,7022,3048,3010,13892,11220,471,18701,14390,NA,1776,11535,14767,11198,10704,4355,15993,11063,16173,7746,7768,18370,NA,7772,4999,1194,13511,8398,NA,12884,6826,NA,15261,8374,8420,17886,9560,4301
1299,15862,11264,7293,15619,12516,11793,9170,14984,5028,7426,58,5078,6621,18807,1540,9934,9527,NA,17249,17205,6955,835,2240,4939,4460,15971,13907,7346,11529,1118,1325,4602,19633,16732,11315,16341,17474,NA,5822,4829,18290,2042,11968,6307,14899,11250,18797,NA,1350,18820,17262,14679,11384,10918,4413,18956,18604,9514,13185,10836,11579,8470,15246,19673,9438,14478,16977,17555,5325,10271,3300,13175,16760,8654,4659,11322
9575,2957,14477,1025,12553,17568,9299,4464,931,14076,19455,11763,14230,14893,1085,11240,NA,15999,1902,4936,18449,18973,6303,5434,15748,19110,9005,6190,8910,2799,3823,12383,7701,NA,11325,6006,7768,5163,993,4061,7275,6113,9402,14820,14629,8292,9643
8192,17444,14979,18536,1637,14000,16240,17700,14298,9009,10565,2138,19435,NA,3084,14312,13363,10363,16102,17863,17727,6454,9369,4102,18121,18194,16012,9589,6168,4621,10766,NA,2626,NA,6660,10513,11415,252,NA,17473,11105,NA,6679,NA,15951,4114,16199,14468,7609,4215,NA,13160,17092,5505,4025,2501,2475,14305,18454,2332,1825,17481,11073,19585,5669,16215,516,10033,NA,19989,NA,8543,14270,1006,10386,9018,17
18152,12099,19478,15274,9983,12820,15633,18800,1036,19715,5846,13146,11121,13857,6727,15952,17910,11389,14842,13970
5093,15768,8704,1820,15687,11129,10400,6246,13618,12149,12982,NA,11793,9925,8057,5822,6628,3600,5774,NA,16992,19193,9832,12357,17630,16251,17967,5768,4939,NA,17532,15234,NA,8464,17716,6970,10350,625,13767,14261,3697,597,10917,280,8440,10237,8202,NA,12770,13435,851,10199,18881,17982,15266,6287,NA,8350,6924,10477,4323,9446,17652,9454,5835,15001,7693,16565,10192,13067,18923,17745,2968,4858
6351,15342,5636,5936,3259,11265,13234,5119,4222,5762,16164,NA,15886,7191,5400,NA,19630,16837,17196,19721,12023,19871,NA,18441,17630,1002,NA,16151,NA,5042,3294,10679,17316,NA,13915,1944,11507,7691,4812,9827,6444,17057,19210
9035,9526,7474,19825,5704,6967,3363,14044,6057,1416,17917,2298,13907,10834,18724,15910,9687,2482,19541,6396,4232,6884,19813,19254,NA,15915,6750,3702,3131,NA,17572,14508,2837,19419,3893,12958,14483,3736,1429,5892,11798,14794,14550,16183,4655,NA,16392,16472,5371,11332,945,17559,1672,689,8649,3135,8886,16669,14151,4002,1052,NA,17969,12464,11947,15915,18540,9205
2958,4982,17753,16767,19334,19545,12329,1900,3906,11373,11419,10040,18066,NA,13735,4784,5657,3391,NA,12798,3967,15929,4643,13801,3643,7573,12358,NA,15012,13876,18171,12117,18039,4324,17657,19371,1776,2859,5621,19541,8283,4177,NA,14197,16738,NA,13921,17096,7543,403,18598,928,16049,15569,15496,10349,12705,1491,16960,10320,18470,9755,471,17960,7549,7782,9974,17960,2979,9524,3675
8732,1680,1843,6334,570,12851,3306,4333,4587,11740,2198,19321,NA,17242,618,3280,NA,7212,NA,4694,18103,4551,1287,2765,9533,3740,2539,3894,11527,10955,3587,4500,5634,12523,15439,9611,11342,2735,18993,174,8155,4909,17633,16139,NA,14921,14043,NA,16507,10237,9437,7705,506,1846,18242,7971,5132,17830,14544
2501,5021,12839,17549,2986,3599,8923,7686,809,920,17862,17226,NA,19101,2834,3441,11928,3906,7821,15655,17453,4934,6171,719,16975,18925,3399,2817,3140,16288,2443,NA,17860,6679,17894,17059,11197,NA,3885,13266,NA,19684,8813,17810,9196,18472,2062,10551,11604,19693,17438,11543,17200,11246,2940,9880,1710,2815,4300,15443,9937,1829,19482,18194,7944,15832,14223,14392,15880,12787,5798,15948,19678,7366,7027,16294,8636,3506,14058
12205,16846,2663,12758,10366,19862,7657,8530,7978,17492,13312,6364,6132,1216,18116,NA,7404,4277,11047,NA,9254,NA,11018,6693,1799,18411,NA,16299,18161,8398,2196,12244,699,3857,18815,737,3954,10391,11198,13550,1281,7724,18997,6074,4557
9052,7389,13010,8316,1246,18050,13633,11799,7914,5581,18016,10280,10673,7763,5131,NA,18967,13010,NA,3642,14163,3468,18210,7895,12770,19645,16369,11667,1566,9238,11798,NA,13994,8404,2251,14053,17019,6908,16372,6274,7452,1098,9717,16309,6385,18651,0,12884,10817,19538,NA,14778,16744,8559,9257,NA,19045,NA,11582,NA,8281,17128,9807,4530,17201
8631,9530,1074,3846,7673,13236,3434,16801,8917,10076,12487,2353,16456,12952,10069,3688,4493,5799,7814,18890,12075,5201,10531,1578,1247,19155,9366,5197,13075,872,3986,13063,NA,14617,10726,18174,13291,NA,8025,5155,16529,10750,10043,17066,2208,6055,10405,2209,3485,10217,10221,5638,11472,16997,4823,7498,673,18251,2191,693,14513,17799,14321,2186,5571
19182,17361,9437,18298,7569,1511,11315,16581,10273,18821,14915,1887,14372,14650,5734,6422,13596,3742,6613,5486,15512,13234,15295,16940,17688,9429,2420,10074,2050,10703,13431,6674,NA,13112,19032,NA,8073,13197,9901,9158,12063,16970,17221,19037,626,1086,14522,NA,8002,6867,16918,8155,5965,7009,12821,8481,15195
15362,19048,6396,813,7083,18774,2633,870,1013,12924,7202,12515,16443,13500,15343,17218,7782,12750,14519,16093,11063,5450,3477,1317,16882
5123,13161,15684,19111,11822,17697,2480,15421,8670,11242,10042,18107,0,19981,17920,13818,13074,11697,18259,8726,5528,4043,NA,1663,19506,10762,13788,4452,11702,2890,16713,7337,18187,5164,18336,5403,7197,13881,15329,17726,8504,15181,4376,12151,10537,9926,16731,3957,NA,16256,10986,2876,18562,18718,6183,6483
6374,16485,17216,7353,5222,19400,957,3084,4860,8625,14856,15347,18791,NA,6969,7737,12794,12218,1643,5315,NA,19763,NA,258,18944,2268,8235,6352,271,13025,193,5424,19894,7603,19439,10438,16613,15260,17894,1044,8688,1399,19447,4320,12379,7935,16521,16195,18217,498,18600,NA,2166,NA,17340,3686,NA,12496,12389,5250,13821,8933,17825,4850,8784,8675,10789
3265,14904,7460,897,16307,9681,1871,962,5595,10758,5969,NA,12084,NA,17165,11725,12230,16390,13551,14911,15597
4862,2728,8658,9022,3198,8570,18841,13913,4334,12254,11412,17447,9650,651,11339,10970,16911,9316,3779,17227,17411,7343,17339,12646,NA,19086,5837,1403,12771,1033,1297,13769,12015,4096,2731,10342,12126,9959,5822,5872,693,3008,15158,17417,10920,9030,7775,7714,6776,19122,16302,3750,6753
9780,15510,14637,10036,16723,5530,7985,17301,8692,9189,16834,11925,3797,8077,8192,NA,11631,11152,15082,18585,14278,2423,19783,19,17645,19969,14574,3057,9267,2722,4265,10787,15302
5090,14345,7026,16182,6193,865,7336,7508,19239,1807,16466,4334,2150,11700,3690,287,17455,15662,10979,NA,4596,1333,14321,10409,7893,9330,15951,19787,5563,NA,10884,16577,NA,1310,8626,NA,1475,2343,16753,76,3609,10719,15518,NA,6087,348,4370,NA,8325,12945,18140,7609,10641,12324,7270,13271,NA,9892,7054,1679,2771,4954
3530,8439,13171,9807,6878,9965,12892,13708,12757,16469,10202,NA,4124,16022,9674,8164,12567,2773,17239,3500,18952
19944,10128,12764,11158,14709,14850,18644,405,16803,2753,8398,19368,13065,9482,5147,18921,16016,16178,2674,9521,4262,3754,11743,11120,5843,10198,16178,16690,8982,6514,9125,10830,14576,18325,9463,18027,8898
4039,19345,2028,5142,4155,13707,6822,7443,11254,13431,10524,9687,782,9884,2599,65,11943,14746,9001,15229,12908,8944,10651,16505,17473,11570,4006,10596,10017,5902,18499,NA,6427,19510,18911,13842,8333,10976,1979,NA,8839,18362,395,12661,15318,NA,15576,344,11837,10909,13252,14362,10562,10498,16035,19591,3410,NA,8891,4495,3903,9457,5090,7643,19037,NA,2528,2491,2003,17616,18753,13717
4259,6404,17299,7068,2887,5476,9958,6226,15461,5326,1911,9408,15500,5225,NA,18467,15798,91,3320,14849,5970,18169,5294,15219,13360,5978,6921,3507,16411,12636,6166,5078,NA,6698,15562,18016,12309,15059,11947,1604,6405,1062,4614,5635,19430,8559,1087,18391,14464,3790,4390,10507,15353,NA,8610,139,3492,3793,17590,2258,2269,12754,4604,19821,9136,12825
6978,2239,19284,8648,9251,7145,12882,10169,13612,12984,1097,16967,1532,14304,15758,5219,12915,11147,7460,NA,8384,19403,19252,17193,14700,11415,2160,7489,1237,NA,15692,13389,11203,NA,1988,14315,19991,18406,193,18989,10381,18916,12093,2174,12297,11442,14956,17202,NA,18120,6970,14061,11048,16523,NA,1986,769,5294,16508,11475,11868,7057,12779,5836,1555,12428,2512,11210,1213
3925,6995,2215,18755,9335,4957,3114,1861,17776,9283,2044,2853,18565,2561,9356,14384,3691,6504,18329,NA,6692,5458,19247,12305,18091,NA,820,1745,11403,3597,NA,13717,18927,19072,3288,11033,5477,11101,14477,16891,19918,18096,14018,5488,14282,13809,19934,15557,8998
17615,1326,17631,16936,14026,18812,11058,15860,5979,8437,7384,17853,1716,2257,13075,NA,13809,16418,19245,13391,53,2720,19518,7447,12848,14301,614,4258,11930,6794,NA,6139,17121,12692,6470,6509,620,9615,14423,11535,13696,12679,14827,8912,11869,18107,NA,1012,13230,5730,7530,9238,9329,17342,16727,16800,10225
2964,17827,11122,929,7131,11720,17465,14496,4605,15937,8643,7225,1516,NA,13592,8011,4799,5358,12582,17627,16270,16357,NA,5195,NA,13417,14366,18139,18305,10549,9476,5473,1605,19861,8984,1383,4166,1926,NA,7514,19840,2754,13880,7372,17770,12012,10152,7799,351,17598,6679,17552,11904,11920,16560,15467,1119,19225,13344,14348,18052,11388,NA,8437,11206,1254,10506,14152
3702,7172,2795,13377,6187,16012,16319,5884,8826,3286,1699,3838,17842,15734,16768,2280,993,17745,8543,3285,14434,18653,1511,NA,16265,3585,18067,4243,16707,18928,18418,12230,10352,13317,2324,8379
3800,4958,1052,18584,13369,14988,15714,13586,4052,13162,16879,4696,12142,8510,9041,11515,3130,16920,4650,NA,7841,12865,17549,8477,11861,15807,4612,NA,6355,9530,9226,10516,8662,1458,931,14797,952,14916,7562,9893,16588,18919,14537,11083,12583,9897,19153,8581,972,12143,14638,15470,6075,13343,4329,7546,17048,6662,16035,15073,16917,6931,19351,NA,1592,17665,13739,18204,5576
6797,3728,15762,6517,6673,15560,3799,17554,9007,3063,13436,NA,8996,11911,13626,1740,14838,6942,NA,9403,NA,17008,15455,5593,4423,9636,9802,7022,4155
17003,18346,10385,10227,11223,5507,11388,5505,15769,8437,7251,4995,9415,13998,18025,12321,14212,2585,7345,10288,4303,NA,7027,4499,8038,2322,18445,NA,14680,14376,9088,3724,19704,17314
7138,12330,6925,10432,3547,16938,12096,19982,19091,3417,2376,14981,18483,18620,2469,11725,3641,17415,11109,19233,14520,12059,NA,2114,10446,NA,6403,2617,11150,16869,7511,4637,7272,11634,NA,6213,16135,2428,18110,NA,14389,12103,1382,17825,16575,6261,5170,13546,17629,12514,1529,12008,14638,17940,1773,18363,5749,15379,12483,17623,202,3849,4767
7660,9427,2701,19730,13445,12717,10382,13805,7036,163,4305,14575,12672,110,NA,14969,17431,9709,18355,6393,4442,15636,12271,18975,9960,NA,1276,5280,15912,13991,10725,NA,16580,13163,5550,13771,12241,19998,4228,9937,2272,9902,3234,NA,13304,NA,17704,2584,17103,19918,14550,5939,16877,13141,7604,1840,10275,18133,7918,2394,12850,12768
16648,355,3475,12590,2450,2401,14431,18216,19374,9337,19440,11791,984,5153,12305,1957,3193,18597,7477,14070,9836,18997,12878,16451,13371,8504,15383,9090,9802
24,4710,16390,5424,2822,19837,9160,6993,12888,12007,16062,NA,11717,13429,11829,NA,6181,NA,3188,19147,16098,11886,13174,1,8217,344,9938,NA,1533,7044,12351,9236,4852,4364,19893,16123,6907,3722,16785,812,2884,13872,4144,19392,14582,6000,6442,2511,17404,2394,14342,624,7653,5089,1773,1713,12774,15084,4910,430
3871,230,3750,12521,11019,16448,8317,14931,14760,6919,12953,16593,12329,12422,16867,15804,10806,7459,18896,11483,NA,1021,6275,18565,14492,14520,2233,NA,2029,662,16023,13430,12774,3640,842,4212,9549,11360,3637,10064,17412,14235,19316
238,16076,6776,16593,8040,4237,7416,4575,15897,13206,11061,NA,19543,7989,7869,6669,5368,11385,10962,11503,465,19932,5911,15479,13512,18169,3205,6195,5577,10118,5702,813,12081,11648,6291,10669
10391,11060,13035,18248,6129,15157,18309,10261,19985,18819,13284,6330,18626,16682,5576,NA,19535,11270,12805,16626,8474
4689,17486,15270,1989,1419,17580,14172,8146,911,9756,6927,1113,18630,18178,18010,1515,14280,2985,693,9237,2429,924,NA,10614,703,4985,12840,2514
478,9529,11593,1748,2688,18573,17321,5700,14598,6026,9867,12994,7793,NA,6238,14132,7253,1674,1489,NA,13,12659,14637,1483,4994,9230,NA,7898,19192,2793,11402,NA,7166,5082,1173,1476,7229,8726,NA,17299,5992,11525,11783,4260,10745,11874,19072,13559,2544,7129,17078,1814,5529,8959,2120,8919,9883,144
6162,2992,19252,4084,9874,619,19659,13807,5902,1010,6138,6820,NA,8511,18657,18738,2637,4243,6292,5447,10468,9254,13987,8212,1511,8476,15302,14387,5267,19339,14318,NA,19757,7530,19541,6328,NA,2173,13599,4248,8364,19390,2912,NA,5414,10894,3128,NA,5017,7865,10818,9821,10459,2969,7079,7574,9107,8121,4212
