12130,126,6073,7906,14599,19828,7925,12919,6613,2446,15579,7407,3669,18405,17377,12659,1546,8023,10855,10328,3018,NA,13929,5858,10380,6887,NA,1964,6108,972,14693,15300,NA,14981,16771,7860,3273,8616,8683,9546,5302,8751,13106,4454,14604,19197,18842,14654,14511,10722,8259,17376,16788,3929,877,2295,18821,18747,2363,5165,14623,3016
17152,5348,10341,16548,3045,4012,18368,18709,17148,14128,10564,18297,15623,8283,16131,3432,19213,7374,10544,8980,187,8356,16627,9551,8422,19784,15890,13294,7424,9273,5861,NA,4243,8398,1982,10586,19594,10489,10824,5427,8613
11017,5032,19268,5782,2209,13910,3496,8032,14490,13891,17727,17806,2311,NA,7361,3477,19029,17807,NA,2621,10817,12651,3421,18925,13352,1352,15111,3442,1291,4136,861,2131,3175,596,6395,4254,14099,15342,18645,16088,15597,15862,18618,4226,2431,395,18375,6310,13349,1429,19475,18864,3207,9328,1536,1589,12254,5005,15691,NA,1947,9287,15674,NA,15261,9730,6044,NA,3175,11498,7365,13696,11332,16874,14778,18468,6290,8189
19358,16886,6360,4021,8946,6006,17350,11200,18017,11537,13192,3011,5382,731,5832,14605,15923,10257,16198,17961,11637,10477,19431,2143
14362,1142,17860,2498,1543,16871,10560,6850,7268,4541,10474,2233,6470,10071,15924,13362,3355,1753,10434,15600,16172,17256,8884,800
19573,5092,7945,1939,3635,16965,13483,16290,11709,9664,14353,13212,1856,11322,16452,10918,NA,16287,3112,10130,15300,18632,2547,10576,15634,7882,574,18077,NA,2960,12300,19786,2273,18111,NA,13139,17186,8063,9392,19544,17498,15364,2598,3570,2205,18684,552,NA,7822,8822,2304,5406,3487,14283,562,6690,NA,6350,4109,19475,6249,3320,8315,2074,NA,3723,18783,6378,6845,9015,2789,11534,16921,758,9418,6816,19412,1893,1106
8797,13724,12908,2676,13992,3500,6065,1636,3733,4191,920,3555,1007,14689,16966,19183,16074,19812,13471,13049,6767,7705,16396,6714,4534,13892,576,6761,3958,9692,13967,9737,7193,12226,1057,19856,6561,19209,2702,7078,2147,8262,NA,14859,16090,500,NA,17088,7461,19403,15495,7701,NA,5494,1113,14441,NA,18132,14137,19780,19163,8198,3761,18444,3361
9003,11105,7997,12277,4327,3429,12976,17841,3441,7404,10288,13743,NA,2985,5873,1631,5850,2430,2867,13061,1432,11712,4718,9396,18813,16430,10870,18946,7021,18529,1261,3659,NA,17583,16422,NA,19862,5823,16657,15734,16947,18528,NA,19384,6241,5562,9577,10967,8379,15611,15975
251,15265,4856,8389,5119,11336,12802,1285,18995,12807,8534,3927,4661,14014,NA,8913,20000,3484,8285,3980,2060,18743,7614,4401,4716,111,16422,10177,17459,15921,1042,14065,13107,11682,11944,5056
8169,2210,7239,16392,1697,2377,10911,10688,3985,4238,1930,13516,18521,12723,15470,12223,8109,5361,18931,4690,12003,11372,13936,17121,13352,2362,3049,7934,14832,14284,NA,17346,3697,8320,NA,3642,7599,6722,7997,8947,NA,5217,10109,3713,7722,6179,NA,1045,16978,15346,15727,17715,19129,5665,4889,6706,4001
12222,14267,19893,2748,8123,380,6335,17327,4302,2218,10297,4457,13418,4994,7032,201,11334,907,4307,6661,14136,4838,12968,15171,8145,1686,5499,10720,3814,336,19934,14705,10627,14964
4959,2508,16106,5019,15564,14624,14485,16159,207,3641,6,14377,12000,11924,12729,7014,11483,13937,12532,NA,17810,7182,18680,1505,NA,6090,15083,1397,1644,5120,6221,12769,1957,11850,3484,6678,5646,NA,2951,11995,18127,NA,16621,1072,6033,19394,5148,2084
582,11402,4410,18283,14928,14833,6489,7046,19288,18017,9508,NA,9500,19274,16397,18031,19196,7454,NA,14550,894,18064,18619,11452,NA,13285,15604,9741,9095,8510,1813,2752,15656,13336,13322,1437,19597,14012,13319,13071
13173,1901,10150,11878,14267,398,10967,2653,16039,9365,11409,16025,4945,15771,NA,7757,6531,17248,5892,18511,11790,9230,NA,11339,13264,18167,5938,13765,801,450,12740,10640,NA,9074,12641,13865,9240,19400,5673,13296,10158,12095,3757,3462,10680,NA,9922,3734,168,17785,16809,19431,7314,4804,90
3354,3018,17297,2237,6315,6900,12997,16859,9983,5559,7958,11428,6436,531,9283,3007,1381,3145,1696,11113,7384,19464,304,11875,7794,13463,15799,10079,11286,11468,14094,150,10249,4541
12575,15323,13580,3748,14880,11843,13150,17352,4476,1071,3441,7404,9304,5401,10689,6054,13543,12360,15336,12631,9700,19174,2448,13147,249,11431,6325,6806,1044,12414,NA,12172,12501,17459,8003,NA,12823,11104,14811,NA,13598,NA,2549,12248,19814,13655,19666,7292
3974,12909,6598,10267,14707,18919,5745,14482,13713,3925,7152,15592,7974,9426,2157,5256,951,17696,10370,10797,11672,4546,15833,7527,2815,9513,2350,11590,18898,7735,NA,11274,NA,17620,2056,9254,18907,1022,9265,6994,1650,18227,4282,14631
6333,19335,3213,12576,10044,3073,18439,15881,11588,9724,4476,7957,7239,13928,13131,8433,14503,12340,NA,571,17004,6278,8047,3172,18999,10934,812,4654,2503,9949,7282,912,16255,18505,NA,8187,9517,14542,5407,14983,4429,10079,6045,8448,4598,18915,9608,9320,3213
3768,11204,6197,719,12725,1255,4752,4041,16685,8364,12142,8116,8730,11901,5849,17099,8472,4472,5603,10099,17733,10943,14471,7964,18451,18713,14446,6950,12951,11955,11933,487,2670,11954,7414,12497,2258,18942,8649,8504,5673,7753,12834,13650,5894,10225,10234,17366,2382,19850,NA,8287,18462,15965,748,16760,10114,709,16068,5779,11614,12059,11476,15917
14319,2685,6676,2774,2217,3251,6152,4042,11239,19951,6585,12457,3279,1759,10816,11630,10292,14564,10184,7452,602,NA,8126,14778,13393,11399,2151,19565,NA,6361,58,15219,11298,7659,5992,17767,3267,14168,NA,14013,NA,5940,NA,6431,12609,19507,3701,19625,19987,19800,8159,13372,667,15562,9081,18951,12453
19532,11978,171,9366,6770,8158,10811,4315,12944,14243,18306,13516,14636,10729,7735,11031,11016,15946,11443,1832,2237,9603,19867,3875,2664,11417,6056,12722,12525,13726,16581,9989
11037,11994,8596,19338,10968,121,18147,5769,6504,5727,9499,11584,3637,13784,8220,18185,1679,1970,16675,16555,19211,9278,19861,17212,15408,13816,2983,11869,4614,NA,8590,17133,9108,16069,979,NA,16964,19854,5208,6046,4900,5427,96,257,13720,7154,NA,2580,4215,NA,14433,NA,10874,10060,17579,8743,6088,5379,3287
2886,4632,14111,7366,2327,13006,8702,1062,1133,4717,5569,8785,18738,16165,NA,10442,6651,19892,12572,12580,18351,11924,1161,18800,588,4649,2676,19595
5630,17568,7325,18807,13607,1085,16825,13064,10293,813,4665,13389,NA,15170,NA,4363,7448,13692,1813,7002,5248,4547,17439,NA,2778,NA,7876,13948,3585,2238,5263,3574,8003,NA,13802,3251,10875,181,1741,12845,8121,9485,NA,19186,NA,8886,5448,16993,8335,543,8273,6205,12078,15117,18287,5089,18532,19563,11153,18015,14302,9675,NA,19735,1401,8375,16223,3331,19029,17485,7010,4278,16708,3875,16112,3632,6213,18916
541,4584,264,11689,19931,15638,19244,3896,14256,8706,19485,13506,6650,1337,1430,15634,2221,8569,2175,5035,19925,4214,13311,8211,9372,2343,11616,15536,12563,788,15726,13497,10854,19656
16971,7760,17088,7318,10089,11041,12334,2731,17444,11004,1425,14039,19285,14616,10192,7180,9124,7324,14707,10957,17656,4097,3811,9585,5556,11254,8919,2999,11942,2177,19077,6688,17398,17589,6116,12276,NA,15658,14970,5211,6687,NA,17787,16065,3237,9958,NA,2917,12352,838,16456,3270,3645,16136,8565,15343,601
16977,8001,13469,10878,13906,7486,3780,12393,14098,16544,11529,6689,7877,1688,NA,6138,17134,4762,NA,5307,2818,NA,2453,3658,11394,13847,3705,5586,549,5247,16926,NA,19,14377,16875,6676,1687,NA,12874,14689,16458,1185,8292,15351,14857,7717,8861,11358,4110,1085,4101,11288,7509,6623,5954,9309,15968,NA,15056,4038,NA,6834,17817,3134,14859,4673,7720,12080,16041,2859,13219,10331,212
6732,19117,16310,6430,10747,10757,356,6239,4855,4497,18885,12384,17733,18359,NA,5135,2775,9545,6565,6530,7182,17696,NA,15361,13900,294,4466,18238,1453,19661,14128,5215,17621,6936,8986,3955,11468,18000,15719,NA,3895,2241,9540,8255,2688,NA,15618,5880,15554,142,16251,1865,5379,17947,11377,7068,2109,10086,19583,NA,13138,15293,14965,13623,842,15443,15538,4271,3888
10569,18379,2714,2790,2256,8378,12251,171,8243,17225,11600,14640,10041,10341,5737,18951,11378,18297,18159,6539,7853,98,NA,557,15734,19390,NA,17826,14985,7970,11956,6420,7280,18148,19700,10397,3951,18049,17245,5701,10558,7816,15050,4588,11282,832,17618,7105,7120,NA,325,14862,298,16177,1405,13153,19140,852,9657,9523,12406,6152,15862,865,8095,13011,555,16626
2915,3376,11872,15741,18889,2474,19438,18943,5902,5214,6157,4932,8946,5201,1409,17974,3483,17477,NA,6997,16470,17153,6151,14806,5506,7512,18040,16964,2583,3677,6726,NA,1997,12167,13111,18393,11486,1844,9302,2654,2327,16574,526,4309,12369,19159,NA,6957,19815,13302,18428,19472,18873,5962,11713,4462,NA,19933,8045,18825,11003,3611
795,17649,5982,14454,19512,11532,9466,12019,3929,19634,14475,13972,3236,17905,8139,13552,11034,3902,19388,15706,11601,16558,12028,15386,15404,583,18056,18582,15424,14297,13838,3959,14255,4644,NA,1487,3798,12491,16967,3521,6343,5233,NA,15216,18597,4938,16900,13929,5363,9321,13956,16236,55,1274,12185,12651,7066,11806,14615,19213,7261,17797,11756,5583,11657,13056,13098,16826,10055,12356,NA,8206,19784,19071,14634,5623,15905,10451,15067
14776,17084,1301,9505,7822,7953,4118,19415,15434,498,2608,11053,667,6877,3014,7803,11857,18078,18767,16444,2986,12433,11833,19307,19566,4509,NA,13137,17722,8826,NA,417,12842,13800,14542,16576,2817,6247,8159
9126,16331,11561,13877,2792,15450,9202,16657,17563,4848,199,NA,15120,14005,14072,9472,13304,1038,2125,19351,19581,10827,12285,12994,3807,3170,18798,14496,17913
10334,14392,13322,15364,2742,244,1350,14636,14879,9891,19415,869,18171,NA,824,3272,496,11802,1652,9873,8838,4856,17770
19055,4099,3230,16330,10511,11950,14286,1735,11585,16460,12580,13244,14022,NA,15616,3786,NA,16934,4452,NA,16777,NA,6440,16524,3330,11001,3093,6855,8057,205,1623,9819,17437,16643,NA,12827,17752,13356,9228,7840,11841,11134,14328,14334,7481,1836,14810,NA,18065,19584,2711,9038,9702,12363,18875,9398,15641
17963,12124,18396,8584,8850,15882,14751,12671,6007,15036,11572,2913,7288,699,130,5433,5960,17937,17602,NA,9131,12169,NA,8210,3779,9784,11006,8640,8490,7805,11065,8467
12393,19898,5317,8778,5286,19090,16081,13066,5348,15470,5972,2624,3159,5899,15685,18591,5594,13103,17117,17647,14186,16862,964,6057,NA,1231,13083,13661,14114,10070,14699,13392,5486,6824,8864,2516,4981,13366,13316,4940,NA,16403,NA,4646,9295,1849,11423,8850
4552,19694,3583,1955,19466,10390,3700,10326,11310,7236,11012,39,NA,15360,3643,4672,5293,6593,10531,14845,11519,10359,5040,8949,17642,8331,12129,3132,7385,6746,2446,15247,4281,14201,2316,1276,NA,654,7786,547,18566,11872,9598,2089,2807,10022,NA,3480,15820,14168,13457,9681,13210,17533,6836,19354,14618,4834,NA,14055,NA,4904,17652,8568,3823,5649,2380,14030,4654,8854,15121,10744,3646,13321,17194,16313,2938,14799
12743,12516,9661,6090,1504,2919,6811,4784,7034,4868,17688,14246,8618,14397,17930,7801,1403,6502,1025,3806,9338,2414,1454,1914,17991,1222
11024,2564,5530,1590,3843,7696,19735,13420,9024,12233,6367,14429,1501,NA,12505,4579,6087,10444,16926,442,11511,17592,4408,18584,NA,13166,13868,9875,15844,19535,11451,11247,8265,14898,18129,NA,11216,NA,16429,19708,NA,12815,8592,5926,17695,16040,3059,11480,5602,10863,15389,5914,5002,10181
14157,15987,10647,15138,2168,17455,14667,377,10538,5402,6711,16864,11108,13481,960,NA,8126,19380,5645,18262,11054,10532,12999,13282,11071
12807,13915,13065,5199,18644,9587,14126,18561,12375,16118,1034,6442,15524,7802,NA,19416,980,14253,6090,11220,14467,4965,6317,15380,16240,15729,14387,7387
13984,10975,7862,8708,10354,14524,1762,12816,5891,17203,15495,10010,11290,12018,17247,17434,13869,12287,17311,18058,NA,4388,7181,1143,17926,18752,16039,15300,7989,2302,8192,12846,7157,NA,13658,3197,10210,12536,8275
3715,12002,18643,8420,4247,14294,2803,1799,17989,19402,5770,8786,18391,10772,3562,NA,823,4646,19314,NA,6552,NA,5038,12606,5738,5349,18379,10935,9237
18779,14307,2103,9051,14850,7291,15768,10325,1158,6456,9641,1985,7816,8686,16998,7174,11596,15571,12523,18083,NA,9963,7914,4742,7016,7061,3963,8347,331,15537,4697,1289,2571,14324,NA,3743,18970,13464,1833,12233,13349,NA,9610,15843,5931,17076,15348,10471,18389,18332,2852,8523,8433
15738,10907,5995,6996,4367,7290,6875,2126,17548,5829,14435,14351,12041,18027,5870,9843,13576,6366,5036,8353,NA,17200,3142,1451,8931,16780,15116,14463,148
14119,789,18424,2283,675,14753,15935,11974,3780,1270,4479,16071,19639,10812,18933,15779,4803,4669,NA,19468,19410,7232,13411,16174,3460,11037,4609
15733,6413,11843,15440,10329,17515,15404,67,3576,4511,15499,3420,9436,14929,17870,7438,14235,12388,12512,10931,10250,NA,7973,17742,5105,11905,NA,8377,14664,NA,11531,9048,17330,6638,14974,8695,18075,16977,15776,15043,12618,125,10089,12774,437,NA,10281,2526,13874,5835,10732,11645,3044,5779,9358,11816,10525,6041,18770,3378,14578,2933,16431,NA,14479,3830,10667,4857,6183,18536,16183,14643,10084,13177,15222,7383,10134,11472,3175
9599,3706,17063,5053,11747,1136,783,17765,8585,17190,10883,16681,9017,18736,6437,9121,17058,6697,4411,16967,4429,NA,7602,2490,NA,19800,3657,10320,11035,NA,1735,8166,15128,4055,18459,1136,6643,18686,1439,1363,19874,16164,2834,NA,11572,5983,11917,9701,13560,6825,15570,4731,828,17418,17828,6636,3497,11051,15960,12793,7571,6683,18258
16481,9026,4096,19513,16760,2288,7636,7829,18938,15084,13184,NA,7998,688,9540,NA,3702,19155,11563,1889,19501,13688,19487,9592,7822,6524,8646,781,15637,16142,13027,16789,5885,NA,18420,8327,2365,19261,15626,7665,8748,3290
17140,7605,984,14015,10407,4378,4531,18904,14125,7805,15629,1689,10591,7342,19903,10539,15511,19352,5919,15694,3661,317
