7650,18747,16795,17150,16675,672,8644,6185,9904,19896,1706,9698,18852,16259,18511,14245,4204,10583,19534,NA,4957,6690,13314,NA,11040,10855,15118,19673,5234,4338,1419,13101,12365
18431,10716,11817,4766,19535,9261,18368,5012,15714,16731,2317,9907,45,NA,3552,4275,NA,16416,1912,15147,NA,8612,14306,10463,NA,4061,9579,8257,17829,14484,956,3554,NA,16361,NA,9228,18299,19943,18078,NA,5837,2595,6079,9917,15454,10651,17818,2988,9538
14777,4651,301,16785,414,8730,987,19583,11486,2402,16557,14959,8634,8997,14913,6485,2146,19107,17003,14372,10860,NA,16211,14048,10487,12441,18323,15630,11466,19567,12947,12417,132,NA,7863,10548,3907,14309,2156,11468,12337,929,651,15679,NA,4062,7790,1705,5331,10459,1414,17396,17252,7677,16219,7316,16194,6381,NA,16012,NA,17477,3622,3065,15465,15438,NA,690,10990,13520,11665,16988,13625,1040,17142,8185
15151,2386,2426,3846,7082,373,19639,15486,13565,19025,1341,NA,8699,8825,NA,18029,18556,13662,9772,10233,18003,15739,1392,5434,17058,19593,1421
18618,190,18756,14310,14103,18987,9288,9760,12916,1663,13911,NA,6293,18396,19250,13267,19545,10217,NA,8833,NA,11419,19669,16563,16953,17717,NA,12290,19397,9022,2225,NA,8463,8860,11388,NA,8640,3434,5750,19609,11710,13398,13585,12862,5450,9999,19056,9971,4876,10129,14586,5763,5038,17779,4837
13840,19337,3863,17903,14966,4444,7176,6270,2835,17924,8871,6917,9691,5953,17427,5881,8019,673,NA,4396,4458,3263,7958,4312,8289,2906,9622,9940,10287,13617,8542,3740,7217,14357,6722,17744,10581,8503,4281,9235,12437,6218,14065,5304,8733,13139,9993,6577,12247,5557
7505,15100,5837,12009,13560,9348,15134,433,11669,11352,14755,2875,1546,10056,14642,6951,2867,NA,5895,NA,3048,7099,NA,7326,6614,653,2347,16900,13726,6247,17375,6772,16296,NA,11599,841,12063,5167,18769,16164,11911,16300,7768
5320,6474,6116,2591,5320,5632,13569,7693,17458,1827,19775,12516,10477,8394,142,16749,18633,18216,364,NA,5488,11031,15458,12595,16913,782,5947,1017,NA,15283,17062,13857,NA,13541,1487,NA,17563,15912,NA,10044,11078,NA,12154,NA,8656,6069,4102,19738,8657,17793,NA,18403,9531,1411,4398,15182,NA,119,19795,2192,12279,14129,12004,4820
4880,4705,19923,16826,10856,3594,18048,2408,8156,1881,12531,1088,4340,15860,9719,1008,3309,17594,1587,3763,2455,945,11502,18729,5990,6130,10683,2695,17781,18893,12699,8263,5295,NA,3783,13386,12431,2162,7950,17266,7635,11749,5853,18142,NA,19612,5849,12437,11227,4676,14778,10785,10492,14892,7961,12041,12684,1348,8166,424,1071,14384,NA,4447,4095,2211,3138,1655,13978
5308,3339,19428,19880,10899,19521,18899,1977,6747,6854,9415,11882,4272,19622,8828,15676,11324,16431,13320,2007,4341,7324,14944,10016,3608,2250,NA,15108,18495,17585,NA,1129,18578,4645,2589,103,NA,3175,NA,7992,15989,13480,18814,7558,18067,NA,4363,NA,6613,12592,15838,8989,10015,16965,7047,2570,1289,9725,NA,1177,8105,13659,17663,4502,19365,4465,NA,10364,11725,10992,11242,13041,16060,1764,11132,6756
10508,6523,14354,15256,17750,10719,12883,18006,8712,19150,5353,19953,19021,16419,9446,16599,1188,4331,10853,NA,15719,6140,17936,9414,16047,5176,17567,13993,6344,9738,12207,15100,1863,15436,4095,6016,NA,2818,7190,10312,NA,9518,8280,15075,17239,10013,13758,6913,16278,17396,1175,5390
6701,18518,94,14703,15663,16264,12123,12,16444,19495,14393,15934,13117,13553,NA,7570,18125,1317,NA,9094,12171,7809,7008,13736,15259,11539
15682,16833,13477,5343,17686,11907,6092,5500,11949,4826,14984,17564,13644,18528,NA,16629,8711,19080,7585,11813,12534,7825,13311,16991,17035,18930,8691,7796,10155,4485,4230,14883,19273,NA,5268,18423,NA,8950,8829,5193,3368,14025,NA,9289,18691,14483,NA,10192,5969,11451,2276,4827,2813,3605,5287,12444,12554,13707,6726,6359,15561,6160,3134,19409,18144,11559,1316,6149,9947,770,1006,5944,14356
9754,2076,7508,18754,16166,4426,4031,16713,19227,2277,11149,15251,9638,6736,6575,4180,NA,3594,6897,5068,4924,13848,19094,14403,1962,6994,3107,8393,1348,14255,13982,3022,9121,10747,13291,1047
2863,6446,12385,841,19523,3289,2807,18178,1741,16285,3409,7171,19119,7311,6781,19728,9621,18924,12638,9514,438,NA,4968,11482,12291,6622,12226
2467,6285,14370,4809,3371,18791,8759,12466,13692,13971,19411,7496,1493,16047,11925,1651,11924,7380,NA,11476,3227,704,10320,3589,2019,891,10348,2744,19667,509,13662,897,7613,3453,2232,5064,995,2476,2157,1424,17366,4822,NA,15307,19849,4929,2598,19634,9452,4923,19093,2831,6508,NA,3164,3807,18408,848,12114,18150,1384,18660,11043,8144
12466,11992,18576,10706,14133,12498,19291,698,10746,5330,16650,11789,17330,1234,12869,NA,19206,NA,4079,4910,7964,10830,18295,1413,11243,13769,5930,6533,17492,NA,11764,19047,19789,12957,9281,15756,14271,10837,14578,5439,7757,2716,9274,17711,10926,NA,5553,4219,NA,826,11918,6313,1078,548,NA,931,18237,7974,14611,12634,19546,10954,10641,17150,5847,177,19732,6208
13034,11397,11237,7475,12187,16575,12344,13478,12300,6910,1132,14068,NA,4075,2977,NA,4235,1898,6588,5038,NA,14719,18645,15798,8638,7789,2901,6786,3337,2361,1950,19514,9895,12809,5506,1033,16886,15718,NA,8351,12053,5656,16795,13431,1946,5620,NA,19379,9382,18784,15069,9950,2008,18968,4240,4458,10899,NA,14591,8068,NA,9436,19759,8561,9330,7828,18416,10563,6872,18269,5988,9791,11379,4193,13897,8945,2115,8254,8139
11117,17685,10483,13283,7597,5028,5133,17899,4493,9366,6436,5835,NA,7057,9687,10198,11768,14007,8939,7732,8424,2515,17937,15651,1926,3481,10370,17192,5683,83,12063,4739,16933,15036,NA,564,4117,14907,4229,9853,11175,6452,11129,12406,19267,9413,17262,NA,13161,1601,13071,12453,5683,12760,14192
6421,13540,17327,19944,16064,6857,3581,3466,4488,6214,2466,5970,19541,NA,19356,12790,12031,3646,15300,9348,3810,15942,366,1468,4480,908,10829,8558,3026,12877,10802,15751,4237,7919,NA,8749,NA,2657,14474,NA,7829,6638,14882,6211,327,12958,13221,7130,5599,4125,13660,NA,8710,18978,12654,15661,17003,507,3595,4695,2590,9710,17752,17719,14735,NA,11999,14211,2310,14090,18555,NA,5276,15354,8264,16677,7410,13182,16810
11896,10369,13559,4938,10284,18671,12532,17579,17606,5342,3896,9565,16881,NA,5489,1786,9081,11070,7200,11464,9903,8973,13346,10742,17146,9316,14300,7124,10458,19404,13182,15251,13618,2994,NA,1905,16906,5009,152,8435,2718,NA,17909,4811,737,8831,1779,13771,17514
15902,12894,12792,19069,8549,2069,7284,11001,6830,11052,11501,7704,17200,NA,533,2364,18789,6064,9240,651,10559,16375,8811,2080,10806,7311,12718,15352,2993,336,9011,2035,8449,19148,NA,8089,5583,4742,6443,6741,12191,9422,19682,1692
1223,7343,14094,4693,16563,17483,16586,7811,17538,12330,12599,7716,12769,140,9654,13881,6899,4274,15896,7385,15314,16658,8701,11878,5904,1471,15400,13576,18641,18514,12282,14526,14812,13022,10617,9483,13089,11422,5351,6434,15982,12870,6510,6079,19185,3075,15828,8577,13283,963,15591,12948,6985,6310,NA,3649,11322,12235,8773,14669,19297,10873,18803,17570,6522
1774,8832,789,5637,7146,3648,13111,2951,1154,4992,19161,6340,16301,13717,3768,351,16036,17283,1138,19031,2412,13498,14443,5361,4135,14031
19581,6861,18412,4833,4578,13737,11513,15121,18893,17923,2869,4386,4240,17999,18957,3631,19621,4638,8575,16346,16251,8924,14853,14499,16400,NA,7672,10258,2071,10173,9671,10215,NA,4292,1419,14637,4915,16918,16511,1378,NA,11785,3231,9342,3942,13693,18317,18907,13932,119,9349,1141,15419,16968,2907,4762,8561,4964,8852,11042,14311,3474,17268,5633,7204,15919,9945
4405,2405,7771,10187,1770,4084,17773,3038,14497,1034,19404,19382,13721,13120,14590,19520,17990,1442,17929,9181,18491,NA,13087,17003,1531,NA,17496,12611,11139,11062,4147,14055,3850,7260,8205,2452,5266,17279,7584,6826,5262,3742,16134,18869,11042,12512,NA,8353,18070,15636,4856,17360,12828,7772,19764,3424,19132
6290,18115,15166,16305,1262,1471,10963,1165,2070,8945,17451,7052,NA,10536,821,6108,2047,18834,19050,19638,12166,1023,369,32,18355,1195,12653,8035,2209,6815,NA,6559,3742,14006,1668,17181,8738,8398,7433,11293,4789,2353,19148,13983,744,10017,7295,2735,6923,19319,4874,16655,11239,NA,10378,11552,4140,10391,12888,268,6603,19687,11791,17902,3772,14515,7409
2389,11682,2320,3269,16671,13847,6324,8830,8676,10084,14377,18750,15093,19100,4319,11284,10338,8562,10034,5718,17467,5759,4668,19628,12163,15292,11090,17313,1657,14604,6783,1481,8218,8877,11600,12027,2506,13898,NA,10773,14984,9427,14145,7102,2613
15748,7853,13994,14533,14366,12826,6796,9827,14264,7918,12979,17003,19589,5014,8966,16534,NA,14314,12465,16270,16956,8040,6380,14292,3129,1648,2698,7874,12134,9578,10562,18221,13450,16773,11739,NA,9619,10789,4142,14650,17803,NA,19903,15826,13784,14706,8086,5364,8404,10359,14416
3995,14469,16956,19923,1998,17006,7979,5470,18039,1528,16357,16554,15468,2962,9540,NA,6148,8275,NA,17099,NA,10638,11470,3938,7913,10414,14363,19611,14457,13532,9869,13205,NA,5001,NA,7845,13965,13542,17094,17810,19923,112,6690,3993,10543,8329,19872,8107,NA,9069,16149,13771,NA,14775,8342,14750,8034,1518,4741,15704,16891,19885,16403,NA,14287,8735,19115,9860,2771,10440,13625,17934,12385
7714,17582,2619,11661,14525,10430,969,15504,2993,7712,7069,7042,6281,12361,10921,1035,10042,11973,2647,9508,19285,5665,7563,17284,15209,16614,10003,3074,19773,15030,5226,817,18597,4382,8613,9094,5385,NA,4617,19769,6095,NA,13027,8971,NA,6775,15580,19060,8744,13052,1987,16507
706,14877,16124,10947,195,795,12395,13327,11394,17256,2849,6566,8091,5518,16155,NA,2772,19667,NA,1661,15786,NA,4510,608,19085,18036,16065,1959,NA,18996,14628,16130,6554,14368,18457,2793,19393,7596,NA,18922,6711,13614,2694,7864,9595,12635,15003,17779,1305,12751,7635,NA,18508,13387,12407,7548,17033,17510,2202,18944,19703
11061,10038,9303,7265,8388,7193,10943,13978,10276,12406,16579,17785,7109,6641,247,18415,11884,12880,6650,635,10404,17288,4073,6705,14636,NA,16042,NA,18976,9000,2258,11625,14849,6020,14327,8538,19552,913,5524,NA,5505,8480,19799,7903,9406,5763,5686
4769,14559,10385,4560,15168,2350,2508,16767,7704,18436,3530,5492,4678,15738,16972,19703,18687,13013,17090,6183,879,7178,12991,15114,491,NA,10797,16659,5789,19346,11268,3716,4080,16007,NA,5173,6132,1464,18106,16924,827
18763,611,14661,10123,13909,15709,5468,14667,2915,10348,6303,12616,14951,1342,14014,NA,8569,6267,18646,19350,7021,1601,7598
9485,19577,4258,18885,16628,12680,15194,19247,1982,14319,4481,10125,13111,NA,1580,8127,12907,9680,2357,6096,NA,17715,2655,16583,3100,1387,7099,7663,4692,17274,5357,17613,19202
3756,11079,5255,9345,15156,17724,4927,7158,9859,3490,13092,83,18101,18362,18014,537,17396,9658,7318,16516,2437,5453,2503,15269,3143,18198,806,NA,13352,NA,536,17860,13533,2312,7279,13194,13280,8006,8580,4293,13341,6654,5636,8027,617,10333,6945,16236,2001,9421,310,NA,10991,1974,11894,3756,10090,4647,4040,NA,9356,4202,14111,18119,15568,15817,NA,1398,13084,13504,15252,18528
2913,3972,16343,11544,5205,7233,19649,14530,18511,2510,2723,19115,8148,3137,11637,11971,8230,14910,15822,11174,18299,1851,16544,12383,2988,3813,3191,2123,10099,8878,6919,9496,NA,6643,NA,19915,17689,3891,3821,15096,12724,12653,9041,16646,13786,17349,525,6306,1027,16013,5615,14610,10816,17902,4381,18665,18707,11990,15000,NA,8332,15128,15954,1329,14810,7321,6727,17760,17114,6877,2089,1654,18462,14146
15539,64,6779,16008,10212,2313,665,18220,1540,13055,19930,3655,11610,NA,105,7807,33,8117,470,5426,5265,9654,5065,9264,13074,5318,14569,10117,18456,5611,12092,12592,2174,7844,12830,3533,NA,7196,2139,6694,15711,10617,11665,NA,12394,16294,16219,9422,5553,3099,NA,2570,17892,17556,6190,6468,6668,86,19215,15121,2110,8321,7171,12964
12413,8729,7073,3298,17807,11454,360,16957,4908,14222,11357,17747,4447,18780,3719,NA,9749,11576,7271,4334,NA,7921,NA,17313,10567,10873,11737,4084,2979,10123,1868,4872,13771,15920,3735,4167,15407,18793,17296,11514,19121,11016,3638,3391,9000,6948,12160,9977,18004,10012,1503
7558,12016,12903,9835,19911,12827,10296,9765,9451,18884,18728,8352,5670,18967,17950,6352,6796,7238,3690,7868,5286,8845,17055,8597,1547,3375,9497,11489,13826,12066,361,19871,15674,11875,5003,1206,4706,9421,13091,17056,12210,15095,17335,5372,7813,4857,15490,18633,5724,10290,NA,3858,4784,6604,6589,8101,16743,2256,15081,7644,5170,10627,17223,6840
6053,8318,13239,312,7841,8442,13037,12229,1350,11351,13845,4396,12333,NA,13656,17659,9046,19165,19947,19803,6793,14308,2005,3398,19443,13842,18074,9468,12916,19319,15069,NA,15427,16885,4537,10071,13487,16809,6357,4275,15582,2944,NA,9080,7352,7580,8004,5904,16172,10008,4768,8888,8607,2388,13550,19204,16956,18985,15034,2752,16513,18593,6000
12416,3927,12023,1615,6912,12281,6863,1308,10220,16796,19388,18468,12113,4545,5434,13680,14379,5500,12651,NA,9493,17463,19957,15483,17097,18248,19099,NA,606,13288,5384,11497,14727,17850,12884,843,9733,16319,6794,6002,2732,16738,12937,3861,12542
4347,6246,16459,19062,7193,3626,1010,1128,13560,12999,11670,8863,10365,9470,18782,5927,509,19299,10638,12309,12618,17021,18666,15096,7110,6257,15677,NA,9667,9314,11390,4410,12593,NA,64,9144,4880,883,5946,3573,4966,16653,302,7366,13025,1134,9787,7417,15233,16113,3686,14548,4221,8065,2828,15505,9850,NA,1807,19257,8732,1609,7249,4340,11174,15406,1962,12561,17220
8191,9955,4044,4279,8717,3043,8809,9732,1669,12002,18629,18874,7046,NA,17185,17258,NA,1150,2591,12973,18489,5682,7103,7327,15805,11877,17366,18527,11439,16513,8754,12569,3626,15129,6882,11801,19237,5558,13983,16150,16051,3853,2266,NA,6578,3249,NA,2525,6148,8971,16084,3205,18412,2963,NA,7578,NA,12034,17394,1339,4558,8736,NA,9627,14254,3835,9456,3997,4631
16236,13469,16254,4997,19839,3620,17125,6646,17752,14460,18236,3825,NA,18078,6000,10555,2864,6062,14116,NA,15339,19412,12055,16515,3166,15487,7254,7714,687,1610,14262,8598
6128,3785,15064,1205,8020,17805,1474,15578,10779,12730,16023,17056,NA,12340,NA,8256,503,NA,10632,16027,7335,1434,368,16831,1060,8190,12470,8050,10839,10176,3729,3805,NA,2037,16784,10515,19326,1895,4750,17213,909,442,1654,19846,3579,11261,18878,212
14777,5012,13231,7612,7833,963,19156,19236,10905,13058,16157,9582,16660,6925,17066,5344,10522,1520,16291,2561,12545,18192,15334,12519,14418,6984,11673,17608,2713,19033,10697,17760,19700,6453,5824,12445,4425,12681,NA,16699,9996,2886,4705,919,13097,NA,4460,16314,7861,4855,7262,6598
6252,5637,10244,6687,4760,10877,9425,19200,11010,7020,19361,5432,5368,2237,778,14085,99,15050,12129,182,1653,15568,8820,673,1766,10629,15405,10722,13796,9487,16236,16844,8544,6850,18306,17624,14019,8973,2759,NA,5287,14760,14043,9554,15289,12593,19566,1655,14258,675
19380,4493,7157,10288,7281,13482,11039,12461,19849,788,13440,7010,18879,NA,15655,19374,4261,6677,759,17072
19012,4970,11293,19823,13752,3295,17492,2590,14768,1966,10311,18602,17180,15822,6053,13884,13810,NA,1916,1317,15608,13781,12867,3737,3981,1760,11235,14118,16209,4731,416,5719,NA,8013,5771,17195,1662,9181,10633,9819,10278,3296,4682,4240,NA,5261,12653,6056,3916,15602,6724,706,5681,97,11448,748,3932,7771,3375,15994,8011
13338,15921,16467,8014,4154,18434,10773,2780,4515,17716,6229,14259,19826,NA,9953,18673,15171,18169,NA,19927,9255,8108,7036,11213,12702,4281,5548,12536,2323,15855,17396
1019,10748,588,10698,5527,15803,13907,2039,7696,10350,4060,11370,NA,19187,NA,16855,NA,15532,6250,9263,7250,17094,19985,1917,13288,19234,2137,19694,11274,875
13517,19088,15997,7041,16943,17285,10104,5548,13438,10841,15635,1437,18537,18892,1711,14786,6741,15555,16683,NA,12939,16024,5904,NA,3599,18114,18444,803,12064,13465,6927,19850,7652,11031,9255,8224,5683,12417,7388,3431,15971,13555,6522
1581,19988,11589,10725,12633,16204,13814,9353,18792,498,1732,4298,12364,8389,6234,NA,14664,7206,8383,2164,6573,NA,6720,3221,18664,NA,18554,NA,1660,16867,NA,9962,19572,18112,2440,19516,17897
7530,11373,16135,2570,1,14895,15740,14277,3314,10215,12330,14158,12436,1727,9273,1860,19184,13126,3004,10683,14140,15674,NA,17878,15562,19630,NA,7390,15914,12948,3430,11904,18530,NA,7046,9366,13990,1903,17543,14378,12436,1273,NA,5878,3321,9873,2568,8454,14305,6069,8534,3887,19817,18739,NA,14761,17900,10647,12886,12355,13825,18330,3013,19214,NA,17936,18810,9802,NA,11828,6389,12280,18388,10202
2650,1027,10660,15782,2724,18505,14410,10979,7782,9005,13264,14359,6826,13962,16299,13188,12685,8012,12152,12075,15244,NA,3663,14836,12294,13722,5395,10734,16274,179,14323,13101,1859,18790,18955,5125,8504,11181,1950,1482,9661,4090,NA,12733,11187,14539,1817,7874,15701,2902,14099,17388
4918,11183,18545,6198,17237,17389,408,1508,16904,10400,2277,12428,818,11549,11936,1368,5384,3537,11582,13365,19215,14470
10028,14831,7245,4625,4217,11935,17921,14085,14383,2755,13008,6647,18232,10634,892,9438,10240,4622,18138,6455,8450,15729,16410,7428,13030,19867,2998
361,3619,3197,9047,12077,6878,2525,592,8619,17084,2320,NA,1695,NA,11418,6850,16955,14111,5445,14067,8480,859,5309,18531,10409,15167,1069,18653,NA,6498,2891,3437,NA,8489,19419,NA,7889,1601,2390,19700,8203,NA,17455,17548,9292,1924,17440,4237,9779,494,12798,4033,6421,10885,19115,10485,12575,17783,17671,6643,6188,1310,11291,9135,7071,5090,NA,2505,18108,16342,7620,10742,2845
3342,19669,9123,4420,9841,11768,17112,11520,19783,4490,5910,7970,4737,14961,13714,NA,7049,15147,5871,13673,8620,NA,4610,6133,7338,15697,9674,7328,NA,11844,NA,4310,17723,8895,9486,19483,4901,3745,5163,17143,17826,16673,1793,404,6227,6708,6705,16823,4257,14315,5155,10210,4522,7545,16478,17031,18749,8209,4144,19209,4838,NA,19294,3361,19361,3400,1650,5993,16997,457
10102,2043,15031,8150,11821,8259,11634,10310,2185,8206,1416,1845,6916,14771,10067,8711,8409,19570,15138,NA,11718,1123,19989,16195,10425,3732,4131,57,NA,3526,9990,12739,12136,8582,13708,18611,14127,19703,9005,8899,2337,901,6993,7680,7809,11040,4407,14074,4664,5661,18195
15105,7047,15550,11965,199,6888,8493,14490,14409,17922,1924,18809,2154,7618,11760,7352,18613,2175,4710,8140,17618,NA,13866,4334,NA,18005,5067,878,NA,19741,13350,333,14283,11296,13483,NA,17092,17378,5626,NA,13780,16860,8439,1886,10349,13890,3835,2928,7169,17622,NA,14065,12369,18950,5047,19869,17433,5717,6288,5400,13226,10655,17944,1284
3104,6031,9649,13755,1054,13974,4646,12393,6101,2291,17437,8752,9430,19356,7223,14580,10501,18207,3686,18622,19544,14539,872,18024,NA,14210,13924,12976,12232,9077,13003,16775,9222
13142,18329,7641,7617,8244,3818,12635,9622,5970,6130,9511,5335,NA,12245,7778,NA,16421,14930,3142,7676,12614,11110,9188,NA,5185,1896,NA,1586,13476,6767,6271,15669,2935,10303
13181,11656,6642,6019,5370,7530,12136,15113,2809,17028,7975,15179,12777,6695,6108,1323,3647,14889,2230,2755,11700,9981,18602,19748,5154,16345,19960,622,3403,10936,2704,19291,12675,NA,2074,3878,2753,17342,1300,15916,16235,1176,17670,14420,11896,5439
19385,14321,17348,539,19548,7511,4540,6038,17423,13098,13939,19187,18979,18105,14786,11790,6488,1428,3291,17765,4984,19397,15611,9435,2186,19507,6824,961,NA,8489,19440,4714,9986,2144,12139,NA,884,9983,14109,342,9151,18912
19317,19719,12507,18108,14001,11758,235,4948,17258,11251,6727,NA,15570,13903,12205,2896,7465,7075,111,19120
2505,13372,13871,15499,11216,13455,11996,15141,16848,10161,19383,7177,16715,NA,1618,3412,NA,9828,7692,6385,17999,9290,6047,NA,9582,14844,3801,4607,9518,NA,485,13595,NA,2828,15627,7158,14883,NA,2086,13791,8194,17837,15318,3238,17075,4005,3414,8009,6224,17259,9574,NA,14063,NA,8817,NA,9196,14609,69,15968,2078,6305,11050,19387,2955,5582,19788,5007,5011,16641
19616,1237,2052,1928,19526,8768,6479,8967,7302,7357,12050,13655,16566,8082,6493,1509,18221,2597,NA,9671,13847,257,5493,5523,NA,5305,18367,12905,4817,6856,1997,435,9578,17832,4270,13912,16049,4842
4305,6829,8097,10105,4401,19381,19126,2409,16843,5691,7464,10459,15803,8046,13052,11642,8918,8770,17193,13776,9480,16347,16483,17603,16064,12906,NA,19383,971,12480,6638,NA,12808,12725,12531,2368,3937,17101,6765,6432
3988,4706,12620,9567,8400,1085,17943,7639,2733,3878,13157,997,NA,9782,1668,10945,NA,10973,9347,15984,8667,8393,4398,798,10275,9111,8062,13332,14392
729,8279,9338,16662,6111,12724,8954,1181,14533,11710,15994,19899,NA,13971,1937,NA,13495,2528,3763,4166,NA,17567,3642,NA,6337,19663,13887,18696,14523,5074,NA,924,1699,17675,17096,17342,11039,11298,10788,NA,14301,2986,11832,6209,2941,101,13489,19822
13141,17565,8404,9632,3250,16926,11507,2804,7835,11262,10958,9290,15163,11466,19360,8075,10490,305,5651,19631,16252,3713,11074,3311,15965,7332,18225,6751,5314,15237,NA,726,12575,4911,7652,19036,11097,NA,5070,8024,15208,9878,8433,19243,16615,17377
19408,9864,9296,18812,7920,18063,3700,7180,19759,10187,19486,11557,10182,1261,11825,1414,8613,NA,14415,4854,NA,9486,9659,4557,16666,11090
16932,10713,6727,5199,18675,11256,7592,11294,5096,17412,3247,487,9847,NA,15242,8359,18401,19264,2396,12115,1663,7638,19485,5359,12614,14421,16191,16596,17332,18943,14968,13928,9110,4554,9780,NA,7324,10320,12664,18572,13028,12088,2962
