3839,4952,11760,4876,2969,4662,4537,3641,13838,8359,7089,13438,3621,1768,NA,4143,3535,17195,7434,15744,17389,19541,19065,16301,4801,11337,16270,2228,6649,19407,11990,18123,15713,10843,12192,819,3012,NA,2931,13526,10370,9519,10016,NA,10274,18392,7073,12632,14383,2609,10453,1754,1315,6448,8929,2131,2329,9128,6800,13339,5398,18582,NA,12583,1005,11586,18301,1305,13386,14650,4488,16483,4789,378
8962,15777,2224,9248,5899,12508,1710,10868,17062,15260,8561,13648,6972,NA,9015,7478,7509,NA,4016,19808,11996,10307,18704,17803,5641,4322,3510,5664,3165,2144,6101,8793,5307,315,NA,1476,18058,8415,11377,13797,15822,2098,405,12596,1382,11596,611,2682,NA,17012,19480,19621,8512,9692,2255,15872,19888,9544,4180,6041,4308,6475,16010,10515,14461,8245,7104
4178,10613,18089,15703,17253,1714,15296,12622,2164,5454,15959,14859,15744,18650,NA,10935,10006,13333,NA,1275,844,4307,15140,12391,16175,4086,17219,12150,10275,7849,15565,1103,17379,19781,7348,13288,12534,15610,7151,2282,11907,6594,13194,17307,NA,15345,16863,12422,19146,NA,17828,18416,NA,11592,19751,NA,16604,2093,6606,845,11745,13609,12158,581,7405,1152,9725
16340,17951,17281,4829,18787,3774,16304,4788,15161,18028,11703,19456,16799,13748,9153,NA,11961,12441,13788,9288,11900,13990,13464,10171,17732,6485,14500,2446,NA,19737,9227,15252,9095,19098,16248,18182,16507,12477,9813,3533,10976,11765,5444,1294,1448,11380,3506,3158,1356,18940,10584
3805,6210,3565,6089,1161,2967,285,10939,17229,9523,15738,15182,3464,7230,2482,10652,18171,NA,8382,2143,9577,7291,10976,720,17122,5192,8883,18767,15340,18754,15493,NA,9760,16592,6079,9933,6739,6472,3238,8084,12328,15329,3169,5706,11289,NA,15778,15252,8875,NA,654,7835,1299,651,12737,12966,18771,4395,4795,17036,2465,2358,18962,1238,1867,9496,10702,8673,6375,6819,11335,18743,11513,613
5328,14250,15503,3369,16693,1665,19076,12413,9196,14445,9048,6900,11773,15901,3209,5228,NA,4157,3059,6472,14529,10340,6977,15233,6717,12090,7377,18912,3587,10331,5169,5248,15085,1691,880,1127,3746,3493,7945,274,19355,565,2145,19621,16743,7274,17802,1538,13050,16579,18364,11084,15561,9021,5129,17142,15995,8788,15222,2325,2296,14138,2862,3855,17430,12860,3416,4513,176,10621
12302,11589,246,3308,12071,18088,3641,3436,3690,18898,13518,13346,12015,7731,11345,NA,18027,2739,2009,11065,13758
19541,13400,8045,11594,11823,18459,16782,6321,764,1061,18464,9016,NA,4753,7351,14015,9837,13480,NA,2763,13826,17901,NA,8786,1296,6159,11000,7038,10634,1802,11970,276,17584,8235,19499
11995,12462,17131,19034,17345,5696,9290,15436,14995,14989,6909,NA,1722,15872,2728,3358,16564,18609,10305,12204,4638,16687,12634,2750,6999,280,3997,14382,12745,17120,14879,15432,5223,13834,11088,NA,14900,16628,18272,13985,NA,19829,15473,12364,9828,13055,5993,6967,6703,18062,11253,5377,6685,NA,12368,6160,13109,19780,15576,12118
15574,5871,16,13439,16344,14141,13192,17002,10628,16604,17687,7697,3635,19525,11480,NA,18569,1557,17665,2086,10658,12909,7418,8350,7840,8849,4004,18611,18710,1936,NA,3988,8074,13912,2785,7567,10443,4320,1402,11193,3582,17727,NA,16605,13492,7382,5635,15424,11397,16135,5470,10139,9739,17955
2893,7666,2665,3480,14532,4220,19995,873,3724,2196,15568,7078,4149,14590,4551,8117,16696,NA,8395,4427,10146,14749,NA,5680,7000,19982,519,1139,16322,12499,13808,18784,8161,NA,16244,3346,111,7670,10412,7577,3961,15969,17880,12400,12367,5035,15672,7204,14108,17424,18595,7439,2909,14080,1846,9015,16136,3283,1889,13641,6617,3381,1273,15631,1867
12432,12040,13110,4880,1945,10964,12256,5684,12752,12850,2691,2262,15573,12752,11429,18059,18298,9838,3295,11081,NA,16034,2429,NA,11426,13093,15359,3232,7150,6194,14703,10140,1536,9671,16975,9256,9414,2903,5099,16242,12574,13874,8701,NA,14483,1356,NA,226,13639,NA,8227,10989,6673,2156,11776,NA,9518,1004,16947,54,11653,16137
9629,10866,4058,14109,5479,1970,12982,12672,7987,5665,7919,3329,7351,15459,9016,15054,8940,5156,10296,8465,10773,NA,6097,2358,4973,13659,606,15576,1907,6929,10772,7846,7368,2072,11423,10782,11943,1421,3973,7077,NA,7711,18151,1211,18431,9936,3985,7566,316,15881,5148,15155,7060,7304,17824,17794,12132,19132,10108,2639,6595,4174,3962,9206
9588,4911,12531,1982,10424,19048,16477,18286,3816,12187,5171,3144,19939,4281,11338,3492,12108,12676,4700,2810,5258,12759,19431,4488,11566
7546,7319,14518,8471,4574,14173,10946,19120,324,18356,13908,16130,10353,3834,NA,17457,NA,9134,2599,14542,NA,5220,18856,18699,1453,19637,3825,18515,15137,16692,1305,1695,10597,9072,4581,335,6870,5077,NA,2704,12420,12277,14134,2765,9187,18655,14048,12554,9255,16810,2328,9481,14547,12262,11419,17344,11362,3257,13501,1830,14633,1997,9586,15808,NA,1913,14844,1665,18252,834,16071,15214,3941
9693,11222,16008,19636,16262,15599,16341,9897,18339,14467,3292,4952,9384,13234,2404,13627,14326,10520,6608,7001,19470,7394,1725,11715,5150,12206,6266,6020,13360,13151,13800,1594,16639,4996,4859,16964,2007,17584,4489,2916,18866,18932,7203,10222,7164,NA,2641,16315,8194,3882,3214,9757,18591,4228,2817,4658,2329,3696,1163,11024,18643,14415,712
15408,15113,4045,15006,14282,14237,19248,8899,14069,13966,10031,NA,14491,17852,NA,10749,7329,9237,2977,16744,12204,16527,3113,16059,10232,18754,1841,NA,15079,16921,6491,6221,452,7252,17165,NA,19185,14586,19108,16304,18157,3361
1946,11634,5396,691,16779,5188,14961,9951,12523,17779,13998,9826,NA,4456,11057,2006,5014,15374,17762,4658,315,3355,17506,4399,16006,15990,16429,NA,8075,8937,NA,8282,4552,432,5618,12084,2488,17895,10847,18076,16171,2542,16143,11515,12015,15408,10578,7533,13281,13537,10711
5956,18263,11184,4795,11375,3493,17708,8175,10362,14059,1608,8839,16502,14539,9860,11630,13401,666,2891,NA,6508,1762,NA,3070,12458,15051,8617,4244,13403,NA,16723,15695,15883,2448,10638,5439,1924,4801,916,5683,NA,12809,15223,5960,8945,10161,4958,1325,3013,19560,NA,7389,15145,898,11966,9761,5510,13607,11437,10190,11368,3551,18374,10909,8920
1816,16032,18252,648,18357,2169,19885,8551,10925,15881,7064,4465,14908,14072,996,7048,9976,7987,15728,12956,19858,42,14570,16676,10550,18966,2111,5855,NA,7850,11677,12797,4930,4027,18807,2025,19430,15337,7064,17817,NA,17441,NA,19495,16403,1278,17600,1472,9892,14219,12656,NA,9377,18873,4831,NA,11170,8525,15060,19290,NA,2478,14843,12505,NA,1222,19133,11873,6910,18788,5787,4895,11533
7256,18698,10377,1931,9829,6024,1599,1935,6647,12567,12968,15897,1990,19876,NA,12743,18529,14337,NA,8587,10563,19647,7779,16408,13893,7730,13909,14827,17703,5060,15805,11330,NA,11965,2212,NA,2143,4325,12322,18925,9882,19156,7353,2183,10783,16396,11583,8941,6494,17981,24,NA,1522,5694,18222,17895,12406,3714,17068,7376,10981,14277,15048,NA,15332,248,12559,19032,8676
11258,10707,13294,3309,18036,15601,5893,12618,13974,19400,19688,NA,19982,NA,1519,NA,10541,9176,15221,11307,14880,16404,9555,5022,NA,19167,1142,9393,15874,17378,NA,16627,4664,8343,2284,9643,6146,10322,8225,15580,11572,5272,11689,5895,9479,3077,5039,7206,11978,14705,5082,10568,NA,12014,8687,3159,10562,5351,16947,18548,8895,19766,2472,2124,7456,5999,19638
9348,2544,2081,7858,360,15609,109,2206,5937,7152,3283,19940,4775,18817,6394,29,14731,7786,18242,19495,14880,995,9018,17656,6168,5306,15848,18850,NA,7096,13843,17817,13077,18739,8440,17945,55,993,11054,NA,10765,19960,16851,3265,3224,7401,17484,8780,16028,17171,12959,579,4898,9308,2495,5460,NA,1281,6758,6071,NA,1107,3100,4282,9910,7734
11929,13916,6955,13657,9389,10212,14161,15679,4915,9856,13452,5871,14624,3123,5317,14462,8903,15776,11991,4061,6751,19613,13460,7033,3548,12684,11536,14066,5301,10796
8833,4114,13763,10235,18988,5291,4442,5973,5227,10831,11014,7982,4129,6618,NA,5486,6904,11987,3354,12575,5525,18031,15540,8848,3347
3345,1866,16939,56,3452,10305,15598,4420,16074,16223,6030,13513,11603,472,9433,11002,13040,2845,NA,5005,6466,18790,9054,3297,18898,12271,739,695,12194,13404,NA,18767,2048,9148,11948,11580,13029,2020,5003,12919,8231,15156,12217,6316,NA,959,3622,19381,11580,1026,4982,7987,NA,4382,NA,4918,8356,9066,NA,4614,6387,7555,2001,17545,9596,3873,254,14605,4789,11075,18457,3621,16143,14985,17706,19580
5180,6154,12368,13758,2054,14678,2675,8189,14114,12559,15905,17902,NA,1028,13181,11347,1596,1263,10088,3981,3829,4011,3331,11257,17822,18956,16357,18585,9962,17129,4733,2640
12310,7753,17222,10853,9633,8358,16156,4602,18335,9174,11569,NA,6066,15172,10335,8193,11247,618,6111,7649,NA,18932,5396,11448,12754,19904,11329,1027,NA,8513,16289,2873,2615,17654,6980,14883,NA,4952,NA,16420,2761,12363,NA,11745,6672,14590,2735,14887,4728,2299,17449,NA,10656,NA,17145,9970,14957,12441,3283,5671,8271,4310,11245,12029,10559,19095,7775,12398,8016,2639,16989,4197,15870,14052,6379
9477,4756,12481,2238,14877,16759,8169,16415,13890,8371,14842,7811,13365,12568,12031,19483,3529,16778,7916,9874,5435,13201,7707,17944,11140,10664,8280,10767,11824,5726,13725,NA,11786,1260,NA,9578,4466,4382,8757,6851,8394,954,1807,19151
1437,7751,19947,9560,9535,10174,19081,19614,2869,1374,6155,18883,11991,13553,10555,17682,2380,17831,5428,18492,12816
17126,1011,6650,15049,6312,15591,703,8068,1548,13452,11495,NA,564,15790,NA,16733,16534,17970,11988,340,16332,9669,5465,18244,11989,5536,NA,5467,6112,5925,NA,2249,4458,14787,NA,11317,7090,5166,7993,NA,10228,15087,11897,778,2112,12268,11743
6776,19095,5045,539,6247,18282,8235,8588,7731,6849,13860,7780,17525,13699,2335,5146,NA,1117,318,16552,2864,9969,2193,9957,12934,5847,803,13465,16162,1917,9789
14195,3015,16832,11389,19203,8281,16036,8982,17722,4655,10479,15583,12216,9391,19409,NA,5391,4029,NA,10344,14461,16539,3042,4855,1205,5400,13812,10446,NA,10064,3549,19542,2659,10084,2092,1198,9982,NA,18665,NA,3856,5357,16993,4683,16509,7449,5368,18703,18929,9815,1971,1928,19398,9830,19939,13941
4213,36,9439,11507,18278,360,10259,10086,3784,17745,7818,16778,2024,10833,8732,18505,8918,1247,18714,16362,5061,18407,3748,15026,16293,16753,13588,19232,19008,1399,17094,NA,2759,8889,5837,13959,16292
6723,7329,6280,2156,3215,7661,11846,19425,3124,16381,13396,4728,15120,3426,NA,5926,17208,4399,9092,13755,NA,10440,11890,19295,5215,452,12688,18450,19847,3392,12210,1091,18190,4171,4201,8716,12680,2512,14708,14557,NA,17491,19211,9646,4816,15333,1256,6361,16210,3718,NA,12941,367,11148,11855,3990,10243,5459,11685,8956,17410,19753,11338,2046,7497,18509,14708,14049,4366,17693,19446
17851,12265,10702,18165,12513,11789,2948,12010,19391,10651,19874,7451,3831,13443,12565,10576,1969,746,8338,NA,1545,15500,17088,11354,1683
17819,19725,4366,15765,7351,1915,6503,11458,16140,5063,11802,12672,12839,13246,16079,19485,19234,1797,11669,13447,680,591,16614,391,13542,3369
17061,3686,4280,9008,7953,19845,8598,5614,4705,14984,16745,13505,6827,8373,9814,12054,4223,1863,5488,7745,9532,2567,16391,7251,5984,6326,63,13859,17342,19362,4465,14616,179,8579,3580,7821,7689,1091,18236,3600,2930,NA,10393,14399,19851,14751,13908,1071,3588,9878,9012,714,18636,8963,16812,6913,12521,4432,10505,16914,6056,14413,NA,15410,11801,13967,17114,10290,15979,10583,7431,9203,4774,14133,5171,2316,248,1474
8335,2174,3249,17179,15784,17049,5768,18804,7774,18269,7590,15930,12160,11916,2044,15537,NA,13347,16974,17283,15637,17337,17037,NA,3382,12900,5739,19538,18672,8173,4634,10128,24,12028,1685,13921,2242,1829,24,300,14246,8153,4394,5729
9761,8395,7525,11535,19184,11177,7276,1989,10520,1718,8319,9335,4076,13105,1907,8513,9091,13165,2789,17211,7776,8580,12081,18601,10929,12410,4419,13909,16558,16655,10596,1159,13810,8023,12391,17102,11507,19497,12895,6029,9471,12190,158,14998,6755,NA,1042,14961,1713,7796,6280,12534,12441,11757,603,11850,1139
10077,3554,1247,7363,7003,6850,17938,17001,18847,6507,6946,10600,16425,13765,11668,12929,19739,9534,5492,5372,17465,17270,NA,10820,814,6365,1316,12096,13468,15714,18393,9126,1675
4266,8176,9658,8348,8219,15396,2592,1933,6733,4437,1563,11123,2922,17780,10831,17695,5631,4922,17060,3904,10655,12340,11172,9635,9570,89,1556,131,9216,2108,19119
4369,9009,1432,14829,14800,6998,2629,1612,7902,9321,9603,1864,17059,1383,12427,NA,16436,3183,5703,18843,NA,2783,4181,19381,12535,1707,NA,8547,17035,13527,3075,NA,6940,8601,13788,9004,12450,2880,1213,5426,8580,15403,17491,9465,4961,8723,13730,4994,6906,392,6229,12566,9087,11919,2167,14752,12538,700,8112,19408,16939,18878,939,7847,125,8063,10831,19169,NA,11891,17680,6743,15056,5796,5537
11078,4074,432,14232,7743,12527,18411,9591,7798,10188,19161,730,7370,5405,8363,NA,6792,18873,2771,10353,730,9319,6514,18367,9674,5931
342,6226,11848,6484,3536,4741,3060,7356,12967,18759,1749,849,5665,7220,623,15981,3520,13772,783,14871
13099,13498,10372,8760,7943,15569,15778,9219,1847,11984,18966,8986,15926,9142,NA,286,2149,858,14620,12557,15274,9502,18397,7552,13556,11853,4482,2642,9872,16882,16647,7092,2254,3185,19046,19134,16915,13553,19108,2023,10984,12915,3551,5884,3074,NA,16742,5252,10165,NA,8404,8496,11728,14359,11070,8750,19415,5242,16184,6623,15019,2079,12836,1085,17515,5305,86,3453
19011,2381,4048,10537,7766,10046,3027,1120,9227,5787,2048,3503,6294,9752,483,1985,11576,NA,640,2557,NA,4193,11078,15319,16006,17827,14240,2921,NA,16416,16064,14907,540,1775,17234,11166,13812,1535,16510,7218,13105,3435
9816,13150,6570,11627,4609,19503,16763,5244,19382,1874,18610,540,10453,NA,1451,1504,7477,19121,5424,18400,4371,17274,NA,19648,13211,19416,15092,13601,6958,1294,18952,13009,17938
17480,4952,1444,19090,4120,10424,8105,14618,10539,8742,3067,NA,327,9279,17882,9556,18463,10826,18649,17950,6936,11277,16541,NA,15900,11713,NA,2910,7932,5500,NA,14938,16750,16365,15116,5315,4055,17160,4756,2781,6950,15456,13923,4170,15371,16828,16551,18056,10859,2377,15453,NA,718,6789,17219,NA,3421,135,4217,1495,2158,14231,19618,1570,6014,404,6167,12898,17740
1316,971,13414,14186,5900,5659,13372,4133,14241,18274,4394,6568,NA,2090,12842,12707,16799,5222,13191,19949,17063,9965,6972,360,NA,4624,18534,16717,1963,13277,NA,14207,936,3170,14682,2078,7169,NA,11033,NA,18444,6459,9802,8038,17375,4546,9114,7666,16866,NA,7,NA,167,1626,6782,6472,10757,3863
557,5496,18241,15944,1281,13913,12236,10197,18528,9436,10791,10787,17093,8951,10255,2065,18855,4543,16665,15745,14934,701,12777,18909,10210,11734,14705,18413,10587,5437,13092,19801,10642,1711,13440,NA,7146,2392,664,1228,15038,18749,19576,3184,NA,11970,5323,NA,10090,14583,19573,15919,13821,7517,NA,1564,13811,691,13988,18090,7101,NA,3482,715,18862,NA,13047,2102,8304,13131,10742,15945,10537
19075,7509,2940,7686,6400,1311,14446,4985,19890,9422,14804,465,14680,8498,4323,2545,19878,15676,14282,16938,5646,9380,17650,6244,14773,5104,18131,10138,15453,1184,10141,3480,16885,8579,957,15787
335,126,2404,3305,13713,16364,257,18860,2470,9277,10679,16718,7919,14892,1740,16319,NA,17474,16623,NA,1690,16700,9614,15639,4941,NA,5353,12300,NA,2646,2946,5662,5970,14273,10148,8313,10715,18198,13700,6376,442,19204,11122,4711,3163,17330,17107,14814,7211,15027,12574,NA,9404,250,12409,13630,14009,19992,14872,11028,15744,3156,2450,4742,10751,5125,6212,12640,16767,14504,9544,19489,1641,3236,15361,8986,9343,5607
1164,3246,5946,13603,18773,16519,18630,17228,3136,17795,8884,16960,13184,NA,19039,2105,8051,16007,293,3935,NA,4230,12872,2573,14969,8859,18552,16362,19119,17753
13313,16103,10498,17166,19782,288,10791,5026,18204,2701,13797,13429,6685,19560,10706,14575,17204,5882,6811,4588,5275,15608,15771,3020,6064,10264,16403,1797,7622,19663,5392,885,16050,14022,871,16948,5277,17661,1933,18746,12206,1449,18466,NA,17090,7944,2240,7978,3866,11390,13395,11686,19643,11772,NA,19344,3983,NA,5295,16348,1615,1574,7865,10613,9315,3445,11776,14883,7046,19335,4754,6963,1512,16845,13050,9878,12949
18466,14803,1649,5680,13534,699,7166,12919,3889,8061,3672,17158,13740,2094,3705,NA,8512,15780,10981,9950,NA,5039,NA,7591,17854,NA,15324,13027,NA,6005,11899,1388,14549,NA,1563,3623,17877,NA,13199,7293,9304,18628,193,16459,2304,6165,19031,6426,446,10977,19834,17608,11655,2338,6705
15135,5898,3572,17970,19179,9112,12188,19457,7951,6162,12984,14822,9068,16757,11064,11889,17221,1981,11633,3706,2744,7058,15196,NA,16948,12629,15954,18104,NA,12001,16758,7133,14608,16052,5743,16639,19380,6560,17706,658,5342
19158,4092,16600,4112,8617,3828,510,19855,18637,19707,5662,1078,19090,10450,5130,18951,7093,NA,6383,NA,5023,12357,19010,4957,17370,6290,19075,16255,NA,15794,3262,13284,NA,4069,3706,1435,7592,14409,3162,7113,12415,15840,NA,1699,7245,2003,9909,NA,568,8245,18754,12625,5421,2857,5959,5503,11026,19889,12617,11747,7794,9776,6990,5707,7130,7003
3509,12310,4833,9532,19441,16986,3372,1091,4314,18697,3139,NA,440,9727,NA,12124,16114,12219,16540,6210,18855,1537,11174,NA,1154,8431,1114,18488,2001,14428,7017,14557,14753,15888,4590,NA,10939,14168,11144,15794,6732
3682,11574,6014,15348,8995,14820,19511,3656,13810,19715,13653,16758,11816,12232,7817,NA,2298,4781,NA,10232,12890,18731,11433,16341,14484,3871,15532,3811,4203,16276,14776,17733,14751
4543,5306,5007,4390,6889,13384,9618,17372,18287,10409,6405,465,10753,12038,11345,5186,10880,4599,9388,14277,14118,15337,18666,1357,815,7216,14544,6018,NA,7148,1290,15406,14618,845,19673,3634,3473,6861,2237,14855,189,14680,10585,12123,5198,11118,NA,14158,NA,15474,9737,8096,17400,2945,14713,5129,10492,NA,4688,6796,15560,16346,19296,4862,NA,15205,18521,15778,15092,2147,4457,10081,1672,5149,1917
5818,8367,17642,2143,971,13623,1811,15475,1884,19619,7922,12381,12187,6631,18839,NA,6055,11117,3552,NA,16390,NA,17368,8604,778,373,7867,7681,14310,18679,19983,6692,NA,1637,18504,19680,7916,9023,8906,18954,10621,15545,375,8801,2466,8118,3725,6969,6280,1600,15149,18032,12356,2689,3077,11743
5286,10766,7886,12784,8693,3228,2723,2695,12610,13126,11275,6466,16975,2823,16967,3463,19939,NA,5478,3897,5432,10077,6669,843,15050,10075,NA,16708,18547,1749,11029,11091,4495,6665,5865,9593,16675,NA,4569,7053,14831,10774,15923,7558,NA,13821,14161,7665,223,2038,6702,19932,8164,14158,19651
19561,7105,6537,10,8634,6857,19456,9954,87,7168,11647,19194,3894,19203,5972,8915,NA,1249,12020,14122,18537,19346,5902
19621,16953,10729,12150,18359,1877,18766,17019,3793,11066,5209,524,11931,7182,4572,10698,19689,5310,15469,8469
15580,17140,8715,2504,422,17661,1811,11033,4431,6816,17912,2462,7709,5098,7978,6218,8189,3154,8387,4166,6882,19850,2753,354,NA,18963,16135,15416,1319,NA,8439,15688,2664,13052,3890
7122,9357,13237,9619,5837,2220,15228,9400,18718,177,206,19563,2710,4792,NA,11803,18114,10296,550,15167,14000,12293,10414,14983,15004,10425,14584,7234,NA,6655,909,13128,17518,14810,2478,13180,18263,17747,8745,709,15850,2599,NA,16734,16918,16475,15506,NA,5906,13471,10061,4902,8919,9956,192,15144,14137,12122,15560,17313
18608,9659,17326,10123,425,9099,15791,15471,2509,19110,5127,17935,12715,8881,8844,15471,13947,NA,9319,14273,17205,1703,7065,5278,NA,10758,10397,17174,11419,4648,19500,NA,11985,3680,13053,18961,19719,9152,NA,4674,7097,15885,5111,15973,16545,17638,19105
16073,7270,16536,12363,4144,1570,8032,17287,13162,3737,3916,7746,9878,19409,7767,NA,12626,9348,733,19012,3143,19170,17891,6054,1981,6544,8660,3139,2621,15716
16132,875,14209,18064,4754,3645,15915,18082,4291,14829,6508,7995,10681,11970,12255,16210,NA,2311,NA,19538,8113,15587,NA,16472,5561,10454,119,2991,6310,NA,2799,NA,12766,3611,5902,12238,11023,1100,10488,2344,12696,5334,14418,11934,737,10614,10253,15140,12131,2592,8082,316,8445,13511,16214,16002,14605,5880
16387,3009,8687,2989,7858,5565,8182,13618,17411,11673,18483,18579,11007,3319,4174,10510,6561,17925,8470,4685,14273,11032,NA,14075,18804,10728,8546,13742,465,13883,10313,4423,12316,19500,13081,15694,5242,11145,14637
8564,17652,14409,17123,11276,4914,4793,5592,17496,13445,11910,1961,1601,14457,5287,1263,182,3138,5031,12947,6358,8781,8648,6223,16269,NA,6938,11663,7832,10640,1139,10887,1843,NA,7179,6109,4223,4067,12939,12830,10617,4188,14330,11793,14577,10643,12197,15318,14066,13975,10429,13393,8303,4778,7412,312,17857,3726,10473,8181,17861,18374,19729,17154,10302,19163,14435,15472,19905,18609,6940,16994
5566,19767,4086,19409,12257,1828,12464,14130,17434,12514,4258,18743,5876,7848,8437,18038,16114,662,5154,15240
18931,2147,12103,12648,1050,12947,18121,7532,9219,7734,12204,7255,18875,9048,17306,11550,10037,8737,2357,7502,6472,19757,16594,13173,2709,13981,13209,11676,14716,17422,4310,10473,NA,17085,11453,16350,7247,10410,15179,NA,10331,17641,12811,442,18527
9274,1440,7061,826,9052,10142,5087,8458,7504,3995,9997,2608,6777,14886,17361,11552,NA,18116,4928,2006,6060,8242,11442,5172,2958,17752,15201,4997
11426,10434,51,16007,5220,12483,11708,6708,1402,571,2901,17780,477,1416,5770,14950,13763,1981,5579,15112
3528,13618,17530,17559,15716,15878,12636,7528,7023,11982,10817,15680,10654,561,6800,425,9630,19504,395,14355
7632,13566,2131,10929,19266,7017,17207,13617,17600,11164,15079,10353,6481,14833,NA,11915,5038,1992,15232,84,4566,15447,12928,12319,548,12462,12135,11721,3710,10694,NA,17358,5450,3667,9903,4955,1135,5387,16661,NA,6617,15077,10564,2865,10447,7180,9448,NA,4539,13432,1035,6608,5914,6834,14002,NA,18473,NA,17964,17510,4674,14088,6844,15169,13121,16756,9557,13881,17169,14468,4417,506,18289,5485,12751
19963,16976,617,4105,13865,13809,18809,2777,3345,5363,3430,9374,11974,NA,351,3697,15755,5441,12188,6399,15341
10231,10544,6446,12553,2748,10817,6502,17884,1915,7309,2374,11718,6953,19283,11743,19004,NA,2329,NA,4666,9506,17036,8053,18843,NA,1278,18927,16216,15722,11688,14210,9027,2934,12298,NA,1108,6124,11830,11836,3711,18020,3004,1216,6428,15054,7969,666,3686,13308,112,520,402,16064,6489,5927
17355,14941,890,9619,4115,18292,19449,11874,6465,18890,15703,NA,9958,11924,3326,8374,14500,3575,11916,6331,10399,13106,13672,12339,NA,11744,2707,16300,10058,3318,1130,5276,10960,3733,17398,609,11525,9840,19210,NA,6525,10054,6334,1,12498,8037,2867
1188,16657,9433,430,15803,13428,13197,4510,1942,8585,1120,7838,15693,12004,2095,12834,1339,13413,7807,12785,13529,2177,11964,5011,220,5359
5633,11428,14605,3179,2944,17253,19074,3762,5576,17214,9583,9579,NA,10394,11911,14485,7943,2210,13561,3510,19768
1378,5365,9571,12507,7681,7736,18403,15737,15837,9708,2017,NA,14303,18220,NA,14665,1970,12001,NA,2464,4014,14094,6913,12981,11871,7754,1792,8229,15270,4144,14442,19502,NA,11383,10266,9758,3243,2858,582,1628,10266,15257,720,5898,5325,11292,12558,10895,18589,19700,10685,NA,17622,13569,13446,7573,7116,19439,NA,19101,16143,17733,8614,NA,18972,14998,18885,3494,15014,17087
7836,2258,17755,6947,413,13396,12431,15221,3329,3160,5229,18230,17723,NA,2633,19290,1466,874,13296,13074,NA,12881,9200,15920,2088,3740,NA,8885,NA,7236,4834,NA,10554,18906,4139,5529,10173,13327,NA,4448,9360,15339,16022,18957,7081,NA,13645,5917,13864,4308,1804,6596,2012,9426,11756,2798,5465,19528,NA,7103,16571,10738,5564,17962,16024,NA,15715,11532,11353,14957,10200,363,6743,4172
723,15490,15750,16552,15335,11702,7689,13832,885,12833,1370,12119,8316,NA,10676,18905,16042,NA,13718,8864,13805,2000,18754,6486,7647,10321,13050
12577,19240,8916,5178,10854,18773,12150,4389,13483,7727,6158,9104,NA,18689,8739,18119,NA,18383,16977,NA,18860,6397,16521,8256,NA,8106,15988,11030,12935,3637,2153,13919,10633,NA,7066,16651,19833,11140,4294,14948
11762,3790,8754,6259,11323,15146,16531,9886,14989,17207,4295,407,13527,10442,NA,17487,NA,4946,19250,10375,8346,NA,4438,18365,13727,7967,4258,17114,5512,17869,15905,11695,8127,16040,14442,5434,NA,18519,4875,1601,NA,16167,886,2926,15921,NA,10475,10114,12798,3591,10011,15204,15517,13183,1288,15311,4013,16527,8502,1380,8986,4473,5885,422,15914,3592,6025,1399,15525
13919,10756,6696,10719,18185,6072,5270,13845,1256,13278,16585,14169,NA,9269,17366,14999,9434,12722,6761,16020,7957,3000,8500,3325,16645,9740,10152,12943,3256,14127,14008,18983,10632,1664,3064,18082,452,9017,19307,8511,18839,15273,1122,3183,NA,18579,12155,NA,1251,16533,8957,6625,7544,16732,3131,NA,10020,14650,860,2829,16432,7574,17789,19156,NA,17819,13880,5507,6881,3343,12455,12130
