1028,713,19039,15547,1295,1420,2694,19640,19379,11600,13358,2529,14513,6098,198,6965,15331,3973,7660,12326,NA,14633,9251,3748,6937,10243,16521,6635,19001,3479,10480,13863,15352
19417,14541,281,19735,19725,15199,11733,9343,18329,888,19683,NA,1914,17530,539,18217,6568,7628,6980,NA,9433,13388,NA,398,NA,1225,8710,4998,2277,5687,10741,1352,8356,796,10265,13664,16989,12299,8072,11249
19939,5262,1149,18368,16187,15115,2021,933,2285,17398,7391,10167,2353,7611,13551,15650,11599,NA,18893,14682,8246,4049,12355,8946,7960
19979,1123,1556,15734,7811,556,6754,169,14752,11839,1196,16224,4973,8872,4404,12515,16974,12634,17490,6398,9624,18579,13253,14390,9193,1137,8223,1478,13678,836,10121,12951,19314,7181,6849,18167,11285,NA,10770,15460,NA,14390,9259,12693,3005,6272,11685,977,6952,4071,1614,9629,6061,13878,4797,18276,NA,5267,1086,7708,14268,12161,19405,5136,4557,13935
5158,11448,10056,12672,5231,7195,11900,4165,8322,8214,16864,15851,16012,NA,5919,16867,2286,14181,2468,11039,3786,13551,NA,117,9368,7913,12012,NA,15459,1590,11194,18599,NA,17708,12563,1158,11346,8587,5962,3409,1135,2611,15335,17682,15107,1503,NA,1103,6278,4807,4810,441,NA,13478,19722,19620,12707,NA,9932,5720,6175,13497,1584,373,NA,4361,9861,11022,6957,8556,7118,9041,5223,16639
14614,19251,19975,12947,3665,17449,16917,13708,8318,13324,6013,653,6910,6156,9459,2642,6787,16984,6596,3611,13463,5380,1308,17473,3749,4170,9711,14986,10322,2554,3108,16335,7214,8426,3079,17046,18713,9763,9601,19367,4772,NA,1811,7053,16991,11919,7663,1318
5288,16699,19179,2288,5824,7236,8561,8982,14629,12374,7381,4399,10584,13263,12135,9362,2386,8586,18537,10547,6826,15051,16232,7348,17600,750,7235
15865,1671,17838,15449,6869,8305,6218,7992,19402,9493,15894,19873,12564,4397,4963,1548,4535,2103,10979,8113,5561,3707,13856,14803,19493,NA,2228,19904,NA,8828,NA,1593,NA,6606,13490,9422,9503,18371,11197,NA,9438,NA,10037,9878,3872,19526,7730,10456,19953,1562,11698,2099,NA,14872,18534,3228,475,7907,NA,15966,13571,18693,5655,422,19183,18420,13399,NA,6797,4952,2528,6197,11082,11668,16480
17033,12221,1213,19683,10516,3836,2424,1335,16126,6746,7167,10958,16772,9175,15955,2459,14231,2278,8651,9673
4169,300,7789,17048,16304,18372,18793,15246,9764,12295,17751,10571,NA,4258,NA,495,14681,17046,19121,19979,13896,NA,4691,6329,3241,NA,959,7784,7485,5340,18823,15343,16646,3105,11448,15277,19784,14406,3234,18990,13941,13727,13216,NA,8292,528,11829,9223,7022,6605,13259,6086,8394,719,12377,7939,13743,16933,NA,12060,18200,1604,3156,13924,10869,18859,8863,5587,18792,12028,9911,10038,7097,5564
6417,13877,4643,15687,19647,18924,18083,3550,12445,16640,9742,4181,17593,18584,11686,NA,10696,4881,5439,10817,14949,15720,17101
15747,15503,827,8732,2800,12658,5825,12461,18097,10405,6555,NA,8687,16183,2201,NA,19778,2471,5482,13053,8601
6154,3306,2761,9745,1138,16129,11513,1686,8927,11272,311,15933,2457,13868,1469,5500,9499,10140,5325,15603,14621,10095,17865,18839,4767,19898,4036,16915,16837,10015,NA,17680,1134,9072,9882,14258,5380,12590,18600,19314,18810,12822,15858,NA,5306,4621,18965,2450,18625,11782,850
3737,11628,13799,16474,19334,12659,10488,15563,17606,19792,7227,13105,663,12843,10896,11787,2135,7552,2614,9689,10720,4552,12484,12535,18703,19708
11553,12801,15237,1706,16655,12707,1458,1508,19391,1657,12012,NA,7138,12752,1746,17843,8809,16675,6000,11308,15673,10555,2690,5992,895,17605,13000,15540,18009,14386,18745,13943,9883,13106,9237,18769,6381,NA,12202,11328,3015,14062,3821,9070,13932,15232,6056,NA,7992,3666,6538,2932,4050,NA,4330,14364,15556,19740,NA,6868,2687,15816,9596,14808,9942,19596,7662,13017,19404,16302,8125
1683,10043,13849,11940,17855,493,12122,9431,18397,7364,10675,14890,17618,17546,11686,5546,19164,1344,3926,15397,11453,12246,3025,3050,10952,6169,16531,NA,68,9199,15401,7975,10429,4161,11383,NA,3231,NA,8571,18641,8735,14232,13555,16337,19946,12385,15822,3375,4894,18323
11274,1920,14245,7398,18169,6371,11059,10946,10267,1199,11398,6675,NA,7621,7022,13421,19122,11757,2261,15812,13168,964,6585,17292,7699,4114,17950,10075,3574,5430,6260,19790
15055,2956,12117,1868,3565,4125,6747,7452,10441,5924,6077,14810,9855,9856,NA,1372,14798,9467,8753,14629,793,9306,12125,5134,NA,9654,14361,15144,6847,13665,13661,12771,18524,8156
15379,4571,16623,8898,7614,4379,3710,9980,813,9985,9363,19321,13502,8324,19566,15961,11427,4010,13879,3483,NA,6879,3844,14149,1973,4786,15587,NA,14831,5827,16171,7266,5008,2166,4653,11612,9268,7926,NA,4806,4873,11358,15972,12407,12708,15336,14370
933,8585,14601,7279,8861,4328,1640,18569,19436,18821,1734,NA,13603,3528,72,NA,4024,14804,16942,3863,6329,18092,19066,10417,149,5739,3918,17166,12139,16666,19852,NA,2042,2589,14092,19524,17373,587,4287,2300,12088,6269,7488,9182,11233,16716,12271,9070,NA,3910,9365,16066,NA,7548,7768,10224,8634,17733,8575,19805,11362,12652,1729,8010,13471,7492,370
4126,13922,14215,11277,1754,5118,6514,12991,1749,1447,105,7919,8905,1147,2373,15188,17615,15868,12502,NA,5080,NA,4671,775,4096,2664,720,19056,1207,12893,4317,5816,2118,5379,17417,16953,10294,4983,13716,8390,14146,8317,12553,12445,NA,19196,17152,NA,11726,5039,NA,19252,909,19242,19313,10368,19356,15260
3557,610,10798,14338,10008,2494,9639,3719,7573,15871,1622,15747,14481,4204,982,797,4072,7745,13752,9673,19166,NA,8632,1301,17697,8129,5547,6218,4585,10098,3581,NA,4841,4652,459,15610,6192,8268,19980
5681,18144,14647,17984,17268,944,15093,17128,2492,12114,13579,9963,206,2208,14810,16253,16706,NA,11104,10608,10179,2020,8534,NA,4469,8956,15249,16182,7554,1755,14254,18848,1745,12018,16678,11713,13143,4103,13494
8497,17644,5372,5308,12488,10712,16878,10542,17511,12695,17514,NA,12816,8612,13771,17501,9916,8206,736,12393,14063,6270,NA,3553,4007,9034,18314,1200
13551,4469,7541,13071,6206,5089,17730,8914,7349,12076,12788,18863,14116,12316,19945,10502,1089,3975,NA,12792,16762,8022,NA,2711,8691,16889,9965,NA,1082,NA,728,16515,12574,18146,15233,4979,1280,19779,NA,17368,NA,8653,NA,8610,824,NA,15538,8403,18195,NA,3734,14285,1797,16769,8510,1933,4247,9465,15007,12842
12586,11909,8764,2254,10577,8519,7046,13687,699,13203,2809,11684,17339,7033,9900,1588,NA,17318,15781,2358,2695,16157,17179,16746,19524,18769,19888,5613,17620,3316,7104,9643
6325,2001,19197,8403,18974,2368,13783,4400,5516,5148,11196,18103,14918,7395,15562,17158,16686,2303,10879,4000,18049,9473,12466,6037,5820,13210,6542,12642,5446,13131,14776,307,6317,11558,4287
9345,8225,13765,1476,2790,18122,19257,9106,8120,19135,4415,10805,17488,18796,4240,1834,15536,NA,17796,NA,861,14594,9813,3549,3878,10117,19424,9667,18081,19373,2567,2234
15670,15584,750,1927,406,16029,7332,7708,10494,3742,18755,5982,NA,8958,2355,13503,13062,9155,6502,11239,2666,13575,4688,NA,9231,NA,13532,14239,NA,13015,6188,NA,8383,17185,510,19331,15638,17756,2548,19014,6920,19454,5961,10512,12396,9653,2277,NA,12,NA,9135,NA,7484,14767,282,8770,13233,6818,5686,5603,15079,18206,634,19852,3628,14302,11756
6982,17995,6287,6480,5518,16698,15590,11098,12235,7520,19392,8437,8080,19014,NA,14538,NA,278,5539,4025,7283,3682,13214,13107,3955,3116,NA,9057,NA,10301,19181,12326,8294,19889,9517,524,17895,15520,1320,4379,5287
10457,8373,7652,8012,5777,1544,17203,15374,19848,14404,16670,4747,6599,NA,19975,174,19416,19621,4009,19846,12890,18100,1282,845,4165,3793,3760,9318,12934,16020,7846,7923,19445,12264,9713,NA,6049,13492,17979,14802,5358,9240,15936
9143,8646,9660,5874,13543,10498,8892,13907,1551,17240,4092,7440,6162,4435,6443,NA,10714,NA,12199,12432,10645,12439,2090,NA,15527,5926,16263,NA,2893,18459,12987,220,NA,17579,18848,5097,12630,12319,13947,NA,11254,16750,7985,6614,14974,18544,18407,15356,320,5242,8666,2714
3999,8873,4567,1036,19030,8261,14393,19120,5012,19733,16313,16670,19019,NA,6226,14388,NA,19057,12407,8903,3489,597,17409,5257,36,11446,13541
8753,4576,9337,650,10129,829,12428,12976,6667,14664,11507,6784,17753,4334,7590,16900,1175,10627,14738,1762,13020,1528,16131,408,10557,1022,8004,NA,13795,1048,15638,13450,13714
18704,5650,9930,6463,1000,12996,12091,19064,14437,8709,14958,17005,15719,15742,686,17423,NA,2369,1871,3586,5554,15922,589,12801,13219,17040,14136,NA,3677,13820,9235,9533,2730,14541,19981,10845,2459,8202,11309,477,19897,6431,NA,7536,17768,17269,7248,NA,16720,8605,3392,1690,7135,568,16366,7932,10335,11536,4655,11689,5839,2782,11076,18412,19677,13904
5170,9479,19956,15176,1933,10440,4086,13384,18575,5829,7288,479,516,18713,7917,19066,NA,3379,NA,14931,6934,14998,7533,10630,NA,2233,6920,9908,7777,12532,13862,9073,13543,7884,11157,3317,6106,13062,19765,14368,5817,15215,1283,7880,2273,12274,6525,17784,11598,3737,10414,12461,12173,16733,11371,9316,15636,1420,3475,NA,242,18563,1224,18364,232,10723,6191,4676,572,3874,19652,16086,771,3395,19025,7133,1151,5513,390
17968,5666,18789,12509,15438,4781,16865,980,3203,17622,18656,14444,1994,9128,19700,678,16763,17977,19255,19194,NA,16843,1164,13011,19908,14602,4556,14985,1195,17584
9755,2717,760,10896,3271,19235,10859,7371,8260,15793,1708,16108,6819,16494,12224,15138,17004,11357,17141,13062,1095,11777,3253,2831,4725,16633,1527,8918,9623,9339,15187,14005,10524,5616,2428,NA,17522,6413,4947,8600,11148,18054,14953,15880,16236,12618,15804,899,18310,15992,NA,13852,17532,13698,5522,1866,18624,13902,17199,13016,1513,7428,15842,NA,9601,580,12025,17518,3866,9112
2819,15906,3705,7067,19576,19012,720,15975,18910,7588,13394,12981,7569,19742,14870,17048,7902,5683,11295,5317,15888,7918,8652,13279
7185,3646,6235,15932,9893,8160,9622,10280,12031,18763,1671,1486,17867,10741,6595,1612,12319,8126,5317,5357,11177,10064,NA,12371,14245,1175,NA,1054,13099,1169,5514,1090,12730,19076,2306,18069,7772,17931,10628,18851,7464,7074,8286,9153,1281,11369,14854,3643
6684,14491,8746,13433,4825,8328,886,19778,13688,5755,10325,6607,9265,18909,11777,5532,5192,13973,6608,3770,12581,15244,NA,1477,NA,18901,453,9947,9131,NA,5520,17011,7922,17015,19031,17269,5624,13057,16390,6914,18202,8627,9739,2398,14167,17291,14775,10969
16579,14305,17366,15530,10021,13273,6751,4554,4895,13337,4689,9226,9569,19391,13856,15553,10625,14268,19385,16197,10665,10139,15863,10600,13277,6175,7876,15833,15184,728,3959,2754,10578,NA,1642,15572,1622,19596,19076,1089,17921,10975,8468,15409,9518,12297,15769,5373,9767,18644,18561,12065,10736,NA,6237,10454,1238,14806,4334,5747,10669,12156
17930,13333,6347,11121,3212,671,12197,16648,12349,9589,9464,NA,5041,16346,6234,5766,11151,1434,6835,NA,6244,5316,1130,12602,10564,6432,17768,5906,6828,NA,13054,12780,16686,17788,14058,15459,4723,13013,NA,1220,2301,8538,11665,19935,8677,9199,5499,5991,3916,9716,5072,7537,8126,4638,100,14561,18786,426,14098,6942,4501,1187,2006,7377,9516,1540,NA,5045,4460,19961,5798,1342,3600,4124,16963,6338,1759,10969
8284,15220,11645,16252,3594,11967,2953,6091,19635,16807,1281,19281,5210,1158,NA,13660,12445,13958,7920,4210,13134,18202,4246,19498,11671,6594,5464,17893,8412,18245,4155,13844,7082,19033,11526,6505
3921,11471,3232,15363,8035,9083,14893,5131,4716,17173,12439,14514,759,5556,4992,11507,16268,6621,18190,NA,7732,12690,18744,7693,11567,19134,11777,17913,6461,19924,14178,82,14445,17540,11458,10587,NA,4687,6460,16939,4539,5419,9734,13424,13672
3736,9838,1912,4042,15249,7611,17647,356,10411,14475,854,19815,NA,11042,10237,14016,12580,15342,5461,10419,NA,7566,NA,15344,19376,13564,3147,17596,7325,19097,3978,17884,15823,9674,11591,17940,13829,7978,6951,2969,NA,16085,4811,7656,18528,11946,9527
7554,14951,15077,19612,13464,7528,18168,12566,8046,5533,6416,17654,16492,NA,4170,14815,19375,18506,2093,15139,19259,18309,14171,7169,NA,3653,11862,18285,12000,6979,1420,3928,NA,8053,6543,18077,14204,2850,NA,1535,18639,16585,5784,17768,11949,4749,14367,17076,9620,7563,14072,19917,14418,1354,12641,1048,7962
8562,18373,5397,7146,16305,17310,958,1269,8852,1971,9840,3112,4547,19097,13925,14149,16593,4017,401,NA,15555,10323,2018,4744,18901,7772,NA,19872,16268,13615,13419,9444,10671,12156,8039,NA,4175,NA,840,1624,5865,11500,17115,15959,17183,18370,101,19150,NA,16441,12510,1881,13071,16735,14145,120,9391,10502,5208,14151,13726
7989,6802,2528,14411,15944,18296,14811,10485,2125,16122,17619,14116,5400,1474,13223,12362,4081,11946,8470,136,8637,9405,7417,13171,2598,6421,5540,4316
2260,15282,4482,16113,15682,16866,7428,200,2103,7081,1262,543,17715,17860,9643,18839,13927,12119,10330,NA,18421,NA,8272,2381,13301,18670,3351,5851,2458,18334,1515,13802,1170,6429,5472,10776,19757,8030,11908,10834,15728,10042,6513,1712,19359,66,8238,4314,13707,1362,3581,5027,3299,5338,17325,3078,19768,786,NA,9898,16738,2258,12941,3457,18679,NA,1551,6067,1769,13560,6322,10823,6937,12699,7698,9246,1966,5424
2364,17408,16221,13143,10355,2405,4501,14848,18828,153,18897,10812,NA,9885,16852,13488,598,425,11888,3210,12647,13967,12444,10983,1152,18097,NA,12721,4132,19376,14003,NA,9036,5430,8296,10073,10464,5496,7081,3183,5143,2066,12834,NA,4447,13486,14464,11303,1981,8848
16912,9791,7794,4848,15856,6304,14101,1416,943,19920,6796,6976,1233,14046,16823,NA,18441,15728,3855,11009,7512,NA,7399,8087,NA,15183,17252,5024,12965,2322,9041,9106,13145,11652,1850,18204,4754,16938,8650,9965,13599,4342,2889,19823,4970,6750,NA,7246,NA,8871,16517,8885,10799,6332,8862,8463,638,596,18767,9081,9039,1694,9292,18769,14804,17102,33,6426,15252,10527,4283,2938,3714
13788,8469,13556,11806,7502,13769,16152,17911,14766,19122,6595,11643,14865,1766,15078,18268,19167,7949,5031,NA,3917,18665,2008,11184,16241,NA,3281,8792,NA,2756,9203,9360,6845,15709,4153,11765,NA,18884,7043,18449,9782,11805,7389,9359,50,12538,3824,5350,2100,3089,18219,8056,14164,7241,19536,9276,1246,992,14751,15164
11706,19210,10973,12716,825,2133,18641,3501,7684,8478,8602,8235,15172,16184,7634,15238,18202,7065,1454,37,13341,NA,2532,17495,13659,17441,6118,519,3540,7234,12039,13831
11738,15513,1589,9377,11804,9832,12049,4497,4889,2134,3400,8942,NA,7554,1037,11359,NA,11629,14280,7774,12272,13251,180,4003,18387,NA,10288,3666,19689,4685,3783,13246,8641,16938,19105,NA,6725,13292,15226,5999,1519,4662,6963,1532
1131,19927,4215,6332,2122,18872,11894,7907,19712,10601,15139,11246,12975,17158,17520,15999,6989,16049,12193,14928,10415,NA,7392,2373,17667,7216,16977,10485,1763,9665,16332,10358,15126,12772,2336,645,19243,15415,7104,7830,2827,9968,4631,12997,NA,16727,17612,16420,NA,8368,17803,11692,785,15453,12898,13336,18682,5288,19137,3116,15546,14899,13393,697,2574,2478,13375
10578,14118,9939,10471,11608,2759,17047,11709,4600,12574,14597,14128,12692,19148,19886,935,NA,16832,14877,4899,15497,16984,NA,14441,9467,10753,14761,7904,10958,11599,9402,19240,18994,6139,7828,NA,3679,16626,4507,5624,9620,895,13222,17905,16442,2484,4993,18907,NA,12018,7237,16550,13085,11039,9572,6951,1135,16431,NA,18960,18830,10399,384,1098
15399,11085,9815,7530,19658,8534,18479,13331,732,16229,13469,4025,14087,5067,14699,2263,12082,18553,4617,9560,15743,14565,19089,15592,1017,13658,11825,2152,12778,11054,5086
8748,19680,15169,19570,16070,6459,2955,2830,9337,16625,5681,7122,10842,9638,18821,19261,9846,10533,8281,2728,9264,10943,3608,8290
1830,14483,7721,14716,5963,12924,1954,8758,19475,9293,8739,18916,4035,19295,1659,4994,203,6987,11796,9406,18823,18909,7000,3554,NA,11381,9242,14899,15031,2961,18206,NA,6858,7649,14210,9672,18739,10819,9252,4092,5310,6915,4785,13465,12263,19207,8340,17374,10986,19638,16732,15399,18971,1357,7845,1241,19917,NA,16256,10580,12781,4788,11485,10766,15167,3559,10651,13865,18729,12699,10318,2437,12337,3637,11211
19740,7501,6811,6055,6058,19089,3069,19748,13948,8454,19342,10223,18714,NA,16518,490,4267,16912,17700,19520,15034,13037,4375,NA,5825,15737,NA,9574,1026,4153,12678,11222,11832,10756,11366,15209,16881,634,2445,2865,13038,2824,NA,18347,15296,3542,10269,10342,2187,NA,11656,13731,15092,10541,19768,1013,3834,9230,8596,18643,12869,8645,19367,12344,9820,3689,12312,6271,708
7099,14943,13140,7945,3464,12656,9846,14071,13534,14557,17121,15550,18059,11097,10298,18338,15430,6969,7661,5972,5287,NA,9695,5190,18333,10754,8337,1396,19477,1213,10815,5864,14044
11227,14728,3541,19826,15847,16725,2773,3569,15475,10542,8865,8173,3680,18363,11115,17259,17183,17167,6973,2672,17825,NA,18092,7109,13996,3703,11432,8835,11163
7153,15082,13572,10180,18338,14073,4305,16064,14080,10961,8440,17300,16887,10253,14809,18742,3969,17489,11627,499,18168,6989,NA,17390,5810,2661,910,12914,16143,5517,2597
3172,19978,3682,15586,10549,2703,15742,15530,17811,19940,17161,9717,8647,17749,12722,NA,18361,NA,17030,3827,10268,11424,5301,9320,7451,11879,933,NA,8976,16906,10851,14238,15971,15760,17883,17394,8039,8343,8575,18501,2388,6190,9974,18849,19863,16997,NA,955,17689,5465,19511,3286,15668,19368,15361
19523,18890,15728,15866,15009,16171,12167,2796,11716,2270,16732,4344,18421,NA,2615,12767,5997,18156,1692,11325,15321,15511,7461,16973,4741,8029,449,6656,1043,19827,1432
5917,8056,5483,8452,880,16604,9484,11402,19574,3892,2378,4353,14340,14157,6940,19149,9709,7770,11177,10315,1682,18818,2688,1703,5674,3904,17541,7642,18184,4159,11453,14606,15772,11478,2728,9161,3169,11781,NA,15854,11321,4014,18769,7831,2319,14176,5275,5395,NA,3213,9634,9920,7569,10468,8283,6304,15544,8913,6531,18897,19293,11310,16638,12635,1840,11739,19055,NA,11075,6208,13790,737,10515,5054,14280,6668
4238,2820,2179,186,16539,10416,3259,12813,10012,19640,11602,14304,NA,11651,9180,9083,14110,NA,3721,17783,11515,13538,4704,13398,12399,6629,171,1697,13617,11144,7001,3554
14774,11830,5658,6292,17720,17806,15697,10896,14650,5850,12952,19711,8324,5049,10068,15813,16265,391,16293,3838,1564,11517,827,1716,NA,19256,18365,NA,7451,2999,5030,18851,12215,NA,7991,3767,10837,14758,14094,7632,2774,6584,8121,11301,13556,1365,806,4051,NA,8033,NA,2257,8578,9704,19022,16421,11336,5912,12309,4858,17597,4818,571,18680
5941,2524,3668,16436,18537,6068,13789,7674,2024,14810,8327,16998,14676,4619,12938,12284,1797,17250,13829,11161,3845,NA,13730,14632,19371,9030,17419,17036,19330,15916,6303,10146
1269,11527,15238,14416,4699,14578,3250,14407,19474,8615,5067,NA,5358,19494,6443,NA,1199,100,18668,19590,15861,11989,14214,9675,5619,11076,9518,4708,NA,5433,2540,17152,19089,1941,974,5858,8003
16764,12399,11221,3798,16154,7954,15112,13889,867,8288,10842,14779,6570,12050,14749,675,15733,5726,14337,2763,18741,15215,11624,17516,407,4033,960,7237,12596,7521,18790,2139,16915,18172,10181,13483,931,14036,18560,16420,8676,1248,1391,13203,4982,17903,5444,6691,12361,14321,17265
11309,13316,16697,13001,19708,9232,7651,7825,16427,16737,12556,18656,11475,18843,11713,19944,5273,13994,7912,6439,NA,11016,4281,6568,18379,12150,6539,15658,3726,665,13081,11986,7786,3909,5296,17951,5373,NA,14524,6987,11931,11207,19200,10927,19945,3088,13678,3202,2560,14030,4042,3147,12909,1780,834,17383,19033,15192,6726,14622,7342,920
10247,17444,19758,19346,10861,13603,14529,666,18239,8067,2818,2440,NA,9609,9042,NA,10038,6417,6880,14183,13249,13017,4882,3807,7121,11386,11403,NA,1971,10781,17778,10231,14204,2648,NA,15769,12746,18946,3471,17779,19948,8332,8265,19892,10027,826,15041,4104,4767,5202,10781,16642,19239,12888,12067,6031,4839,15763,5055,17079,11813,NA,7299,14600,6476,7226,12287
7105,5222,12977,10737,3883,53,5637,15238,4584,17661,4082,6631,19076,4870,14556,3840,2176,17469,12179,17465,1849,15895,11832,331,7555,19299,19822,5489,NA,9892,19675,12113,6894,397,10794,10748,11583,2700,18425,2365,9215,14901,18236,17217,6044,5853
8521,15187,1075,16437,1932,17797,14583,16005,10358,13539,10568,6170,15854,17949,4147,6859,19215,648,1417,139,18029,6594,2691,NA,12360,11924,9075,NA,14392,4058,18470,16976,NA,15475,4483,10612,13545,NA,17565,1734,579,NA,7421,11229,9903,1153,11991,6140
13452,6793,859,1748,11609,10045,9629,1941,15676,4799,14222,12848,16941,15641,5160,17255,5157,19062,NA,17911,5476,5345,6986,14825,16744,1780,14689
13524,5864,3408,15738,19030,14582,12374,14934,11409,6178,2030,18280,NA,3202,9726,16694,6036,10476,18532,NA,15125,17262,18240,19142,NA,2369,13897,5104,3454,4071,199,19663,17025,12292,17305,NA,10791,9523,16012,16656,14846,17211,14047,1096,14275,12356,17859,8415,2907,8839,18565,5091,9712,15876
