446,781,1597,2577,12026,10041,14366,514,5581,19921,4522,18779,15727,3428,NA,9351,1422,8637,11346,15068,5297,5675,3584,5385,14419,1314,12064,9348,5991,7108,1934
4907,3930,3419,14907,17742,15236,15670,15146,4479,7864,19232,13857,NA,18317,16017,3412,718,1189,17852,8605,4670,5508,14369,13703,12062,14130,9102,14150,7569,10002,10982,18467,1463,10136,16741,9378,8248,12443
7540,11378,3994,8773,17826,5052,17528,13229,12483,6103,2286,3233,18138,11708,NA,11774,16635,4557,15601,NA,11639,318,18048,5172,13936,11631,11805,8729,NA,15628,15294,258,705,12457,5232,17985,13300,7703,17425
1134,18347,14260,9439,10254,1852,16433,12512,3203,14995,1449,6601,13375,17933,17008,1444,NA,6269,14080,5680,17516,NA,5834,13219,9725,19362,1762,4316
4371,14896,18993,15672,14753,17040,16522,10899,16497,7296,1731,6109,11521,10254,18867,8504,3609,10459,4466,2025,17224,19830,11895,11788,4165,15119,17234,17302,296,5413,4225,12219,11223,10818,8648,NA,12715,4753,12884,4360,4330
19888,98,9820,3437,16038,4217,11725,19850,1954,909,13116,6516,17550,14606,2446,7650,NA,16073,19186,4111,7975,17328,NA,4719,19361,9618,6246,1558,2848,10263,5077,NA,7238,1858,10260,6602,13490,NA,7262,NA,3778,12939,19235,8983,NA,15614,19751,6074,759,NA,14563,8454,19061,9769,4457,7812,16882,15549
7615,876,12495,5455,2671,3596,19810,16008,5050,16949,15966,18455,15621,NA,2457,8891,2951,6543,3849,18813,7120,11355,365,9069,4094,NA,8995,7598,8869,NA,19906,11606,14163,12213,17360,5273,8647,13037,10839,NA,8456,6866,5725,19354,NA,4655,18379,NA,1611,NA,8391,11297,5120,12672,587,4967,2850,11210,628,11560,4127,14343,10957
17298,7215,1084,12113,1230,9736,5687,14231,9750,10009,4341,3511,18181,3169,14297,4368,4504,3599,18112,840,905,7579,14739,8689,11730,11400,NA,17464,3224,6772,964,14987,3495,5821,NA,16041,4231,3814,934,12848,7210
5118,7483,4835,12981,16997,6709,7986,19460,13274,7230,3991,10640,13390,2621,NA,19910,8165,NA,17048,3938,9045,5285,NA,10809,16344,6118,419,11220
9206,9652,18372,8248,9086,3711,5708,1626,19039,3277,7667,17777,15845,15705,7826,8894,16447,17506,8722,13500,7385,1841,NA,13968,12150,1469,16945,16290
1913,109,6603,9764,19393,8895,13882,17323,2974,9266,8624,564,4489,16945,5005,7516,4818,17075,10742,10948,15984,4474,16792,19153,NA,10544,18232,18535,4675,15145,4502,17636,4837,19242,14528,1513,9406,9548,14348,3777,6750,14758,7349,1740,12609,8329,4562,1849,8123,3181,NA,2279,3881,9502,14793,16754,4012,6626,18500
18686,532,11801,18847,18824,9617,2618,19066,12567,17014,13755,11684,938,NA,2877,14247,17646,12900,19967,17227,16967,7647,8525,NA,8134,18690,5082,9532,189,1888,9711,7327,1092,7172,19196,16645,6010,1807,10942,15302,19224,9009,16783,16577,NA,11186,14906,12910,6212,8370,17915,5085,10099,NA,2610,17475,5003,8706,4567,11154,18429,19266,19623,8306,3900,19235,3190,11654,8039
4301,17280,5722,5564,3493,14478,892,11860,9485,16634,5676,10363,NA,14278,7199,10803,1155,9913,9451,11732,19065,12512,13089,19221,7384,6692,NA,11331,14560,17654,7287,10812,10148,16487,8915,7806,7639,19745,2119,2183,11438,4168,18945,7279,17110,19452,NA,13516,NA,4076,5675,1640,NA,4542,11552,NA,5826,4135,NA,2400,19657,9377,2544,6196,3077,NA,11000,687,7595,4147,13754,11465,17581,623,9994,15613,18362
4719,2726,13219,2515,12428,1020,17490,8531,14465,3180,430,18936,13908,9297,785,5627,17319,19120,15882,4761,4400,3858,8289,10293,15189,8929,10929
8182,4658,17121,10905,17195,16395,392,464,12124,5239,19293,2045,11464,1160,NA,3626,3092,NA,16463,3341,17151,10925,7017,9926,3109,523,18729,7545,1260,8809,13491,15770,11204,11347,960,7877,655,1942,12556,18989,NA,750,5202,3557,13240,13315,5556,NA,11044,11411,14841,8837,3569,17427,7265,8191,16681,431,5607,7151,9244,NA,12318,NA,6854,13105,18973,1665,4922,13246,10026
1838,4020,548,15738,17486,5284,11173,1924,18810,665,10783,NA,19468,11935,170,8325,7099,12258,9670,NA,4626,3010,11192,4513,NA,12230,1104,1375,2551,1792,NA,13589,3892,13233,NA,13465,615,5807,15342,NA,11845,12734,3145,10155,7767,15313,NA,379,15454,15108,NA,5242,5906,NA,2231,14359,NA,553,5987,5691,4547,9463,14037,1005,16375,6352,14881,8959,1318,2148,1799,15338,5475,13420
3349,10173,13565,10486,15940,5121,17177,3748,5956,7820,9306,NA,13046,NA,14976,5447,19964,8289,11457,54,14256,9990,11616,3629,NA,12668,13997,19085,12745,17078,15742,2951,12884,13992,1272,3266,8309,18581,2030,9212,13930,18493,7907,17105,1251,16116,13368,8263,12474,5423,16126,17667,12319,7627,12940,13962,12530,15051,10888,11079,7866,11791,5536,NA,6935,19250,16923,19913,2301,14786,10303
7974,3532,13192,1041,7441,7361,4960,9747,7061,16241,5415,12635,7886,11075,11467,18988,8290,19530,15854,16390,7723,7781,NA,999,370,14610,6003,12251,3413,NA,12266,6427,3643,10902,14002,18016,3206,11974,6364,14271,14493,14537,449,8280,18284,9619,16651,13673,16498,19883,19012,5357,7932,19284,17398,14376,656,7377,1514,15827,16458,11955
9182,7276,16875,1214,18948,3660,8735,1813,6422,10593,1272,13412,15356,8946,14918,19425,17192,13459,12280,1733,NA,10096,6361,11900,NA,7431,2674,19362,15109,12071,NA,11615,19931,189,10582,2744,9550,NA,17588,329,10184,19571,14971,NA,10074,12564,1857,12895,10667,16684,11768,10349,14677,NA,3405,16973,1315,11636,12419,2052,14516,1591,13045,17548,5490
4819,3497,7043,6158,7676,2118,10541,3317,11282,17185,12981,5896,9073,NA,8465,17871,14774,12525,9939,19874,10123,2806,12640,NA,14918,8960,16817,19582,19455,11992,16813,6606,5470,2493,8391,19996,2551,16836,6036,12841,17929,18295,19077,1436,7322,3710,312,4540,16244,2068,16022
1546,7891,17492,4390,18206,19,4480,5915,12808,7489,17782,11342,18271,8907,15852,300,5291,10629,5785,276,3077,12130,3973,9175,14537,16341,15159,14789,13258,NA,18641,10596,13694,10189,18574,8413,9972,5243,19767,5189,12779,3517
9384,13427,4143,1274,7112,8385,8057,390,15392,7758,4909,12525,9126,8837,NA,11866,12412,9373,19687,15788,18744,8356,6234,15501,28,13821,15098,1088,774,11978,16102,824,6483,16478,1747,19919,8904
18369,824,19176,5003,8651,16034,16482,16305,4729,15524,10345,15215,8800,19858,6869,9946,1910,8700,2266,1268,2813,9275,15607,9236,NA,15113,15993,NA,10612,10991,17722,11311,12412,8412,8824,NA,9151,10313,16405,15986,8010,809,11715,18604,11540,NA,16967,4754,5111,13249,5421,18282,18782,15281,1577,10513,5570
5693,1032,7438,7486,5881,18680,16831,5340,6449,8699,8126,8014,18951,18217,3835,15363,513,12279,NA,10373,6755,NA,2088,NA,6657,929,9554,2354,1509,12565,17298,16295,3813,3771,NA,12354,7254,18913,15284,12954,17709,10643,2682,13239,18930,10854,16117,10590,19889,586,16325,18162,3908,110,12721,2255,18512
15723,10582,16602,16783,5085,10771,1985,18873,14416,14716,4828,267,19665,10525,4583,17810,18032,1614,15479,6247,NA,3865,17550,16238,17540,3390,7053,2258,5823,3010,4059,18792,3098,NA,2951,14531,NA,4496,3849,6162,16985,11629,14275,8458,8205,10582,16110,7297,4527
16885,6375,8857,15038,4678,18288,3437,1933,5897,19300,16736,5775,5730,3039,NA,15228,4738,6668,2829,NA,9020,12863,1321,13496,8829,7360,10831,10406,787,9553,13135,11534,317
15403,13548,2482,15538,11246,19059,14834,18149,5289,17800,3202,2555,7331,18291,15562,18554,9402,16353,211,5266,4627,15238,3754,8798,6115,12009,1319,16064,174
14549,14846,17308,5754,13190,5494,8009,6770,17006,5081,9583,17258,18166,13090,3085,16703,960,9740,253,2590,839,8464,759,8628,6662,14181,18507,8455,6305,12187,6386,7124,11416,NA,2124,7997,8797,NA,11803,18350,14222,7109,1656,12432,14240,NA,17819,8751,17116,178,15379,6798,16344,1597,7921,4774,17239,6821
1852,9304,12870,19217,16087,11723,2861,18807,2964,10625,8976,10080,10806,NA,17220,11382,8405,7164,19305,3832,15862,16988,4988,7324,13395,12078,NA,12960,1019,NA,2847,7208,5768,4896,5756,11184,7037,8459,1090,14598,7374,56,13464,NA,15606,9379,NA,533,2962,9659,19990,14705,12438,NA,18620,5464,7159,12444,877,12595,1586
13828,12804,5463,18207,14360,1780,17773,4775,1945,498,115,16033,2708,2762,NA,4406,2320,12122,13861,7190,7585,NA,18726,7317,2672,3557,2228,12111,14637,9335,9813,16068,3723,13115,13994,NA,12288,99,8085,9949,17258,5657,19649,19877,7309,12466,12569,16275
15761,2728,6690,1381,8006,14272,17357,11088,1852,12209,14544,13250,3630,15186,19394,10709,451,4696,986,14463,9058,12111,9832,10754,16964
16653,6085,13331,923,4257,10442,3951,8671,11658,287,6172,7949,5968,14263,1433,3478,17041,6165,2479,10533,17125,8625,4617,NA,9967,671,16299,18473,NA,1316,NA,18996,616,17612,9889,10846,18706,9748,1195,10742
12650,7105,3308,16872,16803,5695,8223,9854,10756,3313,9382,8104,11655,2699,NA,2611,9536,6857,9027,9929,1943,11068,8479,3675,NA,19096,14705,9437,1038,NA,7606,11049,NA,19155,18323,NA,14492,9067,NA,16191,NA,7635,14812,4799,NA,10057,19694,12978,14971,16121,18270,12119,6052,8726,7034,16560,163,NA,17589,1848,4901,11473,3948,1874
13038,8993,14343,9119,14644,6949,17566,17514,5559,2457,18815,8259,942,13206,19209,2200,9204,4244,NA,4433,3353,NA,14812,7329,9847,NA,18487,10718,2732,7089,9241,14270,16021,5244,10736,NA,10552,15845,13625,17270,5821,16338,2110,1552,18752,12841,11132,2654,4453
17432,277,8405,12413,5630,12701,4386,6875,7510,17776,14281,19079,19012,3112,14280,5349,10567,NA,1109,2139,5354,6677,3715,12513,10448,19239,6798,6417,4148,19465,14523,9218,6897
4786,18869,15088,13813,11355,16470,7989,3966,13175,11060,18120,NA,15834,14760,5306,13576,9630,3064,10134,1470,14049,NA,17668,18289,16955,3717,10010,5132,NA,1103,11213,4692,11537,1143,10988,6232,4583,12690,5489,7520,10095,10842,NA,12279,8556,17832,18868,16760,16432,3031,10037,16310,2975,15574,2872,10793,7270,4031,15083,2743,15754,819,16713,6571,8954
18926,16584,14035,10834,8758,8655,16887,8799,10010,437,9257,17715,NA,17474,NA,7325,7554,15925,2408,15659,11507,1396,14575,NA,14561,18245,99,17920,12337,16739,12757,NA,9897,1609,17106,NA,10920,8210,17935,14247,13499,3779,3735,19313,9423,9542,NA,675,3152,8063,19620,19023,5026,17439,10994,1383,1311,8332,10414,6505,4111,18129,6331,5367,4123,4432,3129,8505
18988,13263,4251,18596,8247,3964,19918,766,17759,12042,12415,1671,2963,12727,9832,710,4527,18636,13216,18715,5685,17176,16414,13421,12355,210,16108,14884,18165,1166,NA,1757,8909,1060,8972,5114,19550,15186,14469,107,16125,18005,15402,19992,2618,5631,14350,3940,16399
1834,9481,19319,17696,6471,4526,7244,9570,15133,4300,11886,NA,4357,15952,809,15938,13034,12511,3654,11339,13274,10899,8753,16604,19123,3279,2829,4457,9323,2804,19904,19583,14556,7643,2409,1781,9875,9283,6672
14903,17234,219,1372,17074,9976,18501,9942,2401,1660,10778,17787,128,13872,13851,12494,13439,18995,18841,10617,2387
458,1524,5193,2955,12221,10349,7279,15580,15695,6158,9195,1653,10528,7839,13805,9195,1218,11368,6232,6056,18854,15141,19111,14736,15578,2403,7737,NA,19750,4576,9897,NA,626,12328,17750,NA,9795,1921,9078,NA,19346,2018,11726,1258,903,13379,16244,15536,17588,17254,240
2309,9000,18997,18315,14419,3070,15856,1575,12825,9281,11614,NA,14906,1493,15909,13280,250,6174,17601,NA,16367,18783,17406,NA,15794,14632,3600,1936,10199,16335,528,14292,2434,9398,825,NA,16360,6381,10372,19979,9087,2085,10317,7549,5136,7775,5626,15455,17390,9334,2237,8277,1492,19794,19666,214,NA,17282,4047,3101,3263,17171,19526,2851,9967
4434,16595,1545,9314,19542,9642,4220,814,11985,5424,2480,NA,19872,11803,8311,3968,15807,18620,11328,NA,16918,13513,19382,5387,12220,6823,364,15931,17623,8334,7000,1564,11012,4273,NA,7724,15071,15796,9144,NA,18306,355,7624,2707,3169,14247,515,12600,NA,13997,573,7196,NA,3158,17665,10940,3787,10654,11111,2294,13060,14798,NA,19170,13098,9217,12551,16538,17264,8857,16959,4856,17235,14051
3955,17061,8620,9889,19250,4779,13576,16233,9534,1928,9234,18567,4322,10035,11815,10109,18346,5287,13730,1845,10771,10776,9245,13227,5888,1683,12000,19664,15655,9293,19287,5691,7622,7777,9940,3631,6049,13149,17391,18921
16209,1399,7286,12222,10509,5816,6337,1217,6482,17165,11243,16273,NA,16502,4612,NA,5892,NA,9435,17122,NA,18219,11725,18802,19835,9571,7445,NA,16490,4318,11361,6883,16823,NA,16077,2930,NA,3688,19846,2777,12264,7350,6660,13830,6521,15442,1896,8638,18560,6348,6570,268,13738,12521,1489,2152,3043,10727,1034,585,10298,9304,16937,12724,8580,316,18665,16064,18199,17110,16075,1588
6965,4474,291,4360,6710,4997,9252,5934,18284,69,11878,11193,4337,11905,17355,12959,16574,3414,19629,9088,7263,17954,815,5709,7157,16789,3281,10927,17888,NA,845,16900,5659,15190,NA,9973,3871,277,14844,14731,NA,5984,11137,3307,15242,11418,3880,NA,9042,12019,13857,13786,19895,19822,17222,3227,5403,18167,14968,2614
8724,5403,4130,17962,8297,594,1500,9330,15232,4454,14808,NA,2682,3158,6342,5315,5524,12411,NA,2758,6541,11722,6048,NA,534,15657,3048,17645,NA,12223,NA,3399,8911,17237,10482,9220,4174,14192,NA,13014,12310,10858,5458,1495,NA,15530,4144,7631,15708,17847,15059,17934,3799,6509,14964,17050,15759,14415,6866,16617,NA,2698,7257,1482,16965,2009,19479,10418,15680,10312,19469,12393,1622
6757,9089,10279,9515,1569,11564,15047,15082,18217,10116,7777,2646,10939,NA,7456,4582,16139,1477,11004,5715,NA,19885,12482,7453,12508,1660,NA,16844,17759,8047,6786,141,5430,15485,15938,1338,5434,17310,7114,5583,18062,NA,10014,11487,13657,17358,8755,NA,1171,2269,5635,17203,16438,7516,9226,8527,NA,17397,NA,802,10792,17683,1448,16111,3720,4027,9119,13065,9500,15228,5682,8105
847,843,14534,9664,3843,8938,7998,7635,12521,2575,3842,7531,11492,3122,5665,5443,10105,7806,815,2307,3480,1845,12942,10717,1019,11111,9842,14183,17705,14393,13744,5573,7185,6508,6073,16255,14841,18876,535,159,4788,10153,4466,7089,9926,NA,1909,7796,7801,1661,400,3757,8487,4778,NA,9021,6891,NA,7003,6140,1169,5878,8488,4067
11875,4818,2216,19296,8637,16536,5726,11286,4137,9233,131,5777,NA,2109,4964,4985,13240,17775,3118,NA,12606,19232,11733,13151,13628,9259,10418,10542,16680,10903,872,4419,1112,13166,2075,15927,16830,4919,13292,16304,11746,7109
11515,11099,6765,14066,476,14605,17661,9706,17673,2009,16838,2065,2011,7633,12664,5992,2741,6521,5522,12869,4498,2548,19343,13000,9425,8470,5219,10319,16270,15575,17994,11636,1,5379,12066,11587,13719,15091,10249,NA,13065,12019,NA,11801,3074,19475,2690,5376
3998,13252,10300,6008,12488,8050,17010,5429,1320,15339,4742,NA,11625,4860,1455,4391,6590,9246,9848,18057,15103,8741,17615,12388,4029,2115,3259,11,7840,13508,3675,11952,3825,NA,8168,11558,10193,11118,19022,NA,7587,10304,286,8576,16481,19181,4264,12828,6933,10974,8552,14798,11629,17287,14291,17461,16725,NA,14291,19968,17903,12718,5946,7634
8024,6111,7332,11061,513,1893,15453,863,17322,13992,19563,5930,6327,18778,14235,3610,14784,3346,6694,8331,12192,3837,9800,19229,14664,2185,18487,15014,7963,6557,NA,6784,13356,5291,7320,3873,NA,6521,6707,7063,15185,19525,17421,4881,666,5466,12984,69,12434,12008,7326
11792,1156,13844,4717,7313,10271,18324,486,12475,6218,10122,13208,7826,7913,4329,15388,1005,7418,15548,514,NA,7382,11223,4629,14676,5557,2885,10000,7732,4906,304,16129,5157,14149,7423,4589,5622,2219,5122,10835,13056,461,15993,14656,19842,7946,13628,15989,17105,17868,15805,1338,13542,18755,NA,15265,17268,878,14425,5546,16118,6360,9817,1059,15468,458,10108,657,12922,9400,6738,10944,14881
18603,9698,7217,8489,8136,14743,4479,8663,6598,8697,13284,18971,NA,5498,7949,17736,11501,18793,18775,19947,16178,10755,18775,11833,1507,7168,9196,NA,19893,133,14551,19549,8406,8489,19278
15921,4177,1233,655,19621,10284,9819,15544,9437,18238,9144,1928,17482,19295,15930,6949,2353,19705,10071,18635,16367,4574,9960,19008,5479,17688,14506,17513,NA,15306,NA,14155,18633,3760,15733,13152,11688,6099,11867,5956,NA,14406,2011,15610,196,3028,14202,10892,NA,18558,1521,13668,12534,12915,9460,13697,5723,19418,10409,1011,5450,15252,10343,NA,10838,15461,4829,5036,9191,2114,9254,9970
3791,5932,6566,547,11792,14749,2684,9447,10531,9464,19555,3954,12957,8508,163,16156,4716,2125,18090,4169,15940,1341,NA,1634,19157,4247,NA,19291,12932,9490,10311,9364,1637,6951,NA,9158,7043,6020,1628,2184,10104,7393,16049,7153,3876,2870,3514,8281,1743,16755,8253,1543
3749,14674,6445,1317,6549,6138,18354,12895,18321,9001,10973,1493,4322,4861,14419,2488,NA,17000,NA,168,6766,2738,899,6463,13756,3354,NA,19581,14613,14425,4089,8301,3838,13709,8814,10248,14075,12659,10351,NA,5945,26,NA,4751,15922,15188,19133,9935,10511,6227,NA,6411,NA,18717,192,239,11330,5847,13517,14252,17490,13422,13500,9955,7655,6757,14014,7544,NA,10652,19009,4760,17864,2519,11509,17648,15335
5042,2926,7939,4107,11879,3178,16313,9510,11455,17656,9584,16198,9687,6734,13067,16725,NA,454,11202,846,5468,15856,NA,5774,10579,9865,16086,81,9373,19888,NA,8353,2075,15623,10362,16847,NA,14228,7927,11137,8587,6186,15314,11388,13554,15574,13232,12011,14254,NA,6322,12593,3616,1509,9318,5555,4915,19250,1116,2669,18531
4879,1865,7981,15979,10444,10046,8716,17103,2555,10656,5433,2720,1463,13663,3667,14138,14668,4242,19867,16770,4154
10481,19996,14917,11246,17729,18683,1784,10421,7071,13703,663,4496,2929,197,6732,2054,15958,19220,13121,5817,7248,818,3440,5189
8737,15763,5042,12536,17506,5725,3247,6365,14295,2666,7211,15951,5585,897,8425,NA,7576,19338,9475,18885,14191,12138,5040,8469,9606,11819,11391,4127,19524,11537,14990,NA,14027,17378,18333,NA,19939,NA,17887,3767,NA,12340,NA,2974,9481,17184,NA,8404,10174,7678,4467,13320,12619,16273,16345,18910,6104,16932,15540,8917,7160
4849,18055,17939,17532,10376,12316,8077,17874,3130,8223,19729,15507,11713,10772,13824,10013,18471,4543,12830,5399,8993,1350,7155,1643,438,11697,9790,19182,17607,17448,8526,NA,9139,9311,18043,14362,9143,3213,14284,8167,12488,15737,8855,12533,537,2438,3886,6476,6052,10316,15913
4860,1735,998,18956,13701,1197,17162,13015,15961,10640,2513,NA,10130,3606,17519,3258,3878,3287,14113,3299,NA,1447,7498,18011,19664,3452,NA,2855,5306,323,11007,5939,18414,11065,15037,9147,7083,5712,5527,13132,9212,NA,19572,5356,14948,5492,11057,3806,9230,416,3057,17343,7833,3422,7250,18623,3131,NA,10667,5001,NA,15383,14364,10105,NA,2054,19758,12714,14659,2106,19501,4511,17334
3162,7287,18197,16173,16309,12979,2520,18302,10287,8364,4240,9113,3532,1302,NA,12443,14606,NA,7928,12114,24,16747,9974,NA,18068,13029,8351,9326,5663,10991,3774,11288,7660,12490,16237,4316,6701,1764,9992,19307,17440,4581,16676,6350,NA,6578,19733,8899,5705,11386,NA,12038,11628,7558,NA,8051,10927,18462,3561,1196,10655,19960,18383,NA,2770,631,4937,18203,15926,1220
18484,3998,10133,13462,7163,2884,10191,8357,7310,4863,12688,6045,15158,4252,10077,10105,NA,11787,19894,11459,773,NA,12347,1179,NA,3622,19203,8287,16285,9779
9373,19160,13607,19478,18888,8079,5754,18709,12366,17108,10433,9571,3724,12358,11418,19742,2434,11596,18490,3163,6436,10798,16903,6057,12893,1049,4383,2241,494,2662,6908,16730,15436
1078,5994,491,14520,6562,12932,17954,7202,15060,19847,8805,12020,1017,14874,1065,15403,94,4738,11289,9374,13353,15128,18455,9541,NA,11505,4697,1387,16204,NA,9267,3602,19560,17129,7682,731,1049,3993,7636,569,5470,17903,11453,14565,6021,15685,2986,8928,6621,NA,4059,18652,18662,11584,19388,981,900,9212,NA,9834,1100,12039,6713,19482,18349,10723,17921,5589,6607,5028
10959,2807,16545,6931,4022,1529,748,11815,13156,2634,14410,2860,3372,14298,9599,NA,6576,594,13241,7981,3777,9247,385,14376,2791,3491,6696,18486,17288,NA,9331,8239,16068,6590,12549,1337,3547,313,10104,NA,6249,13972,NA,6809,10947,9695,5700,10402,13812,16787,3609,17827,5770,17289,12171,844,7258,12025,NA,12575,6210,16372,17483,1343,17021,2805,8510,13108,NA,5835,NA,5067,7994,3257,2885,12848
1033,10208,2723,9100,3633,13556,19108,7440,17808,2514,5831,18034,16041,19628,15243,2431,10060,15908,1517,13263,3260,14482,18005,15122,2395,15023,3887,16866,18952
14027,8419,10287,15783,8799,10243,8723,7123,10001,9762,18393,19788,17246,6516,16877,1138,12525,11502,17988,4683,7685,8180,17539,1855,8409,15733,16485,1354,4812,2444,17966,6556,15867,4071,18422,122,19301,NA,16435,18250,7777,12179,14353,1186,18519,17280,8895,5974,6349,2304,19730,NA,19062,7721,19318,8939,2692,4902,15031,11228,17189,19956,5952,12731,8486,15759,1918
6069,18014,16824,14903,14545,18031,13049,9312,10641,2121,13872,NA,17109,NA,6694,4786,1139,3082,NA,9386,NA,17808,6552,17162,5072,19709
17021,6660,3935,18237,17587,14138,38,3456,3748,15519,14779,15526,NA,17855,1595,NA,5327,986,NA,7013,11810,8255,NA,8852,12378,2299,9385,1959,NA,18552,14873,13855,7641,10606,11768,13132,11169,5996,19461,18925,10896,9343,6405,18361,3946,6404,13355,19486,10900,16620,12288,1639,3695,13815,9283,19152,8321,5495,8985,11363,10348,15080,2461,3612,18643,10005,16174,3844,1020,16943
17746,18368,18522,5927,10007,11323,12967,4432,18244,4960,1674,11370,6131,16805,7113,15391,1396,17025,13666,5946,5091,6406,11840,1212,11180,NA,16694,1111,14360,NA,9926,7759,440,14959,11454,NA,3415,7741,11399,NA,17908,5119,522,13817,12979,10888,12895,NA,9866,8887,16084,4316,14145,2261,6363,5550,139,11026,14099,17996,11796,14923,4090,18199,7456,8507,16942,10924,9883,15005,5342
8317,9102,7335,7165,15089,5440,3403,12330,9753,9166,6191,1785,5167,4054,11588,8819,12191,5648,4340,19870,NA,5152,2447,18877,5775,5037,6764,1213,1513,NA,9783,13029,9093,2440,10516,13561,3627,5189,8689,18553
8166,3302,5872,8251,15637,8287,1539,17030,6718,13063,13618,NA,8123,7649,17752,8965,10746,16361,12147,481,2251,1907,9697,8308,1385,16562,17245,16467,14142,6610,14380,17776,15993,12750,3812,10228,4612,19976,17065
18468,2166,7782,7826,8690,15460,8635,5554,5208,19624,19987,13024,14678,875,9511,NA,68,9343,12502,10081,1520,2007,NA,255,17359,4627,18755,19033,2467,4625,18782,17606,966,7841,5663,7353,11967,NA,9504,13246,1460,8107,19488,6974,12132,2141,10839,8215,15588,2513,3150
15756,13665,373,11620,9422,11569,2994,3035,5809,9532,17524,11662,15211,998,16603,1839,7262,8880,11858,19086
2027,9692,17431,18576,12975,54,3359,2747,11857,15155,11176,7824,19716,17053,NA,2277,2463,13611,NA,11767,144,10137,15144,19411,7256,10914,NA,13410,8455,513,7938,16095,17540,15903,7172,19629,19374,5425,14654,7091,1862,9415,10290,13813,15666,2807,4828,11932,8837,16453,8923,19152,3538,12387,NA,7929,17804,6587,8908,5952,2529,13974,857,11811,14198,7697,1328,3221
5880,10824,5353,19656,1656,1447,4024,8207,11632,7727,16674,8390,2177,6187,17954,11021,1348,4378,11943,9921,11028,2391,2483,15504,18834,234,NA,19481,5526,9066,2291,9270,10361,3041,5709
16446,8503,16151,19216,11376,1061,8592,6720,10526,14279,17002,2613,12163,2278,NA,1372,2839,4121,10930,947,NA,12315,14693,1527,594,11098,8800,1034,6506,7231,9005,410,17003
15091,19098,5536,19892,7882,16787,18360,12459,10560,15505,4138,14132,6349,8151,10918,19031,17589,NA,6064,2167,NA,7490,19303,2380,18846,14922,4025,6126,12046,401,19883,5421
17001,321,19050,3000,12624,12762,2455,4450,2016,8601,1920,6026,6011,13033,7585,5676,2494,257,10694,1466,1351,6854,16342,4581,16196,5704,NA,10698,9345,18933,687,9770
19278,4400,10049,1003,9270,832,19849,17204,16727,11523,4113,9044,5854,14205,19158,14281,7453,1211,13429,19340,1689,17376,NA,10992,595,18503,NA,8999,19551,1083,6993,1096,17036,8776,3060,12353,10864,7805,16998,18569,9566,11967,18416,19931,2659,13998
5884,18623,17184,7390,3641,16874,5409,10072,19128,16141,19547,17417,NA,15740,13618,11212,927,18702,6653,17307,3135,15275,9619,16917,3700,10872,3105,18045,10693,4592,18977,3483,19513,724,4656,16592,10150,14841,19190,3704,954,5834,13749,3611,19070,18711,16004,1812,5530,14722,6578,16866,17721
1261,421,4905,2031,9243,12610,5897,17867,19748,14598,4047,11798,17670,16545,16226,11190,14818,11043,7522,15494,4755,6613,17534,15084,1517,19386,NA,11329,9606,15268,NA,1611,4569,12822,1998,17393,4917,13571,19073,18686,4855,16129,18463
926,5050,13166,8191,6131,16773,6761,16053,18090,11978,11550,1229,9801,10725,NA,17723,4447,14326,2617,NA,7209,1283,5551,3861,15035,2144,14994,9453,5647,8212,12047,9231,10011,12179,NA,3158,9394,18998,17815,9582,17295,4513,4161,159,15403,16957,14138,6845,NA,12761,1478,14376,2427,4810,8555,1728,11694,4162
2698,4472,17989,4359,6866,8926,14267,6522,19926,7582,4144,623,8749,12710,1597,15773,15987,18917,13537,8588,NA,6090,4776,15421,NA,5764,15389,3702,NA,13113,15889,11298,4791,16645,NA,13906,2033,441,12811,330,4902,10662,4134,1303,4707,9123,13054,1114,18107,8753,1389,10863,3601,1712,18209,12551,15475,12768,4738,18784,16085,17892,8606,18835,3989,19252,17013,12993,813,10055,19370,4318,3183,10521,17492,18179,3637
2040,2386,17194,16281,12026,9400,678,13896,13672,11376,9326,18107,11372,8373,18661,4716,15020,6200,17506,16489,2486,2381,4514,17966,NA,2798,19876,7541,14246,13191,3183,11413,11214,10280,3270,4032,19161,1015,579,7460,19909,10164
16280,2893,124,13211,3976,18327,17517,5826,6096,16124,17636,8557,2390,NA,11422,11785,6454,12468,8625,6011,19964,1914,10602,13086,8048
13631,17272,12067,18991,9421,14523,3083,17728,4942,5318,4158,11144,9148,19148,18480,8597,6150,11805,NA,2109,9149,13903,9439,6578,6629,4866,5305,16060,13576,18254,9914,13745,9383,NA,701,3227,16403,8618,8802,13792,NA,10159,17379,17488,8269,12736,10991,NA,11888,4070,2753,7570,18334,11276,14865,15274,8560,17974
4082,1362,4814,4222,13561,8215,1249,7211,4795,7159,7555,NA,790,11437,7671,14283,175,15031,9636,18400,6468,3739,19183,17456,10085,18188,16268,3937,10345,6873,11638,3524,15471,9462,19920,NA,3782,6806,NA,18364,19029,6104,19423,19139,3797
8660,16596,19481,12077,18753,6886,5908,15571,8082,12838,2628,13450,16287,8372,10431,18725,NA,13825,17651,3641,19723,18516,722,580,11284,8013,NA,6817,18580,14182,1357,13935,19239,19771,15790,9758,950,18090,4026,8874,2579,6081,15794,5595,13284,18657
4451,19528,11950,1142,16624,17333,8561,5212,19484,8051,14109,1166,17793,19135,8421,7374,2215,1778,14928,18716,6215,12910,14346,13434,14121
9674,9719,1749,13003,19576,14585,14388,6089,14682,11278,3968,15059,8241,6500,1320,4480,19961,NA,2298,16646,18272,NA,15036,11078,6264,13711,6828,5847,NA,13544,7811,11408,7959,3870,3781,NA,2847,19827,2698,3243,NA,12431,137,4943,9490,8425,15123,10910,14277,NA,3739,4359,8598,19713,12231,2801,4970,7607,16414,10723,17303,1137,NA,11748,13138,9264,4852,12057,1258,16903,14469,16656,18628,4940,153,9980,1774
2299,17691,11512,15056,2390,4043,13819,16540,5624,11791,17868,3474,9688,2527,NA,8061,15500,15050,2291,14575,12570,9127
326,10156,458,4519,6764,15729,4452,14062,3967,10324,3936,7904,NA,7158,13045,1287,12974,8040,NA,3905,13360,235,12624,14155,4002,NA,5995,18908,13746,3921,13799,15415,12012,8088,14955,12606,17766,375,13960,14336,15692,9943,3333,19649,3607,13487,2058,7188,5345,12094,NA,9082,5790,7271,8923,18885,8848,9568,14292,10724,3153,NA,18786,10909,10892,9626,2989,8732,6450,9291
