9557,14378,3827,6089,4240,14136,7189,3481,10284,14840,15073,4608,8383,6986,14841,5468,16686,13482,10831,9909,7958,14535,7784,1094,2411,6978,9136,1221,12856,18412,13163,4826,8870,9487,8447,11351,1061,7885,7488
19857,19961,7445,3194,17898,5638,14455,19267,10917,13435,13117,2876,10267,15317,1270,13657,19989,7855,NA,2423,19303,18394,1750,7685,2024,2166,12159,3763,680,11057,16026,2711,14467,13259,19017,2263,339
2031,19289,10227,16791,16397,10738,9481,19259,4699,15228,90,463,10248,16317,8121,5883,15081,4780,15543,NA,1792,15799,11763,5156,12554,3168,8555,17183,12700,4067,19816,2380,16725,15681,2958,11561,7500,8090,16235,4558,1798,NA,15955,14814,14881,6502,5927,18292,12035,1965,6820,19219,16676,4501,8768,NA,13237,19685,19884,18165,604,14712,6543,18508,NA,5367,10489,5758,3198,19051,12065,2000,4347,2696,11050
1102,907,912,6778,7882,9751,7327,5922,378,5548,7465,15922,NA,14480,NA,4731,3866,12099,8259,4767,1094,524,9429,NA,7447,NA,14950,NA,669,17477,3724,1726,12839,1894,5419,NA,8203,13716,17857,165,9215,14765,247,19458,17155,17576,7312,5836,4051,12408,8665,8131,3257,4479,3263,3563,12001,3816,NA,19887,11476,756,16796,18565,14284,3009,11310,3772,13463,13985,10385,10363,13689,8096
10550,16704,4434,19939,17299,15534,15777,12489,14592,916,6077,13488,16561,1254,17983,1111,17443,16808,7982,3623,8571,10684,7810,NA,16208,2367,12570,18954,12256,2129,18051,NA,17918,NA,788,813,11597,18917,6001,NA,5952,9648,19134,15879,14067,18224,6970,16088,5409,7808,2051,9105,18460,6929,9891,4900,17275,420,11960,2896,13938,10663,4583,1284,17675,15051,NA,5975,10976,10834,15564,16865,8134,16325
5870,4204,7760,7122,18597,17911,2222,1809,7498,421,12882,15580,12378,5855,10597,12587,16853,12934,1761,10221,830,3879,8652,NA,2938,2952,NA,16886,3763,16692,19361,15008,13891,NA,2050,6171,14214,17897,5428,4402,15270,1802,17355,NA,15637,17507,10808,10693,13074,4517,NA,3739,16817,12353,8725,10851,NA,529,16215,10911,10810,719,5007,5837,9292,2370,3369,13559,7626,8208,6166,8727,17417
9123,12673,5318,17900,9413,7520,9316,19307,11748,649,1346,7551,NA,15523,1627,NA,855,3869,14043,13696,15903,10351,NA,16891,3190,7281,14972,14212,2167,16368,NA,440,2940,18002,10861,2572,9516,2802,18201,17642,NA,863,12625,2615,NA,18303,14845,4205,8674,6289,19276,15734,8791,10023,14671,193,2390,5567,17558,NA,2251,NA,8756,8535,11626,3583,4092,2879,19116,19761,11035,13195,6407,11772,19064,18664,9691,2640
19900,18195,327,19129,1248,17278,6158,8161,2718,1431,9728,9137,13973,NA,9306,10151,5508,18516,18138,9123,15691,10372,5640,996,13707,8836,14664,15242,14839,7223,2189,1922,19310,4093,10171,13558,17907,16487,9198,10155,4000,9998,8736,10642,8347,15328,19907,16868,10947,19394,14283,NA,19703,NA,3695,6588,1059,18260,16587,15424,10382,10830,929,17063,14649
7674,1755,8567,1436,1708,19694,9637,7636,3940,15022,667,10878,12040,15647,3846,5602,1650,2844,4560,2038,11250,4063,1156,NA,15050,8627,2571,3678,5097,2745,10593,6877,12287,9871,7074,9790,2489,6813,16199,14511,2124,5567,7234
15399,11369,3615,1648,15790,10784,1428,3690,9157,828,8212,15586,2872,18171,12304,515,3704,5847,11316,4813,14483,11847,4689,12189,16772,19307,11427,12348,7329,NA,1360,14053,10552,3426,12682
19347,15952,6647,19155,5023,229,17709,14784,1396,9519,12809,1738,4710,4651,16904,19741,18731,14370,6556,12709,8477,12180,14502,14399
8484,11819,1482,9563,18616,6137,13800,8,13724,14816,8535,9126,6354,19787,15400,NA,11461,13121,697,9085,6621
9354,13245,9884,8172,11845,7590,11144,7551,11324,19714,14562,29,5964,5623,11179,NA,8622,6877,8981,4219,NA,1271,1906,14574,7662,6119,19433,12292,19489,10599,7406,10367,15692,4459,7756,NA,17144,16341,NA,18374,NA,7128,17151,13944,NA,15478,5523,14311,NA,1123,14627,8022,16545,11548,11775,5616,NA,12548,8234,11707,8272,17916,9427,403,2880,17685,NA,2479,3231,5071,8272,5907,8958,7592
17251,14294,18169,964,10540,19481,14957,2718,12621,7075,19587,13760,15830,1627,NA,4373,12604,6052,11831,14146,12574,5419,7622,16088,3413,17794,17347,NA,2816,11706,16555,242,14929,NA,9880,NA,5775,17531,12993,18531,NA,9247,17217,3194,3592,9280,16080,8761,18645,1561,14676,3919,4256,9485,9744,17093,1867,12440,4932,554
3751,12684,9196,5106,6762,16563,15336,5472,2765,6509,4914,11530,17926,8568,18933,15213,17354,6497,16934,12779,8079,4425,15535
19305,9914,10192,18756,17890,14831,6157,1903,1361,5494,19942,17096,NA,11039,7120,12240,14600,12192,18938,14122,17838,19983,1962,6405,11943,12514,14882,6636,4833,19502,161,943,6253,4702,1626,6384,NA,11468,11146,19193,231,239,4117,17863,17376,13966,2180,9133,15715,8867,14574,12825,13568,15699,4747,18519,13035,1188,16698,9560,19377,6240,18385,11942,4559,4608,19234,NA,13838,9407,6715,6487,1036,7120,4855,7172
11743,1253,258,4693,15922,13411,16931,14551,11040,2520,17227,16461,13801,NA,7725,5039,11798,13752,13694,15650,11803,NA,7362,NA,14196,12274,6052,5584,10641,4578,8526,10029,1884,NA,17344,4994,13471,5839,7370,NA,15060,1302,6811,12333,153
7741,1631,9042,6744,10405,11986,1979,12450,15826,5231,10692,11240,8123,3381,9018,11248,10938,5968,15394,NA,14766,7645,13551,NA,11154,NA,5338,8449,NA,14657,4139,7343,4970,5118,15725,5054,390,14328,4716,2898,18614,5790,11121,NA,729,19961,3356,69,17247,2267,14367,16696,14581,4470,6375,12998
5243,9802,11923,19928,9802,1816,10917,7424,18602,4375,13614,NA,19694,16742,14843,395,10808,1563,14141,1649,13078,16350
16132,13344,19721,3618,9860,15835,5765,10440,13664,17951,13651,NA,13721,12854,19093,2411,15023,4834,NA,10496,NA,17736,9884,12364,6082,10911,5425,17552,15875,11812,16300,NA,417,18735,9681,13029,6182,NA,8241,17945,15706,629,17680,NA,17964,2184,5272,4056,1588,11373,2382,2586,17039,15666,14178,14255,14389,8310,4525,2977,18234,NA,17032,1984,18699,NA,11838,NA,5969,18867,4861,10115,8681,14983,18464,12371,9554,8940,899
14586,15082,9254,1225,1631,1089,5098,10916,3129,7894,12256,6457,1253,3758,10162,1471,16960,10367,6534,4012,6556,18015,12362,4646,5513,17168,85,NA,18642,7793,15435,4757,6514,12032,8978,2332,4051,5312,NA,6455,5964,8148,15107,1211,4533,18948,2339,14434,10284,19378,3448,NA,5092,3158,5779,14317,19334,11790,15579,1284,NA,1788,15025,9585,5666,11683,8574,647,19253,13966,17256,18671
18226,11332,8489,5742,18803,7241,16755,5656,10086,12028,11116,4656,13434,8664,1215,11426,7088,3270,8591,3794,761,3363,5851,17712,NA,4844,13928,149,17883,2739,4241
16049,16752,14009,10702,17253,18246,11573,14049,1002,11073,18822,18768,NA,5353,NA,1583,12132,NA,2086,2183,14362,3613,11939,3696,6499,5036,19131,19734,8909,14285,13981,8985,NA,2608,1211,19271,12852,14698,10169,4117,19517,16882,3316,7885,7303,17439,1447,7257,291,13238,17995,17946,1365,4943,9145,10387,1259,8386,5031
1728,824,13776,4035,66,4300,6525,9600,5732,15334,396,4492,16978,7818,7474,17547,7515,8343,13001,14524,19739,9130,14046,11521,12133,17710,17496
14324,9252,4240,10781,491,17578,10836,16832,14930,17163,6974,6871,19604,344,4452,7270,14665,6318,15763,7147,14856,17128,1486
15060,7783,6789,16745,7168,17342,10305,738,638,15550,6592,6503,13847,2736,5803,2032,NA,3071,3622,9196,NA,10204,13723,6607,2061,18216,3258,14740,12814,16383,518,13706,3367,19858,19580,15059,7671,11003,11201,3706,12518,18715,2119,697,NA,19696,16468,7090,NA,17488,9964,NA,18064,10396,16329,11102,18506,10124,8399,11093,15779,8669,9320,4755
3618,5365,18656,87,13906,15065,13012,10938,5831,2694,18641,10335,NA,8201,6513,12044,NA,14782,19004,18457,4240,14632,17702,NA,12438,3726,13159,NA,13545,3597,16426,14904,15619,10373,9625,NA,444,5178,12606,19888,10037,14625,2192,18490,8790,NA,6012,12634,16884,5164,8584,15251,1552,19514,14324,18558,5187,11888,13269,18679,NA,8921,9911,17628,2958,5406,4871
454,10192,13476,1029,17542,10983,6610,3887,322,10453,14373,11193,300,18243,8633,18620,4070,5767,5658,2466,15758,12928,NA,14384,9121,5492,9031,14900,672,7138,6085,1168,3922,NA,12866,NA,14579,NA,6960,17360,4805,15258,15116,19127,NA,1305,NA,2288,6415,5492,NA,11281,11071,10108,6348,14218,16765,NA,14669,6987,6039,1037,12128,12828
341,19740,663,8028,6123,199,19750,9692,17233,824,10241,1512,4399,18235,6234,11210,2824,4195,17021,14933,2041,7288,254,12881,16840,4633,1472,14793,NA,3030,6960,8911,NA,4955,8985,13123,NA,3402,16073,17182,12208,18577
10590,5084,12730,9265,1523,13017,18230,4364,91,615,3526,929,376,7316,16210,981,9580,3315,15520,18865,13781,14097,19613,6578,NA,12270,2950,12006,13739,6282,3206,16301,6129,769
14017,14109,5067,109,19147,1617,9337,7420,9242,10305,2735,19554,10385,10848,1006,13739,8776,3583,16395,14902
6445,13329,3,2078,13256,14119,9069,8855,14466,4968,13169,182,16993,NA,4508,5601,11213,9098,7242,11737,NA,12697,11356,NA,685,NA,7365,4700,18263,18374,13018,NA,8227,5978,15601,14594,17398,2618,13376,7979,NA,12280,638,10191,9814,7811,17004,11280,10271,2894,13552,8104,11081,4439,10229,14254,NA,6935,NA,8906,12876,19977,13099,16783,18558,2859,1841,19848,7494,8181,8481,11182,9786,15373,13600,2059,2975,18252
11519,10397,6969,3783,1356,18096,7160,16979,19114,15661,8356,19201,3444,3369,9784,10732,17014,8264,10065,13153,13980,4484,19315,11055,6908,1451,1012,17324,11151,18132,10672,6338,12289,15674,NA,4718,19187,8066,NA,287,19900,4320,13687,8451,5577,12408
16130,13407,3065,16193,8857,4655,9366,4224,15211,14629,10263,7917,8593,8378,16484,18107,8405,NA,19637,NA,19140,9076,11397,2219,7155,18763,3900,15674,NA,8692,NA,18854,NA,14023,10043,6860,628,15902,5111,15477,8028,6822
4829,10403,4516,19743,8438,10172,13543,1608,11564,1005,10685,NA,16011,13304,NA,14893,14000,8580,3453,8570,1288,9710,1981,16688,2807,11121,12306,13154,18350,13122,2777,16714,16414,19150
10897,1018,462,17799,8752,10506,15516,18523,7023,17463,8534,2761,1106,7064,16752,8519,1044,11703,15604,12775,14710,8432,3546,3230,8459,14137,1425,NA,5637,14825,17232,18839,11877,5756,11090,NA,11768,154,NA,46,15175,2952,13507,18778,1806
19598,7171,8834,11822,19996,19789,13254,11108,14187,17431,2455,13547,6722,14934,4139,10255,4219,940,NA,11216,14827,11663,674,192,12961,NA,11181,11284,15736,1727,19911,6589,14209,13312,3859,669,16100,8132,15367,4278,10968,NA,14990,15881,1090,14222,19349,9675,15579,12206,18776,NA,1918,5744,8421,3909,14294,4765,6710,11620,8080,9135,11950,NA,19875,6594,16132,4532,19465,5446
19047,4845,3392,6666,15327,3623,5922,11779,870,7491,7609,7313,8326,10913,15871,7147,19168,9632,2411,17017,11564
10525,4634,4097,16551,528,13430,13961,6119,19850,18205,5657,13456,10055,4886,NA,5611,13296,556,16882,NA,4884,292,13627,17236,5741,13917,13312,6087,2663,12488,8850,376,11889,11884,17976,3213
9497,6508,17654,13824,9852,8747,700,3901,588,18653,16336,8246,9997,11962,13316,7734,9167,16524,9587,1291,12752,9303,919,1912,5810,18156,1356,10907,13083,4571,1928,18392,6206,12055,7933,9678,2949,15854,13290,12562,16465,19792,NA,11714,90,573,17810,7252,6746,1774,9424,7967,17386,14331,14168,17370,5097,8498
5526,5187,14192,5420,10440,18185,9720,11472,18915,6432,18382,5406,NA,4038,9224,15166,8446,5179,NA,19271,NA,3409,10205,11363,NA,13338,6871,19943,12689,8421,NA,10771,NA,18579,8459,13302,11609,8776,17695,9167,17886,19088,9529,7635,14425,10740,2773,18643,10020,6293,18167,57,6141
19702,18209,1356,5116,18848,17311,8057,142,19451,9024,6451,465,14822,14644,18267,14397,6719,2761,9762,6110,11179,11859,17941,18171,14,6933,15958,2289,4975,4069,4205,18199,172,7723,10059,11312,15798,8504,16591,10748,5854,589,16146,15360,19966,4253,17414,6392,1527,5301,18163,13269,9337,2836,9792,19139
8346,11973,12376,7641,3327,12439,15148,17306,3461,19072,3057,12160,3327,13071,16333,7432,13225,6533,14362,15851,11577,567,14039,14748,7439,11700,15702,18656,NA,164,NA,16580,19555,4200,3081,18800,18652
12077,9675,19885,13993,12004,14264,17123,15355,3690,18192,12531,14353,18385,13479,12325,NA,958,15359,5634,6715,5489,3896,6643,14559,19522,18091,1732
629,8470,14171,12817,513,3795,8049,11331,16005,4561,18294,4590,19318,9169,17969,4242,744,1369,7782,5290,6211,12593,19565,14442,14314
7885,15730,1448,13780,793,2221,12122,9177,12676,8851,7953,14883,19916,14859,19735,NA,11023,6201,8343,6520,9895,16972,6058,11606,12753,10821,9504,NA,10476,3536,426,1036,2858,19203,17256,7718,2784,1542,14984,17532,8517,10558,3431,13286,481,10693,3388
15545,9696,1965,8968,13385,12284,1885,19307,758,5944,17831,7287,16950,9504,15894,18124,6114,11478,13003,14774
1217,13832,18998,8137,14579,16360,14159,6502,397,16523,19820,NA,11241,18387,7969,16156,10367,8080,2201,4526,5104,9156,NA,1749,8509,7098,14916,17549,19739,4997,8080,13304,346,7635,3194,10744,11010,5564,5284,15966,18023,13534,14763
1976,18807,5251,9800,326,9987,6248,5058,9056,9540,6938,14373,4910,16034,12776,13903,4359,16206,5051,702,3861,17208,14769,8296,14352,10855,11532,2824,1858,19388,14379,9297,16852,5069,18165,1735,5003,5567,1714,2176,469,15164,5815
7551,1304,2412,14942,12462,712,18032,18304,15592,9780,14459,NA,12603,1322,18775,6793,4706,19373,13429,16237,NA,11733,5675,17876,4953,6777,349,7119,2945,NA,13128,478,3319,1652,15890,17809,3569,7775,5924,18788,4787,14096,17699,6360,11103,462,814,17276,2822,1334,6223,19024,3745,4411,861
14842,3734,15694,12320,7905,3890,19294,1266,18309,5775,16204,17212,NA,19150,192,18210,2991,205,4918,4809,17442,815,16936,8027,5750,12022,NA,8137,14920,7519,3069,4940,5329,18738,14404
3240,3759,678,6577,358,14825,19270,2296,18272,19443,19469,NA,14030,16677,4916,17751,NA,10691,3683,8859,7370,15280,14443,NA,8504,1578,3582,7031,18473,12600,2001,9834,579,7353,7501,12944,5144,11891,17714,3027,12550,13678,9983,13906,19704,13814
9585,5962,16511,19173,8420,9051,7903,18114,6337,14810,12952,13236,14259,NA,7296,16180,19466,NA,19747,17691,13677,2151,6663,19757,11554,982,13804,6247,11874,17745,6821,14050,3993,16057,NA,329,NA,16216,10142,16807,4057,NA,157,12621,10846,15611,3396,6180,11905,14318,11776,4301,3818,611,4066,10469,9659,11764
11992,12884,15256,13407,4218,8108,19380,19263,4838,5334,16145,16601,17196,16214,756,3783,4445,6230,NA,15997,8071,13456,4818,9289,1869,15786,6632,11003,15719,NA,15854,5899,13865,4555,19861,8177,13195,3082
12503,19207,14437,10894,17839,8255,11702,5967,4699,3414,12887,4141,16543,17164,16690,7975,16142,10718,14498,9218,10723,13318,12492,12071,3440,18488,1185,17721,NA,7058,10809,374,1218,2542,12074,10880,18023,7793,9175,3331,3657,18928,14939,3234,13080,6104,19189,11241,18,6870,14425,11787,16263,16432,NA,344,17449,10123,18827,998,13071,7055,2989,12946,7557,3197,7024,14559,16648,15636,7422,7931,8461,9469,11403
11571,8216,17391,13239,18647,3518,19995,7172,6291,1022,4445,11378,2550,8408,NA,15234,12736,15131,4757,7681,18697,17814,19143,6278,14853,17713,NA,6231,NA,2612,2371,3707,18405,6056,8234,1627,8886,12942,17819,NA,3916,15207,14960,19835,14309,17781,14001
11463,7828,6393,3312,7780,7268,16882,14062,8886,16630,9572,139,17787,3481,1139,15337,14916,5496,8331,3261,2179,13968,15246,10653,NA,7569,10922,10655,15770,NA,12218,15228,9910,19997,14431,19831,8977,9739,6866,15216,12200,977,790,14351,9422,17672,11489,6953,19386,6592,15392
1865,7808,9556,2570,4466,6393,14050,13690,858,8457,5310,3341,7039,1204,4273,18885,3029,15984,5759,8424,17194,19229,10990,5016,9434,16618,19613,11331,17964,6341,16631,6588,10573,557,11050,3921,2612,9837,739,NA,6773,7843,5247,11092,14231,3065,363,17815,13370,5330,12611,18613,7237,NA,2843,5795,11770,12421,9208,204,8925
9464,3033,3522,8951,3080,3645,5493,5661,12743,13216,2075,2309,3824,NA,4866,13958,6426,6495,4072,9343,13064,14039,19309,15151,17929,4802,9793,17154,3249,NA,3487,1517,16597,5400,9791,8461,18399,9114,13948,10273,NA,17415,11692,13425,2449,8627,10660,19230,15193,1903,NA,11831,11090,14642,891,5681,1609,10894,4531
12053,15408,4682,16255,3819,11264,5229,12916,8079,5138,11810,1391,2079,13664,3239,3320,1796,13798,7072,15677,13018,8484,17997
