18382,12143,17583,9284,4038,17121,1364,16384,10482,6240,15614,12638,7968,4537,69,7138,5459,19251,12551,7991,18231,1940,10059,14874
16371,13061,15684,144,8679,17933,6031,11514,11322,3683,6904,3386,15929,1831,9176,16095,19999,NA,12798,1380,10504,12823,1776,3481,3037,7466,15667,9956,6541,11163,15909,19255,1206,14594,9690,5393,9596,14131,11780,16897,17036,NA,18673,19466,14780,6714,NA,8216,10373,2785,19009,5960,15335,7377,NA,7495,19534,3051,14880,17359,2026,4411,2141,5620,2598,3031,16290,15769,NA,19212,7247,14596,17209,16277,10373,13555,16424,6154
18595,13607,7955,5500,298,13146,164,17568,12106,6059,9833,5231,5663,3069,19691,11191,19541,17504,12603,19158,312,16833,13867,13147,15211,2116,15749,11582,19596,7947,2290,14032,7398,NA,6948,3082,19158,11463,11524,16137,5020,15541,6335,10523
18995,2814,11404,13627,14633,3443,11045,7934,10293,14646,15012,13462,2526,359,3563,3326,5336,14720,12756,15768,NA,6599,8532,NA,9953,18580,12230,7082,2004,14980,15621,19369,1285,12123,150,6204,18497,12520,19001
9423,3766,10789,10090,12785,17902,710,15189,3891,1185,298,2840,11756,11824,9266,16869,6308,11719,10652,11206,11662,16585,9137,8467,NA,14982,16892,18087,12197,8009,17972,7367,4417,16928,14244,1495,6252,344,17940,16785,2235,1168,18418,2162,176,16973,16461,14321,12722,16460,7861,18173,1695,13571,19416,11836,2146
11123,1502,18570,5271,5973,18961,3196,12635,5505,1789,19872,16054,16968,14637,243,9866,NA,19130,11510,10718,3551,5625,12692,NA,1927,8959,NA,8777,18660,5292,19871,1589,17699,250,15859,10764,13768,8322,16070,1095,6028,1006
8006,879,15427,2045,14578,10226,14551,17330,3633,1066,16883,10048,1436,8936,2065,NA,15761,9922,19208,10598,5709,6588,19684
7172,3533,1891,2930,4070,5130,8579,9217,1948,13934,1989,13978,14215,11009,NA,2555,333,3302,6811,6031,133,5109
1913,16228,6415,15448,1664,16787,11315,19706,11087,10980,8062,18833,4298,4337,17240,1905,636,13873,17684,6604,14848,110,12170,8200
3383,5561,847,5451,8906,19464,11270,9291,4441,13155,8375,16510,8995,12329,612,3279,NA,1692,11087,2106,4779,881,2389,2936,2420,10041,13356,11631,5775,14243,13275,1985,10879,414,14597,4141,8933,NA,3591,7797,18625,13013,2395,16818,10034,15551,1657,8824,606,5024,6991,19565,8688,NA,3615,2383,3421,13226,11557,4661,4139,18954,13863,12839,10331,15286,16267,12828,11782,7367,19994,15538,18699,12656
1396,9404,18221,18728,894,16967,3411,7080,16102,19969,13802,19682,14163,17471,4008,15853,9962,NA,9474,18302,8433,16891,470,6536,17984,7953,NA,13400,4869,11991,18165,NA,12148,2308,16760,7348,19423,7986,720,15014,11925,18154,8072,19290,NA,13524,6052,2837,NA,12528,13052,11642,2991,9681,10387,NA,19918,12250,NA,12419,19402,17199,16991,19599,17973,3510,2155,8565,4907
6444,629,2914,7630,14827,6937,10291,8228,14223,6564,2197,8756,16820,4480,11903,8168,6816,6987,13345,4455,10083,12867,9223,10198,NA,15487,14633,14007,19394,14072,16777,9098,18343,NA,3636,18135,14002,9298,16747,7540,NA,7609,4369,8157,15728,18161,10495,11302,5967,17527,2378,409,1287,19401,11257,381,16635
10853,18565,12879,18887,4000,17926,2029,4790,15087,11438,18159,NA,17058,12933,7751,6101,13913,6343,821,5045,2589,18311,18904,8638,12955,18434,12042,10536,14713,419,6471,7655,11825,1520,16420,10062,6003,2983,6634,15080,733,11186,18967,15213,12737,18036,NA,1969,18342,2257,10685,13955,10205,5672,3420,11447,6860,5447,6801,19909,4137,17211,5981,3205,9285,18755,5610,8220,15028,9600,18260,9553,1796
14630,405,47,1973,514,14775,9423,3005,12643,834,13770,7209,14542,262,820,18494,3487,3948,810,14965,576,12871,1238,NA,7959,18887,14723,676,6379,6834,1276,19958,19078,11018,9258,18722,16489,9493,16804,15386,16384,10409
15698,15278,2653,19353,9507,13194,2527,14440,4937,9950,303,7458,11579,6803,19860,18814,4666,12298,10629,10573,NA,12853,14457,10247,2102,11727,1829,18363,16929,13945,16930,503,15629,15386,9162,4970,18187,3382,NA,13108,12803,442,8751,17146,14869,3229,14534,12652,538,8750
18134,14206,17993,9398,8730,10235,15604,2160,5414,14886,7874,6723,2369,5334,8542,6041,14477,NA,16711,3836,16981,121,17946,2849,NA,8973,7119,14615,6137,6391,4354
25,19524,3579,18171,9722,6877,11073,11471,2902,8265,11269,11677,6440,1291,5852,2338,15085,18023,14434,4505,3571,4452,14566,15561,18588,3662,11315,7444,11082,10649,6538,7941,7520,NA,15275,4652,12311,NA,15125,12997,13576,10668,10479,39,1717,13368,2439
9117,6631,507,7286,4166,6489,6690,17629,905,7586,14621,623,2822,2747,NA,14137,5276,7388,7411,16377,18880,15931,11389,8474,11597,13811,13862,9671,3825,625,18512,18115,11854,14501,17546,2808,1732,9478,4253,3761,9378,NA,4566,13378,5351,16357,NA,17605,8440,2527,NA,7319,13882,16171,19715,NA,15792,11144,3448,15040,10745
9552,19415,4391,18836,4777,18735,19562,953,9476,5008,5832,17935,10396,NA,4714,16805,12113,16821,2475,2822,NA,4331,1848,395,11480,840,10680
16876,12373,6756,4980,10150,6970,7620,165,4172,9563,18640,9862,9951,14554,18812,10378,3843,507,6994,16123,3549,14088,7309,6037,136,NA,5905,15862,3325,15557,4607,15131,12112,5376,NA,8235,16655,8757,3629,13015,9642,97,3556,3034,1645,8783,5858,7053,18202,1103,6554,12387,9497,NA,12176,19657,9578,13824,5706,12408,19881,2386,18168,10639,8886,17147,19974
18705,12181,16308,165,17226,18694,5173,10200,7501,8580,13499,8231,12433,7283,18102,3812,6877,1230,1742,12022,10294,15508,18087,16614,8736,13071,11440,7022,16950,15528,14563,NA,2785,19536,17738,NA,845,16230,13483,8783,12005,3897,4012,8797,7334
15191,17707,16717,7661,5613,8083,12554,18190,10700,13793,3246,1161,3430,18582,17451,1534,18373,NA,17957,10051,5922,6189,15016,19131,9790,3853,4599,1817,2180,7944,10977,13241,19242,13905,4152,8485,730,175,12540,18863,10965,14809,15700,3156,11528,4254,7399,8602,NA,15094,13761,18637,7125,17244,4522,9578,18233,15692,8269,18631,5684,NA,6428,18581,1617,15787,NA,1403,11575,NA,4216,6657,16688,16209,17180,5444
5319,13606,1510,14319,4419,16321,8656,16068,14946,2983,3238,10383,19236,NA,5730,18649,6318,14438,6640,16915,18662,7973,410,12622,14824,16613,6053,7569,7897,11447,2621,NA,19991,10146,19657,8069,2822,396,3297,18054,16912,2505,4865,NA,1493,737,6386,9834,17163,14956,16774,15994,7753,6702,2751,12836,1839,2524,8384,10351,7558,16077,18054
8767,400,151,1989,16113,7745,1833,16922,13006,7480,12248,2423,12817,4960,2075,14221,16749,11128,8395,2634,17934,288,10135,7597,15268,NA,6999,NA,13293,868,1598,14053,3658,11889,19793,5529,13790,7383,19837,13680,10194,5462,17421,10729,15127,1853,2492,NA,8802,17307,7352,NA,19600,318,17308,NA,11433,NA,9132,2211,18626,14401,16814,19901,9946,NA,11987,NA,6704,298,498,19052,2314,2085,4974,10923,3303
4225,4690,16016,3496,19442,14830,17819,3830,1406,8511,5944,2138,10837,13125,7670,NA,15199,1466,6821,14705,16783,16744,NA,12775,8814,7487,NA,1495,18190,16083,8190,13470,14224,13436,13252,5110,4257
17819,5855,3358,12378,13011,12489,6597,15266,16952,15125,11912,16931,11468,NA,19991,18080,16087,735,8016,4919,17560,17864,5519,9082,1614,680,NA,11104,15842,4930,5060,7791,5621,18569,3894,18754,15076,NA,18227,9465,3419,144,11375,6957,2588,8115,11204,NA,8771,1995,NA,1571,19519,15087,2579,851,NA,13808,12313,5070,832,14609,5522,2284,3516,15456,19147,8729,5672,8602,2578,7691,1856
13120,7401,6736,3062,9274,8127,2823,3748,5479,12791,87,7201,9968,6264,10512,2281,14757,5909,12771,8470,8511,3683,19769,15798,1879,5311,18065,4075,56,16942,NA,4763,9236,19344,11857,10881,2374,5923,6253,4624,8067,485,18972,4616,8054,17213,15984,16780,3560,14158,1123,10030,7478,14939,4047,4049,2653,18832
6707,4825,2663,12160,899,17309,7755,878,16623,16881,3468,14112,4482,17917,10990,966,4487,NA,18154,10050,1269,NA,12577,7938,7988,16968,NA,5288,277,8000,14947,13275,17111,7849,9119,8760,3916,9180,3653,16439,8524,8760,5216,8028,2036,17493,270,17210,16868,NA,3686,6932,7766,852,10451,14732,13893,18319,11451,3520,13967,17216,10249,14143,5979,17540,11972,12351,1953,13093,11392,17567
19852,15726,6634,6413,408,18093,16014,10665,10707,3128,15894,19293,2228,NA,17173,8353,10424,17911,9663,13119,15669,11224,19338,386,3669,493,2222,1817,18037,13792,7410,19868,7540,NA,8321,7845,NA,5050,11861,3213,6301,8715
19368,2358,8260,3821,2338,13865,2136,1266,17441,3124,9140,4804,12078,14223,NA,17532,1033,5474,7922,9013,9587,17478,15517,8798,11821,1362,18323,15256,11382,7466,14722,NA,2012,4983,19775,16828,1491,8833,4031,14739,4824,9643
14860,2319,15548,5286,2896,2167,18621,2653,2040,8061,9798,4795,13373,NA,411,17585,10252,11832,NA,6303,15101,19804,11061,5083,7094,16591,3583,1771,7859,6594,8475,5951,8917,18620,18704,16040,8482,1684,11301,3018,1738,4097,12685,5572,4867,8514,4092,NA,94,12678,7600,297,4823,10210,12097,3983,16936,15482,1375,7625,18658,11979,18373,17501
2703,15782,9862,12446,7775,9588,2593,18570,14832,372,12579,9294,8929,6064,911,NA,2233,14913,8380,18773,14116,18011,3834,10285,15506
12357,5124,10822,17675,15872,2036,6753,19039,3642,13262,7048,15998,1888,13464,14712,NA,8433,NA,13023,14823,2122,5878,5104,7278,19594,9825,12532,4815,12819,585,6566,10724,NA,14035,6713,17119,1482,16656,460,10150,261,14104,13317,7974,10135,14694,16951,5998,6467,12754,18572,14394,1931,12716,9208,NA,12811,18115,2056,NA,6341,3668,6151,13985,NA,15515,3009,16808,NA,5188,10530,17984,1554,3379,9387
802,19921,13653,3731,8973,1342,19307,6264,17431,17975,16139,NA,12107,NA,5268,6283,11645,289,10148,NA,1528,11710,86,13698,12298,11431,18433,19210,12553,8010,2020,4465,1573,14630,5674,NA,13973,9916,18459,12393,2902,12197,5521,4207,10324
3304,9196,847,7201,247,267,3497,18716,10612,13187,8242,4090,5351,NA,6282,2542,9664,8141,13970,6044,7658,11472,19965,2668,15924,17350,18757,NA,19694,5807,15621,7439,10432,4421,18867,15115,2960
16604,13406,1665,18451,14616,7627,7667,16026,7576,3444,13817,19511,NA,7727,4058,11576,1310,11951,15803,14400,15942,14337,2086,2682
14855,13486,14875,11427,11214,249,328,14022,18390,16285,13792,15022,99,1605,12122,1107,15192,13916,1338,3023,16144,3895,4902,NA,319,NA,3444,6508,18459,293,11857,3657,15071,3245,6607,15459,7429,9044,12438,9623,16724,9483,5280,1780,203,3656,19200,18029,16895,9442,9879,19887,874
6720,7232,7510,6414,19601,2219,17038,13633,5250,18683,4343,995,13081,3119,731,1196,15506,3284,557,15199,108,14141,NA,9024,9577,NA,19663,16087,16579,10953,16839,12063,18628,8595,11705,2168,19627,4232,1512,7723,14014,8565,10673,9413,NA,11425,7260,3957,7586,462,12487,13617,2523,16790,6330,5213,4191,6118,NA,14919,17395,16772,NA,11314,2041,3183,7555,9369,4191,12988,NA,17775,17330,6407,145,17437,257,16516
6286,15145,1578,3536,15327,1754,14787,14227,17641,11957,3108,968,5988,9821,NA,3186,4273,17698,608,2812,14821,9779,5146,NA,2497,16264,NA,12603,5420,9575,18623,13708,9847,14396,NA,17839,15313,6892,19725,18585,NA,4333,14157,14322,2804,18588,12057,10182,12116,127,4901
17001,9040,1800,5349,11712,13561,5105,12368,1230,11513,6333,2450,18520,NA,4181,NA,4388,NA,14906,14749,NA,2453,5983,9387,755,8456,2711,NA,492,15259,8969,304,6912,17446,18536,12949
5028,8407,7467,14731,7401,12673,5948,602,15699,16952,17672,1894,19051,9094,4006,4611,199,9349,11218,13037
15088,3118,19773,16852,795,2843,1514,11575,8003,5838,2379,NA,7656,3835,3458,10678,16911,19865,11828,8821,17862,18119,12358,3945,12138,19158,4372,4359,15323
11174,5821,19011,7936,18691,7170,15167,17642,16994,12051,10489,14904,19799,172,6185,12725,6243,4874,2697,12158,18587,NA,13230,NA,4170,15428,3772,10496,12871,16626,13493,17236,4827,19503,5948,12347,7615,NA,2744,10702,13704,13545,8653,4990,14495,1587,NA,9389,NA,602,14921,13100,5642,7100,NA,15211,7939,10870,12280,12934,9254,17317,3253
6913,9312,17723,16034,19603,1864,14788,18200,18835,4218,6788,12736,NA,7077,17282,14036,9194,NA,17978,4227,1238,5490,13127,8169,956,7179,9135,2530,12999,8874,16371,NA,11062,12557,4924,3042,5495,NA,6097,844,NA,6956,17938,8451,18928,8532,17400,7788,9068,7134,7888
3368,31,17915,17015,11248,565,8409,6272,7242,5667,5471,2735,144,137,3433,17949,16015,3275,13402,12869,1591,NA,18286,13322,5606,7818,12016,8617,2360,17047,12639,10554,NA,16954,17830,4096,13304,14591,1236,19808,2471,13039,15966,NA,17105,4078,9270,15176,2764,7759,12386,19460
569,13329,7923,18031,12373,19024,13527,19568,5559,5190,969,10712,19468,1443,NA,14092,19516,19847,15967,13096,3757,12961,NA,19451,NA,17591,662,13725,8596,1500,11467,3296,NA,4689,NA,10804,12847,6474,14299,9027,4638,18576,13084,9786,3015,18936,17578,9877,19363,14399,19091,3332,11132,9378,5673,246,1306,19887,3287
9326,18065,6019,1137,12770,3159,7256,7241,19060,6032,9803,7020,5643,6531,13044,NA,1640,19078,4600,1652,18527,19991,19825,NA,12426,7828,NA,2019,2840,4384,12658,7448,3529
11270,71,7193,16785,11964,6233,10830,4780,9380,5212,9252,9029,7589,2260,7939,15172,1552,17033,NA,18042,19613,10123,14527,8961,1583,NA,3401,13755,15699,14328,NA,876,NA,6170,9763,14546,1664,9223,5026,13735,7644,17377,6065,16011,990,11788,3836,318,14936,1800,13556,7066,14707,180,16983,9531,15899
9087,19152,18923,7139,1401,9945,10587,15785,5386,15538,8469,NA,342,8677,3466,3214,10301,8146,10959,16065,13340
8196,10661,8235,16344,4025,1661,6184,685,11425,794,12585,NA,264,NA,13004,15059,13841,16164,NA,8,12205,17588,8845,14664,17828,19347,NA,3227,16142,11732,5223,16821,2421,NA,10194,19039,NA,12285,2151,10151,1920,19495,15177,10890,4952,12748,10404,11590,9453,19224,427
14217,8822,2221,3378,321,5400,14715,18402,2220,18117,7500,7348,17226,8316,15867,18819,14854,10351,12099,19678,19185,18071,NA,12771,7895,7639,13351,11424,2405,8038,16610,2205,15526,2630,5220,696,4295,3988,13582,420,19155,17995,7109,9754,3722,14960,9872,17206,15693,5164,7952,19947,3933,17624,16848,19132,2697,8421,2822
17253,1834,310,17569,7227,8179,4815,16148,9912,7113,1055,NA,18474,8413,4740,1490,13585,19356,2201,6465,10844,NA,17171,19990,10281,18633,6013,3582,12098,18881,6757,14230,9535,7399
10348,17269,17840,2470,4150,2612,16934,830,14161,2076,1158,17472,10757,10500,12648,6853,18428,3763,7933,10832,10369,13568,18624,3130,16051,6609,8327,14363,NA,18645,NA,13492,17336,10639,NA,17003,13326,11237,416,3810,390,18294,NA,3333,5879,17688,19832,262,6320,9364,12590,2620,6770,16544,7541,16655,8058,2683,13116,4068,2490,11332,10470,14952,11185,5479,13171,13447,2009,19664
-1,15844,14991,4385,6404,16665,11443,7975,1924,473,17076,10169,6488,5166,5755,15067,14725,2021,8187,4608,7555,7188,13057,537,3104,465,10845,8579,11892,9011,4262
16258,18800,5499,797,10882,18940,8795,9611,12327,8026,8401,17214,490,10912,17889,11003,16763,15940,1590,5167,7014,272,4494,14480,11076,11654,1951,15891,NA,17304,6025,4626,4411,621,6062,18148,5108,9680,1097,4315,18362,13139,16470
39,11187,13639,1025,7595,2989,3341,7643,18707,8114,8009,14163,5877,13312,13572,8837,6104,5039,2894,NA,13579,12954,7194,NA,15262,19856,2910,11585,7316,13518,4439,523,9095,15196,19476,19735,94,11826,5758,13977,7974
17225,17281,10180,16179,10695,3272,9148,17675,16801,8894,13434,8520,11321,1767,10645,6189,19443,12099,14445,3313,8769,NA,1367,11781,NA,4826,122,4661,NA,15510,5005,2548,NA,2577,6784,16440,NA,12588,8053,13396,10602,9570,16953,18761,2067,13121,15628,NA,13366,1031,5448,15547,16275,17138,NA,15796,15999,3560,13923,10424,19102,1058
15654,16249,2400,9767,4692,11793,2157,5504,136,9199,6950,15375,3816,14520,16198,4405,16132,860,2102,5176,1504,428,1459,4541,NA,2805,10015,19877,9342,5174,5320,19988,597,17296,9421,14744,19007,8865,4752,6217,1232,5256,2695,7031,6608,8749,19357,4389
15554,7182,9113,14240,6100,3781,16524,8504,17334,19051,17661,NA,3964,5255,NA,12296,18356,6765,17489,NA,10709,15038,1264,12296,13022,7515,14055,8545,17760,NA,14723,2941,1117,10578,807,2244,10517,4877,NA,14195,11701,7595,18234,17475,19821,363,6504,14259,15909,13328,11142,18136,8917,NA,13291,17793,686,16030,1360,9937,4729,12204,5275,8562,5883,3462,8235
1204,16705,15861,19144,1182,11554,8403,14769,17742,5398,15852,6421,4775,9730,18160,3153,18586,31,9739,18274,NA,16862,3658,2349,17859,14217,776,13611,11073,NA,1420,18922,13242,8791,13636,1550
534,2946,13141,8664,7233,12261,19131,6817,14977,12625,17133,6907,13895,690,NA,12266,15417,4694,8599,NA,15465,18190,8791,7576,17682,13400
3756,12691,978,14447,3818,18095,13508,1233,10452,4491,6872,2092,19083,1196,9884,1024,18827,7193,7910,NA,10707,9193,17012,11272,4516,10337,14278,11752,15147,11694,5436,11353,19665,9027,16277
2083,15852,733,10684,8190,6495,12916,13087,14047,4656,16220,7073,NA,19117,18809,3518,12227,8784,5319,7948,18717,12580,13581,5270
16153,7145,10714,17126,3336,11480,10914,4875,10569,9080,18505,1155,17611,11288,3731,15905,2832,15346,12366,9986,13634,NA,15585,19763,10580,726,19012,9858,8744,8488,17340,9661,19824
5339,1202,13120,12859,1246,12444,16683,19175,8381,1748,4580,13357,14,5365,2167,19287,NA,16833,8770,18846,9994,14373
13187,13494,10854,4808,9104,2334,2832,5199,11052,16857,3548,717,4428,15479,9706,10654,18394,4429,13731,12642,17849,18800,15214,2546,15109,16852,9803,4467,8544,11385,12143,12599,4422,4068,9448,9271,19851,19004,16528,18832,13769,19431,NA,2298,4148,17147,16096,1709,3484,14113,16803,NA,6852,5321,13913,7264,14052,NA,6662,NA,8589,14098,NA,6752,12925,14706,9075,6911,16093,18320
19542,2254,115,7147,15359,18203,13609,1957,9309,3724,222,16271,16438,5692,3932,11805,6225,8863,9210,13180,5101,13262,14785,10173,NA,2394,18789,7423,2023,15384,8318,12229,11248,2385,17146,2467,7159,13272,9427,4827,16662,13894,7931,6555,1879,8603,16624,406,3443,5316,17804,11628,10505,18631,19693,NA,16059,6028,1447,15815,8807,19298,19397,10457,12738,4729,NA,379,15626,6925,9473,16069,7528,13129,349,18632,2657,2224
6763,8941,13585,5987,14077,5725,14415,15630,18930,3442,376,12392,18677,NA,8616,3921,15128,14939,10485,NA,16608,10314,5989,17558,5475,5860,18146,NA,18579,5365,2679,2560,16504,15018,1761,14251,7706,1248,6008,NA,12476,12524,8609,NA,1526,9482,11616,9921,11438,18630,2120,15824,NA,10215,6310,12522,19023,18752,13900,6315,16831,NA,3360,10973,7341,NA,13763,NA,19462,16175,11982,17658,16048,10599,1238,14340,4549,13007
19790,13489,2222,10541,12724,8893,7860,19002,550,14761,16208,9325,NA,9158,776,2839,8195,13361,14766,10664,742,NA,12297,595,6273,15234,12210,9243,NA,7872,13716,13970,14409,10616,11321,NA,5400,8808,12592,19464,11786,4162,1282,3423,9481,518
19765,12600,17489,503,3271,19875,19857,11462,8613,5986,9071,15921,12631,17040,10645,NA,3411,7586,12047,10888,4432,537,NA,17396,12504,14907,8538,18562,4848,NA,17460,8939,16309,9811,19450,2248,8171,12597,423,3185,2697,NA,10654,NA,1072,18803,11655,16390,7931,19305,NA,14402,4680,17971,11139,16074,15678,14009,12280,13050,1762,7835,2,NA,1394,2574,16052,1789,12411,13821,17257,3969,4608,3982,18653,15617,54,19248
13909,6931,7724,13965,14103,6082,13992,8754,3676,10330,4239,5797,17347,16233,NA,3507,6609,8839,6678,4528,16,7556,15048,17913,10319,8985,9942,9730
13333,6606,17413,15264,10799,6717,8317,1948,12529,16445,250,4626,10836,4769,16642,16765,506,1043,10918,552,16545,3712,8324,5296,16349,486,6247,9774,1214,17322,NA,15054,19521,12877,NA,12584,19722,267,14096,14323,16698,19978,17867,1797,14016,8296,1360,13720,284,2131,7054,19995
11341,6405,11045,19316,9725,11659,16145,9373,8694,13244,6704,NA,5488,15049,9844,6430,NA,6990,746,NA,13502,11677,4894,16150,18105,8418,7005,7179,NA,9349,NA,14875,5733,19245,14731,5294,10107,12062,5682,5032,NA,9347,18562,11258,9624,12187,7145,5480,11789,3444,5992,17254,NA,1968,480,13375,12657,12235,5557,8564,13717,7176,9290,14580,12963,12332,2827,16151,5049,13219,6972,13508
10954,2664,10893,10268,17929,4780,1474,19117,16116,1437,1767,6394,222,10402,12438,1394,8795,3687,7450,1553,169,NA,18308,NA,7648,13432,6778,NA,9655,9911,12211,14807,1522,4336,16282,11028,10520
14467,461,5983,475,13136,9957,16098,6026,3910,6494,13010,19098,NA,12244,3857,3428,2481,4335,13743,13284,7011,NA,3024,4290,4784,14319,219,3328,19894,5752,1716,9580,13890,12607,15849,18003,12554,6343,11621,3895,6908,18664,10136
5038,8637,16432,10558,11565,18574,10272,7958,18121,14342,12488,17829,6288,16705,18354,17602,17432,14038,1493,6989,10825,11865,9933,8569,4847,10547,14947,17377,5932,18959,15341,18449,8170
19977,1144,15615,15827,1762,6255,12835,1758,2665,4734,18374,15829,15106,6614,17189,NA,8297,2351,19216,18093,14755,9992,1842,19760,NA,9093,7523,9738,15723,7204,8500,11164,7025,13746,NA,3489,7485,14795,6557,6015,1698,15148,15475,NA,17079,470,16753,3488,444,NA,17687,4938,10230,12514,16068,3069,5048,17069,16843
584,6553,10317,4205,19888,5213,12797,10673,8885,3939,9563,18287,NA,17482,9073,14983,15174,14191,6940,11192,6461,4722,4297,6088,11628,19805,18112,10175,4804,16761,6625,11438,15220,NA,18310,18212,9162,16538,18799,15937,11197,17040,10889,15507,4152
1942,846,3324,17656,13010,14195,10300,1300,17411,4491,6494,10306,NA,3525,7511,4439,15877,NA,7149,10359,16419,807,NA,3014,3360,8636,9380,10504,11363,19851,19998,70,18409,NA,19008,6183,10742,17343,8331,8579,5808,NA,5027,11613,15646,335,143,8869,8403,8619,2632,18890,17603,8877,NA,6836,NA,8356,NA,5519,13563,13253,17708,2939,3017,6572,4649,NA,11519,4030,8172,19080,18870
2061,1289,17215,3175,3324,2766,11124,11949,4684,11596,11325,17572,16891,12242,17670,14968,NA,15716,8264,5042,700,8834,5448,11280,10251,13242,9162,2651,3753,6314
18832,12388,15893,765,3684,9943,3744,18115,19378,7309,12117,13241,NA,15090,1977,13772,15820,10334,11280,15356,7126,18288,19020,16969,6204,17785,4870,5963,542,4805,19455,18138,4281,662,7894,419,19401,13435,9680,13759,17723,12494,4391,14955,16771,15899,2491,18877,11202,19037,18814,17466,658,13080,NA,10519,NA,19861,10834,17535,5175,19952,4897,4620,9363,77,15237,10747,9405,5955,11987,4916,6393,9554,10792,8068,511,11705
9256,18176,7872,4682,6116,15444,1297,12047,14187,13661,15291,12860,10692,19330,10407,10719,4443,11155,1695,6560
7293,5737,3396,8921,3722,12957,3283,18404,4584,19540,890,17486,8234,1549,17036,14833,10456,NA,6820,667,15383,4076,10794,12,14139,16334,4605,1415,13469,17566,5029,19578,10516
2707,978,12375,4165,7934,4959,12980,8297,11996,15316,16966,NA,2952,19363,4117,2923,11953,19692,10783,17975,NA,12028,14805,NA,13517,15099,3877,10211,8810,2729,13677,9382,8478,12327,14454,11920,9987,16703,4276,14828,9859,7227,15791,NA,14143,10638,11268,8478,11413,17111,6723,7845,5243,13656,8298,1427,8513,15039,7947,1353,1951,12863,7891,4069,9710,1304,NA,1149,17476,NA,19903,10364,9373,16726,18725,7649
11067,19319,15293,10928,12338,2096,2018,13054,358,2934,12173,6537,5140,19748,11429,NA,10698,NA,8537,13306,7274,7729,7506,12532,13002,8848,3671,7404,NA,15376,3674,19305,5186,17035,523,4402,NA,1238,6679,9671,19144,8671,3785,16361,9495,12712,11433,17825,14701,16451,9818,15851,17585,3634,5205
15249,3863,1780,12782,15970,1615,13297,19840,8834,13858,6726,16067,8674,16412,19145,10002,3857,18274,11110,6759,11288,2415
