6594,15033,14653,11712,19583,140,10634,18865,3595,19548,2241,2513,12728,1028,10079,16327,18793,8956,5257,11330,10551,10122,13490,6271,8542,NA,5239,3377,13674,2073,2267,12859,5492,12901,15958,19735,1804
16473,17747,9914,14641,2084,16505,2110,17453,14130,811,3426,5483,4529,12698,6409,12433,3825,9759,15773,18503,2110,3726,7204,NA,10543,13505,9593,14588,16218,7814,14973,NA,5466,15406,13120,9030,6479,9311
7995,16569,14328,10269,2075,5399,19976,10361,10650,2066,1863,10798,15689,14406,13512,9100,401,13279,17252,12905
16090,4215,14055,15624,19545,4952,1434,2381,1551,17124,14127,401,NA,14815,10782,7064,6190,NA,11255,17930,7751,NA,5276,12998,1801,4162,7308,16427,335,7782,1627,5822,19136,5446,2545,16054,11829,10902,11418,16473,10464,11972,2077,7380,1283,15799,5283,8354,2275,17854,305,17624,5316,14759,8148,15902,1041,19808,16502,3793,10370,6765,18150,NA,10247,12128,5042,1311,11300,3226,1698,14394,10876,4927,1218
13197,11932,18720,18836,231,951,10081,3170,3802,854,18095,9295,5251,18419,9544,16522,4920,18509,13659,12445,11079,11101,13585,14872,1288,14492,8314,NA,19723,1796,4442,16922,3788,18218,17687,1615,11585,3032
14588,16179,16081,4048,12091,10920,9569,17310,12138,16175,11956,2999,1000,16210,2489,6229,15325,NA,8957,17309,19544,4148,13697,12970,1944,3650,6742,1318,1409,16354,15938,15043,7457,13286,19686,2590,3983,NA,438,3175,14195,5925,6962,17793,5050,8598,6068,15099,5296,367,2720,11268,NA,19322,8707,12622,14513,14610,15827,4977,14322,18494,15240,14648,1129,2229,156,6382,1931,19825,4386,18983,NA,18622,18633,377,3192,14925
16656,10377,4479,7603,11415,17624,683,438,7611,2942,4615,10260,2129,6304,NA,13350,NA,2649,15450,8997,6580,15415,14723,12319,3889,NA,577,18076,NA,10443,15093,15430,10009,13297,15328,14687,6227,6041,6419,16414,1288,19093,3251,NA,2463,15854,12956,5513,3736,9931,941,19340,14809,17520,6371
4662,6976,18628,8366,15565,767,16024,10748,16198,8665,3067,17245,NA,11587,10426,16439,NA,9854,6849,19027,13516,2129,7348,74,15417,17865,10238,8766,6315,12026
19747,18874,16613,17319,18462,737,13592,8157,15014,4977,16653,NA,5603,9377,10713,13025,NA,7298,18797,14185,8793,NA,5186,1112,11685,7255,19535,3702,321,10248,NA,1714,8281,16840,2584,250,16920,14830,NA,5797,3986,10760,16092,13294,9143,10782,10019,11795,8807,4271,2626,18086,9116,8606,16185,NA,18988,5607,17943,9700,11459,11752,3044,12076,7034,1289,17158,12038,18136,7089
1797,4133,12818,5390,19194,8899,18347,13299,6994,14212,19859,12709,15650,NA,5050,6543,2384,9139,3947,9377,11782,9284,2976,1772,15995,1807,18623,NA,18686,11727,2015,9705,16899,8452,11822,3599,NA,15772,5473,3398,10342,11986,16342
12918,10558,12567,14079,8046,5742,5538,10452,4009,4175,19230,9070,11086,9766,5717,6352,16533,10182,1703,12091,13790,16628,9570,1538,6550,11777,14435,NA,888,NA,12382,11607,13864,12522,7470,3260,4696,16078,6305,NA,10317,1627,754,8844,14632,NA,17573,6914,NA,7241,14895,18599,2970,1630,13255,13015,10655
6364,1401,14853,19110,13994,6439,11914,18521,14302,4558,4054,3318,15417,17966,NA,16386,NA,10994,12771,NA,580,10059,10686,NA,18331,7765,7209,330,15369,13687,633,19222,6470,13783,10983,424,567,8340,14581,6648,5760,8436,1421,965,10003,17589,7113,16331,11620,19479,5587,3433,5415,5972,4409,NA,13168,1127,11836,19048,7788,9919,14269
7051,1595,2051,8680,1848,14395,9273,13758,8795,10089,19017,6827,8998,4159,15070,630,6928,6194,12984,15031,17059,NA,19923,16279,15978,8167,18181,8774,NA,13165,5978,10395,NA,14414,7458,12303,250,5571,318,2520,2148,299,19016,17434,3449,1474,15059,NA,3276,13726,13825,13188,13014,18322,6773,11616,17704
8941,12517,15835,550,13589,11009,8796,6144,11556,6856,4943,17369,11133,NA,7833,19980,17431,3310,16084,13386,NA,9952,11423,6264,19376,9046,7155,11048,12611,9823,9648,2442,NA,16605,18711,16536,15003,10083,3193,18313,18952,15689,12533,10260,18992,18407,15963,17843,18802,11054,18720,3323,NA,14317,NA,15442,8628,4581,10332,13119,7105,6997,361,6575,14931,12300,3159,3321,5203,17645,3854,18408,12304,3415,8237,11050,17149,534
2522,18378,10575,18884,8009,7247,9216,3345,14252,15596,3302,14668,11549,19183,1903,10159,10542,1116,2309,16345,17834,9529
18654,15536,9524,5785,17623,14975,13183,3658,8638,10743,6402,7816,13312,8679,19581,13443,2272,3516,1167,12243,7269,13148,NA,4768,17041,5308,134,7924,11164,776,4973,3159,6587,5686,17123,12201,12839,17868,5339,14025,8098,11501,19670,10014,1755,4462,11748,7367,17237,15427,3006,9722,18157,6119,9083,1684,15868,10900,5070,499,2342,701,11278,5666
9556,5327,16335,6277,279,13439,19261,13639,3088,11628,13880,6918,2859,3019,12250,NA,8629,3783,NA,9669,18027,13345,11427,17311,14740,18318,12879,8508,7536,14841,4975,16333,180,6662,7979,5940,5212,7442,16682,11795
4115,17404,4201,8294,11953,17239,17205,374,3810,12587,19138,19167,8892,3402,18794,1947,1461,2184,5518,66,19556,4658,17935,NA,16413,18437,1347,9802,18566
2068,14935,16179,10372,4113,14460,7814,9587,17491,19866,4108,17501,NA,1171,17734,11758,10792,4142,9183,12392,NA,4323,6874,10628,3963,14625,5993,1951,1962,NA,96,NA,1468,3546,11316,NA,3255,461,1448,NA,4646,8042,13599,1853,5242,15125,16502,16815,7173,7057,16647,7511,18697,1694,4783,13439,16643,3148,2540,6573,19053,19180,372,9263,10472,12509,14440,7787,14870,10997,NA,13143,NA,507,821,2592,15315,16860,2576
7468,16247,14811,7164,13312,184,4608,14257,8887,5668,18725,4659,7595,19672,NA,11188,4046,6547,7269,3796,12109,14648,9683,14390,2865,16220,17426,762,18332,8711,18334,NA,7515,930,NA,9276,1148,1512,13319,18443,1239,NA,19672,15364,NA,5375,1577,4424,14116,14554,3874,NA,16692,14071,NA,9793,12890,7530,11041,4089,14265,9333
19529,3269,18796,1,12445,13542,9694,2085,6194,9164,7783,16148,3659,14413,NA,14239,4149,3816,3938,3713,5553,13811,9635,18045,13200,9242,845,6796,14319,8029,2793,2176,12244,18349,17407,10507,16312,8133,2715,10013,9788,NA,19432,18833,19502,12544,13010,3333,1058,NA,17685,3990,19108,5764,7643,6076,7098,7187,784,4486,15077,9925,10503,4608,962,13365,15930,NA,9946,11559,9137,12775,16630
13387,5274,16148,12674,10135,330,18095,14146,13703,19844,2731,10594,1670,10995,8583,15258,13892,8944,15553,9821,1094,5555,2582,NA,4672,NA,16749,15248,15589,5207,3884,6141,5884,13004,13448,9376,9332,7542,13471,16381,1132,17511,8480,12587,10467,NA,2537,17462,8934,8712,361,1655,381,5802,NA,10163,13755,NA,1116,NA,18245,11886,14830,16723,1607,8601,7531,3422
4137,19774,12923,19403,5787,11126,486,18217,2982,18367,7794,8338,17750,7419,10803,251,2213,348,10649,13370,4052,NA,2089,6485,17288,11316,NA,5313,NA,12180,17414,14778,11958,4485,NA,272,10944,13687,15392,19091,8599,1250,2280,19541,19716,2329,14862,10866,10344,6801
17348,13491,10472,4601,5221,6851,5472,14402,15418,6599,15035,13372,18170,7195,12838,17885,17099,4824,5972,NA,15771,17957,7743,1487,15646,6163,16831,3541,5205,13113,3733,9887,3858,16064,15040,1999,4714,13806,14862,16998,18822,NA,1700,14007,11300,9159,13272,14906,11271,1431,9067,3356,19321,8887,18665,19318,10719,4233,17299,17162,1394,5867
13322,2529,9150,16304,4333,6244,16918,10906,9131,720,11896,9842,NA,13008,2997,17378,18457,6633,11761,18079,3966,6169,180,12680,17158,2832,4489,NA,11581,9455,5412,998,5266,9882,6203,18649,13104,4026,NA,5513,12017,10337,7333,15174,7855,10387,15589,11555,4081,NA,17238,8091,8228,12179,NA,9286,8824,8279,16719,10264,14997,11012
16662,4640,17163,6801,4027,12241,3378,7326,14566,7231,19694,9283,15184,14906,6223,15171,4633,12848,13927,9518,5074,19854,6584,19456,16056,8211,16636,16201,11596,1677,16109,9422,16361,19847,7714,15616,18083,110,13621,11836,238,14799
4607,3067,15490,13885,3726,12044,10340,7781,18813,10490,9341,15120,13455,14916,9314,1622,4929,15641,7435,4108,NA,11906,2643,14223,NA,16421,8334,1675,134,4755,4674,444,19808,2015,9270,17683,4646,734,NA,17453,18595,2238,11040,12529,5675,3911,8900
3603,2364,7342,5559,17887,2280,12859,9667,3741,15814,14676,13892,4387,10642,10270,4612,2680,19462,16969,1449,NA,14817,12558,11491,18385,18767,18139
2303,7120,8469,10135,625,15436,18244,700,18574,8684,8636,2787,15492,NA,16826,14804,8367,4233,8806,3315,17324,6385,686,6822,10280,6413,758,13675,NA,2674,6434,18956,16227,14861,17279,10233
15448,758,12513,3411,619,9437,16341,17281,14393,14544,13380,NA,402,19552,10144,4174,18625,719,9355,13813,18849,NA,188,17472,10740,16114,10183,13763,7712,16445,113,5243,10659,19454,3237,11935,11499,3288,15244,144,17876,8465,6537,18706,17855,15129,607,13954,13602,15826,6554,12781,NA,431,5106,NA,4314,NA,7642,1382,7023,4405,12814
949,9366,3626,18256,13642,565,12525,3090,1627,12981,16962,14220,15145,15507,3095,13714,18152,7733,5039,9489,5437,10179,NA,10266,8347,NA,11068,1871,17960,1352,NA,4952,2577,13550,13156,1965,2561,15577,11858,15888,1647,17510,19936,7582,8211,8651,6927,163,3264,12235,9332,3169,16551,844,18925,4689,9545,10544,2954,9291,12842,3911,9086,4569,15157,15103,NA,6919,9312,19236,13822,1441,793,15739,19886,5262,10022
2954,14674,13616,5583,14736,11802,19829,13996,7840,10722,8328,12716,10944,47,4513,19858,2569,11850,13008,7360,NA,12854,6680,NA,1772,5118,8048,6857,16145,17443,13940,8739,NA,2306,3181,NA,19143,6990,14022,9786,NA,5490,6311,NA,4124,5462,12014,7856,8863,19659,665,5543,11190,2753,6359,4400,7049,12947,9842,NA,15716,17190,15152,7198,1797,15705,1002,3112,5609,18544,15353,8547
6848,17615,989,18580,16779,8737,12311,221,740,4996,2524,16127,14993,9621,17611,17053,10846,16200,4190,5777,8500,4508,10788,16221,6347,6260,18870,15388,2117,13100,511,NA,4066,14596,19219,13270,7236,NA,15429,10924,400,17509,6329,1612,8309,2727,11198,9215,6872,18349,7938,NA,17692,575,6395,NA,15715,NA,8534,9721,13488,15410,14231,8949,9157,NA,3244,17093,2102,7231,7403,16538,10268,NA,17544,9731,17207,14142,7280
7828,3333,8252,13236,327,13592,16706,8398,17392,16996,19120,4418,8040,15143,506,17280,11335,11515,17288,15138,18651,16040,17197,10722,6565,17569,16466,12518,4481,9924,5598,4532,9649,16391,16916,2472,7160,5954
18175,10783,7989,2558,16408,469,14463,12217,6766,8749,15456,NA,14145,11024,596,18724,322,NA,7754,19615,3217,12635,15182
17207,6315,13434,3357,12172,15746,8855,6303,7040,19171,11718,NA,9143,3047,13604,8608,3344,2817,12243,12820,64,11767,8996,6218,8270,19817,6833,18573,1613,NA,14008,11833,8304,6903,8295,18510,641,13362,5517,12019,18568,16021,7286,13741,19711,6825,15096,NA,10556,377,14532,14806,15179,4345,8634,9841,17452,NA,8243,1934,5365,1666,8179,5346,NA,18364,1672,495,10104,18023,9568,10097,15764
11230,5109,7728,9124,8155,18543,14683,5167,2241,3885,8075,NA,7871,4017,6799,3764,19204,1227,2897,442,17466,98,7908,7716,8874,17697,400,12444,16430,10261,18179,14005,NA,6448,563,436,2345,NA,11478,2455,NA,8018,6716,15492,6479,8527,17254,15129,11116,424,NA,3836,19174,635,NA,18611,12361,3548,14804,4730
5102,8713,15333,3881,6821,17552,17254,12719,11147,3910,5800,15274,9865,14392,15263,14992,1069,18979,10752,18186,NA,15514,1099,16557,11278,4050,11896,11984,18918,1151,7165,19730,NA,3499,1601,12144,7636,13912,11357,9263,12929,1300
5982,4604,18904,11297,10356,3787,6088,9765,5115,3827,17082,NA,17108,18549,18048,10668,NA,6676,18511,4355,19137,6525,1693,14869,17302,13593,3256,8917,11494,14572,7652,13773,6010,11569,12903,9455,15009,19551,36,4263,5823,16725,164,NA,6426,4024,10818,12753,1952,2869,3353,9883,10975,8548,2450,605,NA,7473,18597,15999,14572,19010,13851,13520,NA,6295,8162,16549,5379,6408,15642,19587,4379,13198,17078,18927,18726,9455,5594
19199,7642,10380,18704,9268,8209,11253,14155,7905,14105,15951,19364,4799,9471,3424,1675,14295,16326,11780,15769,3645,2076,NA,4580,12582,9757,5090,15862,17959,6803,NA,12839,1161,6461,8376,3831,9083,1068,NA,5364,13986,12840,11195,11708
16957,6228,500,10796,2018,19970,8925,15054,17679,17742,16886,4879,5944,622,15675,17658,15441,17925,18012,6443,16748,4692,7736,3786,2072,6838,8842,6586,11515,2984,NA,14402,6174,19634,1821,6188,1934,16625,3774,15042,4260,10519,9177,NA,11344,7651,4881,18444,18362,19175
14173,1564,17358,11096,8966,15595,8354,4297,1694,13440,14430,13415,3078,NA,49,8053,9642,8242,15292,12212,2400,8570,10787,19354,6763,5750,9459,15418,8817,11930,8061,3890,16362,17686,11459,1032,15556,3913,1728,1336,19735,17514,10944,10768,10289,6541,4166,16647,9640,83,13723,18251,19198,3739,6599,5690,15198,9279,135,1130,15387,18321,16337,14968,NA,16435,15705,7317,19845,15813,18900
18897,7023,5812,12705,11239,9508,4512,11653,5420,18005,8349,8768,11815,12037,NA,15396,NA,14466,5727,6084,5815,11540,3907,11328,5385,5625,6900,9856,8866,2284,10827,NA,12273,10950,12562,NA,2540,13299,3027,1077,12005,NA,7016,17573,12929,9006,17264,10471,14395,13506
2293,16863,18972,7586,6194,4100,7432,1167,6314,16094,1237,17340,21,5316,12487,5402,366,5532,8763,19232,7023,1563,514,12177,9682,16823,16035,16117,1269,11523,15920,17446
959,10111,18456,19906,18599,16387,16250,9492,15087,3729,10619,17736,105,14331,13161,19560,7525,4740,19923,8222,6388,17432,18570,12682,15379,4860,15843,18079,17020,NA,5578,9372,3167,10608,19138,15949
1942,554,19740,16873,203,8702,1670,4471,3416,7550,6054,5318,555,14886,2962,19941,4971,12084,8434,11607,10341,12391,1629,12087,11421,14422,19460,275,17458,2421,16120,2257,19743,14868,6547,NA,19081,NA,1403,667,13579,4591,14253,1761,16271,12511,9958,15606,4051,10910,2072,14411,19648,7784,16004,1717,17794,19600,9167,NA,9240,18692,38,NA,3476,16798,14019,16857,9119,1000,11001,4406,8368,17516
5362,9887,3162,5621,7560,5048,10204,2073,7858,4467,3280,4116,480,10714,11036,NA,2908,3113,9003,9905,15316,NA,6439,4569,5781,NA,1670,14214,3761,11777,19276
2938,13071,8832,10123,19920,5594,15299,10837,19736,2896,13405,13285,19710,12304,3989,7098,12790,3152,818,7323,8393,10102,10876,5300,18124,1376,7952,4221,15458,966,1583,16139,2130,15149,8772,1941,13044,1740
2006,10341,6045,18361,18760,17857,1215,907,1436,18003,14092,7550,11851,NA,741,12648,555,16002,NA,1239,5150,18881,2551,494,4015,3362,16558,14573,800,14773,486,6682,NA,11732,7504,8516,NA,3569,17150,9202,19474,16680,2337,14086,7338,14636,12805
17073,8255,5158,62,6642,16098,17153,19032,19997,10328,13279,NA,4472,521,1766,11011,14051,13861,8573,8751,8681,11757,8235,NA,6156,106,808,613,9013,8133,16028,669,4974,15502,18938,6090,5263,1655,19566,NA,18203,17511,2368,1784,9451,7257,6524,19655,14740,19915,7750,15208,8830,10192,12166,3858,2846,15311,17564,16540,6283,8887,11104,18304,17791,14615,5839,17530,282,3903,11821,5603,5130,10032,1050,1428,16434,16601,11279
2976,13186,912,8302,6738,11612,14402,15485,3392,15906,6216,18843,11207,6794,NA,5792,15811,18707,5730,6580,5377,6892,5380,536,14603,11961
15813,8034,1274,9470,3734,6911,2184,5275,1001,12390,14043,16417,15192,17851,4725,18442,6965,NA,13972,10672,881,18191,10169,10715,2903,8990,16983,15079,5916,7492,19230,NA,4968,NA,8474,11622,6104,9216,13374,943,12933,1155,6167,2579,NA,15210,NA,378,5022,15476,NA,3586,NA,9395,11261,NA,14491,18053,19599,2106,NA,2475,1192,17374,10955,11098,3507,15493
14993,10035,1462,2981,17520,9251,16252,19900,5971,11041,3733,10328,16893,8297,17602,12876,14738,9795,12348,11271,408,4221,18589,2989,17579,11612,NA,14306,3141,10492,18905,NA,16474,4117,16256,8239,14379,888,1414,16069,7717,3124,7458,14101,16549,11260,6495,13574,19703,15736,15888,NA,18779,7014,1139,4824,7903,7743,677,7278,13883,12804,15537,12346,10337,11784,10973,10886,5871,NA,548,5247,3582,29,17203,14279,14199
15308,1583,12837,6264,11129,13628,6143,12993,11528,12228,19906,14576,12264,17937,14760,3253,8426,8511,14754,18244,15772,NA,667,6001,9568,NA,9366,7984,13110,11909,NA,6047,14981,NA,3744,4975,19466,12219,18205,18917,6439,NA,19658,4384,16585,407,19186,NA,10502,5749,16795,16294,18744,6343,12201,11922,3878,2075,10421,10763
14035,1350,16725,10725,10435,1648,10714,15655,19431,6423,6818,17288,7003,1057,8923,10214,4913,11707,9709,8497,13221,15856,7501,3052
4497,5821,11829,11537,3384,18586,10644,5603,264,6598,1141,15507,2586,NA,16279,1122,14029,6727,NA,16890,4054,5267,17258,11203,14210,11243
8563,6408,14393,9754,7829,4006,17135,15522,3973,10886,16322,9638,2306,2485,9813,18558,1682,18448,13383,15284,18717,19789,17,11258,11875,9783,7852,NA,13048,582,18973,7549,11211,NA,18976,4914,726,6306,7751,6830,1826,14552,14987,990,11249,17368,10378,4241,15852,4900,13626,6218,16098,19494,8419,2556,10428,3336,1250
19473,4500,3287,11621,10561,1926,16532,17718,14756,19381,14198,1185,14926,13897,1883,15555,1870,19631,13545,6497,17404,10043,NA,13779,5164,6100,18523,18556,16022,7471,19294,13757,6201
2659,6113,10389,4440,13886,3421,13424,16058,9396,17123,5279,13825,14834,4121,12774,3867,18526,12524,5358,11954,3726,14453,302,14641,17597,17760,12318,15170,13567,18301,10509,4197,5416,5476,12809,18622,899,15486,5299,9813,19522,16591,9595,7335,14686,6635,18569,8405,NA,5004,3494,16895,4243,17543,18782,19314,5137,16759
18316,870,120,2207,14005,10981,858,3142,6092,5863,17482,14825,2376,8652,NA,10014,2766,12983,11429,10965,14118,15619,3866,10737,10543,7198,1192,9974,3932,7041,963,6899,378,12064,18834,NA,19054,13172,5904,6020,16427,7690,11343,10046,4572,7972,3574,3095,15794,11750,12297,17105
11099,613,6496,5298,14613,19152,6156,17304,8338,776,13863,10949,13556,7248,17334,9211,10189,18349,18724,12489,6280,15312
3715,1548,1674,13208,14451,14504,13785,2497,12839,5871,11638,9846,7044,9009,1622,13362,19072,19261,3037,15705,11467,3512,NA,16919,4064,19444,6153,19139,302,3587,1697,9236,13241,18646,13766,10136,11296,NA,14226,1430,8832,15675,NA,16317,7177,3953,10083,16406,12678,17452,13527
17496,6188,10872,2045,1400,11745,5418,2261,11884,17541,2457,19617,11492,3151,NA,19948,18474,1055,14662,NA,18472,13484,16809,6636,16040,17791,8242,1349,18072,5166,8537,19170,NA,11593,16167,7671,4929,18342,1211,16147,559,NA,11062,1612,18956,6665,12483,18226,9675,723,3090,4113,17051,18210,8021,12058,19334,11439,13851,1643,NA,15657,3926,NA,16101,NA,17893,NA,5037,9382,9012,2529,194,12075,767,10905,143,16474,573
4416,5031,14643,10137,11572,13307,5397,5004,2488,3063,2663,7554,NA,1864,6434,13666,13504,12990,NA,17749,1011,19653,19367,14019,18407,17575
4765,4108,16226,10166,7730,8908,166,11181,12913,2723,19098,NA,1758,584,11556,17875,15763,13182,11542,12461,9015,457,6277,15718,16814,2253,3363,4220,12993,NA,6770,17669,10910,17807,16889,7355,12487,10896,19214,12908,15566,18503,6956,5543,15466,5987,10446,NA,10587,15561,NA,16435,NA,13443,NA,1920,8439,4291,5133,8781,5615
19713,16178,695,19114,8529,9443,14711,15155,13962,10720,11035,15635,10391,11289,13999,NA,14999,6755,958,9586,7632,5657,2170,2174,5561,15399
14990,2520,18432,6323,19665,46,18999,11898,2513,3511,7594,NA,9685,16172,2712,14519,14567,8786,7885,17196,7756,4828,14207,8549
5973,2467,13539,11072,19882,10838,3606,19893,9841,6918,9454,5111,NA,9129,11492,17176,15535,9715,16171,9339,NA,14049,NA,4751,16974,3887,4725,15270,15049,4124,12113,11214,NA,10787,5639,NA,14464,8990,4179,NA,10197,NA,16211,1971,5613,1782,19866,4639,16247,13975,12182,10464,14453
8571,18388,5524,2314,17935,18648,5128,14564,17726,18121,3805,19706,650,2780,16443,4302,2890,10747,9501,16709,18632,14602,NA,19477,2405,17804,16444,7882,17904,18953,5295,4382,3788,17045,4418,NA,19935,10619,18568,8137,9410,18831,8917
11740,11616,3697,16832,12311,16511,15064,17222,15476,10410,1412,19917,NA,19271,16622,16420,NA,5073,NA,11683,6352,3352,11426,15562,3090,NA,7279,NA,12362,12313,11660,17411,545,15696,7225,15945,14746,10345,8274,971,17018,18433,NA,9883,12221,2950,16946,3179,NA,9020,16210,4437,NA,9919,8897,9487,496,19337,18576,7075,6594,5452,19721,10867,1532,8844,6725,NA,11852,9415,8213,5625,8032,12633
3480,9840,3241,19420,1119,17215,17288,1474,18574,12924,10576,758,15894,NA,4554,19076,NA,18969,3833,11137,NA,7018,11054,14950,13911,14966,13573,3062,17563,3200,8598,5242,4853,3370,13386,3975,19679,14108,502,10023,825,1479,10832,19583,6831,6883,6324,4441,7521,1502
13732,13383,10717,15777,8164,1460,11035,16096,17511,7768,13288,15665,2527,452,1544,10369,9448,2735,427,9134,NA,7695,NA,10806,12926,NA,286,18588,8876,7762,7595,14791,NA,14627,NA,16709,3784,443,16087,19057,8779,5526,14169,15397,10012,13512,62,3925,8840,13085,18153,17370,4406,3680,14101,3223,17415,1810,17548,7222,5310,446,14508,NA,4258,1851,6938,17141,2772,11311,5495,14799
10589,4589,7487,19366,33,14230,16125,9238,19800,2970,10050,10748,18930,10345,1614,9022,18559,7255,12589,19511,6054,11631,9479,6431,3555,NA,3366,3166,13336,14374,4528,NA,17281,3295,11631,17953,14044,NA,2892,14398,6523,18887,18607,5541,2421,NA,2889,11598,17619,1294,5189,14531,15030,15466,NA,9900,2014,6096,5020,18161,5843,NA,1480,13790,3975,11374,19132,9605,8294,4885,11923,6039
8347,12548,14603,12113,6093,12688,7467,12860,11257,11598,2602,10705,3921,13733,14233,17894,8357,6064,2032,9009,NA,14953,4511,4344,2989,1167,4115,NA,15175,12163,18861,12806,7817,1999,12233,7398,17881,19855,17255,11078,5456,15389,NA,7241,17511,19815,16962,7838,17388,9439,2074,19577,15851,6321,10589,14242,18690,9816,NA,12215,NA,1855,7505,11398,16622,11301,741,16442,188,8350
2967,16982,505,17685,13033,9689,9575,8236,13233,347,1097,11686,11489,18942,7720,2150,10913,NA,12684,15387,NA,4284,7115,13245,6390,814,17049,1307,16425,18283,16002,11878,10659,16545,4703,1192
7962,17210,9315,11077,13959,14954,19631,19617,16511,3962,18161,10261,1998,3172,17239,14377,18609,14344,7708,14012,17425,265,563,14226,17688
19793,8319,16766,17717,2028,5297,3538,2540,7920,19595,7242,6107,3951,10415,10288,NA,19780,NA,10408,19448,6180,5975,2507,9789,10394,14368,13321,4454,11706,19006,3660,9355,10830,10256,284,5767
8893,11510,7149,1327,11494,7847,11099,9172,18609,4662,10019,16443,12149,15741,2487,18638,2449,8763,4318,15434,7617,8110,11878,10830,5470,2591,8108,4712,NA,19460,NA,339,14060,7408,3734,13848,15680,10724,4005,2247,15148,13670,19408,328,NA,18543,7655,11875,7370,2302,7081,5446,15844
14297,14223,16043,13825,18836,14728,17791,14951,12751,17264,14803,1442,1126,12752,NA,16766,17773,NA,17949,18157,336,5435,7551,14177,10057,18049,10253
2230,19899,7126,7966,11237,17685,1307,5294,16645,1301,8586,19993,7860,7773,9290,13897,8541,17463,15441,4402,3700,44,9180,12211,NA,11677,2191,15422,14576,3981,13412,14316,4757,9614,6931,1133,5837,4464,11103,15617,2862,937,17418,18128,2715,1175,17449,7081,3055,19747,4914,3423,6148,2100,16689,5012,7567,17772,11786,14055,19951,274,1481,18398,17913,14958,14675,13654,1936,14520,19773,10221,17587,2646,15656
1860,4631,1170,8753,15595,19780,12628,19762,4651,8182,11927,16315,10097,17995,10872,NA,13426,15063,5414,13342,11134,7644,9855,7019,7524,1781,2589,5053,5255,1978,6255,15965,6377,3586
5631,17837,19110,13151,12426,7616,16552,119,14446,6249,4940,7141,14488,5448,6696,16594,16315,5861,18742,NA,17522,6133,8548,3384,5654,10979,2533,16074,19464,3318,9472,9857,13609,3155,5464,19569,261,2857,8889,2880,NA,11993,11719,3889,14747,7298,6489,8445,1754,12325
7283,14734,11396,11046,14286,11453,8175,1413,729,1261,7526,18327,3789,6978,12967,NA,18768,3833,13484,16324,7451,3610,12409,3251,16491,12737,16885,6466,11363,3829,10275,7113,4189,12121,18327,2648,1354,9302,13320,10988,10462,19712,7157,16596,9293,15453,NA,19524,7139,15005,14995,6725,NA,12221,17993,3096,8236,10029,16189,443,14205,10633,12193,12452,12966,109,16852,9784,17322,3694,633,17306,6624,2809,10406,16239,644,4892,1484
15348,15235,10000,9485,2959,14288,13363,9711,8615,8158,9216,2416,17759,NA,14809,19367,14859,9086,NA,807,19795,901,4169,3665,4570,NA,4281,12,10617,4977,8152,NA,18093,6586,3478,10084,NA,11832,3023,2307,14274,1263,NA,1113,14654,10025,10706,6909,8950,14127,7860,15831,16214,6658,11617,687,16295,2655,13804,1722,9971,6197,2600,9456,3367,1270,11228
1411,79,4271,14074,15341,18494,5281,1859,15686,17257,11505,4324,18878,12787,14811,925,16557,576,11099,10662,NA,7715,7481,7023,1087,12106
13391,8202,10679,1342,7451,19337,5021,9079,76,623,19025,10341,5792,16628,NA,1363,13395,3221,11105,726,7660,12677,9067,NA,4718,15232,19629,13970,3725,9635,19824,4889,17161,4606,6980,18541,7311,6204,17568,4723,NA,8241,17187,8497,14600,NA,1348,NA,8938,4697,16828,3259,13594,3650,14643,NA,19342,18134,8575,15388,15962
16262,11400,8653,2371,5114,16442,16133,13588,12944,19352,15549,6454,18884,8861,6964,6737,15512,5450,1470,7604,5607,6998,13221,1794,16026,16103,NA,19215,13146,10006,NA,17371,2126,6366,14403,17854,3631,16872
19707,14675,6987,7381,11603,18234,19706,11105,1505,322,9874,13771,12335,18828,5374,15290,NA,15742,2864,1661,17091,13603,18850,451,17176,11388,9674,4865,10148,19953,19997,797,4268,9571,17749,6228,18353,6189,4414
12521,3080,2104,1013,3777,11398,12147,6937,5062,14443,4336,5172,13012,2286,18229,1059,12339,7972,2331,14138,18861
2767,860,4319,19633,10935,18098,14743,14627,5711,6660,949,8966,5372,15831,19596,18318,3517,5686,6277,17678,NA,18842,19818,14602,1866,7386,NA,6991,NA,18745,6613,13693,6667,NA,7802,15936,15822,15965,5146,4130
17411,6745,5745,6654,6290,1933,10702,15756,13065,19026,12798,8561,2684,5099,3593,19872,4922,13568,9327,9145,689,7722,15047,9805,5813,18739,15671,19310,6432,2197,4798,9703,848,9661,2641,2860,5111,19869,3014,15385,7349,15108,16691,5105,7247,10280
10059,14193,5329,4165,14975,16406,12593,11566,12126,17284,481,18592,19995,2856,5896,4903,19337,9382,12040,7592,NA,10525,8344,9070,16413,14482,14925,9440,NA,12150,3859,19080,5932,NA,18246,5532,2092,13939,7984,84,14936,NA,6166,NA,13809,17913,2919,17073,18037,6574,12283,16340,13639,8271,10858,9347,3168
17645,19337,7000,19412,6108,12254,13168,9559,14805,12898,14623,17665,3894,93,3352,NA,13469,3551,10119,8269,11260,19667,NA,16922,13818,NA,1731,19660,16480,7329,181,11226,2869,4086,494,2823,10581,6162,5315,15165,8135,NA,10045,10120,9616,7261,7793,16828,9975,1484,8835,19256,3864,NA,6550,NA,15535,8261,16149,17709,5153,6671,19565,3413,9201,18889,9783,15873,11068
9804,7091,19922,17508,2589,5213,15388,18230,11489,16241,111,5793,10414,7083,14555,19273,540,2586,5741,9689,195,2561,693,16245,10449,19444,19237,17021,5619,NA,3762,11556,6318,13799,12926,17918,1362,544,4121,13925
19280,10286,12336,393,312,9218,19119,15833,796,17903,4808,761,18703,7535,18600,12385,2533,NA,9882,10,13070,2414,12832,16164,298,4725,12537,7212,19783,15197,10962
5320,19197,7892,7999,7386,14432,17637,6215,673,7164,4876,8928,8124,15512,9512,5280,7397,17764,5014,16933,9594,18530,8057,19424,NA,2789,NA,18653,14772,1252,5641,10942,NA,6923,NA,3890,13044,18368,15324,17840,2438,5929,NA,13559,12586,5171,NA,184,5921,581,3890,17181,4175,5651,5611,9177,6111,101,565
7982,3525,11094,3112,6516,8165,8980,2236,1887,347,1831,4484,6716,2908,8188,11127,18469,14369,15071,11637,9938,2867,13525
19495,7924,8537,8227,16438,5229,7236,2811,12559,17385,17800,5514,NA,11474,NA,18177,14959,13964,1578,19537,12436,130,7267,NA,166,15065,8282,2624,11638,15987,5527,15575,4608,12436,NA,15127,8767,12199,7540,14906,13024
7747,16792,3136,4982,12447,17342,19475,19117,9415,12321,8539,18150,11744,93,2501,18754,13262,16159,NA,765,15768,18506,1784,NA,8,NA,15984,18554,1509,11828,1183,3626,15476,444,13684,17748,16838,9916,12872,11079,2006,15449,2080,2559,NA,14578,11491,3516,1005,14311,14011
