17742,3144,12474,19899,9335,7013,19422,8575,17269,17482,1134,NA,8682,10120,10817,12389,7653,18299,9892,7663,7779,16382,NA,15107,2546,19417,13966,2702,2809,6284,14278,751,16940,1104,6965
7725,15111,13747,8231,15466,19127,16541,9008,2098,12344,4428,3644,439,18820,11473,18445,NA,1196,16394,NA,7000,13702,11550,NA,16958,165,15300,5962,18078,2688,19244,11012,10240,15682,13599,13449,15819,13630,11313,17645,8558,6351,3853,11274,NA,8078,5129,8240,7647,12490,2967,14597,13578,14050,10788,17398,16560,9497,13973,17017,4697,862,19094
6803,13737,10257,8417,17643,15242,12763,11111,11110,4345,13367,15101,13948,7252,19411,8365,14284,7093,1394,8862,17152,457,19645,7192
421,14320,9872,16758,8310,12584,9966,18328,3768,8582,6412,2081,NA,14344,18208,18061,4196,12649,9354,6375,2838,14789,18188,1260,16226,19243,NA,5903,7920,15610,13729,4756,13506,NA,2595,7498,NA,10887,11923,14573,14504,4057,9113,5403,14263,11605,1140,5377,18228,1888
1834,1502,15535,12550,6045,12719,10795,18539,5755,1258,15370,17038,12010,4866,15232,13631,18037,10984,891,1284,4415,13294,NA,14606,18226,10383,10724,6644,7968,7867,2810,9926,13103,16219,6130,4848,9479,453,12595,1800
18409,10312,1887,1052,8247,18970,7666,6774,10100,465,7424,8152,8455,9115,19221,2963,710,9488,5470,3513,1823,11808,18573,15921,12860
11466,18277,1704,19484,7628,8711,1897,1524,9158,1260,7217,4764,10198,4843,5220,2876,17666,9910,3540,16193,NA,16166,4645,5868,4501,1742,356,4302,16926,1086,3029,10661,1693,NA,10620,17386,4285,10018,16400,10928,17408,16186,2010,4436,3178,14713,16610,10978
1327,8727,13830,6546,17562,7082,2526,18364,14621,8641,19474,11548,16569,17499,NA,13679,15672,NA,3964,NA,16145,18867,7151,17791,3722,11171,6854,13799,1045,19233,3026,14741,14474,8263,12923,8211,2889,9179,6720,2138,6477,5478,471,15591,11255,6151
17230,4530,10659,3649,15739,5028,19357,7926,11407,13929,1728,13523,1359,10269,NA,6131,8766,9856,1508,3870,12946,13282,1326,15513,17129,11989,6792,17539,10506,4828,9505,17160,4208,19183,16150,NA,13820,4003,16001,19819,10897,NA,5806,8628,13614,7767,3751,NA,19303,17106,4750,1080,8861,18500,12724
14235,14328,2928,8176,1002,13637,5784,1692,19227,17340,14339,6556,NA,8858,17515,15892,9235,8698,NA,17145,6422,12597,6574,19967
16456,8783,2322,6635,11872,16331,4210,3943,6133,15739,18566,2263,2669,16935,7353,3713,16959,4902,15680,16137,NA,692,5705,NA,19623,16592,3314,7014,6137,6109,16609,9184,NA,14587,15539,3283,1214,2562,NA,14295,12316,17933,16350,5012,3741,5474,17291,6708,13209,14833,5760,10428,15747,13064,12532,17994,7133,11656,51,12955,12839,2796,13894,2947,10927,5468,5302,587,10641,7665,8083,5082,7468,14173,5676
12770,18553,16180,5099,12973,7420,1180,6825,19651,5849,8759,NA,6913,NA,18239,8399,NA,999,6866,9734,10456,19995,8446,1139,NA,1449,12463,16962,19103,14272,5095,7654,17723,16859,6012,1297,668,18129,5791,6249,NA,19939,2747,9281,3751,11801,16616,8005,5148,NA,17943,15554,10082,18477,96,7397,17101,9219
17407,7860,13585,9756,18120,807,3462,13161,14182,9260,17866,7827,1118,11124,15917,17992,8057,13908,NA,10516,17639,10497,13669,6640,5059,9542,13396,5559,6353,11792,1301,5225,9942,8138,12940,7332,9634,19385,8938,12665,4620,2774,11456,567
3454,17252,13781,16877,15399,15530,12425,18955,15624,17386,17638,16032,2821,6187,9188,NA,19833,8741,NA,17911,5521,11398,18939,1452,19046,NA,3756,19270,745,7083,13851
8914,14441,17210,7715,913,10036,6002,9420,16166,7875,9612,16032,4016,3436,9053,4610,19486,8271,NA,12931,2994,14299,8369,NA,1171,NA,19031,12859,4219,18559,3921,2820,9192,4628,9031,5185,16749,5120,351,2597,12527,4593,8027,6079
5417,14496,19937,11412,10403,12021,8510,1251,335,8932,7850,686,4540,17789,4958,17170,1767,12726,2617,NA,13282,15477,19675,5862,5568,16251,640,17491,18000,10427,13649,9529,7362,799,989,11265,9587,19298,18168,NA,11244,10634,19380,NA,15763,13471,17001,13037,474,10919,3964,12568,5021,9903,13197,18234,7208,6995,2649,14166,17773,4395,17917
4548,9928,17030,6871,14290,7647,12542,9643,12637,2554,14510,13168,1664,16763,1959,7769,10532,10897,6144,17987,10764,6944,NA,18470,NA,12051,15173,7062,12153,6821,240,14911,19290,13606,2468,4311,17191,12723,8335,15930,13585,NA,17513,4591,14722,14891,510,6432,2337,4703,NA,1269,16592,7486,7870,6984,6445,12628,15210,14470,15895,19709,15090,8123,13041,12031,731,11098,2166,2691,15187,4611,2597,13814,19308,8811,12239,19509,7459
3149,13285,6895,15279,14582,18113,1238,17291,10154,10572,17775,7722,14016,8151,1084,17127,13935,19041,13606,15060,562,243,657,6257,17725,6620,10792,15061,7229,11746,17705
12752,15332,4259,18058,3380,12879,13280,11559,9898,3861,16012,14364,2531,1495,17423,526,13991,1479,2015,13772,9708,4400,9894,3953,7916,5160,8760,10537,7186,12487,11925,17474
8111,4952,4226,8547,5917,74,11950,6926,15215,1918,14643,13434,18793,14895,13682,15368,NA,4342,NA,722,10447,NA,17203,17390,8619,12015,1753,12183,7562
11367,4888,5539,16027,12424,4878,8205,5829,10257,17141,14766,12646,11117,433,8184,10314,18961,9015,15049,1565,18170,7194,15736,358,15794
17023,13852,3501,4084,3195,10227,11171,8506,13640,6388,19331,7589,2700,NA,10987,6658,1802,6621,11406,7331,6642,NA,13089,13360,8803,1018,11110,7725,5394,4495,1626,7234,14754,12260,15850,5379,607,1811,19969,3694,18423,5625,17350,16692,12832,3997,5800,19731,13202,9526,7228,18250,NA,17782,9001,13610,NA,12774,14922,18147,15786,4976,6279,16137,10490,7447,2860,17533,6961,18461,7117,10298
8661,17719,5935,342,12699,5698,18,1421,7290,6471,5309,6127,18273,11351,16546,NA,17770,12922,2314,NA,18221,3337,2080,18578,6803,NA,8076,17591,NA,8880,5950,3176,16872,9193,14975,NA,6599,8007,14462,18028,8854,NA,16912,17400,7121,2288,NA,12110,10918,17590,18368,NA,18610,4708,9508,12269,5922,2274,NA,287,15350,15162,NA,18243,183,14808,537,5113,9546,4983,16269
15482,13864,17011,11523,5660,13035,1742,3192,8372,8159,18384,10123,15661,591,17045,13854,12395,1970,8774,4566,15570,14760,10013,NA,1270,9280,8935,12544,16295,NA,15736,6653,5071,3628,9337,18620,13661,9064,17044,1270,10023,4612
5744,11812,6083,14619,15643,11268,1684,12497,2064,6231,8201,7364,17611,8229,18403,15275,NA,15396,19124,19562,17164,18199,3101,3991,8416,1220,18833,255,18317,7246,711,18821,1692,2877,18693,19094,9537,14403,18545,8879,10558,2801,9692,19507,12236,4438,3440,6295,18753,13666,19554,10359
8234,16735,14122,2763,11415,19912,405,12009,16389,19893,8896,4090,16307,16246,12593,15867,1044,1909,NA,14976,7720,8952,1902,8916,9008,5387,2942,7428,4588,18346,1821,7330,12153,15040,14862,11337,19763,16331,3327,19758,2179,5464,NA,13796,781,NA,3966,3843,14006,14641,13866,11386,17185,3555,15142,16001,7160,NA,16272,4038,847,19123,164,2766,6174,5895,NA,13612,4275,NA,16848,19921,13318,19122,17265,15747
8696,7992,13704,6185,1960,15702,4198,2860,206,19973,12096,17526,1438,1792,3479,751,8038,NA,6729,16519,3109,NA,10853,10465,9868,3633,10820,12576,16733,14649,4682,9651,14078,11928,5535,NA,9627,4912,8311,18071,17447,19259,6671,9782,19510,12045,13035,13108,17082,10829,16485,12172,3949,2645,3405,6581,2162,3503,10748,10404,524,14076,14686,13612,7689,3968,9787,16398,8520,2775,13594,9231,11881,1340,15578,7838,14846,8730,1887
17244,15264,17195,4411,9041,17982,3149,18543,14209,2945,18353,5380,9493,8461,18000,13970,2102,4399,NA,15851,497,12286,9781,14355,16905,14487,9529,18749,16365,17061,14654,3926,7637,9451,12333,18153,8616,7077,7725,NA,7755,14607,10408,11316,19700,15023,12223,16412,11669,9872,9533,16278
7351,4807,8221,11284,351,14167,10338,10799,6274,17332,11621,9322,2269,3893,11633,12753,10979,9267,14882,2191,NA,15131,10007,16415,NA,5358,19554,10598,10156,3996,9333,14614,8456,17866,19718,3439,NA,15955,13541,7773,19647,2359,NA,2941,2012,17260,14644,6196,9165,16916,12714,12363,15054,5389,3602,3353,1635,5026,6367,9740,18821,9459,NA,14142,19300,4222,11192,11496,16423,1883,5000,14343,17487,17282,737,3313,9,15328,19015
651,1981,14898,4326,608,11644,17455,18529,4036,19361,6652,4848,4120,17581,10889,3328,18668,NA,6355,10332,10865,19382,10619,6493,1259
14517,9849,10494,19039,19653,2297,15815,18934,11743,15888,15418,15889,13622,18110,1237,11998,4665,14315,12591,9281,19116,NA,5604,80,14154,2638,NA,4626,10610,NA,9574,19016,3623,7300,4565,1713,12320,12267,10200,13844,7724,17883,10531,14840,18310,9205,19072,2927,12461,15184,845,15047
12516,18813,15798,7007,1026,5982,13380,8819,9529,2354,1731,14472,4001,18570,6342,19817,7805,11954,3199,8977,15962,19314,NA,18100,12543,149,8848,4068,16748,1957,NA,318,10308,1616,5849,14643,1933,17955,8216,6702,9544,5581,12974
7805,9017,13326,16075,12924,4038,1375,8290,7121,1932,12807,12043,2915,19931,10469,7988,18687,6791,NA,16120,4690,9505,575,16700,NA,13724,15822,17599,14777,4770,NA,10026,9108,10527,17255,7065,2194,NA,19773,15352,NA,5190,14877,3970,13694,18651,3372,7828,19288,4661,12715,536,13548,11019,704,10910,8334,2681,18495,NA,16185,13087,5521,6775,13534
12908,12626,16120,5511,6253,9737,19224,310,4812,11912,12187,1737,NA,4286,2882,6512,10692,16547,11190,4040,10461,6871,9210,10660,18407
17054,7452,1009,19842,12220,7525,4450,13409,10194,8198,4061,3980,7484,14189,1024,17658,11360,19471,10369,6002,4403,5161,494,10251,4875,244,NA,14653,12478,699,953,13037,9791,NA,15118,7098,255,14943,NA,9008,19263,13895,3159,3898,12977,13183,1757,16692,9634,14901,13423,16291,NA,317,13617,3700,4089,18509,4219,NA,8611,19130,2776,740,702,9471,17297,NA,5424,8387,2840,17800,8223,10681,14985,8962,9535,4581
5214,6079,11631,930,16308,18771,1540,5291,4782,13786,13166,16652,644,8826,11143,19260,6862,307,270,14082,NA,3465,5138,2213,2209,6116,1272,2466,16987,19483,9612,9801
19205,9227,14257,2290,7637,4236,14979,3168,15998,3720,14928,8545,10300,18794,15653,15824,7829,11572,NA,5673,NA,1486,11397,13841,7687,18368,9539,19416,2623,4026,13859,2695,15741,9024,1280,4493,18079,NA,14313,1904,NA,10434,6725,7687,10063,NA,12341,4115,1677,7522,6460,5382,19828,15253,736,2895,16551,4105,3895,1126,1668,4862,5504,3360
6375,652,4938,18765,19005,14329,3874,15666,6986,4611,14795,6571,8873,3027,15303,1741,17247,9281,19530,19391,17782,14270,19256,5255,13055,1080,23,3043,100,7442,NA,9612,NA,11300,2164,18902,NA,2790,NA,10641,3551,2206,7437,11833,10782
14869,3573,12219,1041,907,4288,7429,17120,17794,13868,7726,9848,926,2992,2566,10885,18446,18133,19626,13126,8660,18059,303,10296,3050,16449,16380,NA,13596,NA,9157,14899,7172,3140,17611,15979,2654,3854,15385,5972,14213,1709,8598,NA,5439,NA,16325,2974,15047,11750,8183,11394,16016,16051,2800
2101,14885,10678,9790,19594,14584,10334,13761,6140,684,9758,11340,2393,10365,13909,14181,16861,15166,15233,4082,4797,8132,12483,11327,8130,501,5387,2497,6550
16948,15244,11234,6581,373,11443,5113,1107,10801,10176,9557,13592,1653,7320,14652,2320,8748,15037,12608,17922,13724
5218,1441,13695,8049,12078,6507,11435,2589,11746,17511,11414,5553,1749,12896,6376,15005,3511,14830,7065,552,10608,17108,6331,660,6882,156,6865,12583,NA,14570,14542,12838,16217,4930,11187,16429,12080,6766,334,15362,14581,NA,19277,4016,9897,12201,1274,17874,5942,2189,14664,6790
11174,14128,3191,4609,17869,4794,7422,17067,19664,8871,1779,2723,15983,17036,4539,3419,17512,18339,13980,7238,18181,8840,6262,2532,NA,9918,15384,16530,3400,973,1897,17463,3100,19936,963,19167,16466,4975,5733
15615,8938,5992,7717,6691,9199,1984,7906,3311,10908,10424,3050,2724,3183,7079,12719,3627,8191,NA,12990,NA,322,9693,NA,5251,2988,13508,7170,NA,15886,8175,9237,7543,16002,3661,18035,11007,18548,4576,12852,1212,15667,2079,NA,4900,5127,7645,6420,11333,15863,3856,14817,3907
5168,2954,17427,908,615,8991,13426,882,4143,4535,9421,11402,3981,5089,3216,NA,18162,NA,3413,18479,6894,18176,18441,5730,14721,16126,NA,8673,8368,13048,15324,7805,9604,8408,11088,2060,3355,13340,NA,1402,12179,10976,16486,10145,18019,768,5103,19965,23,2122,16991
8888,11443,18374,1203,15302,17747,7821,11737,8814,18705,19801,7974,5114,7525,NA,9389,2024,11284,15998,16768,12704,10557,9224,14916
2433,4587,8814,13285,5404,3178,10555,11422,10736,5082,15936,19208,18201,11897,19198,11818,5360,336,1430,17987,10399,10617,19848,15781,16430,NA,14108,10547,6759,15216,11616,13859,18110,2680,2957,NA,7541,NA,13998,7385,17670,5070,11753,7760,312,7615,496
4069,11791,4024,6114,781,3910,13104,9458,15827,6199,4500,6192,NA,15946,15538,6102,16609,3075,11188,8217,15804,NA,5563,10857,10861,7626,11893,8571,17235,6775,11362,5080,15719,531,2026
13118,13269,1267,3600,14304,6873,4792,5261,900,8582,18886,4784,10976,19929,6080,14854,NA,10661,NA,12918,17817,4668,6191,15270,NA,11761,19243,10999,NA,10110,5097,8034,10347,18822,NA,17200,NA,14105,2216,12442,16514,15118,12055,14652,17657,11036,3855,19197,NA,8570,18357,144,17900,10749,1759,16,9273,NA,8971,NA,13575,12513,17391,9826,16262,118,1269,6763,666,2156,14702,668,19101,18222,16119
1657,676,12655,7646,10520,9966,10127,18581,18992,3324,15262,10788,3461,2387,14361,8827,16083,4081,5801,18769,9557,4024,13675,6860,6530,5326,115,10937,1538,7752,10005,17025,12651,13416,18529,17143,11469,919
11819,6993,16330,7498,8532,8698,4515,6272,11402,18755,2447,16242,13718,NA,9268,892,12589,10170,12985,16016,9509,9515,10705,10055,NA,8045,16918,17350,1773,9956,13433,7862,4020,15657,5224,14194,19122,13578,1845,NA,3423,2639,NA,7169,8425,2819,16435,19087,10436,8028,15647,11662,16965,13801,1860,2999,934,11287,19481,19618,7837,8571,12665,NA,8774,4451,7354,6792,2207,3661,13042,5379,12714,6120
1946,4213,1466,14663,9868,1633,18150,7292,667,11375,84,17149,10561,NA,12586,8227,12575,9473,6849,1821,3247,4511
6076,16870,4918,602,7019,465,11592,17621,10505,12307,17484,19340,17171,8055,1928,14462,10444,12372,9793,7467,18855,3778,18730,12070,12374,6997,7542,773,9974,18501,4866,NA,5792,9040,13557,3491,NA,6148,17429,6881,17508,5977,16637,6373,18199,7077,5888,6456,5350,12535,8760,18922,8491,13778,12434,4149,13277,15239,1408,14850,2450,4766,11202,5618,16678,3144
6507,17108,4690,19730,12638,4192,14259,19536,9500,4860,4425,8989,8880,15067,8837,8952,2936,4090,14689,3400,14833,NA,18358,15275,199,18070,8967,14115,NA,3404,18998,10220,4924,NA,671,13773,7418,12470,8773,7042,6680,6958,NA,6721,2841,3006,134,13922,10430,1167,8768,5604,19825,1074,18885
15717,7864,6741,11253,0,7912,17933,13318,18554,13016,15823,15503,4196,740,18594,7322,NA,13383,NA,16862,14943,10264,319,6888,723,5551,16792,17649,12275,7478,NA,8055,17375,16335,NA,909,7049,580,15414,13127,17179,13897,7085,8397,4435,5629,14607,10643,8314,3192,15058,9285,15467,7986,12921,14556,NA,6527,6922,11085,3144,13335,18538,13998,14189,3399,12653,16029,6718,13712,NA,2302,16025,5988,8661,7174,15657,5742,5151
3313,5608,17114,15923,3015,16492,19546,17531,10755,14385,15044,17185,12971,16029,5476,911,NA,1435,13593,8396,NA,14392,NA,17455,NA,14651,15475,2208,1045,2353,18813,5016,9609,2835,16709,4386,17157,209,3951,16371,6225,3940,12948,17518,16228,5139,8849,6213,NA,14600,15648,18292,17075,4151,17370,2041,18192,11312,18173,NA,5731,9781,19071,NA,7491,5760,NA,9493,19697,18178,475,14305,14094,19889,11852,19334,15624
5698,7559,641,999,12756,18628,6536,3933,17079,19600,11416,18517,NA,8829,12624,10341,17483,14104,2452,2520,3928,10877,15576,NA,16694,2475,9003,17105,16241,15808,16293,NA,16186,11871,7079,5807,15924,15880,17309,11979,6383,14223,9065,4363,2299,891,7068,1783
11730,1251,5927,15045,3114,7737,19341,3037,1462,17409,4050,7276,3590,NA,17889,1270,15331,18890,4147,13398,NA,753,10383,19075,5937,5609,18383,14930,3241,11591,NA,16500,NA,704,5210,2419,NA,17252,16102,1324,15891,12283,1366,14688,97,13881,14194
7321,13087,17458,7618,3760,10859,12623,7043,6610,17075,16852,16621,15052,13948,12914,10139,NA,1370,12280,17813,12344,19251,9450,NA,10413,17423,NA,9841,4588,NA,14565,17677,2669,19661,7590,7506,4221,19617,NA,17352,17314,17337,5561,18060,15158,10445,18689,12527,8609,424,1308,9104,3811
1579,12476,11475,6011,8104,16403,1292,3810,18951,35,7254,17682,9254,19386,NA,19902,74,13272,11881,15756,1881,19929,19514,13789,19584,980,8949,2924,NA,1351,3840,16995,13642,13497,14410,7416,8002,14188,14017,2097,405,3642,9972
4427,14103,2843,12522,3194,18542,6802,3876,19714,6760,9713,15549,17455,18494,13963,2204,14335,13995,14263,11824,1793,8471,10019,9805,10209,9736,18187,15347,11341,14788,12287,10321,12446,10574,16065,13068,4879,NA,17648,9592,18866,4483,7542,17094,8420,NA,5284,17925,13863,942,7078,4247,14614,18390,17166,19202,NA,17750,3721,9553,6809,19374,3014,8758,15629,NA,12389,7385,16574,17786,725,8911,7493,8788,9267
8424,16723,11307,8444,1670,18578,18622,10117,140,5919,11781,15349,19240,15572,19160,14461,4008,16575,2108,726,1233,13003,678,7992,15943,17207,17974,13255,7924,NA,2599,16477,11495,9232,5762,13952,13573,18250,6450,9836,5895,12682,17128,14085,15103,1693,NA,2607,1097,17085,13892,15617,12718,12258,NA,9141,237,5764,7988,7590,18528,260,968,1976,19486,NA,13327,1316,8845,16665,7859,11135,9615,19854,5517
9892,5434,13432,15174,18859,5620,3697,2041,17557,8227,19798,3047,15246,6081,10637,17014,12695,4130,318,66,7411,12754,11286,5674,12985,18677,18470,5707,1183,NA,3064,15893,10592,669,NA,5688,19061,502,6945,19882,18957,7778,4199,5580,1348,13248,19406,1783,NA,8155,479,2916,NA,4116,12109,NA,184,15877,3276,3155,3376,13066,16461,7007,10745,NA,6186,19739,5454,8863,7123,9068,3237,17351
1617,5053,18433,13227,10213,18493,1203,17699,15293,4114,10432,18138,361,16299,7774,5640,222,2606,13723,3522,8736,NA,16898,16236,19996,13704,1487,17211,9272,16635,2450,19855,15597,3828,8924,9337,770,16547,5640,18970,17609,8833,16984,19257,17886,17391,9866
10818,15673,8255,2754,13469,1510,9498,2762,14106,16785,15046,1936,16475,15509,9442,2750,18566,13786,11973,17595,19642,NA,5025,1193,6463,17027,NA,1884,NA,15909,1310,8414,9004,3722,14041,4467,7274,16187,3018,NA,11845,3203,5602,5821,5469,9523,11486,18008,2847,16633,6128,NA,10855,10626,11695,7984,10641,12081,15340,5754,19408,301,1331,3278,7264
10987,17449,7594,11920,14045,10392,17194,2409,17363,801,8422,18706,13098,NA,19082,17989,9666,6671,7764,NA,1501,430,974,2371,4467,4130,8006,NA,15156,5182,4540,NA,376,NA,19843,8730,4276,3275,6488,14089,8683,10198,15999,16566,2798,13154,9715,NA,19307,9798,12875,13145,17012,14581,5846,3530,15762,NA,14795,7443,3896,9197,19434,19084,14916,18102,8245,3057
3038,4156,1706,14035,17478,17770,5861,2728,5698,5781,2647,NA,10764,9418,5524,17365,17794,4661,5480,2120,15797,16600
2932,1643,11328,10191,13235,913,17589,6101,4448,966,10367,17301,3336,18351,1077,8106,6834,2400,3210,5967,3388,3994,16871,15159
11835,12847,18347,1153,1190,17677,4889,4975,6191,807,17610,6012,7443,NA,8723,18192,2994,5118,6902,3797,NA,380,5267,13432,19072,8339,7215,12947,19367,11176,16183,12926,1924,NA,11524,7319,19457,13544,3921,8335,7656,19705,19781,1210,19549,8551,7552,8995,481,8213,8882,16968,5549,9799,17324,11636,10047,5750,18245,13266,10435,10851,9673,4120,10785,12452
8083,19178,19902,10088,5759,15603,15049,12595,16397,12088,3025,NA,4731,2774,8580,14722,17744,8402,623,2140,19502,2571,17593,6765,17020,14536,6023,NA,4224,3327,17862,7905,18524,6039,7715,3604,13357,3780,NA,13321,19659,6961,992,18645,10701,5989,687,3817,5480,16346,6474,11004,7128,18832,4803,NA,11364,14513,14800,6090,6641,15301,9818,2088
412,6279,14941,14771,10835,15330,4914,18240,10813,10175,18868,6280,1897,15239,604,8325,284,17865,9335,11248,NA,5492,NA,3688,919,1979,2463,13102,1508,17607,6848
13485,6596,19275,9436,798,857,5003,3205,13029,16198,9685,2996,NA,5281,NA,17236,4384,18294,876,6478,2388,16915,3157,3547,18438,17531,605,4918,5969,18193,10851,11068,11816,5307,14520,14366
1757,6463,14889,10462,2777,11425,3342,15746,14322,17367,11411,8807,15277,13680,4922,NA,12042,18762,11163,10878,7752,7571,NA,8562,9107,NA,7606,14426,11917,1961,16791,18615,9965,8632,2851,18905,18590,6144,NA,596,1054,9759,12970,4120,6132,17187,4787,141,1114,7599,5583,16166,7755,11909,7114,4934,NA,4375,3435,7801,9550,13260,11991,2090,1268,14509,19697,17710,NA,12422,18653,18090,NA,13399,11822,2324,8897,520,18360
11778,18193,17477,6926,17983,8466,11440,16354,15710,13428,4051,10111,12014,15028,15919,6896,6827,2195,3776,7577,NA,7712,19613,6891,15365,9948,16183,13481,NA,2467,9369,15971,10407,15962
8196,4855,4754,8803,16977,8802,9380,10332,2879,8571,4894,537,13889,14277,16998,1264,17655,1319,506,4432,4438,NA,2708,5520,2508,8263,6904,4266,4387,11801,14970,4771,9978,15542,19490,18757,NA,2076,12961,6213,18922,12491,1228,15219,NA,952,11212,1695,4698,3190,18641,5228,8238,14301,16826,18949,NA,11618,13155,12756,1220,17589
12924,9821,17795,1415,19102,17823,2956,7371,10485,8600,44,17129,NA,10877,13622,14801,13740,2435,18910,2876,4672
7258,9398,1924,2534,4352,10491,15561,3942,9063,18482,15096,12549,NA,8622,9461,7692,6277,NA,14506,15574,8816,13676,16202,15922,12024,15434,7239,12060,NA,14962,17118,10125,1648,10541,5454,8092,2875,15813,9929,3474
2017,12245,9154,7700,19659,16721,9740,3069,6372,8479,16978,NA,14725,NA,11163,8707,3276,3146,17350,12564,10357,10858,2887,765,10211
2083,17524,11234,14393,6448,8672,10015,4671,15993,19702,1341,108,6076,15307,NA,15471,8947,NA,13731,NA,1905,11379,15389,19423,13097,14440,6121,11458,19858,7347,4695,14760,10953,10352,1113,7928,19818,18345,17094,14121,7506,6447,17863,NA,1708,10023,3377,16268,11370,15218,7528,15109,8672,11808,9265,5676,10053,18043,10691,18426,9368,12125,13357,1555,3595,10972,14855,13636,1412,9688,501,5277,1033,6591,11162,17200,12661
10009,7188,2789,3683,3377,3986,18706,3709,9076,17347,2150,5397,13019,14778,9183,14029,18620,10282,7043,8668,7885,11148,16453,989,NA,7911,4033,17397,17521,18142,18458,15601,8090,15896,13746,NA,16013,7964,8644,267,17746,4451,15613,NA,5237,1647,9320,4756,13791,19527,1409,1256,13539,14287,18157,17541,3060,10191,2374,19305
3168,8155,1974,12687,15695,16378,15483,8039,16616,17404,3322,18940,14212,4075,9529,19155,12147,NA,12311,13673,19096,17319,1305,19471,17351,NA,18000,17896,19994,6135,8875,NA,8016,1948,11590,14709,16347,18848,NA,15380,NA,2030,14753,19780,16228,9022,19496,13942,NA,4068,NA,9257,13662,16192,3608,5005,NA,16522,19246,18091,2318,8127,12661,937
12723,1194,11702,9331,2389,6387,18638,13511,5756,8300,8721,NA,7428,4392,5846,13352,4186,18346,6363,1743,7761,480,8930,16792,4395,3870,10323,NA,12010,6980,13555,13662,16239,2764,14459
2903,13216,12678,1901,3001,12958,7321,3221,15672,15000,10727,9640,7530,4898,12519,10660,9397,17438,1357,11060,14526,3136,9531,13167,16778,8752,19842
10371,17106,10215,11739,16206,16633,16973,4045,10137,14103,16058,19682,14131,8113,16813,11360,3357,15487,711,3733,18911,10941,14861,9156,6687,5643,17056,152,16442,NA,1666,14186,3595,39,8379,761
6708,7255,15288,12468,5993,10707,12976,9808,3617,12793,7630,8770,12771,5029,11067,13696,3188,6001,3265,6353,17724,94,4639
