10098,7793,17635,3093,3036,3885,803,7649,1774,5640,19538,16682,15970,7408,6842,12304,19533,13939,2293,NA,16043,NA,8835,12039,4360,6535,10419,5395,1025,10612,3003,3001,11608,15358,5774,15155,15938,11616,NA,11664,17784,11230,2450,3532,17350,729,14269,11466,14747,18466,11291,18154,598,3002,11035,NA,12943,19795,17009,13417,279,887
11991,274,7183,7594,4246,19895,9839,17898,786,7932,8634,12796,NA,15645,15889,19410,577,4909,7269,12211,10366,6653,3361,18041,7376,2958,8334,12793,2960,15149,3392,16303,9194,7525,NA,14044,18156,16474,10214,3104,3004,3869,4554,4743,19414,12881,10175,4629,18303,14635,16524,675,18154,2611,2087,4444,4809,7912,6976,17898,4290
7456,15760,3220,12592,15307,11060,12667,9681,5535,13729,367,16747,9596,11012,1975,9284,16122,14100,NA,1039,NA,19951,18520,13700,12855,NA,15652,NA,17577,NA,13659,5512,11601,15114,9161,13470,15320,NA,8654,10756,12723,15481,2661,15024
16728,4146,11483,14889,5996,110,4263,7883,7607,9442,11109,6336,NA,1655,410,641,11354,16611,13680,6014,10290,11621
16711,10667,11319,15606,7463,12423,16110,667,3106,8500,17938,17132,NA,13353,5990,6745,15380,10013,10278,879,NA,662,4107,16292,15130,NA,11790,15192,1529,7047,3746
10102,18887,7770,5684,1310,5495,15148,10211,9038,16845,11734,17758,14962,6778,10713,16515,4794,12487,18225,NA,9709,2229,7314,4675,3462,4715,14189,NA,6349,11997,13029,134,6642,3033,2918,17334,7025,760,15099,578,15464,7942,NA,15785,14885,14746,2665,11214,959
1935,17333,10768,8880,16351,2321,6425,8636,13678,10821,17858,10173,9611,NA,13455,2563,5589,12444,3731,19104,NA,19521,11403,17502,5904,705,NA,6337,NA,3479,9678,19554,3954,12669,1144,9996,2761,10912,17756,7050,6039,5296,18034,NA,5675,6313,1759,10403,1765,3234,4686
13754,10808,15647,980,13815,7545,19605,8488,12952,9921,15068,18247,16422,6765,12182,8402,991,13412,7091,NA,11084,949,12782,10187,11751,1573,15562,16105,13757,NA,4288,14900,2156,6902,7439,394,14025,15502,NA,5177,14162,14721,3157,3878,13612,10641
8639,10528,13325,9237,14317,17632,9209,13476,6027,14286,15531,8998,2190,11359,17641,12776,430,8804,19322,7923,7455,10113
12205,9743,4799,13699,11531,18898,8265,10626,2676,14534,370,12894,19629,17471,5657,16460,8797,5183,12251,17172,7113,2893,NA,581,11719,17926,7138,255,19498,15066,13281,4057,13793,8010,18149
14955,11842,9651,5749,18993,195,7179,12588,3940,17632,3682,19500,8632,NA,7516,9061,8083,6182,NA,892,9961,15251,19521,19874,14906,5994,8116,15490
6056,18657,5501,138,4917,18194,8815,12625,5130,2105,19231,NA,8491,1701,NA,6007,8554,10964,16844,319,NA,7368,7691,17606,5920,6185,4991,555,15460,2644,11124,9124,10011,12753,11003,13680,2860,17327,11711
10227,9739,4843,7299,4881,6595,229,16920,4508,4222,3276,6673,2057,2038,496,19143,NA,14399,3740,NA,13821,4258,5642,8059,18689,3240,17857,1792,10790,17432,3453,6019,12527,NA,5522,16804,NA,12271,15378,10655,2241,12051,15441,NA,2479,3747,7376,7538,7684,660,12903,15289,1465,NA,9660,2275,10394,NA,4067,4782,4561,14310,14053,10423,5199,12889,18625,11319,15835,8667,11054
8110,702,4952,2539,9581,5542,10838,14984,828,9492,8988,11518,NA,12639,NA,15497,2856,10762,18929,NA,18062,7623,13827,3433,1250,8863,7638,5033,9773,12393,14648,1023,16974,18617,10628,2825,12237,8077,16659,13481,3954,5031,13867,9384,10484,14616,4947,12441,12386,12851,19886,18245,12889,NA,11253,983,2232,11658,1116,18306,15968,16604,10479,13570,19165,7278,14184,5937,4974,15164,19168
1399,16748,17602,5322,1225,15214,16821,4780,13014,18833,19293,2058,NA,15044,3124,143,841,19050,46,4066,12178,7337,11261,11736,15346,15151,11265,9602,4920,12737,9824,7125,4227,3784,16179,11428,10206,4742,10564,14527,19745,NA,5712,14010,564,8365,4084,9892,17378,535,9947,215,10965,5466,19012,12818,19770,17308,6052,12320,19062,7579,3991,5237,15490,379,17238,5334,3119,10808,9677
2766,9976,4896,10956,8020,9468,15437,15945,8434,4477,467,1925,17755,1536,18208,2250,12115,15201,18204,11170,3415
8269,2988,13661,5893,11015,11836,5109,19136,10180,1250,9599,5529,6148,663,19513,2584,4199,16834,4496,5053,474,378,19769,9301,15171,17547,15609,11175
1170,6547,7504,19353,15576,11889,2472,2408,9128,3364,13853,19547,12341,18008,14386,3936,12481,11627,5648,NA,15895,14323,19916,15072,NA,18246,8971,8585,NA,2571,13474,18210,NA,12339,8854,15445,15593,5273,4503,11557,17409,13896,18365,NA,12141,13707,16691,13275,16217,8058,15598,5971,11146,2410,11710,4814,10015,15122,10314,4177,13836,12612,2363,10885,7014,5020,9492,9769,15108
17726,13374,14948,19268,18351,1279,12675,4896,18757,2195,18261,3809,9659,8060,14731,NA,11316,898,NA,678,2487,9169,17309,16064,6251
17610,12184,9955,8942,10790,10102,11056,8451,4491,9622,17125,16180,15979,12541,1481,4124,10307,19817,2540,17645,4422,6592,11451,4507,18342,15042,3636,9297,11125,16003,15038,7324,5657,9991,19030,6002,10851,8009
13998,3471,3463,7017,3854,19280,11245,12298,15573,3172,11551,NA,4754,6243,NA,2974,17859,3106,8035,6946,7622,13501,3652,13460,7931,NA,3386,6745,5182,5819,926,16644,7779,13977,2457,8725,17327,12032,11481,5360,10815,6431,6320,6451,16979,10509,3877,17218,5248
4996,14699,7937,5769,615,19882,6172,19162,19648,5355,1230,11389,8056,2048,4572,15384,5160,18516,7817,NA,14764,9206,15656,11430,14790,4707,2867,13139,7466,6785,1988,NA,18605,9207,10348,11768,138,12752,NA,6958,7049,18676,13010,440,2457,6651,13154,NA,15525,3503,1707,5537,6526,1191,18381,1616,19051,NA,7644,12146,12814,7997,13872,7400,12145,7210,6705
16488,13187,16641,2395,10959,6045,8699,16160,6293,4345,808,4482,9177,18248,11309,NA,6983,15395,14057,11055,10251,8478,17028,3986,11755,11868,17664,2220,5617,18663,10279,9718,18998,3617,6548,1707,10649,18867
10561,286,15705,7169,6072,5164,9398,19518,10508,17283,3092,5737,6340,7017,NA,10146,5565,5576,5001,15727
8831,579,16528,1129,10287,13392,7164,17778,475,1915,4567,NA,7450,13629,17919,8397,14729,19059,NA,6222,16154,11071,2301,9200,15519,19757,16546,15580,19366,13975,19577
5748,18979,18960,4365,4574,11911,12287,7861,2490,1215,19624,18604,1039,16425,14566,14448,17579,13676,16284,9175,19023
7119,10346,18035,10513,15558,19838,14529,13940,14602,10699,16132,7101,15258,16091,1674,9831,7166,13756,18682,13731,19142,907,12873,13697,16168,1967,10772,NA,3182,8241,379,17136,1806,10134,18641,7599,14712,15059,13097,2979,7989,8135,13114,11330,5862,4742,827,3183,262,16237,14340,34,NA,14457,9712,3635,NA,17981,4910,NA,19915,12,10039,10927,8304,99,12754,13137,NA,10636,2065,2218,1066,9731,5675,9524
8167,13152,7380,15735,19959,418,10197,11480,13804,14135,16886,6638,6980,11715,11274,NA,9686,18297,7434,10834,848,3088,NA,1754,15857,NA,5933,12875,1030,8374,7037,10549,7692,8726,1777,7442,16785,NA,18561,NA,11617,8389,2819,17968,15536
10929,12245,14526,16546,11879,310,14789,17505,2412,2905,12705,15410,14278,4171,13508,8992,NA,1900,3383,16610,7005,18750,17542,8479,17662,9089,NA,18434,NA,333,17723,10125,13098,NA,1954,8610,10534,2501,9777,1243,3537,5158,9324,9070,8715,8306,NA,7019,13922,9254,14293,17146,570,NA,18007,4893,19394,12139,3447,12826,13517,NA,7524,15115,19555,14860,13652,5793,18911,10115
14648,9547,15782,9663,18939,15954,16625,19893,1812,17829,8315,9206,19094,7234,14717,11950,9312,11398,10312,17587,11024,12871,2537,9794,7833,6720,9091,17287,17530,13960,19633
17422,7960,5474,5836,6844,1201,4515,15496,5714,17153,10509,16073,11104,6945,19242,NA,16351,15401,13802,17270,NA,17670,15979,12273,14534,NA,12509,7795,10667,2741,3676,5534,6268,3874
17788,6264,1100,3826,13586,17702,7429,10847,12277,8270,6558,230,6209,17052,9776,7922,1155,5088,16419,3678,16329,2580,265,4295,360,2641,9589,2675,13803,15288,3019,18914,15152,10494,10965
5018,9827,7976,1890,10660,19913,5474,11376,15132,5021,14593,NA,6430,NA,7952,NA,19737,13165,18825,12107,14007,14920,4482,4197,15422,11953,1352,5897,5136,8079,16570,16873,3124,15368,9128,7021,11543,10438,15774,11590,16575,7516,NA,9988,19702,9143,6956,3406,16391,8983,8775,3122,5936,8481,16700
5598,8836,17395,19760,12262,19812,13142,2927,19966,6918,4392,539,7448,5910,17829,16724,19053,2240,1875,9343,NA,3240,4838,7151,9437,19010,965,NA,16869,2910,14803,18196,7301,1941,13673,19264,985,4953,12757,15208,8338,3938,13161,19032,17048,10116,2
17017,17330,9159,1115,19389,6748,16345,17708,1739,17401,16180,11413,13561,10840,3871,6344,11813,6869,8414,1107,4618,12744,13519,19740
4840,743,1726,15408,9620,10763,3894,13886,8904,11094,7459,18761,4430,11952,16286,1672,4365,14750,8463,10103,9126,11587,16458,2406,15608,17681,6271,10006,14707,11976,NA,11583,12629,3602,10494,14422,7191,NA,19901,NA,8874,9769,3865,2937,699,1478,16260,5099,13381,14085,2377,13946,5988,6176,10718,14330,15775,1594,12743,10303,NA,14230,19232,4733,9513,7372,10270,4171
255,13991,17400,2454,8351,3015,6454,19884,962,4473,17717,8225,8076,16031,209,8736,14724,7169,5530,10408,12400,11036,8083,10939,2957,2089,198,834,7026,10774,13174,15262,10868,8872,12561,13771,17207
3994,5408,4296,4700,7155,13352,15285,1270,5290,3678,18365,7515,5808,3523,12791,5412,16948,10358,6869,13708,13659,3713,9224,16264,18261,14147,14536,14671,15857,10774,12073,1918,10320,13583,10458,17842,NA,18883,10870,1852,14006,18965,17072,1758,15813,4494,16157,5448,10096,NA,13096,7067,13909,5384,4404
619,10979,3639,6646,12038,6889,2242,19089,13189,2790,6072,13244,1097,7906,2435,18379,11806,1211,4902,4023,17189,NA,17590,5394,18111,13229,12756,19083,6377,14908,955,6655,17434,14370,15886,3293
5495,16399,17383,10123,12747,17369,16310,16177,14793,19839,1228,NA,18582,8912,1470,NA,5207,15611,NA,3889,8416,6583,6250,19925,NA,17929,NA,15397,NA,373,11708,14909,14109,7897,11213,8724,19789,6837,6740,15577,15715,9434,16621,2112,901,8344,15314,9519,10943,1723,2989,19066,5085,4255,18465
8201,7468,4727,2977,7731,15753,18308,8740,3317,6334,4552,9125,3123,15335,11172,11472,13410,8702,1878,11045,4135,7283,19044,7287,NA,16021,13661,119,17802,8452,10993,60,12678,17959,18614,19036,6084,NA,9225,1351,492,12300,1253,NA,12524,3404,17532,6324,17104,19240,9934,213,10745,NA,2187,6186,14324,16823,1332
5958,3314,7942,16603,12208,3775,17230,18365,16255,7965,17352,15108,6432,1459,14642,NA,10923,NA,4293,9536,NA,11213,11155,11180,NA,7909,14504,NA,11779,3293,11878,11613,1336,4347,1467,18978,11181,10362,NA,7894,16230,8013,16572,9588,8468,5751,2701,11915,NA,18909,7249,18107,15004,7028,12308,7291,NA,17341,9026,6291,747,18778,8749,14112,4277
18380,3543,7098,751,145,16948,5154,1678,1408,10174,11193,14080,17069,12319,5030,17844,12403,10804,3226,5494,10905,5517,15504,15078,8645,19173,9010,1572
2982,13470,14298,5195,15137,15490,15969,9339,16093,15198,19328,221,9296,3278,19957,3772,14677,1183,6873,165,12542,19044,14566,16253,3785,9001,2415,11732
3192,166,18266,10571,9111,8572,19209,10540,7731,15321,11424,5867,19231,14780,13932,NA,10891,NA,17864,19511,12769,4140,1784,NA,7988,9007,17102,99,341,8046,9023,13682,19075,11313,6004,55,4224,9815,7559,4307,17707,2431,1568,NA,11188,16262,9111,19751,3513,16482,8034,1125
5209,5151,10973,8948,6921,19959,469,1014,5919,5484,5224,10941,7245,7130,3288,12717,3156,19305,7526,NA,14173,6429,14030,8940,19191,4010,16737,3494,11199,2457,19054,6229,11688,2272,15958,9155
13516,12165,1790,19555,9616,10349,9775,5982,16443,18220,15663,12723,2979,13346,13269,8757,NA,15130,15147,5714,1503,10903,16425,8550,3972,9952,16900,19798,NA,10105,19295,5129,15352,18642,NA,1133,5495,4006,2455,7783,15276,10255,4488,16542,13057,16715,7789,11982,16935,2078,19055,17016,4916,18899,10915,6477,15609,15396,NA,18328,17177,19028,3570,636,12236,1187,12768,12307,2573,12139,6353,19417,16395,10703
6010,16647,17443,7467,6454,17297,15597,15625,4910,6127,6431,4135,5954,1763,4206,6299,6395,14783,7732,626,12857,10623,4803,15662
2025,14482,962,11931,14623,19208,6458,14523,1878,2295,4945,5995,5117,10954,5908,4897,12208,14661,7677,10393,13972,NA,3071,6193,789,17462,753,15199,8098,5155,2713,9443,19745
3296,9214,6683,5129,10427,16072,9507,19043,10690,17099,15540,12867,4748,7680,13881,18427,10617,19986,17871,1554,13373,NA,7118,13894,2361,NA,12199,16877,1787,5515,5122,18178,2641,NA,8483,12078,NA,620,12556,8268,3577,NA,795,15190,12815,2225,11520,10048,2638,13914,14049,13091,14079,NA,8597,6306,7616,7180,18799,11009,14011,4050
14473,13668,13325,9362,3635,18232,9845,14765,12700,15096,1021,1556,13092,NA,10265,NA,7404,8158,8567,13041,16813,17996,12619,8046,12162,14050,2556,436,9115,19600,17060,212,NA,17481,4247,4196,NA,19802,4169,13012,3710,5009,15610,13036,6907,17768,16837,13143,10569
19978,8414,2858,4113,10497,15679,2756,17870,4698,14696,1824,4227,7450,14030,11218,2188,12558,NA,17913,NA,8320,1932,2976,2526,18843,6491,18181,6719,17440,9380,17822,8271,12907,10245,7523,4608,18418,12579,4215,17051
10750,7128,16028,8562,3314,7073,18513,17054,7283,4384,13988,12865,19897,15701,7053,3936,2379,NA,15366,6143,4806,10327,2793,10750,1485,1963,18590,12310,3333,15142,14486,NA,1136,3863,8070,19349,10861,19004,3855,6199,6285
19010,15799,17576,16382,10396,18080,19313,7826,8719,16809,17392,19720,15277,9683,NA,19549,13823,5548,10984,863,15355,2664,7198,7984,6280,13069,7225,15266,15744,10735
14633,13773,5285,752,5619,19131,14122,19433,6718,7959,1563,4630,19558,9540,2793,2065,12434,71,8428,18275,13919,6049,2935,19067,1866,212,NA,8379,17554,7322,NA,9953,1288,10931,11567,9540,5494,NA,8457,8453,13746,10419,19297,12287,18342,11548,3184,12838,5695,11282,NA,19396,10150,17441,11691,1373,10536
266,3649,11798,13086,18544,7683,15137,19967,1482,7196,12016,12942,14772,4086,5478,3018,11919,5957,9628,13058,10882,5816,13383,4283,7695,18168,9682,5147,15743,19501,18685,18718,14781,17402,4824,13080,10620,11968,15055,5595,2253,6358
12381,11488,6543,1581,7387,2153,17176,4104,7733,8885,18017,NA,16084,NA,7578,18466,6457,11615,15132,12126,NA,17216,8967,2583,11043,NA,5894,16659,16637,11083,18475,11625,1451,16671,10283,14288,15161,6579,10318,6593,15130,12381,3713,11156,13992,12689,2970,8874,16101,3857,16553,8781,10094,361,5646,18475,NA,684,6722,15187,7884,NA,11654,13051,2460,1941,3142,13722
12296,3266,307,6040,6031,12393,16243,16752,2993,8373,1749,14641,NA,1387,1777,15435,11729,4422,19530,4271,12740,12404,NA,14187,7502,11155,19885,12558,4883,10135,18254,19081,NA,2955,8088,8443,19646,8718,2919,3083,NA,8082,3221,82,4417,4885
15565,10415,1237,10094,10050,197,11400,5104,18801,1519,3295,6568,14637,NA,8446,5582,6735,10072,7752,5756,NA,16238,16795,13711,11562,15990,NA,17761,14908,1444,6886,19364,1283,NA,9387,1284,14260,10562,4860,13142,16113,5588,2702,11377,6184,NA,2509,9170,9314,17101,3424,NA,6414,1728,13829,18705,NA,6624,13886,14672,3775,12833,1506,15282,8170,17962,707,11163,4195,19060,17173,NA,7978,955,7539,10785,19543,18697
6365,17411,1335,19514,8399,19959,14654,1933,16344,8121,10676,886,16763,7806,14221,1423,16209,11080,9659,14799,10863,4863,17292,11510,12960,228,7595,7818,19172,17999,8557,3044,1659,4034,1119,18825,16004,2092,19390,12673,4126,1721,12467
13596,1385,2103,13408,8910,5290,15082,5454,3025,1067,662,16011,13143,15042,18750,3172,1336,12436,15879,1407,17913,592,15425,14573,16664
6488,10461,16060,6298,5644,13552,18028,1337,13922,7363,13485,710,15807,6317,3258,10344,12296,17562,17702,8346,17919,314,19342,9233,19027,13694,6225,10773,15131,5691,15916,1498,NA,13549,1957,NA,9105,7490,10953,5080,12253,6563,10340,6606,7718,8865,7164,729,4455,16353,426,13883,18266,2163,9882,17127,19464,13704,16787,4543,4239
1924,769,18930,19953,5960,5025,531,18613,3382,16253,16081,8951,2833,12669,1935,6786,10127,11190,4211,6597,14655,19203,14943,3661,17815,NA,715,12860,3227,5808,18784,9404,NA,15294,NA,5509,NA,19613,11577,13067,1783,14336,10608,10686,16183,11510,13222,2353,NA,12899,745,14961,15587,13598,6638,11858,11627,5588,8464,9288,8948,6055,8801,1051,1006,14461
4479,19540,17992,4104,3648,15764,19292,17775,13495,6830,19410,19672,11616,9979,8519,9229,12342,4761,1383,16598,5442,12368,3493,3189,10840,11974,10645,16989,11706,9459,10800,10027,17340,5299,NA,14144,13932,1204,8914,9050,19497,16763,2140,12505,18327,5072,5003,1409,17525,15690
17292,3938,5918,9611,7980,17438,2891,6707,19862,14363,8941,13222,7754,3544,15937,2046,73,4567,13747,19230,2298,7664,7668,16926,7130,6358,5994,11922,10600,8461,3524,NA,1139,16222,15934,12688,13753,6794,12651,625,335,NA,8219,13421,14870,4854,17303,10275,7017,11080
12097,19076,6042,5799,12490,10913,2886,10094,17669,569,17749,6095,4059,16016,7039,3789,3538,NA,4952,12433,2673,9078,17174,17960,9157,15533,4252,8630,5141,1112,2903,12704,11469,2361,11028
13907,11541,2816,3108,18331,16286,14448,4055,18357,3025,18767,19636,9990,4670,6736,13908,13421,3605,7603,12512,NA,4587,NA,10969,4403,18399,2639,2868,3951,516,5956,15978,8838,10471,15015,11981,4307,NA,12351,11271,3830,316,2617,1656,11493,17696,6884,14896,6543,8729,18042,11639,10464
10251,35,12444,14211,12918,4703,1675,16669,4687,11530,11032,5243,8567,4997,14499,2654,6944,9815,18246,18661,8819,6341,8873,13017,11326,19204,535,14551,9722,9872,NA,5760,NA,8927,5665,8504,8008,4954,5052,NA,6434,9928,3309,12602,10059,9845
6940,214,19207,19259,15572,17741,10685,4266,8649,10959,6714,11016,10239,7194,8114,19334,1265,4133,9857,5343,13252,NA,6460,8146,3169,NA,1974,6776,16662,5858,14198,16775,9648,6881,12753,13590,NA,7775,17547,15157,2725,12409,NA,11031,14725,18117,10330,19912,19515,407,18113,14873,17160,14557,2039,1715,18505,3880,17935
3538,6335,11829,18027,617,16692,5895,13465,17182,10423,6359,14745,NA,2925,2304,16923,13618,2057,5582,19089,12023,18370,8143
15263,17335,3440,5138,7934,3752,16853,16982,16746,17456,13081,10155,146,18804,6634,NA,16888,12246,14197,15388,4242,15457,10977,14166,4699,17287,NA,14164,12404,6336,10298,13941,17542,13631,19790,18727,15241,4625,16549,11549,NA,5169,12079,8768,19015,1684,7537,10946,17135,16953,9865,17659,1818,9880,4959,18606,19215,17339
18369,14205,2216,6584,13834,2101,9633,3586,1214,19339,18274,NA,14083,14127,11566,8322,14446,NA,4424,5512,720,2507,5307,10392,14273
6906,6205,2384,4241,13030,16396,15065,1625,14006,3795,13985,3771,5412,2925,162,10041,13803,16998,3435,1,17280,9448,11217,11700,4527,19115,894,12748,3154,12033,7803,14124,7303,17118,14781,9686,10191,7303,17692,15334,3768,NA,12009,17781,6991,4845,12468,16997,5002,NA,17964,18966,13061,4233,7257,15981,17524,4867,NA,7592,17569,3666,8430,7631,10716,17236,7303,15251,NA,12971,13087,1132,8846,9068,709
1220,5767,11763,13707,10017,18102,5891,5759,2637,11691,5589,9543,12557,5862,19514,19580,3945,NA,7237,16421,NA,9206,2189,7720,5799,4945,1620,256,6071,12540,735,3481,NA,13848,11518,NA,1894,12150,8976,5573,2265,1264,13768,10223,15237,19504,NA,4981,NA,12460,18264,9766,3447,3676,18009,4657,1583,12083,14652,6451,17301,NA,3396,10345,7854,14489,7713,15754,12873
