7752,7522,8188,10314,13846,16919,16096,8825,3732,17435,2625,9688,2818,19482,4848,1602,7403,2285,15052,NA,9606,12067,2370,NA,7612,16257,9849,3967,10729,11116,19701,2857,18927,7829,11894
17832,19046,4953,17401,17732,3168,13572,16636,10913,18642,17291,16114,10723,17255,7996,13187,10868,3636,16781,1597,NA,9455,18292,2619,12403,13562,3251,NA,1826,9449,1385,19968,2171,3709,NA,256,18992,NA,6955,13242,12808,1395,11364,14000,13886,18415,NA,11101,14429,9637,6287,11795,15106,8928,11269,5622,19479,10708,7628,18973,10280,923,NA,17840,1937,17560,13938,15304,8362,9487,19547,5243,18060
13032,15064,10321,8465,16601,18064,12651,18558,3124,5416,16842,12561,7096,16141,979,13731,1822,7811,14004,17572,11465,8099,16594,7913,15591,9396,747,593
10515,19500,10058,4274,17400,10116,61,17666,10515,16822,13505,16712,13056,17375,15358,8491,5089,7864,3038,14990,8996,1237,8220,14122,3436,5183,4033,8360,NA,6728,8979,445,5965,12310,6981,1589,8217,9956,7261,6629,NA,5290,3096,NA,5615,NA,17101,3687,8909,11778,988
12442,6749,5964,7237,3383,19352,19687,11663,2047,638,6676,11352,8500,9858,13142,NA,11281,16293,2296,7837,16090,1734,3227,14191,5321,2980,13206,13304,NA,10427,15222,6789,NA,3355,4104,2260,16870,14087
16873,12480,17593,7466,19453,6232,6777,9854,10045,4024,1890,6916,5286,12399,NA,19692,4415,13650,5933,12459,11978,9320,16421,19861,14661,17352,480,16182,14028,10359,NA,18282,15815,13832,5961,15811,9507,11176,783,18230,2711,NA,12741,8691,13521,1817,5970
14750,18986,3123,17998,9385,12077,10203,7488,6038,10906,10588,1589,4269,NA,7352,12875,14260,16957,NA,7065,15316,5892,7607,14879,10409,3373,3798,237,1653,12418,19965,12301,3238,15793,5974,11154,NA,14410,14607,3588,14553,NA,8725,18366,NA,8442,2214,8492,5792,5005
15823,7209,2516,9696,2789,5030,12173,16255,19244,3784,3255,19938,13233,9820,NA,11206,6348,10357,18460,19177,15258,9332,17279,NA,15190,5689,NA,11614,7459,6557,NA,623,NA,12248,7965,1721,8397,NA,7717,1419,1678,10717,NA,8455,NA,14793,14173,7430,18659,NA,702,6956,8085,10089,12791,10331,11972,7254,6474,14719,4981,121,18147,57,14911,18172,12152,6758,4594,4357,10877,12579,11075
2725,9619,15057,18965,15277,5746,19136,3516,7459,12819,7493,702,8754,15920,19900,12260,NA,17505,3109,926,8647,2497,11855,408,13864,5193,16596,2242,8602,6098,18526,12727,13616
7773,3453,7129,6040,13032,11394,4855,6623,7211,12598,16633,10618,14060,16313,18612,419,10968,5474,6394,19764,19622,7499,NA,2911,10143,3301,15748,134,NA,868,5295,19398,9620,NA,11706,14143,6392,6216,10249,7204,3544,10698,15440,NA,14682,5975,17294,15070,16858,5433,1651,11358
17357,19919,15510,14295,9171,15785,8350,7348,6319,12370,9275,15744,6729,18617,7492,2359,13393,2035,NA,12474,856,6071,7907,4193,18158,2017,5280,16249,19146,7242,16729,15040,18069,17684,14313,518,14167,1809,19233,NA,7548,7811,726,NA,863,15697,12202,16165,10619,339,19904,13493,18850,12100,3875,386,6990,4957,1016,9179,12105,2282,19675,270
1070,16082,6271,17644,4525,19361,8231,1323,13251,6033,16588,12510,16011,9187,8564,7570,19405,9747,3851,11666,14053,2034,15321,7897,1422,13671,18722,15651,17744,10987,11514,18382,16451,10269,5118,17464,266,4957,9266,11385
8830,11282,7075,17914,10896,11128,4727,11410,18544,12834,17377,NA,19322,10770,7172,13118,6992,6151,478,15426,9903,1366,5574,NA,16191,12425,800,1333,166,5705,10192,5472,5095,7730,17079,3515
4951,1544,5701,397,17477,14716,1207,7756,8184,14652,2233,14868,12791,8167,10713,13404,19820,8247,18599,10202,1794,1495,6241,1478,16523,3413,726,6954,7049,6160,15396,2674,310,19080,2615,NA,19455,10049,5527,1309,12887,8750,9691,13328,14399,13832,18858,5787,17015,14832,NA,18286,5818,NA,19736,5073,16933,7913,13719,NA,19716,3975,NA,3326,9150,5729,12629,1321,7376,9071,9551,16910
14638,15215,956,780,12829,3552,4553,5339,12152,847,15501,17076,19521,15532,15015,6954,1731,16344,1879,19506,5874,6161,9355,14725,6962
12172,10910,17955,15403,12897,6354,17783,19152,11230,12393,565,15030,11625,14679,7756,2299,7559,16728,17386,9570,1015,14694,15813,17016,7776,7766,6241,15339,677,14045,3410,2981,NA,3984,10549,16425,10770,12877,7233,15092,13778,16318,NA,14767,4100,558,19415,15439,5709,7372,16087,5776,7486,4104,2944,2588,NA,12925,18285,15713,11596,9597,3196,17556
18162,9343,12524,13890,9769,11408,15249,9392,17683,2077,8815,19989,13073,19206,19490,6143,8162,7755,3610,8528,1940,17425,8781,9454,10426,12079,2502,7618,NA,4692,11103,5459,13415,8039,17549,7010,16666,2913
12080,7601,1692,7998,6181,3045,14926,12094,7313,19961,19305,8863,13535,NA,9801,3746,3662,13558,15134,791,6409,4275,7256,5113,16602,9192,14628
10943,16272,7396,870,8844,16992,14340,4929,19872,2193,16037,10605,204,3047,2746,162,8572,11447,4361,NA,15872,15316,13701,19770,1136,12908,4802,470,NA,10289,12121,17075,1701,12114,12279,16950,15816,10104,1955,7328,4166,134,1946,4651,NA,13249,NA,6944,15042,5797,5518,10544,780,6450,18706,13229
14343,15078,4265,174,1191,14666,5186,17143,4996,4212,18145,4707,3022,4331,16995,13765,8236,11388,977,9362,13784
14087,9051,2595,8403,14600,8921,12199,7620,1081,15721,1262,2048,10133,4475,NA,17355,7755,NA,17921,5366,13843,11213,NA,13807,13488,27,13435,12629,15622,NA,18334,992,8187,5677,11020,15444
1143,10197,16760,9190,1666,4984,19506,13424,11246,13273,11356,4557,14875,19343,11165,9969,250,5253,7780,15822,NA,7268,2338,7393,13051,5351,15588,13688,2408,17467,6182,16846,10721,1860,NA,13628,9764,6633,19607,17759,19444,NA,17468,17987,4042,11986,14812,6165,17579,9606,14752,16723,18906,12047,10439,2912,3274,8153,2510,9858,1321,11591,8201,13030,12303,2930,11391
2865,2077,10381,18897,3752,4287,16976,15045,8089,2637,13998,16840,8117,1521,10907,NA,7199,18122,3983,9836,4741,991,6910,6902,805,14874,16540,17351,6692,14247,10402,17254,9805,6282,2314
11845,9459,13188,16181,15405,5286,12572,18696,19494,18531,15863,2037,3161,12535,16650,2129,10472,2444,NA,6253,5301,5060,9728,1520,4812,6310,NA,4866,12634,6008,16510,8106,5293,8173,2721,8294,18003,6749,NA,3562,15295,NA,14288,363,7839,5659,2393,16909,3757,989,16488,16513,4913,15081,6084,17751,14075,18742,12232,4079,2340,933,NA,4000,12616,0,3220,12103,5859,12231,11765,18026,11672
7477,11871,16735,9691,4976,11446,2472,8735,16029,17205,11530,14137,13982,5169,3944,9212,5060,11061,100,7876,4610,3537,15565,NA,15363,6626,6232,9664,8482,5439,1794,595,13472,7940,15108,14125,14061,7526,5924,17528,6928,8289,4388,14553,7985,7491,14723,15276,12087,5472,11674,16510,421
5840,19299,6267,15902,10890,4297,10676,15623,15062,18381,1573,12040,NA,5014,5451,7329,18651,18842,19740,1181,8810,6157,8355,7575,9928,15267,6678,13698,14553,14193,NA,7136,7688,17190,5729,7916,18619,NA,12571,12371,13597,1637,5010,NA,13795,6230,4699,8502,4174,NA,544,5352,3861,12382,2241,14872,1001,17363,15136,NA,18494,14934,702,5574,7553,19542,10190,15347,8300
19152,13540,8366,13103,19712,10485,2818,17789,7697,293,4608,NA,4736,7623,604,6790,10767,1359,7383,15304,1350,15987,19091,4707,NA,19656,19189,8420,8946,NA,18851,14643,NA,6598,14803,12050,3116,13049,15865,6525,14420,12284,14171,17018,15212,3070,867,10604,11000,15088,18397
2493,8706,18537,2955,2608,9762,10325,8157,2751,11126,5682,18693,14546,NA,1210,19052,5309,2036,993,17644,3647,965,11124,8924,6856,8946,16385,4551,6597,NA,14641,9375,964,9999,10496,17551,16656,NA,16396,850,1271,19894,8434
18360,984,5285,17601,17757,17056,3227,10452,3233,6698,8854,9124,19634,3355,6019,18068,8925,17274,18554,8727,3479,2654,11096,2504,4495,6518,2341,NA,12586,NA,7781,18850,2869,14993,13463,NA,5971,14928,138,15725,7401,15286,1451,18124,NA,1853,5607,NA,11812,9462,6357,19675,14621,3184,18179,11091,16522,9717,4144,18292,4488,9963,6699,3488,5285,14401,15973
5354,18521,8910,14459,3545,13414,14477,16800,12448,633,1482,NA,15420,9597,11048,NA,14453,3100,NA,13760,4957,7569,11742,5840,4879
10096,12908,11663,8750,8740,19631,16406,7396,15227,424,13470,9754,4407,NA,18767,12384,12498,9968,3560,9998,16060,3425,12109,NA,6685,15199,18394,17084,18808,3905,15527,2979,10876,3162,4913,NA,3311,5150,8242,1803,442,8866,1531,16747,4795,6605,417
10544,5272,10229,7763,16304,6579,3897,3848,14746,683,14087,4041,6190,13217,18174,1327,7424,6968,12466,14845,17323,NA,10533,NA,14122,7181,10085,13359,13104,2155,7841,NA,7376,5482,8156,6026,14187,2730,2491,10865,NA,13834,8109,3652,17344,8849,6606,15333,7941,2913,15381,16592,7394,16127,9433,17039
9007,15273,7537,8449,4890,19327,11929,17264,7233,6726,3481,10160,19234,3990,11044,5797,NA,5650,2973,8002,2388,9509,11433
14055,13176,1803,9740,12474,6762,7332,402,16024,13108,17627,19554,14359,12088,9628,NA,8987,8640,4573,3122,19814,8667,2505,7271,13110,19264,15409,943,15520,4714,12445,3769,9034,4254,7974,16976,14787,14533,11822,18943,9647,14367,16279,11541,18960,5256,10276,6177,11121,10518,19887,17558,5515,4447,7638,18889,15315,1802,7843,14255,18676,6377,7044,4486,5014,11285,19558,11566,2783,486
6431,19891,10020,964,9955,5827,4322,18220,16612,9726,12572,8337,NA,7545,504,2207,10751,1614,12883,2624,3639,12208,15004,10341,NA,19239,19015,NA,18532,426,8184,15632,18785,10153,598,8871,3408,7981,1750,4739,NA,13092,5818,16885,17131,11721
16427,15276,5474,3822,7805,19527,7434,10706,13649,18240,17215,1276,10742,3246,NA,6868,5523,6377,1070,728,23,6080,5034,6660,191,11269,17368,12590,5534,16523,1817,13261,12536,115,NA,7907,2993,4848,6499,6607,15943,10140,NA,8546,10199,1068,7445,3782,4293,NA,5230,18482,9615,9587,7218
5862,5593,13935,16275,7846,13045,13370,11387,16763,905,7027,6547,17833,19835,2408,19382,12735,NA,8351,3877,13952,3096,2128,3187,13149,4386,15019,841,10356,7477,12030,19942,3861,3752,811,8432,16352,12051,2526,19424,NA,16915,1070,2711,8937,17507,13273,10091,NA,15709,18900,NA,9173,7229,10626,12369,6175,9906,12907,NA,2000,6427,17837,13576,1336,4137,1674,9145,16210,5597,15890,13920,11604,832,2417,4904,7464
8588,13659,13349,3433,2208,812,10051,8863,12443,4982,8881,7603,13809,13025,12632,6995,2927,2464,2212,9014,17048,NA,16002,7171,10144,10316,16477
9140,12615,11335,9689,5836,11014,19479,1343,18942,2009,17203,8279,19708,NA,15168,NA,12703,11856,NA,15926,12359,14637,18193,13677,9940,5156,3306,19814,1466,15432,17224,13142,6333,11604,1052,10437,NA,12,5186,7012,8272,3725,NA,2694,10167,19506,5620,7267,7399,3972
19677,8862,1898,2339,14432,12304,16750,3228,13676,18801,6235,14684,858,4285,13030,11541,9091,17777,13831,5772,NA,15685,14952,8903,3995,18331,402,11561,19842
1567,5095,15978,9784,16419,7205,5506,15159,13060,8611,4377,17841,12431,16046,NA,7478,5437,4858,9152,19231,17144,6748,5067,18114,8733,14016,9164,6546,132,4254,15018,3982,13971,1457,6689,15310,11371,12689,2307,15720,NA,4620,13716,14949,13456,8275,10134,10896,12214,5527,7495,3615
12204,16839,2558,5137,12304,12487,15436,19999,5086,1533,1878,84,11156,15881,NA,3312,16933,13659,11523,1665,15294,2016,6159,31,14605,15881,5858,1879,1993,13895,NA,3929,NA,1617,6479,8727,14108,18545,14978,7840,11115,245,6144,8160,10065,18425,9248,3348,NA,8892,14009,16084,NA,8830,15295,2383,10555,1495,882,16409,9941,10399,1558,15850,764,10431,19423,NA,15072,3473,7879,6834,12106,6908
12405,15394,2503,19630,4595,15787,2700,9366,17463,366,10028,12469,3814,6051,8906,4146,15644,7497,4435,NA,4625,1760,11236,5161,12423,13224,7817,11628,5640,15344,NA,6755,19120,7102,9038,727,2058,4333,6588,10874,6732,6421,14989
16244,10119,10414,16346,7666,5434,901,11225,18724,12037,1287,5581,1978,220,4049,19313,7846,3859,1159,994,17117,16457,6605,NA,1440,11836,NA,3517,5303,10882,19881,17382,5791,2278
9233,830,13605,6774,7236,3861,2713,5434,15397,16891,7212,16210,7356,2676,NA,18298,6423,8412,14886,7901,18531,16489,13709,12888,16372,2209,10855,19761,2282,14554,12699,NA,11381,19495,16760,7432,11895,NA,5123,NA,3185,4499,14710,7281,4877,NA,14395,18241,6577,8565,NA,18125,3067,3905,17355,12375,10192,14953
3454,11382,16842,9875,16023,9847,7543,967,14293,17937,13468,17171,7032,6453,12872,18496,NA,14285,8202,10531,16935,18930,8699,8492,2211,16295,13845,16510,16431,11168,16747,10261,4209,19076,4420,10145,12691,15267,19496,NA,8225,14465,19071,1357,13572,8944,3223,6304,9446,19498,3729,19647,NA,19450,8060,8956,3382,855,8891,17091,8500,NA,18577,8653,1468,864,8195,2982,8411
16933,4856,5389,5348,16761,18312,4352,16574,19450,4564,2348,4381,8725,18212,13645,6581,13732,3440,1638,8318,8187,8949,18980,7366,6147,8029,12103,4502,NA,11283,11271,15257,19570,15500,8843,9421,6069,11996,17178,19501,16589,6474,10614,1010,15055,5731,14917
12704,6458,15999,9953,3298,8473,15318,7775,17880,2449,8002,4378,NA,17888,5816,18397,1071,12588,18206,5054,4907,16864,11662,18825,17913,8715,12333,11007,10814,7820,12052,111,707,19736,NA,6940,7228,2928,NA,8535,6421,17854,13923,18383,16390,12627,9995,17257,2273,NA,3607,1245,11273,16404,11208,10909,NA,3058,1804,14746,9687,19137,15077,16477,16206,NA,13068,10580,3635,14722,16842,1115,5249,764
126,14747,15015,1765,17702,1755,8095,696,14888,11674,12555,4993,NA,14613,19458,19159,3835,9673,6428,NA,15033,7697,13323,2141,407,16598,995,16631,18542,12031,3250,961,15702,3271,8074,16328,14718,7694,NA,12991,NA,8759,16588,5440,15107,17819,9731,17195,6593,15002,17442,NA,10499,15250,NA,11262,2476,10185,11112,15571,4738,NA,13496,16670,2129,14461,14938
18077,5782,613,11008,8992,6119,2547,10664,1315,19890,45,11325,6615,14059,4478,19035,16659,502,1488,10709,NA,11469,12588,16341,5875,11348,4517,NA,11390,14652,348,NA,14933,3774,849,18324,12643,5786,19671,13333,17791,NA,1924,13203,NA,19515,1932,5868,2063,19349,14430,8293,16816,NA,16923,12579,265,NA,9451,6734,5057,15621,9122,8112
933,2253,7683,4620,17330,8097,3819,12668,4502,12497,926,10408,NA,15615,5304,10848,16190,NA,123,16213,4289,NA,12815,962,18970,6515,15250,13916,10456,1258,NA,12082,17513,NA,8412,786,NA,12441,18489,19094,8113,16858,1731,13418,3972,8128,3475
11802,7948,3165,4205,8538,12661,17310,15926,665,7232,18892,8459,NA,8093,12877,13267,14750,NA,19636,8161,5047,17848,2339,6074,16854,13800,17470
14852,4170,15818,15025,2558,4967,12979,3376,4519,11054,5852,11774,NA,18087,4491,9258,19868,6788,7484,1858
16162,10674,12799,11011,6834,18238,18509,13626,11531,3612,4104,5493,19486,NA,17004,9639,19608,2440,3756,12599,8994,1668,16803,15808,17781,14209,NA,17617,9070,18143,11043,NA,10500,14806,3511,6219,4539,8047,11725,5310,10371,6963,2777,2863
7480,14835,935,9508,8673,8857,7151,11497,2629,17999,12945,11423,15949,11770,14337,6021,3473,6392,13585,278,17149,NA,11395,3785,16102,13837,11134,12080,8217,12930,8544,9604,NA,4830,12680,15457,3819,18723,9955,9927,862,11664,11014,3542,NA,2835,611,NA,15808,17157,14077,255,2113,15734,12393,7647,3091,13821,2002,9182,18873,13218,18764,NA,19272,9151,17893,16075,12152,18410,9620
17216,17585,2092,18022,8715,11134,4605,6418,14405,10784,9319,3539,7295,5109,NA,6197,397,9445,16048,937,11846,4967,1213,4751,4518,6486,12071,6637,1608,6805,5858,10232,1691,1253,7165,10385,10832,16503,6704,15586,15368,8639,598,16645,988,NA,13361,18077,14002,18554,17474,5916,7966
515,8365,8560,189,5540,16098,10257,3151,7332,15134,13175,16613,3066,6290,NA,14487,9100,11414,11432,11626,364,10955,8891
3890,13292,8206,5368,528,9821,14989,10515,13950,11652,18464,NA,13875,16157,NA,2036,NA,1936,15631,11794,13572,5820,17578,1963,19689,19220,7062,6656,15110,NA,5528,6973,2650,11101,147,8052,2223,13421,4180,2672,844,1002,2515,2622,16113,10897,9242,5428,6212,19598,907,15302,2635,19594,12438,10349,4977,8664,1016,2406,11284,12428
10892,3181,3408,19761,18254,9585,11896,19059,14320,5305,5573,14611,2533,NA,4268,3902,14956,12799,1603,15258,11457,14850,19232,10562,NA,14361,17117,15358,6224,13360,NA,13962,13688,3471,NA,19847,7550,14171,3625,32,13352,8854,12938,16847,4353,151,7959,2328,8091,1730
2974,5030,16631,11655,19310,3777,7685,6458,14177,16654,5104,1735,NA,1357,990,2479,13929,14252,9200,19513,6143,3771,NA,14615,895,17401,16567,7816,13916,14987,19964,14012,16053,15361,17242,4913,5035,2364,18986,NA,104,NA,5129,NA,3967,2565,242,9023,18114,12985,4987,12533,11206,7220,4251,NA,577,13410,9174,7336,13280,11759,13104,17478,5668,16277,10162
13640,16140,15870,8721,5581,559,14946,7762,9984,18384,19196,11774,NA,11658,5323,8678,13230,NA,4888,9082,NA,10790,9920,6075,18489,2396,NA,7559,17452,10538,NA,14909,7444,13973,19248,8487,778,9180,15109,18151,NA,11753,3153,NA,15391,764,12774,11020,1970,9762,12122,9130,NA,13901,3424,10410,4609,5987
18537,3527,19317,8283,22,17177,4603,142,3995,18477,5411,18252,2132,17154,7439,12692,8394,7385,5601,12423,1282,16209,6181,17669,14535,15489,15555,6163,13423
13763,18878,455,13522,72,7615,13968,11379,17573,1234,19267,747,4683,7130,17418,5511,5949,14841,8709,11092,18858,3268,10295,10487,18705,8616,9729,4391,16919,6327,9275,NA,11792,112,1176,17398,NA,9716,19484,16787,4059,11961,16949,3109,11010,14847,2653,1534,16999,10778,9510,18508,5794,15512,10481,6855,8850,NA,4122,NA,11939,3438,11468,13754,19277,7442,19863,15963
4550,19007,6612,19651,17474,1766,11123,11535,16396,15126,10800,609,16042,10538,9383,19897,14193,16989,11267,741,7736,3563,10843,18705,8875,16200
1245,18220,9246,686,18854,14048,11902,10525,14901,13033,6493,357,438,13680,10385,9623,4723,11515,NA,6227,10165,10837,2431,NA,627,9364,18509,8652,19229,19598,10553,18769,1811,3642,7905,18382,18205,3050,4274,NA,17202,13372,18371,2691,16345,11196,8364,13818,9285,9834,NA,4741,19668,11960,6135,NA,957,4512,19611,8819,12282
5215,6211,16657,10333,15638,9436,15999,1025,1907,11854,2512,8451,7299,9707,13986,3819,8741,16277,627,NA,2735,4748,9595,12755,19218,14962,11211,15136,9567,13067,19262,16202,13736,NA,6550,13014,9668,7512,5316,NA,11073,12580,NA,3600,14348,9835,13263,NA,10418,8682,11398,17591,15413,12733,6002,2325,10074,12159,16786,5295,NA,9127,19128,12535,19938,2690,1099,6829,4120,6821,14357,17160,NA,19385,12838,18938,4380,16819
17356,17705,2823,13299,10810,6201,1613,8318,3669,5897,2442,7700,1285,18005,10058,3030,12992,15142,16218,538,NA,1849,3404,11390,7100,19807,NA,1248,13456,10,12785,15507,4442,756,17357,17667,11288,19708,6875,11201,13411,19322,12156,9893,14770,7973,16638,3871,12664,7966,17776,18367
11911,8535,8662,7353,5826,6605,9061,13462,517,4015,17450,6489,NA,2247,NA,7402,18706,7688,2385,16695,835,NA,9842,5216,12402,NA,6689,13331,14660,11430,7150,4778,10179,3715,8748,14526,15817,6161,5758,13340,4757,4350,6763,NA,2504,15866,NA,9578,9335,13928,17366,18356,8082,7066,7316,6676,14627,7878,NA,8875,8120,14943,102,11423,19325,5822
9819,15775,3446,18171,9893,17426,8429,809,1157,4851,11621,10437,4689,16971,11813,8627,12354,4173,19908,484,5239,1613,15734,7571
5120,12339,5646,683,8939,850,991,18024,8401,5798,15888,19628,15469,14131,13076,16929,8332,2036,4386,12497,12989,18566,14831,293,17888,3284,5658,1958,17140,6792,5384,17929,8094,4905,NA,5712,3643,7067,8766,797,17315,6033,639,NA,8190,13626,3319,599,13860,8078,14931,11650,NA,10731,13649,15102,15498,4280,10270,6695,15481
15131,9309,15949,3365,8331,16332,12086,17703,952,11320,1501,5030,4240,19159,12414,16618,16705,15231,NA,13442,8100,6207,5797,16158,6254,16070,30,9073,8765,16005,3119,9716,16673,17458,13785,5434,3386,2070,6922,2886,3927,4152,1576,13151,696,3502,4553,15337,15292,3434,19272,17910,217,6755,660,16463,6973,15282,9062,NA,2543,18231,9681,12667,12817,12781,6096,5053,NA,18257,19647,1007,1659,9933
6154,16471,8100,5504,15653,15663,16580,11092,14591,4423,15941,9263,15293,7951,3823,6344,9573,17441,18541,17767,4967,19025,18422,6900,8715,9084,7753,6232,9289,19406,NA,13724,NA,8616,4206,16019,9339,13901,16608,1192,17448,8799,4951,NA,36,17535,15411,19245,18865,6904,17164,7678,9252,4560,16001,8103,19593,11407,13039,13462,3063,17928,1645,6694
1176,558,6699,5925,18893,3957,15608,7615,13976,5982,16599,9143,15601,1187,2317,12152,5284,17350,15591,3246,19379,3208,10916,10437,3840,11402
9029,8283,13927,4770,8444,12390,1545,9297,13503,8663,11191,7990,8566,6885,643,11300,5228,17864,NA,11235,1536,17892,NA,18289,8312,10233,18870,19704,NA,15006,12130,156,8629,2276,3056,NA,2084,772,16959,NA,11948,8771,NA,19379,13202,5993,7639,10131,6333,13105,9026,4050,12016,3481,13539,2541,13803,14926,5992,NA,10261,19625,5070,4806,16598,14478,14717,2416,2995,16683,6837,17813,1876,9293,18937
18170,16223,2547,4815,18533,12638,1540,11926,12595,6088,7093,18789,13542,NA,421,8241,NA,10872,9541,17770,12524,14832,17432,17797,17768,10237,2977,NA,2891,614,13964,16884,19552,5158,1674,9239,13227,8558,14764,1767,1014,387,17985
8403,6594,571,5163,4811,19952,15287,3931,7136,16374,2771,12241,17351,18382,NA,13536,1026,9680,4202,10253,10295,1510,15132
