9489,19827,13054,11447,17287,4954,9381,616,14942,13021,19540,2473,NA,10264,9316,602,14075,5223,17313,8628,9979,155,NA,354,11688,14259,NA,2099,12111,NA,11055,17171,NA,6557,2638,15162,1303,NA,6006,12859,16702,15927,1377,15117,17442,13203,3080,9691,19109,12929,11946,2171,900,10073,15700,15288,1216,11593,15529,11213,NA,10571,6781,17685,NA,12279,546,889,13487,10886,17913,9073,4730,10558
17299,9803,19084,2855,4620,17793,15582,10680,15489,13666,12384,5775,1282,6234,13680,17995,16251,14948,18835,9863,NA,12930,15313,8711,19257,15796,NA,11722,6573,NA,11888,13422,10905,13040,6180,227,1747,133,4152,11302,18941,6729,11216,602,13167,16879,NA,4386,9245,5884,843,19317,2399,13045,NA,19718,9240,19363,10984,4747,3289,16702,19745,19847,8647,17038,3266,16092,10397,840,13244
12410,18365,16023,13869,408,15042,11062,18194,19407,16699,10060,2759,8225,18272,10535,11943,13918,7767,16147,9315,17704,6568,12871,3767,NA,19107,NA,13194,6699,631,9207,7278,12352,3771,2481,9577,3836,7050,NA,1969,14997,NA,7215,15027,10591,14570,8484,9403,NA,2213,10405,18265,NA,18505,9233,NA,17439,6916,16277,13205,8038,18266,7880,15533,9981,16031,14492,17584
8306,12480,2180,2346,11599,2330,11631,19856,18013,4964,2202,1458,8945,13733,7062,1935,18625,14438,10076,3801,10674,18322,16772,18008,10078,NA,15038,4056,3120,18439,5807,NA,9864,18443,2010,16632,7491,17210,NA,15770,16875,5763,7463,11930,13931,10968,8974,19509,NA,16392,15628,8487,14584,NA,15983,7110,15535,18998,8235,18713,NA,13110,17237,9597,6036,12328,5667,13841
5980,3367,17376,14822,11672,1668,5011,1833,17852,9082,6507,8228,10803,19794,7604,9978,3197,3352,13466,6962,535,2319,9024,476,5586,9256,13351,17431,19226,18176,9905,NA,13185,13146,18402,1236,12201,16514,15472,NA,1981,2640,13675,6934,6512,3656,19128,8470,701
17205,13676,1125,6295,4666,5814,5905,8122,7176,15681,7475,2243,6884,151,18284,7328,6580,11165,232,NA,8066,14182,7573,7920,3524,16978,2397,1676,5791,18930,16129,13266,2342,19903,17844,17082,2396,6165,9225,2673,4724,5886,7469,10803,19197,17661,NA,5013,7747,12013,11512,2811,13400,16688,NA,18872,10096,9215,4422,9490,818,8022,6300,7694,7401,7882,12684,18207,17230,18432,12616,597,19398,8697,10419
6467,19168,14857,1015,12226,1012,10724,6213,4660,16148,285,8457,6937,8221,8348,1159,18375,9805,18573,19285,9205,7064,660,3120,15711,5573,11217,6317,5226,7768,15759,3015
1934,2204,8473,15174,14407,2865,11673,4140,16429,4281,6374,2020,NA,10464,551,19399,4202,10973,15190,6567,17641,10679,5070,10737,4138,6366
11322,1168,9444,19787,19015,14066,11589,15284,3164,9901,19596,19400,NA,9243,18522,5980,NA,7648,15369,5158,6543,16355,9005,9659,14999,16531,NA,10421,8932,11276,18952,15890,588,12660,12936,NA,8759,624,14767,5654,14660,323,19897
5745,14032,5492,1104,15043,2819,13629,18969,18460,7691,2045,17278,3932,19044,6085,11674,15254,8064,19164,14600,19667,7188
15852,19936,13172,4638,1006,1204,18061,627,14490,10447,5661,2280,6836,5212,16881,11288,19322,11240,2514,4,16337,7991,16897,10682,3484
17,17906,1101,11089,9108,5573,3165,12948,5410,7494,4264,12412,15069,NA,15712,6491,19964,7949,3144,10804,2054,17390,12466,13371,15766,6402,3060,15083,447,2428,17761,13487
8888,2544,10949,452,14284,1472,7246,15498,19972,10135,7613,1251,14233,14982,6991,17602,18914,26,15451,10027,5152,7117,4474,8812,19783,6312,4733,NA,14762,10906,5451,17492,NA,11082,NA,16551,1614,19003,NA,5640,16551,390,NA,3713,13391,8359,7970,16082,19103
659,17402,13164,10765,2138,2933,9851,12108,2694,11870,5104,1650,9672,9192,5740,15983,17466,7681,6626,17435
17638,19948,7006,11622,7277,18171,17642,5595,8906,18821,22,11886,11758,7918,13720,14966,14587,13621,8665,9948,434,13894,NA,19614,8482,9751,9167,18031,15274,12839,15746,3021,5780,6762,NA,1470,6137,5998,NA,18136,7591,1708,NA,4401,19335,NA,7350,9922,NA,10512,18046,3942,7841,19931,18989
4736,16518,14703,19810,3737,5860,6070,10191,17751,11522,13858,17612,NA,516,19351,1116,1183,4744,6416,14892,2858,13678,NA,18516,17631,6508,16466,15206,9805,122,15312,NA,11653,9931,11747,8321,NA,488,17164,17326,6564,11910,5617,7930,10803,NA,8534,10851,4284,17645,11667,8310,3866,3022,12828,18276,13043,NA,12532,19502,5013,2231,8198,4110,11802,2609,2793,2892,15707,2029,6748
11248,6680,8515,12566,18144,6075,2112,10815,4280,13492,6423,9094,10682,17913,13955,10775,348,10473,16158,16234,6179,18368,18560,11474,6848,8741,485,1090,5328,18211,18030,NA,11926,14078,13963,19772,9862,10263,11433,2126,12516,10152,11568,19067,8593,NA,1872,4105,NA,5892,2110,3993,18097,NA,4147,11539,NA,18090,12453,645,NA,9322,4266,18251,6760,8705,8388,1681,NA,9127,1652,5467,1909,9177,12121,11901
2962,116,17758,4484,15293,9828,5459,14594,11053,10452,13254,15919,15107,15870,9900,4523,9310,9825,12906,12050,9214,12892,NA,10761,12536,2648,3151,9900
504,12219,1319,9137,10601,15041,9231,7389,1817,10836,6063,18828,16889,15756,4098,NA,7041,16700,12458,97,19067,18187,16705,18813,440,3410,5762,17066,13679,6235,2332,15157,7030,17931,9986,8297,17645,2792,13048,7131,17067,8024,9607,15796,13767,18401,19444,19539,13601,14908,16346,1179,NA,12102,6188,NA,12809,9234,2594,NA,12535,18083,4307,13193,11091,7644,7847,9130,10415
5717,15790,10526,11707,10130,2246,11495,10574,19273,15371,10753,6293,926,NA,10550,17077,14903,NA,16787,14392,12630,12184,19751,8143,5584,NA,16660,2856,18673,156,4522,8585,5858,734,12464,7953,NA,468,454,19724,11954,7230,19555,8171,19292,14422,6824,5348,709,11726
19735,18780,3818,14279,7167,10251,10292,15894,7283,9511,2790,19684,8464,19033,17758,19379,741,NA,16201,16923,19770,9971,15652,12853,11554,NA,9123,224,18230,3296,15466,7370,14278,6944,851
7844,17186,7804,17828,5227,2939,8232,8506,2164,4317,10315,3755,837,3675,11864,4773,9614,985,19681,12720,15725,12235,12791,17961,10327,6598,635,11186,15049,15423,9989,8606,13817,8191,18437,8091,NA,16940,13845,11362,17201,11074,547,3956,11464,4569,8852
5910,18302,952,17794,8391,10042,19466,3722,17806,3672,6607,8168,4686,8134,12613,18605,NA,8590,12151,8020,1398,8503,12183,10405,9341,48,2941,5723,NA,3793,10729,16517,8657,13351,14850,11055,16256,NA,14440,12340,8560,18277,1142,12396,14551,11632,3667,9258,19828,14960,NA,15875,1232,9627,11911,2409,11081,5490,5994,18782,NA,5686,NA,605,8510,14583,NA,19624,NA,18572,5912,2862,1017,2218
16652,10980,14828,17543,10082,10494,15891,7552,13928,16637,1112,14861,12970,7775,2399,5819,5021,18639,10451,17519,5699,3020,4661,13185,6691,8511,15980,8977,14269,NA,10655,524,795,184,370,12455,10950,7156,7836,2980
16223,12816,19883,8348,9074,4649,6782,9271,1654,3380,7883,NA,16827,6401,19899,14334,7414,10552,18372,3948,16361,8520,10684,14179,NA,1070,2437,NA,902,3547,19183,9249,7144,9038,16760,NA,14363,2890,12577,466,13067,12132,14913,12053,80,8785,16682,1673,1646,923,12024,10338,3654,10548,5678,613,2358,16658,9878,NA,441,2376,1667,15158,13479,15262,17543,7767,10533,15519,18128,3058,15558,12298,15873,4789,9193,17780
1878,2716,11986,2240,7025,2469,15591,12437,17236,13828,15896,10380,9497,446,14834,3830,1653,14213,18333,18409,9896,10440,15018,2574,12470
19327,4127,4854,6835,11088,6571,9207,4227,19343,11972,14157,10678,3953,14632,4624,7507,13782,19658,341,2528,9107,9253,576,13209,4949,11656,12758,8388,4969,NA,11171,17115,19189,2669,17606,272,8595,7203,18453,15803,6353,14524,2156,16959,2938,18348,2284,5065,566,10033,6325,10150,10334,18081,4129,7712,14663,NA,4549,7871,8102,NA,4008,9183,3101,8537,11921,17052,6378
15513,15783,17469,10754,17708,12859,2866,18466,2612,6674,15658,17881,2365,NA,12912,9789,17672,17164,4972,7290,6363,17740,7478,9177,19187,8595,17426,8118,7456,17639,14352,328,5174,NA,7669,6263,14702,NA,3138,12261,11850,11424,10545,6984,3431,13311,6923,14259,3713,9373,652,2492,15577,18327,11638,9437,16750,4703,13143,5173,13532,15539,4773,18544,12415
1217,97,19869,16835,8358,14730,7866,2281,10557,5940,10049,4029,14284,15142,9399,5079,12466,7477,13225,11067,9384,NA,12957,2124,18719,19052,8087,16306,14881,19986,18903,1509,19074,6878,3186,11473,13738
9339,15602,16471,16593,17092,6238,16543,5068,9125,13900,19090,NA,6565,16500,3497,7242,13617,6860,8915,NA,18663,8036,NA,12900,5936,9956,2291,5387,18826,12333,14378,8969,1793,477,5094,15212,4039,5951,17355,17362,16420,14417,5829,16806,NA,6789,11911,5123,17506,9468,11693,13940,17851,19076,16557,19495,9903,19895
11781,10635,471,16646,16346,19411,17136,4400,5186,16355,14449,4348,2721,12247,3058,6717,15274,NA,16976,8965,5879,13207,1013,19825,649,17644,5128,7697,1231,19297,16360,10436,NA,4515,11187,NA,12536,16807,12902,5398,5423,8743,452,5070,6895,14523,6269,7164,6524,11929,15115,3970,NA,1688,7399,5874,15131,9271,17897,7360,10976,15817,4876
6332,13310,12692,9347,11072,11853,5498,2201,12666,4682,10932,15046,6894,17964,3428,14730,7376,NA,19261,14366,18603,7281,5116,12188,7129,8474,NA,9036,5595,7258,3143,17100,3662,2380,13823,4803,19398,1279,11250,17425,18748,18498,NA,19617,8995,NA,18811,17479,6567,NA,9017,6850,26,2526,13300,2935,18071,7748,13407,5826,11281,1513,1064,6039,7470,15578,15956,9741,12531,17674,5375,2194,276
418,5172,6411,18358,14883,15776,8479,5372,4966,19427,4527,13604,2603,2812,17739,NA,13070,4296,15211,13694,3209,3119,13152,16016,NA,14404,14452,7773,2523,1868,6155,18851,16119,1975
7601,7367,5235,5126,2073,18898,13906,12130,4904,13489,8558,14414,8868,12995,9937,1274,13760,12004,19994,4862,8956,NA,12942,16810,19482,9171,9466
15339,13966,15440,8575,29,18562,15346,4181,18826,10421,14894,15156,6867,11193,10699,19570,425,12123,1342,19255,9501,1191,8320,13786,10737,18241
19395,16409,13756,16744,16445,10237,11701,146,7275,9037,6824,9697,6019,NA,4592,10211,7761,6894,7746,13154,15695,4557,8233,8865,12456,5584,4475,1911,NA,12567,9183,5641,NA,3645,14349,14166,10020,13666,11955,8665,17284,16075,1952,2693,16319,17585,NA,7111,1088,NA,5190,7293,6486,7136,6200,11529,14260,11516,14816,1917,10055,15451
12263,2506,12166,1096,11489,6621,18518,13252,17207,19102,18280,14486,9330,16482,2670,15057,NA,10446,9799,5710,1307,NA,17314,4186,12663,16526,10742,9687,14654,587,9540,4311,15780,14273,17758,13865,10237,347,2998,13957,19721,15806,NA,4490,9836,1430,8413,9507,1950,9277,17326,18089,16531,4561,18358,10189,7587,10205,18404,1057,9672,2935,15270,12802,19068,1979,6134,19161,14556,7530,15993
19841,7410,3931,4474,17672,7427,15650,9932,14029,19100,4834,18666,11310,4772,NA,10100,4993,19752,16381,18490
10707,11841,6652,6498,8038,19094,16352,3315,19752,14187,17727,3473,NA,9986,11467,1526,8298,8020,9012,72,7906,10054,15213,15063,19504,2526,11094,4622,4110,19513,4079,6644,6433,12902,19993,12226
1540,3067,7422,6187,16398,6683,16764,17320,14168,15044,9668,16789,5816,17111,NA,9943,2837,19744,16675,6898,8869,19920,7117,16867,9900,7295,8786,11603,9453,13181,726,17942,363,12594,5099,NA,7421,NA,537,13722,NA,7079,3402,11033,996,NA,10140,6871,5127,19525,19179,12931,10761,4618,15944,17815,17676,7395,NA,6841,19702,14748,5495,8130,6318,4599,10601,5975,1170,18641
15896,13446,11880,418,12129,5087,152,1286,6046,16731,13948,9918,13776,19069,NA,14564,3994,15069,19704,7975,17941,19747,8344,1660,12727,3940,13232,14682,1103,11167,2177,6181,12462,10718,8890,18888,12143,16045,9729,15816,15831,12791,17603,14872,4260,7255,4202,18298,19463,NA,3943,16964,13303,1033,16727
8185,4384,5241,12829,16540,1067,12808,6603,4669,13755,14605,12857,10018,17172,6607,1930,12245,9451,2736,15402,10045,9885,5740,10827,10372,19946,2860,9518,4970,18404,12896,5216,17486,15427,7223,NA,14763,8221,11251,11322,NA,359,5687,13110,8619,NA,10334,16027,16571,10003,17117,10810,2709,1301,9667,7237,10956,14594,1004,18138,17000,19785,12955,19850
2645,19090,11247,15899,19495,12772,5446,18404,13784,8642,19822,15780,12083,13114,9276,17699,19907,NA,18706,NA,16127,8554,13510,4635,4095,286,10907,5023,14679,19812,NA,10861,16256,15249,3110,10205,10849,NA,6833,4541,3001,3948,12182,4288,7549,16739,1981,6638,13046,16562,15153,8978,677,19345,9400,13242,11736,18361,14286,10868,9157,15096,13433,13340,2938,2006,10743,7838,19485,17015
1369,13750,5368,5951,10145,5971,8298,983,11184,255,11485,18241,14017,16283,7724,10820,7071,9110,6050,3633,16779,6496,2329,9858,13937,18212
3079,9460,3564,8675,18531,9967,108,73,858,4576,17356,1132,7241,11928,18765,15905,19365,2290,7390,16538,15994,4639,5020,5873,15816,12115,4739,590,15870,3696
7270,736,16473,19736,19399,14557,3729,12740,4235,13592,10602,4555,10127,8314,12086,5437,16271,NA,10521,14472,18691,18853,17437,1125,14430,1481,12101,2922,12513,2849,8952,13620,4049
13336,10031,19094,6719,5209,9690,1140,5662,6282,7498,19332,10198,19172,13632,9836,9074,12476,15326,11353,NA,17407,3791,4799,3761,1403,13139,8542,576,5080,7272,5196,18888,16289,3549,NA,15291,14454,13693,19357,19165,14265,10882,16373,18579,11564,377,18929,14044,14424,17314,12691,18081,3531,19993,10265
19429,5726,12131,8952,9828,14451,16278,5407,730,10124,14346,9138,6292,19962,3417,NA,19304,396,12109,2957,7200,5637,13271,2140,NA,3948,3566,19112,11307,NA,5107,6804,7807,19704,19465,14333,7824,NA,10519,11659,18380,9868,16150,887,2047
8656,3240,14773,3895,5467,17148,17770,6872,9768,8710,16190,12733,NA,4274,8280,5274,3498,3129,1934,8837,13718,7248,19658,11765,7119,13000,NA,3701,19917,4438,8955,15246,18898,13687,1298,2701,10319,1477,14641,19190,4826,10804,8122,6927,15199,3029,217,4262,9753,13634,13956,7992,14745,15168,6663,19164,4059,1992,18298,8787,5122,14687
7417,19112,15793,8960,16779,12777,19883,14335,19578,19607,18560,18837,7723,15833,19229,12500,6266,14349,10073,18197,NA,1528,6160,8006,13628,9062,12514,5767,3262,18267,5499,13388,7436,13892,12821,13432,10720,1691,4782,19825,15339,6364,NA,18604,NA,10718,18960,9636,15941,10821,8688
17706,12140,16279,4535,628,19191,9648,11711,18104,15807,5798,7375,12115,18042,2501,17155,443,17889,9696,6648,3432,18135,16526,13576,1568,NA,10283,15523,NA,13998,10273,NA,5560,4832,5767,7984,5827
14454,7210,17950,10988,14740,6565,3209,10572,11820,6100,1167,3490,153,19413,13885,13045,13665,NA,18375,8253,16206,4329,5997,15707,5922,1649,17518,236,NA,4804,422,NA,17204,7551,10574,NA,18304,14764,8127,12191,3005,16413,14310
