12044,803,15987,14473,3175,9864,1038,6944,1479,7307,2840,6392,2984,204,6211,9202,10677,609,6668,14532
7584,11491,3143,1498,543,2671,2505,4277,1988,2415,2535,17523,16723,19792,19916,4444,14139,2360,7250,18932,3784,15120,14455,11093,12200,6871,14695,NA,9014,5183,10961,15596,12045,NA,8995,3743,15326,15459,14152,470,10697,5988
16133,12470,18820,5216,8439,727,19555,10448,1170,5363,5337,4911,17867,10506,10680,7783,5762,2862,11144,1701,13812,17295,11676,15367,17937,15501,17425,17085,15586,15655,1539,18199,1957,14174,2896,755,10784,10454,301,15688,NA,8856,9389,10455,13259,8314,12223,13728,17826,14431,7611,13574,1722
734,423,19597,17843,19118,11528,4764,11908,13024,15548,4954,8776,16855,7725,14575,8309,12008,13306,7693,16471,NA,19717,18792,10717,1130,5419,2467,457,5568,17763,NA,4401,NA,545,5843,8207,19998,1135,16648,8145,10337,18761,7397,782,6574,NA,12846,10925,NA,15305,8819,16391,3904,3326,10855,6840,15139,19142,13805
18507,1134,10122,5181,12749,9262,12022,19692,9187,4238,16042,12169,10943,12160,6559,2244,11656,8329,13600,19642,15773,15133,3312,1903,14030,9179,5482,3264,NA,9844,10772,16278,10313,9497,8279,4036,9797,5310,9957
8436,13940,19705,470,12890,12254,10181,16034,3079,8197,5193,15108,NA,9432,NA,8480,3419,2155,2931,19273,14176,3172,15142,12003,19466,18026,2721,6758,9796,8479,2576,13836,10207,2303
16980,9984,7068,5783,11165,7729,15897,12812,2085,9662,7834,901,6939,NA,2348,12855,4795,NA,4334,9342,19673,5322,9676,396,5835,16035,11565,8258,8584,6360,17359,4709,4536,8697,19222,8212,9483,4547,10988,10904,1083,15667,19810,2502,8334,9752,16875,137,2895,1898,14743,18271,7559,15617,8125,NA,4448,1065,2363,NA,1806,16061,418,18504,19401,10984,1694,11287
16427,17050,15777,3021,12726,1750,2166,3290,9428,18505,3684,12938,13115,11487,10628,15142,NA,2691,2691,13165,4014,8144,NA,7387,19256,NA,12376,15384,10873,2391,17806,6232,17519,13080,7497,18387,18769,NA,17699,14915,13750,18583,1810,16510,13251,10337,5035,NA,18472,12017,13645,12419,18040,9127
8078,3535,17929,19098,3457,7726,12614,305,1101,7312,15002,16797,11798,NA,2512,15247,17876,11220,14760,NA,3269,17814,11876,7343,1492,11258,18241,5413,NA,4766,5687,16406,15344,11553,18035,4290,1882,NA,3295,4079,5130,4230,1666,9084,58,1094,NA,12478,19260,16716,14693,436
15489,4834,3025,6753,5428,4334,11715,19311,10380,5360,12732,19211,4969,9428,7456,5406,5127,18039,3290,6463,14429,3369,17735,1455,1758,521,NA,10273,2552,19825,4881,4621,1474,12746,8442,19704,9358,11083,19081,NA,10958,19893,15178,4497,4712,8687,11520,6973,18998,15507,6004,10972,10827,18836,NA,685,2402,2754,9095,14290,1037
13185,1526,7496,3212,18723,7088,8150,5790,4464,10137,2116,9343,5701,2165,7581,8088,6944,9665,1845,11105,18750,5778,3632,19008,10575,8938,17956,12986,15043,14050,17609,10118,NA,18872,4534,10223,7776,1751,6084,14017,10995,6161,49,11166,6876,4385,1085,13787,19201,2068,1148,6136,NA,9156,10577,17787,NA,10995,956,9420,8325,NA,9239,9015,18145,7883,2906,16245,6751
17869,10841,7194,3310,14775,7256,7007,1543,12847,19035,10319,11213,3926,NA,19738,NA,10786,659,13691,14748,4133,11504,8072,5417,16779,8058,3465,13504,13760,17121,NA,13345,13900,6846,10627,5921,12250,NA,2784,3819,9574,1710,5734,8661,721,19624,4411,18639,15454,11916,9840,12747,13124,13971,NA,3254,904,1723,8354,16357,15224,5501,14528,NA,11896,340,1335,NA,11241,13876,13516,3574,19612,NA,15082,18085,15856,161,1073
16515,10004,8701,15623,8582,9440,10537,14976,1354,5799,10978,18414,7872,17781,7291,13135,18564,14689,19330,4797,10870,16813,19375,1795,4935,1868,7925,8987,19573,3755,3357,4658,10907,17679,15254,8993,635,5999,761,NA,1428,7799,1525,10244,17408,8604,1087,9518,4881,1931,2529,13555,6042,6198,14093,NA,9408,8614,6021,4935,7864,7567,11042,10349,15614,NA,10576,4127,6860,15245,10479
18182,15062,6391,17239,17383,6181,9659,11166,3333,15657,19551,NA,2229,6334,19195,12062,2581,19733,8383,NA,392,1417,1493,NA,1348,18036,17162,2329,12607,16973,NA,5842,13251,2448,11823,13255,7477,983,4353,7597,8731,17781,NA,9046,6414,15453,5056,15960,9067,7056,8512
8287,17803,6639,10389,13117,135,1378,1419,15327,1387,2318,6332,6141,NA,878,9460,7422,6300,18140,19294,1686,5841,17956,1857,NA,3027,16142,NA,2344,18918,13041,5064,18407,2142
12557,10723,1634,8334,7917,12652,14374,19995,6971,15002,19887,10999,1934,NA,16347,8662,9315,11868,2500,3874
5095,7656,17798,8771,13860,2877,15122,155,9237,9556,6829,13222,9175,244,546,4127,8614,NA,16969,6403,5859,8332,NA,11418,15301,11410,13348,3701,16492,9836,888,10071,16501,13072,10143,6862,15414,3803,16043,16363
17917,6419,12300,2776,5695,16147,9946,3541,2669,84,4457,18715,18819,9516,5493,1999,3976,NA,627,7098,3697,4726,13838,NA,19921,7977,15643,NA,9066,12425,5132,8434,11180,NA,7229,9034,NA,3324,13734,1772,1108,NA,19540,11192,15867,12768,17497,17212,17249,4975,4240
7403,10374,7127,8597,19151,3240,9429,15083,6193,10345,3503,9951,NA,13932,NA,4847,12247,13555,2471,NA,12877,8958,13230,6159,NA,3489,1796,6833,3333,4712,64,12823,NA,15684,7163,NA,7584,18736,14608,9566,1227,3116,6215,12008,15737,14923,19844,19761,14996,7500,14390,999
5104,2476,6466,4634,19958,18494,3764,5249,18479,5429,1669,18709,9784,15150,606,7825,16193,119,10010,11627,14199,11285,7723,15247,9365,18647,NA,14706,18894,9013,8615,1025
4917,16496,8731,12307,2890,11313,15178,7806,12718,15799,19544,8042,2158,18862,410,12550,16284,2810,17487,11966,8077,603,19118,13689,1771,13368,12701,16168,19301,10983,18936
14228,13932,10864,12397,14155,16737,9688,11721,17698,15213,9594,13160,3481,8888,71,12498,6900,18675,NA,11917,14289,8279,15088,18237,8094,19230,3561,12231,16675,12081,9376,7441,61,1508,15945,2264,16800,16820,5866,1673
11946,2179,3718,6567,11359,4852,4466,13157,13315,2030,15820,14317,15933,12101,18897,7580,9218,13270,15484,15445,9709,11431,19641,16116,14155,5198,4547,13251,14147,8111,12736,5339,5352,5673,7714,7140,10298,13725,357,5827,8186,8579,14676,2608,18999,5772,19217,14233,13230,6146,NA,10358,535,NA,8400,2471,4429,15808,15639,10407,NA,6356,5637,4322,19877,18534,15283,4418,11844,10476
8310,18798,3433,6607,17921,15436,8805,6356,9879,18780,4957,3939,1209,18424,5856,12451,13994,NA,6209,11480,11918,2682,4422,6077,6557,9831,4233,4831,1086,13803,2149,1862,6887,14806,13248,7519,NA,2617,18713,11950,6350,19028,2401,13275,16552,14421,7332,18419,11035,15694,5282,1605,19724,1949,4007,16809,13764,6253,9475,13657,7951
12500,6129,6345,16762,16380,2772,4829,12440,12768,4772,16006,11516,9212,16037,10891,NA,3055,6046,3182,9055,4220,11740,17617,NA,19202,NA,12067,12671,16130,1357,NA,2230,422,3001,3397,3765,19371,15041,1456,16158,17197,15686,1182,10138,17839,NA,13180,17071,11381,12945,9227,5970,17995,11298,2050,7423,5188,18270,15847,448,4702,7173,13474,7958,8800,8458,3409,NA,18141,13523,NA,19737,16283,1017,2272,4996,6600
13855,11310,3187,2535,13283,13439,16032,13348,18998,7569,12344,NA,19448,5983,4317,19701,9941,6935,2605,11607,10387
18960,13451,7590,19833,9534,15065,16112,3868,16886,17553,12948,11216,8144,14337,15713,17348,7471,18458,19373,3483,13772,15673,6762,2957,11489,15702,7828,9827,4780,1768,16080,17362,18856,19827,14311
18525,3723,421,9460,14407,5233,4933,11567,5320,13428,2103,4018,18396,744,15547,10632,15808,13795,13675,7574,901,4720,9875,15296,1035,11393,NA,13016,5896,9726,16300,2426,18340,2050,8131,7630,4269,6327,12963,NA,2159,5313,7604,19422,2575,18375,13299,NA,19945,13835,19423,17653,10650,377,145,10038,7886,8734,15684,18215,14674,14552,7609,16490,14825
579,3303,6768,6760,4076,4824,11459,14337,7276,4490,15360,625,13785,5639,16999,16117,14990,11810,8002,6776,4565,11513,14717,15520,9282,10796,NA,3115,16315,11706,9760,15986,14982,7019,10814,14410
3918,15818,19200,15522,16772,7805,18207,12211,4948,16186,19767,7759,720,9624,701,13224,1170,14576,NA,4117,3109,51,15124,10839,2290,3022,9072,3346,15344,9491,3839,974,3605,4504,7689,5607
10421,12919,16594,3004,3898,15160,13757,18659,5125,19489,15760,15171,12618,16163,5427,12384,6294,3327,14223,7933,17187,4681,8105,NA,16485,513,7647,NA,8532,3853,17506,16798,8157,2046,17267,19003,7331,7701,12269,19686,2060,2777
19549,16139,18964,13086,17238,9951,9640,3217,9409,18288,11166,NA,4487,13069,4085,NA,11845,4282,NA,5165,15142,7087,2645,6623,7744,NA,4971,2293,11320,11997,4782,19976
5353,14666,18377,17261,3755,9715,4991,13066,14284,13383,17970,6144,18806,463,17559,4317,4645,11689,16837,7667,9092,3553
8310,18404,14664,4709,14287,17261,4334,10747,6751,11586,16997,16240,NA,4007,14221,10436,2775,8498,17923,19756
5837,18730,13369,6253,15267,5937,4453,6123,19236,15705,5904,18374,8697,19157,15582,11749,NA,17526,3398,5415,11822,18274,3956,NA,4740,7123,1831,NA,8430,NA,34,2454,7273,3244,2221,NA,10474,15394,13027,6371,19584,18314,13916
19801,13049,3888,4851,4861,5610,7457,18920,8553,14288,5040,4707,18216,15480,1157,6040,12173,8465,2649,5041,7258,8851,793,17548,19365,19095,1554,1957,NA,11927,NA,5433,11217,11803,6314,3245,5452,10227,16113,18191,8094,3308,4047,15903,3629,NA,2181,19674,16396,10960,14389,1750,8869,8039,8711,11488,15093,9029,8263,3767,2342,2892,7128,10012,NA,13484,15386,NA,16693,5478,10563,14858,NA,8604,16714,7051,10047,10361,18712
19796,17609,8488,2189,17579,13867,2740,2659,17743,17814,8356,7347,NA,10220,NA,7786,NA,163,9679,1020,13846,13948,3472,17998,61,17175,12779,2905,15544,9096,6777,18527,4574,10724,3999
11206,2769,12602,16731,16391,1040,2132,917,9825,6475,8592,2016,19998,11346,124,15986,15833,NA,9672,10246,3623,7210,NA,19233,8903,10097,18666,NA,17892,19636,11975,17242,12346,13122,2366,5084,10626,3830,6069,7884,9748,1696,12070,16577,11993,2779,18306,4851,4153,18081,2195,17500,18284,6114,14946,9253,15260,5270,NA,1985,2649,17409,698,17187,10573,5522,13135
5161,1754,14595,13511,2462,12175,1897,9453,13124,749,13915,NA,15637,11001,NA,8403,14620,8788,7297,19284,15763,6470,10138,13138,3867,9204,19922,18163,3985,NA,9047,9456,16080,NA,16020,6567,8789,14990,7353,1296,923,3053,19262,18404,16202,5744,6576,4417,NA,10472,13429,17502,19073,3804,13734,8278,13631,3872,16626,718,NA,12967,17638,15050,NA,11248,9276,1787,6771,1948
9333,9895,16624,3189,15961,11711,18002,12891,19676,8918,10261,1173,9091,8531,3238,4391,13086,NA,7596,19618,13789,10487,8984,NA,1127,16693,7206,13289,2315,10666
5428,18715,16481,4657,18516,8129,7283,11608,3314,13916,1442,14315,12161,17026,10068,6176,18196,6397,15278,19759,4097,NA,19010,NA,19613,172,7978,8012,15967,16420,NA,4852,NA,2282,11596,12694,NA,4296,9315,2761,7583,1812,10612,11236,6251,4278,NA,9184,11863,15246,8596,16098,17649,6797,1875,4837,652,6552,7613,6454,7474,18522,19062,5090,19745,10824,16866,16013,13639,11365,3294,15464,17495,13464
15713,19816,8246,11792,436,18783,841,13315,4371,14544,5157,NA,1821,18917,11954,NA,1804,16048,14515,19510,19368,1900,12169,17456,5916,18127,17256,14836,NA,16579,14679,6457,5338,10403,2839,11657,14938,19864,11253,13492,8265,NA,9642,13495,14317,16568,2748,16429,8996,13113,6541,NA,6951,8827,13874,1152,NA,4827,NA,3329,NA,8337,13633,16691,3194,11172,799,15821
4402,16790,2886,13799,9617,19796,4269,1722,18781,13472,10701,6013,NA,14933,6564,16999,7327,15986,8289,15787,13432,8624,NA,7992,16623,15774,5917,15913,15647,NA,8579,4038,NA,19035,18957,16503,18652,18043,5386,14113,1623,187,9136,9920,16818,5012,2900,17568,19918,15941,8223,7280,19519,8891,6149,4403,131,12469,4841,5642,3291,17155,5176,12323,13198,1016,14913,NA,668,9294,8282,NA,16409,1670,7694,13998,6182,5870
4890,999,11057,7551,13101,5103,19801,10188,5614,7886,5240,19598,4067,13999,11282,13134,7023,17440,19287,2139,11305,8802
15732,12821,11238,14990,18359,1891,5171,10944,13926,12374,9227,7265,1061,11522,1045,10488,18755,10285,1329,2347,301,6899,18058,7429,11512,12627,15079,2386,18817
18485,15896,7173,19598,5534,5877,4493,13800,17674,15990,3902,14875,3844,12517,10217,11817,8348,12769,NA,5917,5871,8249,8837,1300,18453,4347,9385,2041,18128
10643,12433,8582,4024,2532,1260,11116,13589,400,10060,3728,1577,13600,NA,12197,405,13719,3974,1110,8844,18402,12709,9233,8188,14544,477,8420,13840,3724,12620,806,17948,16343,11878,13011,11163,9912,4496,18164,2617,12774,9601,6968,4313,10245,16452,17178,NA,5015,18526,14142,10856,8709,19989,14608,4857
3378,18517,7560,12651,798,8386,17073,14063,1774,18765,17177,14993,NA,5000,12937,12167,17208,13525,7072,15848,13814,10907,15384,5597,10546,12457,2070,NA,10872,10200,10980,19989,14986,NA,15482,8498,11638,5997,17699
7228,8359,5282,16203,9044,1022,9687,13296,11826,14303,11165,5833,18733,3906,12311,11626,3678,2376,15423,8648,7681,4236,2143,NA,19892,12818,6066,18970,3495,16751,7485,4017,5314,13683,84,NA,2560,1030,18062,2301,NA,18901,1355,5913,13422,10219,16677,19817,9273,15128,4231,18888,1921,19542,18386,10975,11808,19696,11589,NA,10679,5596,17811,14720,NA,9611,1512,7639,8265,9908,2187,14971,4200,2159,13744,19807,13328
3315,11089,11869,18866,64,3451,17102,3581,1568,18437,12781,NA,10384,NA,12818,13470,NA,13293,NA,19249,4602,6545,15433,18265,9133,4414,15723,13862,18014,1120
6980,7347,16283,7392,15619,528,6983,7281,485,10685,6620,15698,2253,5140,NA,7007,2829,16483,5499,16905,18393,2536,18528,NA,17033,5684,8222,2054,2167,13577,1984,17604,17244,13187,12510,8852,14307,1671,14958,7880,3953,9321,4890,6615,7589,18875,13177,11346,8357,18505,19435,12819,13678,4160,2950,19225,15630,15451,2649,13405,14960,3395,15365,8065,11801,12798,5899,887,15784,4868,14013,1960,3647,10756,15158
15394,14393,3283,15104,1662,19351,4213,7883,12741,1,3198,13927,15588,13068,2821,10275,11298,9143,18397,17841,NA,3534,593,16374,NA,3095,9515,4540,7289,17553,2115,13033,485,1514,8984,3800,9399,440,15836
15324,16715,14837,1266,3418,12605,6982,15729,2772,17434,6243,19669,1085,7217,13445,17861,19695,11698,2617,7392,3325,10660,NA,211,5322,619,13031,NA,7523,3460,6576,11430,1981,7289
8289,4635,19327,12308,14348,5350,7210,11654,315,10638,17394,4755,9249,NA,6569,81,10328,15609,15733,1439,10970,19139,15550,1212
10553,13480,4602,9763,3886,5348,9006,3099,2268,13537,12213,15739,8509,12722,19443,2550,6337,8143,2686,18149,3442,5494,1345,NA,13016,10911,10471,17908,14726,15314,17086,17178,3995,19114
19357,2917,12399,18007,8323,9445,2225,9409,16816,1218,9872,4444,13282,NA,7637,12938,2301,10714,11334,17155,NA,10581,NA,19182,516,11381,3932,11747,4779,2946,17407,1701,4087,17966,12974,19948,14861,18847,16822,5349,5858,8980,11837,NA,4571,NA,6158,4046,2488,1010,5395,11060,NA,16555,10067,11311,3724,12761,17146,8912,6429,7603,NA,12245,3391,1682,663,938,14414,867,19574,10178,4716,1676,13110,9602
11583,416,7783,19105,13563,18824,12483,14869,16587,6716,1842,6452,16761,535,7182,11245,149,11044,11049,10365,NA,16043,18539,11480,13068,4014,8762,16872,8488,4582,17424,13628,13151,16972,1601,12322,13376,NA,18131,205,8419,16319,19012,16404,NA,7762,15205,7657,12798,19734
15479,15884,3610,15916,8323,3613,16181,16759,8998,1895,6496,8679,16776,11078,NA,16293,2883,15887,2713,16191,1033,2803,2192,11020,5985,NA,16857,7403,14390,18791,16523,12590,5922,10365,7539,13545,18630,NA,15163,8217,16219,6975,14509,11858,3827,1898,115,2774,19600,19290,12957,18714,16155,3634,7317,4503,15132
18951,4640,9053,3244,3364,16029,4509,9155,18583,12486,3104,7761,NA,6070,17520,7757,19326,9834,19578,19370,3065,10082,2802,656,5079,19071,17357,992,2924,16681,5779,11463,7108,13924,5816,13871,396,15862,5694,16858
17694,3057,320,8548,7353,965,8551,2175,4193,13693,10208,6500,18380,2462,210,NA,5352,15446,NA,19060,18986,8986,1494,10755,11359,19982,721,18279,2666,3887,5534
12368,256,12010,3951,737,8106,10195,14396,10072,12982,9504,16556,6811,8496,3811,14997,8579,8165,6874,17963,17304,14389,15659,10264,11488,14695,17611,7723,12158,4279,9322,6164,10513,14818,10606,12046,5183
15274,11441,10104,10893,19227,6917,1368,8203,7919,6943,3606,5887,9518,12519,4069,17666,18634,5996,3647,1821
7603,18820,9373,36,3077,6465,10122,13784,19492,12465,3435,909,11082,2714,14902,13928,11994,8139,11723,19577,16601,16677,548,318,NA,5922,2394,13490,102,9046
1893,3265,16050,11196,3720,16008,7749,7436,11390,10878,2280,17250,3292,19356,11778,10600,7535,11734,3075,13377,8876,NA,8314,13375,5220,14624,NA,16878,18977,1102,8443,3854,2658,15728,14904,6260,6672,16013,14115,9575,12226,974,16400,2853,6076,12496,15092,3718,15818,868,3578,13248,10601,8661,15005,17873,840,8061,10462,13147,10311,10649,12139,1597,15732,15130,3574,13797,12546
6304,5511,9622,518,4387,5511,4545,3287,9793,8837,10846,NA,10757,2964,19554,14428,8773,147,17452,NA,10227,13251,15783,8554,877,3672,18129,17640,19585,14175,9799,18271,1579,2095,711,3092,11219,7439,11560,12829,3735,12296,16082,2490,13398,8207,17268,13700,2849,NA,15892,12024,5326,12601,17560,19587,19878,4818,11004,7064,NA,2418,7558,18029,994,9995,875,13113,NA,5223,18794,2280,10121,9360,7687
1517,18545,560,1200,7083,7155,11176,14617,12961,1255,18642,4760,17708,8219,7016,7598,NA,3051,9961,19695,10380,19147,2771,2554,15795,8220,2741,8155,4595,3901,1558,NA,12207,17074,9293,16178,8700,6396,3188,7040,NA,13916,265,18184,4279,141,16998,5421,2630,11586,17416,18375,1473,5219,6424,13038
1755,2683,4484,6883,8581,5009,17439,3662,17563,5276,7983,3719,654,13147,15806,14363,NA,12522,11946,7471,7290,15194,16012,15483,19605,17726,17817,3131,17305,15916,16056,14459,18333,16741,10173,5556,15894
14912,8105,9220,11119,16358,4585,2026,16334,7888,4647,5803,NA,7464,16934,19905,130,15048,13032,18896,16709,14235,12868,4659,14223,11626,3201,5762,NA,15120,14805,3028,14467,6600,NA,3014,17981,NA,9771,10582,NA,10151,14857,12486,9173,11574,18005,1011,9755
3526,13911,4184,12564,4646,4017,16129,3103,12349,1184,10367,13878,7824,552,11589,12789,NA,537,10018,14682,13784,8072,8398,19420,1471,6418
15760,8144,421,6589,16570,6012,17883,8447,5973,8299,6519,17777,9534,630,10710,37,6098,NA,11848,17247,8512,16794,12821,6966,852,4792,530,12217,4722,4276,12064,11666,3939,16265,NA,6686,14223,15745,17585,2123,2015,16505,14233,5994,271,14015,19895,13404,9741,12784,6951,7638,7318,10286,493,7492
9923,10543,11767,12995,9509,3281,14929,15800,19651,1877,8539,18909,NA,9634,17356,3657,NA,15696,NA,8360,NA,4635,19456,NA,18045,13554,15606,18719,18613,9178,831,7153,2801,9453,1453,3668,16360,5656,15250,3166,366,13518
11551,10467,9147,9865,7653,17716,2410,12296,17694,12242,4530,19751,18854,13464,9915,17129,1204,6673,15936,472,8450,14731,18458,12684,9843,6819,17810,323,1929,1473,2184,10296,6367,18367,5431,14523,NA,8251,2516,9370,6461,18175,14142,7782,271,2267,10917,17724,16462,7142,1365,2662,561,17318,15796,9017,NA,2635,6159,12163,9567,9131,16814,15718,9064,NA,2302,6673,888,11775,6477,14590
8533,13932,1959,575,7777,12812,9182,5941,19199,4434,8196,6544,18821,15757,13471,1585,9091,1309,12112,771,NA,17890,3377,10111,NA,13401,15002,3779,14987,NA,11832,15982,4454,803,1034,13834,10518,3492,3711,2747,4906,7112,14087,14756,15251,9908,11862,12865,17272,15500
8546,18721,8581,844,3784,4351,19560,7595,15742,6464,11535,7699,17637,NA,6983,NA,13819,15953,5153,18898,5862,19607,13978,13260,11500,2263,16597,19150,619,3702,9625,6108,NA,8098,7867,18802,7511,10363,13432,16354,6181,14391,6804
7635,10801,13272,5499,16314,9958,17701,15147,17790,10604,1643,10607,4646,7208,NA,5787,NA,13755,3802,19659,14768,16706,19140,2465,2020,NA,3191,10702,5471,8233,18635,7922,4230,4706,2015,14379,17594,6878,16808,8831,9326,1513,2318,2040,397,NA,11438,NA,8693,6687,1687,2497,14759,4249,10097,3260,NA,1546,9305,5282,5194,16825,7948,15368,18068,13193,7262,18686,12706
9902,9859,11807,16307,2298,16513,495,10421,15558,10423,15509,5589,7794,7100,19531,5581,448,10029,15512,7435,3112,6287,18974,6362,12403,13140,19138,4445
874,8715,16385,11719,15288,15990,12137,15284,11894,9988,15600,10802,1012,4742,16709,1345,17163,14820,16813,10464,5711,461,3283,19977,17358,1202,17502,13933,NA,1759,12606,7498,16658,8292,12808,2813,13650,7872,18724,18277,NA,4664,5163,6552,15856,8259,19428,5621,NA,2426,14650,7623,19403,NA,17499,7762,19331,9388,11279,7160,9100
19516,7652,17934,9515,10222,1096,5662,8343,2380,17371,1582,NA,17849,6810,11892,768,16104,6005,2748,12782,19412,19261,18884,7605,NA,8761,14268,14872,15147,7555,18570,NA,14186,12853,1437,6037,15207,8246,13909,14585,904,NA,7112,15901,19181,10417,17604,17,7849,628,13272,6318,17987,13654,4358,15004,6624
12755,1050,13902,9595,12009,14327,13533,5896,11585,17590,19306,18544,16651,12072,9818,13079,6531,1789,12069,17781,13185,15109,9155,13672,10229,12220,4778,10069,4227,16467,8246,3928,16264,6151,6250,9896,NA,41,9651,NA,12833,11679,1329,3183,12500,8555,11631,13028,11949,1198,836,NA,6744,6112,8239,7058,15463,7431,13493,3690,11556,NA,7110,NA,2900,11958,5797,7110,1302,16732,11204,7969,15436,17347,19738
4224,18466,851,2300,6335,17201,513,1853,12465,8749,14104,2185,8540,12183,15101,9213,9820,3220,7904,18841,9094
4176,19780,7316,14369,12932,1517,5076,16535,9530,12829,439,17189,10708,19548,13924,NA,5399,14553,8386,8171,8261,1299,1044,15179,12713,16925,10497,13015,9296,12773,9058,8668,11974,9723,10015,359,4192,12181,2010,NA,1015,7385,NA,18782,15983,10669,4381,10728,2413,18424,NA,10783,17369,11763,8872,19327,13990,19503,NA,19398,7744,5025,3815,14698,232,18453
19744,3771,12700,2628,6637,14788,11550,15258,1670,11523,11795,9534,5054,795,2144,14558,651,10908,7331,4422,5196,5071,1864,11353,14044,5010,15262,5667
