10771,8126,17908,392,14022,19051,1022,9537,4754,14942,3745,12190,13743,13729,1557,8560,8684,6572,5652,12305,18023,18607,19816,6962,8120,11896,6770,15018,16877,NA,2232,1592,3710,111,4436,8968,15791,5842,9529,10259,6962,15042,15864,2587,9247,19105,19555,16960,17445,16426,6883
11713,11343,639,4465,6890,11594,14189,16187,843,1028,16128,16769,19189,7383,3815,9628,3518,5042,5884,17715,3810,14436,6080,15924,8123,5121,7442,15135,14868,NA,8797,9153,1574,11701,9323,1168,3688,7164,13670,15099,2561,1012,11608,NA,487,18761,8451,5049,18194,15630,18912,8383,7337,18230,8765,11063,14640,12606,7921,12121,5246,13182,4629,14262,9687
18749,16744,18126,13162,14887,10213,3144,18321,12644,919,5731,14134,7414,10518,16152,11645,10726,337,16563,NA,13575,4787,7531,17632,13994,5532,NA,1326,6152,1457,9076,16974,NA,9011,10666,4701,NA,13028,2469,17134,11163,3926,NA,9707,7562,2275,9553,11659,4601,10262
19352,9022,18707,15639,3000,12332,4280,17057,4777,8149,2009,6759,8296,3079,13052,9747,19224,19550,NA,6538,16431,10134,11652,11772,4538,7085,2530
17700,19406,4350,16262,17188,5761,1272,12522,594,19504,854,NA,16735,12771,12127,15661,18015,12887,12729,NA,10753,NA,974,18324,NA,8029,12160,17446,NA,5608,10137,6721,11186,7436,9664,19971,NA,11165,6573,14866,11089,6547,19407,18883,13677,7749,19825,617,6388,14703,6309,12056,7605,9031,6148,17020,15587,12487,2674,7951,11336,12899,12143,NA,19691,8510,1893,17586,1914,8781,19511,17837,3483,6494,17219,18074
5590,16360,8997,17856,13687,17487,8618,6954,16331,4337,1445,4161,2008,1656,4701,6168,9160,19259,14291,15972,NA,4979,11280,12498,16950,10842,10784,NA,618,11539,866,12340,4449,12130,NA,11318,5993,11715,9979,2810,7015,17880,2435,11377,18025,16871,15127
15993,10866,643,10892,18116,4277,8672,15090,1731,13448,10391,8265,4815,17811,11415,8925,12039,3699,12119,17988,17581,11967,14722,6226,11872,9290,3522,16532,14470,9508,8952,17427,14355,1892,7486,11707,16275,10682,14414,2230
968,1347,5709,14591,14645,3553,18877,3357,7532,8981,9865,18775,9602,13525,13956,16948,NA,18326,10362,5847,16441,8879,16718,8485,289,14628,10995,680,NA,16614,8820,18349,10226,13473,14574,1688,1928,10930,5367,1343,10161,6043,16901,NA,11026,6300,8214,9522,17742,19919,9849,16998,13513,19516,6658,3677,453,NA,1328,13498,18219,6379,3644,11997,11977,1320,4325,13387,NA,524,15948,19805,5597,1510,14579,4949
14610,19538,3468,19525,10354,17458,4881,1585,4187,13639,15916,13884,NA,8922,19129,14287,11234,8730,4707,16292,NA,10348,12103,15866,10736,16934,761,NA,13783,8589,15350,7399,5498,NA,19906,7754,NA,16575,6186,1399,6791,NA,4907,13779,NA,9192,NA,14190,11009,15821,3789,18718,7297,8332,15959,329,10594,10859,11008,13052,19359,1390,NA,748,1820,7901,119,14208,5408,6597
12536,9841,11209,864,19407,4092,18495,5401,19063,1070,8411,9454,16348,4319,3344,12544,7244,2664,16599,17329,12063,18016,17442,1748,1246,1840,15027,17651,14267,NA,9788,10898,4141,7063,4478,11826,10834,19484,13923,4654
17352,5131,4137,1844,1755,11673,14535,13379,2958,19662,3705,1136,NA,12212,3053,16104,3949,14302,16323,15274,NA,15007,12326,18897,4384,18707,5639,7666,18078,4661,2306,15477,16462,15043,NA,9782,13419,NA,18682,16027,5790,57,11588,13913,4262,10046,15374,NA,17732,8983,19209,10443,2337,10074,NA,1250,1039,18096,NA,7912,16905,1068,NA,2295,10032,1575,2743,5756,1833,14950
8373,3532,10702,10683,5534,10794,6951,3485,6771,9376,6917,774,12488,10888,6382,17337,8303,11965,17238,11272,5092,8669,15713,7616,12240,8449,1717,10479,9465,4084
4780,7634,1626,249,12815,15825,17549,10593,4742,5552,10366,12427,4372,NA,17159,10036,6507,13018,13377,16578
18905,9452,10773,1742,7449,13020,14650,4126,14812,11436,11003,8046,10079,18897,14843,15568,NA,6008,16718,11648,7069,18376,7899,3158,18562,8359,4307,5958,6385,16661,10676,1205,17100,1313,8456,2065,18295,2700,6094,4286,525,17457,3139,6360,18920,12210,15428,11197,6740,NA,5752,17143,2906,9254,NA,1540,1666,16022,9485,12349,8287,12421,6724,14712
1788,10913,4804,4100,17158,15800,7355,16306,878,8162,12734,13946,8657,18737,4953,8618,13265,17109,3948,428,972,12014,6795,13567,NA,13741,4170,NA,9621,6364,10626,NA,5414,14501,12433,9772,11585,8808,9817,4585,15960,15958
16143,16148,18968,12708,6522,16695,15471,2119,1325,10820,2966,19691,19173,NA,16305,NA,15962,12060,8990,3551,16855,12200,11480,765,2124,14415,15190,6880,5960,6552,11106,3020
2160,18396,1049,9164,6604,5433,14253,2607,4211,4766,8050,6071,12418,16115,4581,14144,16943,12696,8316,9520,17221,14057,10403,3499,12256,NA,11132,17894,14515,10755,2157,3344,15194,10408,386,2175,7303,10979,2380,7601,13462,12945,18473,3318,19418,979,3337,17969,6683,1415
16224,2931,10452,14680,18608,6486,13534,9229,18511,3135,3731,19861,10773,10467,4725,10388,10385,11364,18790,15248,10123,11272,NA,8251,18520,19407,6260,9553,13611,2735,18341,9658,3866,835,15915,4763,13062,6607,9382,18505,7443,13343,7773,4903,12571,17096,2237,2477,9522,6177,NA,17875,NA,1138,NA,7409,1445,11385,8007,2088,9276,2914,17666,12812,19680
4709,19073,6034,19622,10418,6608,1230,19699,4357,4196,14275,17688,17372,12620,3346,16929,18303,18056,11378,12880,10070,2261,17120,8125,9447,18926,2320,19591,16213
12347,7592,6105,17805,11151,10402,7803,14138,13112,7008,12484,14035,NA,5020,15130,9225,2162,8579,2043,7134,7566,12765,16991,14184,17720,13647
16936,10194,86,8983,3728,7646,18497,2849,17730,496,15339,11118,205,3798,9041,18329,NA,6708,4232,742,5591,NA,8707,4931,17157,15069,1615,9583,2234
10550,2911,15842,14117,8632,18059,6813,3030,8036,17813,8769,13766,7346,1006,1975,9528,1307,4728,9118,13347,15930,1929,19961,1493,4203,4001,NA,10112,2240,1848,NA,5067,2177,14948,1381,4037,17524,154,11241,18204,19743,11631,7730,15461
10949,4272,18387,6483,8727,3229,3280,8396,13315,4511,424,18546,10738,16361,13168,9239,1448,NA,9110,1187,17642,19580,14975,2684,2918,17778,8086,11601,19553,6773,14712,NA,16170,7035,17480,13865,10653,1066,7046,11794,19708,7489,4460,16537,4254,19385,5798,9987,12039,11917,17945,2936,11899,9877,8645,3073,17785,4619,5126,3256,14437,4884,17366,12828,11410,10759,14914,17583,19361,3950,327,16077,144,6998,16754,10731,8467
147,17107,11273,11402,2592,7578,14100,3664,3066,15267,15659,4734,16597,NA,12076,17291,10389,15073,NA,7849,NA,8167,1764,14435,9436,13762,11421,8371,10428,4016,6378,18841,19025,11492,NA,11161,14792,16036,11403,12063,18066,NA,7017,NA,18788,2036,1720,6161,9863,15342,3323,9017,1022,12223,12908,9424,2494,17238,14363,9400,NA,7396,1717,1228,8496,18944
6571,10003,14172,2181,8049,354,15927,13461,12065,2991,6091,12399,6555,869,7555,9623,17631,8508,17496,16877,17811,6375,6423,2325,10131,19544,13475,4206,1489,2475,5436,2845,14020,1812,161,18745,14869
15854,19722,3648,18318,518,19442,13731,9138,7378,12520,13589,5860,6814,5379,17732,14361,46,11407,18165,10070,1493,19667,1690,18883,15052
16610,10015,18552,11950,13540,3493,16891,4311,16437,17130,14629,6629,3960,3268,8064,9992,11803,17487,4827,16988,2754,13550,18735,19487,16849,17030,14635,4152,13853,13914,14891,13510,5173,12368,17759
7758,13332,14939,1231,4911,2765,16307,3992,5798,9176,3237,19736,NA,19746,12129,14344,19784,15243,3968,13679,9880,19247,NA,11992,17295,19271,4175,8892,8111,6245,14353,10999,13454,9158,2487,7918,14548,699,9964,12631,17945,6991,19350,2684,4753,16841,18868,5354,18893,10555,1493,14910,4196,798,10396,4916,1521
3905,12274,882,18753,13944,13172,13983,211,11039,17366,588,17783,1858,16460,3440,3662,11050,19851,15919,NA,9458,19658,5177,9794,1220,10178,NA,8211,1391,14635,14844,4777,17589,819,3931,4625,5107,16541,10740,2656,6631,8558,890,634,8852,6151
14030,11179,19400,14260,611,19229,19722,10200,7022,7753,1502,19654,NA,11901,17140,7618,3004,19908,1874,1334,3648,11487,3483,8530,15377,11503,13880,NA,19881,15793,318,8006,8720,18911,18934,18470,7071,7789,17054,448,852,3126,7297,15524,15335,6528,3164,18927,14568
9102,17579,14833,5904,17449,10819,8392,3822,14044,10725,13925,5862,6708,8125,1103,19595,NA,2437,8444,4909,6920,16089,8135,12465,16994,7970,12705,1975,14090,14501,NA,948,5668,7898,1797,16516,5076,5577,7393,18743,16299,11675,18517,17245,4921,4515,11326,6210,14144,539
3400,15811,18690,15410,4053,6106,14390,3490,13742,5210,13164,NA,8026,6271,9855,NA,12371,10375,7036,4020,15301,10021,3963,6937,1426,12371,12448,5528,5342,2822,15193,5963,3749,111,7603,18229,13462,1149,7412,16425,15016,11124,17786,1068,NA,3144,18455,6487,3213,4823,15300,16731,15609,NA,14625,3591,NA,13783,5470,18367,10166,8041,11981,15642,NA,2632,15406,3214,965,3921,6987,8097,19382,19100,14913,674
19015,15121,11896,8550,4468,4952,3193,2087,14033,18275,3584,17813,6684,11009,14353,16500,19528,5133,NA,14824,11962,18527,18329,12444,11753,9622,11855,8852,15587,10256,13754,NA,17432,17934,NA,13317,1015,2373,9164,7707,NA,10742,17270,15461,10439,14376,10601,1101,NA,15444,17004,19338,16573,1423,12174,3387,16595,19753,3994,10624,7318,5044,12137,14872,14864,11520,89,8043,13310,15851,3291,804,14031,773,14766,6562
8016,1456,17909,17808,12410,19672,6560,11136,17597,13287,12800,2933,9414,19495,7585,14020,15139,5175,7457,8978,NA,8167,4101,11142,NA,11127,9171,2937,NA,13623,18976,112,NA,17273,33,19448,15088,7375,NA,5799,13357,18610,2467,13382,1667,12774
1124,18797,14533,12504,3580,1092,4314,12523,10665,13772,13220,9657,11353,18123,17027,4622,11660,NA,18400,3957,14228,18010,7392,15005,6468
14018,7519,18479,17572,8716,5673,19011,2629,1795,5387,15432,18711,11771,12783,9708,8899,3836,6439,6097,7424,982,4870,18889,19627,3316,4296,12196,4304,12872,7897,10383,10088,94,6359,14234,17963,19926,12353,9520,2565
9260,7430,9365,18087,3876,1441,5550,7524,12102,13693,16522,956,17727,6014,12569,1755,114,14134,5270,3506,12609,3627,113,15191,7745,14132,19293,9565,1942,12016,14464,1368,3026,17754,8911
356,5346,10160,6655,11850,17048,8039,15627,6360,12418,16729,15845,3389,8514,9893,10279,2875,10010,2614,14172,3424,15686
6731,13378,8641,17822,19132,17220,13806,3450,5653,3518,4707,1986,17632,6784,694,17261,5178,5180,1040,12696,68,520,8577,14728,15244,NA,3863,5426,5227,2939,18217,NA,15608,16655,3223,3679,13217,17301,6750,NA,16523,15458,4099,12436,9106,11476,NA,13793,13600,3467,NA,13574,7944,2755,6533,7426,16935,18998,17322,6397,9079,12465,15973,4351,NA,453,8731,18398,7903,2203,8793,16221,19012,17382,2554,1015,15311
18597,4946,4649,6327,19040,14317,18122,6177,8669,2685,2035,18120,3320,NA,3383,16623,18818,2508,3914,3910,NA,5705,12236,2428,7353,5189,7834,746,10395,1774,9166,7780,NA,3016,3113,13364,NA,4496,4246,12945,NA,5380,1474,7014,2687,1960,19146
4706,5843,6794,13066,13854,10369,1489,4855,2462,10518,1602,15233,16726,16412,9666,7175,14533,10529,15930,7071,4257,3103
6346,5071,10869,575,3360,19943,7695,18921,13990,9024,18990,19475,18949,7960,14282,10704,6422,7870,NA,1941,7371,19832,NA,6953,14454,12268,15035,618
7805,19026,15741,697,2292,9509,17677,4657,3168,1534,3738,8501,10104,4726,15432,8992,17445,16614,17115,668,17682
10577,2295,2997,11508,14797,13525,6876,19767,15733,9864,3603,NA,18079,8018,19354,6005,12506,16942,14764,16019,NA,8888,1546,15570,18188,12299,NA,4744,19301,18399,10933,11374,12977,8808
12880,9970,17832,3942,12850,1952,14674,3831,4371,10187,2627,17803,NA,4163,3849,15562,11540,15800,5826,15067,10481,19059,5642,10280,12295,6085,6998,17282,2663,NA,1463,2609,6703,17182,15118,8960,12229
7119,9892,14374,8145,3158,2605,19549,6885,17239,7459,5965,14430,4329,7452,NA,12989,2506,9839,6345,18103,NA,4346,10732,5249,5325,19239,4433,9669,2792,14146,NA,115,4906,NA,10871,6113,4435,16561,11089,NA,10062,3412,3586,3981,16296,5426,7729,7785,19826,3466,5032,11066,11877,8206,5240,6532,8248,12492,18934
19590,11942,14047,14732,7011,299,1804,16221,422,1451,13389,17517,1229,10674,273,12290,15397,NA,6519,2064,2232,8454,10049,12536,8896,17569,1312,16822,NA,5872,12964,19175,18628,12973,9430,10718,4987,19475,19957,728,16096,7146,14341,18412,11984,1628,16350,7159,18754,3593,760,10609,9416,8862,13626,18775,NA,7086,10542,19333,10706,1950,9629
17154,11493,15968,6900,7404,11053,6951,13088,18836,19339,15276,2636,16140,18552,12992,5175,NA,2668,16422,16421,7263,18223,NA,5091,10781,16552,18808,5317,12129,11919,8801,595,19704,17941,14286,13762,5420,3763,1820,10724,16813,7867,19085,5247,18925,NA,19727,NA,10314,5647,5580,15157,11208,6595,5721,19617,12913,3775,17893
12761,14085,13432,14754,5256,3480,8579,14524,14121,13655,2958,18379,14591,5086,16985,17963,19590,16257,3639,17196,996,1802,8800,340,3508,NA,16974,14462,6923,NA,7176,493,13296,13858,11286,14184,352,3610,19513,2848,6590,5499,1251,16245,3409,15749,16143,12006,2664,17087,8313,18073,12603,14092,13324,1351
12182,2460,8321,16551,18827,18310,17093,7460,17532,4332,8704,10374,1052,10073,NA,8671,3618,18680,2570,17626,15248,6997,16419,6483,NA,19514,10213,4858,9250,19196,13466,4051,3765,2034,1871,13373,3231,19275,9890,10473,13121,8290,11886,1119,4123,19847,15365,15174,5679,15810,7656,7604,4701,4639,13126,9069,12416,NA,358,7863,NA,3414,5050,7221,11517,16498,19948,NA,315,13000,11146,10094,7781,8176
6160,964,9128,12217,3633,1841,6487,10082,2251,7853,12666,12678,13064,14913,19888,14156,12578,NA,13573,18639,39,12107,15988,NA,719,6787,NA,16053,5498,4562,9530,3868,16371,10783,13673,18872,NA,8651,12762,3863,NA,248,53,8869,2129,11902,7486,8705,10061,6607,466,1138,12387,1085,12101,17154,9610,6064,11090,2065,12436,5982,3215,2308,15236,4127,NA,5079,19031,14771,13226,16507,17827,9243,2345
6577,7124,10327,3718,14174,17955,36,2172,9446,16498,1111,18906,NA,17336,NA,13927,3453,15931,12350,15755,5588,9545,NA,19558,NA,11940,11033,14836,2989,13026,19191,4247,9962,15438,5986,10245,2173,12929,10496,NA,3715,7013,11720,13874,7708,13865,3478,10200,19648,1583,8231,2481,NA,17250,17621,10102,14519,17243,10460,18825,11216,NA,12382,9924,4574,8714,9868,13651,12508
9775,6358,11030,10063,15468,10617,6385,101,3946,8996,2311,17877,NA,6763,7376,2959,18092,6378,11407,16191,7534,13953,NA,3255,11686,750,3307,5093,4560,19783,9656,10943,NA,5204,4996,2229,NA,2850,11027,19913,14500,5128,NA,1102,14672,19502,12202,11609,7119,10719,18459,14491,16116,16560,469,17860,1649,19211,7023,13915,14582,2202,2418,10759,NA,8883,7274,35,4520,18922,5054,10001
13674,13425,3434,912,16563,7419,17163,16167,800,6394,5911,5721,15980,17373,1215,15170,NA,10294,7799,1719,19501,7257,8950,11255,17810,NA,13651,11815,729,6796,1575,10583,10416,3315,19844,12297,16564,9359,NA,18052,13227,5807,14784,16046,16897,19055,1961,10293,NA,14318,9905,10818,15558,77,12935,NA,16076,NA,9512,11374,17316,13214,1984,10008,NA,10693,16481,5587,NA,1030,9755,631,19778,14588,8961
12753,18591,8431,14562,13878,14794,16657,3168,16174,14925,17573,16736,NA,19587,18396,4573,NA,1750,14446,14555,6390,NA,11240,12849,9261,11951,4724,5223,NA,5225,16471,35,9596,3933,19539,18388,17341,7142,19202,12308,10420,7906,NA,5250,8748,1967,2862,18905,4363,7011,47,8450,15082,6445,6881,489,10242,15076,7991,10864,10179,1323,9682
5601,17028,6461,10335,17000,3782,7656,4526,12735,14137,7701,9446,17318,12879,NA,2763,977,6417,19240,NA,4296,1614,15273,14742,1676,17933,392,1171,14854,16038,10873,2591,12553,5269,NA,13728,8191,7278,10958,15364,11281,2842,18369,14165,16125,17655,15850,8823,19576,5441,7866,NA,8698,1251,14896,16359,19017
15652,4029,2178,4810,9340,12168,15146,5869,8814,18922,13284,13079,2893,502,19978,16536,11219,NA,5922,17127,18928,1240,16706,17768,15785,11896,15671,10757,16149,NA,5328,1579,19035,18458,13804,7649,13681,17518,19902
6271,8044,3754,4261,11029,14316,3336,14925,16737,16138,12214,10837,1857,9011,16356,18136,6221,10820,4666,9412,5809,2906,2124,19196,12560,7700,17488,11111,14255,17471,18679,1906,1429,15711,1895,4476,2359,10461,19007,4707,5543,17234,8363,13705
12639,9360,14630,1188,18035,10681,5297,4996,12141,19718,532,NA,13820,4947,2325,305,12846,NA,7244,5591,2876,9335,1090,8873,12616,5578,6429,1027,10754,8704,11434,10204,16438,5275,13267,7203,19860
6027,14107,12673,4314,15816,12265,9067,18981,12394,18064,13606,3958,4950,6464,11466,19549,5872,15079,2554,15959,7444,10370,13296,4599,12049,15080,19007,17635,1477,9722,5039,3782,19743,8370,16722,NA,955,9577,11686,12176,8041,6145,19814,476,18914,19759,8115,18674,14083,19146,12167,NA,14483,6127,18734,NA,8712,11755,858,18138,568,2869,11912,4794,9217
3220,12841,12530,11441,11397,8822,14737,12345,4584,17993,18944,10016,12118,13580,3583,NA,16814,206,16952,8366,7202,10508,19495,9158,9435,1425,3932,6063,14307,17874,18666,6218,14397,13472,3049,1773,645
7937,3685,16075,8496,17083,8625,15833,5021,8276,17899,12281,12167,11757,18128,11961,664,8411,15898,7779,5712,16674,NA,6662,4808,NA,11289,16446,12328,17338,155,1456,11364,6291,16944,NA,17667,19047,1769,11679,11901,NA,14443,19869,11432,19337,1628,9249,18862,11199,7520
4861,685,12958,6245,19648,15166,8226,7521,12728,19634,14737,15611,6079,2770,12880,4541,19326,8472,3173,14203,12761,8549,2503,4033,17781,NA,5419,9286,18090,16679,10474,1806,1605,5862,16418,2066,12914,10089,9808,14090,15954,12588,11912,17396,13309,17975,8922,4474,16540,8481,3473,12320,14460,17300,446
178,13200,16480,6727,8989,2996,15183,3827,2914,14521,3549,11853,14145,7327,13772,8348,10268,18497,8537,7706,8274,5133,19121,12143,7131,6576,11666,13664,16154,9381,12422,9689,16020,2395,2189,17677,8151,6041,3678,1921,11751,18270,203,NA,18148,NA,6829,NA,6945,9781,NA,132,16227,6289,NA,18338,10977,NA,14658,14521,18179,3815,156,15253,428,7170,2817,13386,16366
16613,649,14623,10300,9846,19372,15168,17978,19106,14780,17994,NA,16690,18600,18531,9520,10954,2857,12411,17678,12757,15774,159,14816,2156
2366,7005,670,15038,18208,1086,18046,10028,19391,633,7474,9234,11054,10962,14656,1192,16789,13657,4117,5633,6070,19876,19786,13503,13309,NA,179,4424,4818,485,14198,8172,14586,14532,16319,4115,4699,1671,14947,17916,NA,3681,6542,NA,16077,19687,5493,14230,14490,7060,14528,17745,12674,901,11715,13778,16576,5001,10672
2300,17361,207,12692,8098,12191,609,3946,8187,16540,2344,4455,4283,1049,10541,3950,16537,816,19406,6439,10873,11894,18150,2923,19149,8828,2971,19102,16196,NA,19567,16179,16133,8905,2809,1176,1968,1869,10921,1238,27,18145,NA,11219,19308,11800,5894,18979,8247,10680,13366,NA,6784,16968,7865,NA,4172,5056,8594,5184,19558,3741,13661,5185,8446,15658,NA,3110,2531,15681,11617,7539,14350,13967
2783,10961,13783,19042,18863,9244,9606,1806,10864,13083,12414,5608,17,4457,1667,19517,14738,11495,18862,16552,2137,12955,10992,11154,15993,15785,13493,2903,2865,NA,15007,16137,4799,12760,10666,15538,12095,7069,8815,5171,16067,19577,5593,7227,4676,13110,NA,6355,1624,NA,2697,NA,2955,NA,10387,NA,18757,1939,5446,14034,11052,16285,NA,6013,9083,12525,9024,19975,6854,18113,6799,12943,8408
1250,6370,2634,17154,13916,4644,18789,2392,2859,14129,5090,4565,9676,16770,8968,16743,9754,3854,351,19182,9997,2026,7842,11093,NA,17096,13419,18005,1166,9659,15198,19930,520,4206,15659,255,7540,18821,14466,2957,9672,12015,6765,12951,15723,8071,2829,15402,NA,13357,19137,7196,16866,3360,6257,7224,19687,6703,5776,3660,16428
13113,2296,3949,18695,2533,3526,6366,19529,19099,17702,6605,7212,9971,19045,18230,2758,13204,11215,12618,19877,4597,13089,19052,19422,17297,11355,7485,12991,9698,74,7147,12576,17430,13926,13898,9178,3575,17756,2847
16040,12832,19687,13008,18653,10875,12265,2863,12095,6914,7259,606,5493,9364,13017,1376,1460,5662,NA,439,2965,1097,9784,6121
7240,6082,403,9603,5021,19752,6079,13895,7526,6454,18451,1819,18270,1575,3475,3193,6972,9467,2189,15632,4877,6409,4802,NA,18185,5800,7920,8688,3978,2347,2798,19302,11123,15564,2847,NA,14799,11678,11884,8847,10996,9231,6524,9772,17016,16975
10879,1052,2200,7419,10222,11747,2581,7876,11141,2387,2390,NA,8163,18224,14937,17440,8200,3205,19583,5614,16511,10653,16617,7358,7001,2681,705
411,1728,9983,19767,7861,11532,19768,5903,5467,12732,577,7383,7830,NA,6233,8518,11431,5095,2646,5748,6336,16430,16223,18615,13608,19637,8038,19915,2068,16650,3129,326,19662,1600,10072,6611,1168,6335,NA,14509,12425,15613,6158,9314,13816,2664,11773,NA,2292,92,14134,16208,16444,4728,18716,2757
18516,14071,18792,14625,7333,12962,16892,15089,6236,7959,573,439,3500,13039,19072,5217,16044,16229,18144,15590,NA,5269,12503,7283,NA,14999,4897,13530,16314,101,9730,1559,3701,NA,17031,3063,18630,5175,NA,9080,3680,1158,14172,15419,19785,15070,13340,1364,7584,14946,6422,6181,17613,11099,7698,16368,1283,NA,18351,10689,8241,10367,14982,8381,12796,9209,2631,NA,17622,16490,2837,8106,8488,17941,107,2813,12649,14341,12533
19451,17635,12647,19966,2791,1377,8975,7906,19027,14406,11198,1516,14399,17690,838,13919,15456,12022,3558,19117,18057,11265,9385,19129,14530,5253,6259,NA,16451,18613,NA,12338,8669,1487,15987,11085,NA,11665,1908,19631,3292,13453,12085,5921,14470,NA,2688,17812,7414,8954,5098,9574,4466,13795,6185,18408,NA,4647,11383,16428,14052,3660,108,16198,15112,3973,7841,12483,NA,10387,12274,15038,12234,16265
3925,1709,8901,476,8040,3943,976,10798,10304,8202,18072,5612,6042,16447,13136,15287,17897,NA,1930,17801,19571,13067,2791
9459,682,15870,17972,1043,9562,2689,3467,11250,3188,13689,9736,19744,4490,8924,3043,146,11164,3662,10916,17412,16606,7361,15095,139,12588,2579,8881,996,18218,13807,NA,14651,8252,4996,NA,18281,17405,671,12282,17924,16603,10424
16140,19516,18781,9828,18493,8676,13114,8219,9814,12466,12527,6873,NA,897,9627,7641,4109,8510,17319,11687,7577,10301,16356,16704,881,17536,19846,6497,16419,10180,12933,2822,19125,8867,15778,11455,2262,14485,18284,18773,16306,3885,NA,2024,17653,16232,3002,12425,16017,721,17684,15223,NA,2011,11594,9734,3332,67,5735,5900,NA,8621,18833,14020,5830,4665,2562,NA,4795,2957,NA,15242,15834,18667,13645,3457,8246,18671,6535
1037,19016,12495,6140,6644,15928,8658,8846,5287,7200,11841,NA,9826,NA,16951,2190,7130,13287,15311,4518,NA,10864,8745,18915,10498,15457,10359,8479,12618,10356,16838,NA,18818,7552,11315,12700,1709,11762,3985,18385,12157,11141,10317,18735,2088,NA,15805,7043,17079,727,11916,3181,17869,8781
390,9233,14445,15285,5248,6126,16408,12532,3166,18573,6217,2959,7369,17942,8029,18947,4620,1133,6065,12907
17124,18592,17573,4628,19659,3620,11104,4823,581,4254,2007,NA,3443,4738,17256,12279,1458,502,3272,NA,4318,19415,9886,11122,1802,6810,2265,12660,14905,14990,NA,14111,11728,14724,1773,16768,15258,13787,19185,12824,17332,11202,19266,8059,15889,662,13547,2615,16475,NA,8802,NA,12197,8483,15816,13108,7876,2963,16704,4403,16535,18000,53,12317,17213,4695,6690,15955,13859,8162,13245,2875,17568,6110,8600
18765,6127,340,13388,1484,19968,7029,4771,13655,9894,9591,NA,15131,18680,2526,4143,6375,6178,NA,11555,11508,11593,7289,2341,13457,1419,18663,15035,11446,12155,8688,99,11613,17124,NA,9693,1656,6768,15677,16165,5699,15998,11747,NA,18493,2450,4696,13631,16812,17407,12073
10997,4190,9258,13562,15923,4048,16874,19779,16066,162,310,NA,8477,7319,2467,7032,10818,16820,2117,11838,NA,13823,4400,560,12176,2723,7730,12984,16975,11084,15997,NA,8596,NA,11370,1096,19445,9160,10526,5743,1850,5134,7608,NA,15595,11100,19690,17750,11198,6137,15727,4464,8717,9625,10958
609,13589,14837,8187,10765,4483,9793,19176,12974,14690,11280,7051,15643,19459,18332,19789,13090,16268,10275,4988,NA,1440,2879,1295,9039,17287,2211,NA,38,15270,11696,12889,NA,8635,11240,14297,9394,7947,7711,5455,18041,15788,4586,NA,1056,15804,6286,11858,NA,3878,1002,14372,11780,2953,13056,2897,10775,1173,593,NA,2889,10750,18786,18229,4900,15997,16652,3915,18632,10645,NA,8120,19950,7779,11863,4109,16580
7574,4352,18018,10196,15723,19499,8858,13026,16323,13341,13292,11719,NA,14953,8902,3224,6969,10257,9339,19639,3102,5978,9025,8767,10896,17225,3938,18869,7600,19787,9879,12021,15846,17033,1117,18876,3006,6497,7992,15068
