6530,12889,11207,11116,9058,11276,9880,2751,14669,2956,3907,2824,3140,11834,4973,6117,3814,7116,16861,11194,14532,NA,17384,13680,8290,18535,12208,9595,17871,14840,3988,16380,1855,NA,13050,3324,7402,9572,12716,17741,14568,19028,16871,9934,465,19232,11,117,6474,NA,9118,15581,7985,3798,4565,13232
17016,19343,3363,431,14517,10944,12781,15826,1102,11753,19262,8865,3516,7659,NA,11173,12649,4157,13056,4489,4787,15746,NA,16944,17852,8828,3214,5030
19361,2209,19741,3105,58,10752,18406,16016,16415,14999,14144,13587,10888,12103,16750,5656,9058,8462,2271,4327,NA,5552,NA,466,11768,16485,2315,NA,18881,19067,10451,NA,11652,16874,14034,18347,NA,6955,8585,NA,1115,3710,2192,19692,3225,7229,2042,17369,6271
188,11799,9290,5847,3018,18125,6061,5521,10911,17785,13049,10656,13434,NA,16377,10420,5987,18577,10203,2848,3247,16984,8770,11358,5909,6949,9193,7585,2539,9267
8118,9469,14489,14357,12898,12463,8964,11890,1751,1970,12375,5639,12148,14567,NA,19673,16302,NA,14365,15677,10157,10088,17826,13869,11923,8404,2487,14679,18003
2619,1153,11674,2785,4291,14904,11014,13466,9595,6523,13195,63,15055,14101,3372,NA,18631,13394,13001,9447,NA,4524,14970,9765,19105,8682,10487,1270,6509,8787,17,NA,11394,NA,7949,16942,6900,9839,14387,11508,13995,9948,19174,8024,14165,8568,16401,11816,NA,16116,9006,12109,3732,4687,12241,9547,6461,9970,12048,17864,18825,13859,2902,18712,NA,18237,6355,NA,17285,2040,5859,7586,3114,13139,17932,3564,12677,3060
2779,18579,5254,4713,5339,2226,13517,9181,17407,765,5178,18692,NA,18539,1094,435,11735,3895,12063,18548,7269,17440,8016,15103,5136,1069,7435,13186,1369,19911,9839,11606,2399,10534,6709,11075,1513,19748,243,3056,1035,15155,3780,3027,7526,13592,NA,96,2228,16297,1680,7166,5673,19350,5507,481,1281,5957,13720,6979,379,2955,17302
5726,13563,7579,3345,5385,7057,12875,7966,4834,7020,13661,4620,4674,12017,19251,5643,5463,349,7819,3406,10452,5296,11196,18093,844,13402,12025,3924
6377,3875,7945,14153,509,14209,1964,12588,14552,16871,15435,3899,1149,15960,5308,6949,NA,16608,15871,2661,4212,16851,11831,11711,18451,15482,7360,8354,6349,8132,6111,17796,13232,NA,17201,15437,19993,3488,3557,17098
18867,8318,15121,6121,13688,15228,9708,10923,8375,1975,16684,8572,3533,7104,9025,11105,NA,13574,867,4575,NA,4318,1745,8914,17223,9082,NA,10000,7475,18328,2049,10991,8489,12519,5907,4420,10966,12594,10841,18842,13293,NA,218,17196,4815,17419,17511,8931,9763,11854,8216,8977,18681,17601,10470,287,3599,18756,19782
17570,10845,1330,6067,19672,12008,15495,14809,8567,16857,5450,7848,7969,11309,16640,10802,9602,15824,4454,14644,9828,1689,9495,14112,13744,3247,13912,9354,14374,6213,10659
5338,17107,16268,4441,8837,2744,9965,8428,19744,17591,2712,12215,18468,NA,3568,11332,13742,10497,2571,3016,12019,2020,8271,14993,NA,13032,9070,NA,17078,9691,10420,18165,374,7430,7890,19896,11382,10751,1251,7383,13473,929,10455,7948,8349,14515,16381,16617,11477,5086,19990,16356,12506,19681,1222,NA,18185,17061,12780,12794,6953
16205,14909,757,13577,156,6196,17241,16843,1375,17115,16156,14370,17134,7807,3569,9660,9182,4102,6037,13072,2777,4491,NA,11054,17396,793,551,4786,9209,19199,12679,15183
12270,17580,16395,5901,14572,12616,8199,19627,2758,13742,84,5980,5035,17102,212,13110,6341,10781,12809,777,5226,11829,18157,5456,16685,NA,16600,5473,6934,4742,6992,15845,7207,19406,NA,1556,3433,1251,3776,4282,19195,6875,13362,6452,NA,6306,18955,15353,11123,7638,NA,1594,10056,4838,9001,6545,3924,18731,16679,17185,18675,8882,17493,12434,15950,4365,4744,7613,8184,461,NA,7721,16509,13903,4509,5800,116,13698
13480,2453,2078,3431,17160,2721,19277,498,8644,14632,17932,NA,16367,10150,12914,4945,6498,NA,4698,7616,4569,9949,11202,5884,10810,14256,14120,1923,6707,6069,19886,12004,1450,17543,4021,NA,2821,13616,NA,6392,15863,18792,8104,15347,15799,8294
1691,19172,629,5338,12759,14034,11688,8148,704,18443,15569,15749,4408,17719,19688,18865,NA,4169,10251,6339,13421,NA,6120,1595,15170,2741,885,4729,6416,8767,6069,4871,NA,7262,8029,8921,14462,11848,6353,16224,13197,6482,18888,2888,7678,8997,8008,1905,8481,2238,8676,NA,17729,7970,9386,19970,2667,11528,3439,10471,1680,16327,17981,3091,NA,3408,5921,922,NA,10409,8529,15112,15363,8352,11795,12950
15243,2068,17333,17082,17969,346,18103,6641,17616,2874,18593,9950,10176,11428,18597,13555,15478,11604,6406,15419,823,10433,7526,9697,10011,15216,4760,4385,452,2259,8144,10301,4189,4877,9556,4195,3372,4269,10274,11994,17786,18394,3857,8250,7658,9362,9820,14159,9297,6158,18025,NA,4812,NA,1166,4656,13833,2201,8293,16983,1002
12694,3541,772,2744,16566,19159,444,17439,5088,19570,6789,16978,17086,11065,9983,10656,NA,11429,19405,14863,NA,6798,16174,15528,15998,11857,14199,10198,8587,11405,14729,8914,13799,18846,7176,11178,2452,5216,14121,13569,7475,18425
8629,19607,15005,15302,4973,7999,8552,6846,7107,17346,10689,10232,NA,6758,14708,18884,14085,7410,2696,18027,12258,NA,3934,5722,12796,16293,NA,10399,13921,6582,18486,2129,11545,12855,NA,3474,12720,7291,10319,1861,NA,6933,5751,16001,11040,17039,15716,10168,15141,17213,6176,2072
15283,2260,16309,5120,891,15865,4057,7111,13490,572,16417,13899,18901,6973,8076,16622,9741,18539,12668,NA,17028,13642,6756,13167,4876,2318,2850,478,19228,NA,13029,NA,17991,NA,18300,8125,19292,NA,14411,12634,11498,7547,6488,8404,8805,13446,11700,5861,6857,886,16238,16550,NA,4509,3712,NA,3902,7085,741,1383,NA,7187,11853,13838,7130,7480,6022,14170
7877,3667,19753,4111,9857,18173,5505,5085,6320,2333,1202,12548,10166,2704,NA,2530,4609,3915,11864,7549,2620,NA,12019,4228,4940,15600,14689,17529,3726,16559,NA,12749,4980,5649,7763,9245,4835,9343,19147,12612,19935,16827,15560,7631,6183,13951,646,18137,9803
10269,17057,15259,1504,6810,8842,13171,6917,14263,2439,18984,18138,3414,12865,NA,18688,12655,2536,13101,10439,16935,18225,17904,15458,12464,7912,NA,16442,13847,7520,13664,15199,489,1481,17093,18735,3516,8783,13183,7471,16673,NA,15817,16158,4584,2879,NA,7472,8762,7220,1567,12887,14752,4874,4262,16287,5930,NA,11554,11178,18925,8371,17320,11799,17340,17730,12579,5776,10840,2066,1638
19200,17915,4277,11656,5395,8819,19185,12193,18395,10730,10984,14356,NA,10532,13404,12612,15722,2228,15985,17422,2576,3518,8917,8822,15466,14882,NA,14117,17701,14790,14404,1183,7683,19234,14683,7543,18713,19803,13523,10998,1756,1941,17889,11365,13496,17884,NA,15949,2108,11640,8230,15682,299,3230,7678,14471,NA,7091,5689,8769,3459,18032,450,9914,5191,160,14097,8466,2408,4296,14675
14881,13331,18764,10742,15181,14849,7259,2499,5095,16302,18525,NA,940,NA,14826,10704,18501,5077,4829,14373,5208,9956,1647,16618,12729,3094,9170,19681,8829,17701,6740,8417,16737,13335,6054,5125,17406,19742,1331,2274,7698,4025,1031,16355,4377,3212,14302,7778,2373,14905,NA,17021,11451,NA,15550,1205,7807,6376,8015,11311,15970,18567,658,12800,4984,12782,5961,1502,2726,16223,18502,5841,12172,13568,2628,5706,19688
15296,3816,10582,5091,11748,17383,16584,19083,1645,768,4886,12326,3491,10025,14323,19701,13926,6395,14517,14596,16842,7377,1297,4562,NA,4448,NA,16690,19625,16486,9302,1074,9009,NA,1510,17951,14101,8880,6974,16523
3011,10162,3204,12958,7317,5660,6523,10624,17452,11942,19187,17874,19309,16436,6157,17591,1003,7393,13186,12759,13761,8342,17381,13633,393,13532,NA,12279,9930,17715,13504,4308,1128,604,7883,5028,NA,6138,13151,12364,11154,762,4772,9060,17243,NA,12477,7735,17193,2636,5418,NA,6375,4820,14807,11126,12604,15140,16522,17920,2197,10097,5724,17619,17710,11228,9235,9639,1677
5143,3001,4338,16881,7742,9124,4013,14669,7600,11040,19862,17083,7111,4350,14985,18913,5622,19263,10239,16237,12712,6117,16534,19126,8108,12049,NA,12523,13241,13489,10651,17271,16977,3918,11807,11968,2267,6661,18806,14256,12857,2861
18301,5229,728,4276,1409,15244,16173,4439,13338,9829,18979,1960,5277,9242,8708,18415,4814,4211,1182,2051,11219,NA,14142,12995,4152,NA,13500,3443,5304,6657,13135,13183,8678,15165,17678,11350,19939,1043,8182,18026,14640
234,6886,3666,17793,1821,18643,6784,19258,17807,9012,12971,NA,7528,222,18169,6174,NA,2237,17638,914,NA,13443,9396,5746,12005,6476,8693,3409,16031,19948,16747,8787,NA,1417,9218,16930,6986,13802,7581,14015,10533,11619,17152,10746,17576,6025,NA,11832,9302,4442,11464,5304,6801,9315,18977,4352,18814,6384,15147,15840,13697,4845,17210,9572,1618,19423,NA,13036,8409,4695,5198,11392,3926,3055,18325,19262
15986,19522,15614,488,13962,11648,14682,16228,18559,13321,18515,2469,18840,9947,7433,8648,2618,14850,6159,12616,4479,18661,19175,5464,6279,12928,17781,8597,NA,2915,5626,1798,17986,1199,12700,4043,14865,18496,16772,NA,9287,NA,10960,11853,NA,8212,17715,16761,NA,19861,7470,7299,13664,19789,15044,15260,8196,7289,7191
6696,2043,530,8494,6748,18720,17756,19391,11428,12986,8566,9244,NA,1764,16694,16656,4025,657,18549,15022
2934,14023,2790,3919,15451,13363,6879,3745,8327,8686,7083,5654,3477,5830,17612,14731,264,19955,4888,17020,9215
14010,16304,117,7219,11442,19846,15694,14632,19660,8252,536,12253,8394,5131,NA,6456,15930,6186,NA,4378,2396,13445,NA,592,NA,16576,1480,8727,18107,8604,16884,8109
7857,17050,3313,17857,16402,13144,8459,6434,14466,3342,14301,18163,2649,10403,NA,9589,7269,NA,12272,12302,2249,9497,NA,2127,3218,NA,13123,4680,16318,14270,128
6169,7628,2057,16025,11038,1586,18655,18926,9164,19989,4945,14030,5406,6881,17817,19665,NA,14920,17511,8556,5184,1424,5649,18798,6609,17735,17879,14094,NA,19171,12086,10798,13355,10975,813,878,3401,12465,13509,7958,8874,7437,7018,3063,5172,12606,NA,11019,186,19458,7994,12200,NA,2283,NA,809,8573,19871,19832,11997,3858,9393,15830,3909,NA,5007,5308,16267,18853,10085,16539,13673,3823,NA,10526,1007,50,11185,16199
16425,1806,18063,12683,16909,15939,5970,19544,1420,4842,8988,9506,8001,2700,8692,7975,4421,2190,11230,16668,19289,NA,18006,17057,7926,3873,3067,14010,NA,15902,4894,9483,2504,18168,7046,904,6716,8663,19489,1808,12913,12123,19043,16519,484
17690,12148,2655,18541,18081,12891,10447,1509,5491,7406,3610,11519,10927,15036,17523,15933,14909,NA,3286,214,4360,3139,1047,15831,11924,4164,16390,16202,10355,3186,5769,4801,NA,19524,2176,16474,14262,8751,3654,3672,7130,NA,678,10819,6170,14669,1711,19826,15970
13970,13007,16978,15274,5094,19846,8046,1137,2632,14138,17738,16956,19025,602,9315,1975,11291,16288,19592,18473,18720,17044,6456,8788,15113,10684,15760,17834,NA,11402,14562,18687,3591,12320,434,16038,15825,19309,2966,15358,14593,13506,14642,14642,5678,5626,5867,2963,11559,9678,19776,18366,2141,NA,8478,11693,13825,17719,17558,6822,4524,2171,18752
5970,13473,9143,10058,4155,19463,8866,18969,17483,15893,13214,2524,12533,17050,12327,119,NA,4340,215,5740,12060,624,6817,11295,15720,11633,14172,14627
862,3019,7829,10733,5592,17021,16444,6944,1432,7857,15767,6646,14121,6510,NA,17226,5172,6506,10547,6660,15857,1756,14317,13491,NA,6221,18996,7158,7262,5944,16089,6832,3566,9158,4892,6607,10319,3323,1516,17727,6601,6519,NA,4087,9394,16196,16890,17161,9687,16989,14740,14106,1617,4211,1259
3346,1690,18883,1531,5152,15251,18982,17946,13756,18142,5951,7857,5100,4028,6727,5922,4469,6912,4120,13043,6104,NA,7799,13433,14731,2417,6648,9320,6418,NA,8501,8398,7251,7073,14551,19245,7954,NA,665,18326,NA,7723,10872,NA,3180,16590,NA,7362,17941,624,4071,NA,16755,1248,10675,1640,8905,NA,17588,17484,7000,10984,2591,NA,2512,8102,NA,1350,14894,1500,761,17196,6955,1895,10364
10927,6550,6087,16612,18397,4026,10714,1576,19194,10111,13984,5454,NA,15405,7281,5269,NA,6379,8597,13642,18264,10447,1043,NA,8008,2636,11206,7312,8055,17497,877,4784,NA,11839,8605,11841,6790,8947,NA,13645,10147,17448,10380,NA,16567,7108,8662,19132,2184,13283,18917,6805
147,166,12935,5344,3319,17976,7507,14020,15140,2016,13423,6391,3610,NA,12138,10440,2075,11527,NA,11285,9847,NA,18540,9928,18936,NA,13753,12473,NA,9223,2280,9551,14041,104,2686
3459,11220,11137,14819,17297,10281,9006,5019,12735,5988,11545,8657,NA,5210,11912,NA,3125,7424,10747,6153,11376,13920,13323,11912,10550,13489,3418,15400,5426,14723,5854,15425,9650,19508,19454,1295,9902,8162,16585,2263,5883,12182,12327,2969,10714,11734,16524,13302,8827,12083,NA,781,7786,3526,19805,564,4789,14268,5898,4528,6397,5572,14138,15259,9778,16123,10630,3011,5263,10469,7701,13807,19258,15834,10439,15493,6477,11837,11735
18260,4247,10729,2136,14078,10877,3391,19991,5972,7970,15683,6727,4380,NA,17555,11872,18988,17925,481,19040,567,6684,12578,NA,19312,15384,4581,17749,13263,16130,9964
5413,940,18788,11662,10362,15213,9856,15746,6115,3461,14017,9796,2333,12211,10471,19821,6422,9064,9591,9742,16686,6402,19081,250,14633,4236,12647,3836,1896,19747,8759,14215,4146,4705,NA,17584,1796,7188,NA,6411,13381,NA,18250,2901,14246,7393,19675,10000,12839,18349,7276,10727,5255,14494,17722,16064,6879,10909,15628,18569
6308,13203,5366,6565,9173,7656,3568,6044,16971,4415,5292,15270,14252,5454,5163,17274,NA,6928,8576,11239,NA,8780,14909,2725,17871,16197,3414,3651,16610,18260,14805,13918,2539,19411,1597,13243,10954,10661,17545,NA,5849,17976,4195,12494,8515,3742,8330,2788,14471,13332,8672,1145,15975,19884,11605,14578,14323,7669,13798,11821,224,18578,9537,2537,16497
17456,7551,9217,6237,16267,8785,6765,7160,18008,9528,14293,15919,5064,4032,13007,5940,1325,8604,19269,6302,15988,11075
9342,5942,2579,7088,2467,3196,16886,11166,316,18647,14924,4092,NA,11136,NA,2473,NA,150,15772,11555,5048,1827,14869,9947,1867,18094,16220,3401,7244,10199,19255,1501,14891,NA,16420,13974,9096,12914,17207,NA,16526,5548,10150,14974,19689,14209
5719,18345,19812,19996,7549,7325,17460,12555,16295,12178,5166,13299,12749,15277,9482,11259,7831,7774,10580,14773,NA,8075,3594,15916,12745,6237,4253,15753,5325,10473,581,2174,9638,13294,57,19742,3011,NA,4384,4964,1539,13543,12939,11430,656,10404,11999
12717,16161,8199,11572,11440,12951,13823,6702,14429,14014,15666,15620,17296,17203,16548,17094,16427,8428,7424,1775,17800,7704,14004,17678,18979,1729,14839,17643,8034,7582,12335,18868,13195,1076,10216,18767
1378,5863,12605,8411,9629,14321,4615,4646,11840,2954,10841,2358,3473,2696,19752,12003,12485,4527,13482,115,15899,324,761,13016,14128,5608,1090,7457,16831,12322,9194,19512,13353,12323,10615,10699,19498,3981,18875,8275,9200,3091,15468,4881,18012,5470,963,9072,4354,6639,3935,NA,9446,3500,6304,7215,11521,3852,6234,8668,NA,1777,41,17336,4861,3239,11801,19886,4692,14165,14878
18043,9733,3279,19164,18551,16540,13036,18967,15059,7110,10095,10160,12852,4734,6349,14757,16468,9192,17928,5717,3836,19794,10485,17245,NA,13188,18208,13797,4258,11761,157,17378,14328,18891,17104,11305,1531,14404,8558,8931,19565,14546,16790,16443,18789,19479,18552,11814,17951,9671,9113,13108,10245,1180,NA,2204,NA,9739,8549,1446,11345,13642,18567,19646,8473,3163
10804,13934,11862,17396,11897,17377,14120,9082,13408,6285,2442,17075,2889,12668,10315,1399,12873,10689,3669,12318,16450,9730,NA,4507,19718,NA,14430,2360,14570,2442,16382,12394,17168,17654,438,NA,2805,19606,18777,1377,17305,12062,16519,10314,8039,8554,11939,7177,19841,17196
9084,10825,4324,14458,11858,18709,12718,17575,6903,6913,9848,16933,16082,8948,2905,18076,16548,4089,4323,13239,15412,NA,2784,17363,12421,NA,11272,11742,855,11063,18244,14043,3262,2180,16452,18121,NA,7338,NA,5831,14677,4164,6166,1893,2564,18933,8955,3013,19686,NA,5672,13210,11790,NA,9537,2952,9256,2627,7466,1377,12570,7667,8959,3712,18884,15945,7103,9846,11669,11039
4052,2755,18193,11580,18387,15667,4284,19630,13129,9688,3288,703,18302,12320,11064,17609,13817,4033,4735,14859,12576,2674,10500,13927,16576,2318,NA,6218,12454,9999,16047,15952,15709,4413,NA,249,8259,16618,5112,937,139
15160,13602,10439,19444,17947,3442,13582,11961,1178,1029,13978,7051,6017,9787,14736,15604,11319,7475,10537,9802,10059,5233,14358,7904,2203,13330,11369,18018,6604
8465,13988,19781,9011,16285,17166,10295,15598,10992,12893,9307,15309,NA,10082,4069,12276,13719,14855,8318,12306,12718,16043,1896,NA,18537,NA,8253,5341,2386,NA,2923,16753,16742,2415,17269,11987,10582,8490,7625,17738,11159,15488,NA,19168,12888,3275,18665,14825,4547,10026,3927,13776,19339,13677,4412,3175,17707,11842,1100,9049,14191,4611,4541
9152,9185,6479,2226,11171,7400,9076,9001,9781,4595,8891,3579,13032,11657,7622,5607,18642,4018,NA,1231,5533,2395,16499,NA,5004,3301,2460,8032,17753,NA,8510,7442,3998,8895,8630,6806,NA,8540,NA,8436,18799,NA,19756,3491,10144,7976,6019,NA,14942,12465,14600,10123,18507,19384,2242,NA,1858,7640,5167,2637,2763,7388
6848,13269,11949,2845,8331,9854,12142,15315,9387,10805,18139,8634,2571,19460,NA,15652,12860,9091,3641,16718,NA,3438,19889,17413,19649,3654,10442,7319,NA,19080,3037,3863,14747,6384,5140,16656,7975,9084,986,958,5354,3790,5352,1234,5921,11074,9134,14733,1841,13788,NA,12125,17572,17605,16076,15897,2488,8757,12967,2487,16472
29,16171,2731,11445,12247,18836,4256,18067,154,3281,4168,19455,3836,2450,883,11493,7258,828,19968,15325,5181,1236,NA,3569,12602,16158,15475,18770,7095,2326,4169,14283,11266,NA,5531,17399,15123,17426,1698,9844,6002,9270
12768,15902,12794,18979,3211,15406,12902,2548,607,10703,14302,9234,5472,1670,3747,19824,4512,2805,17099,204,NA,17673,10458,10386,13893,5937,1955,11900,52,14677,18889,8659,10275,15180,1877,1602,7927,NA,4261,12910,18807,16832,7492,11896,8136,19691,2574,16237,2068,6881,4065,19100,8911,2707,5510
3585,500,3066,1799,9132,4974,556,2609,3330,3613,11779,NA,14240,NA,8959,7566,12907,3226,13100,1709,3816,8962,11483,68,3798,5079,17716,1541,15080,NA,10644,3143,5914,16521,NA,16179,1314,NA,7501,862,10480,19742,2368,4913,5000,10673,16362,1606,18675,NA,7188,16542,1660,17143,17115,16627,5798,13109,10740,3410,11719,9840,2605,15857,17007,15158,17134,14755,NA,19328,10100,2527,16773,7881,7460,16241,9350
3831,10815,6213,18251,16880,18461,11420,12415,15291,3037,13233,6204,7234,18853,10953,1449,14876,12472,9686,8468,19065
12898,19746,12125,19395,4325,9368,7515,11529,9717,6943,8250,985,19292,13079,6817,12599,1243,8221,19953,2020,955,11466,14326,19742,16076
14722,19992,3333,8253,10952,1780,18751,6844,4421,6097,2411,NA,9493,3370,10320,17701,11114,5368,9472,NA,10167,NA,5291,13967,9597,2626,15340,16252,13406,12053,17364,10301,18083,19126,19165,6411,17336,8180,19034,8197,17749,19531
4292,9963,9432,5632,119,9405,16770,2257,1071,18312,3015,NA,8808,19689,1513,5155,853,15668,842,NA,18939,7277,6769,3929,13536,11144,NA,4676,13168,NA,18340,17998,18168,18289,13131,8651,14263,18711
7306,13865,6173,12703,12964,9515,6168,1924,2881,6702,14030,15032,16815,3378,8894,4656,15688,13343,17512,5252,5651,9413
14602,7443,19341,13493,13925,18510,15508,1081,6475,5499,3593,13882,1524,4270,18123,7101,10823,13156,15377,10253,11489,14554,15244,3688,NA,766,9622,NA,14850,7660,19529,668,16927,2342,8103,18388,1308,4866,18564,916,NA,17171,3607,6055,19383,7836,14139,2780,7836,15724,15024,8850,10147,1271,16555,9770,12164,8206,18920,9288
1384,17701,2824,7530,12848,11965,15742,1248,7594,17029,15725,2633,3213,4420,16456,4325,NA,2887,6724,12193,11497,11458,10185,16333,19415,9740,NA,5790,13900,NA,6369,5449,NA,11837,19598,5008,11042,17939,5392,9906,15701,13088,18752,3371,6313,NA,10954,1097,1979,12333,19517,6517,12859,4173,13814,3554,19084,5393,8470,5209,18669,693,7005,8520,2618
11659,1618,6365,1289,9897,3360,6674,8398,17236,13222,1777,2529,798,7222,10326,8854,4493,1295,12006,15186,15117
6192,14200,12259,2862,2420,8704,5697,8629,4701,8161,10958,4115,9386,15318,16858,8856,14615,7597,1589,4190,15090,8686,NA,2267,10766,11105,18819,886,9091,3233,5549,3514,17459,8707,8680,9081,884,1550,18684,18825,NA,14758,4186,NA,14650,2105,5037,16028,15370,13622,414,19665,17458,12237,9166,17124,8281,15168,1504,14043,15662,3035,NA,17717,169,5380,10829,16024,13621,11765,15034
15779,8712,6356,12478,18030,7328,5747,13819,11714,4369,334,NA,7825,3356,19336,18724,3707,4144,1720,8926
17884,15656,3434,19385,16177,8123,10594,11956,7674,19267,17176,1707,9946,12039,16416,9383,4585,7562,17278,9065,2835,8144,11026,NA,8132,11596,4077,10763,1589,10568,18938,7367,98,4753,16517,11058,7864,15474,11507,2047,2747,4385,1554,7255,16263,17583,6315
