5181,5811,4450,3755,4275,301,5954,11339,5653,7010,1942,18400,NA,18626,16605,NA,5449,5994,16076,12759,14241,13541,8282,3262,4289,5082,371,15152,11219,5032,2248,961,19054,5157,13195,10539,10072,NA,3337,4213,15672,NA,7935,1430,12743,14462,7157,10817,18836,18901,7314,704,11237,19808,17114,15265,NA,934,8978,19078,3639,11218,6573
17003,13825,2633,12053,15622,9513,15620,5339,12749,6204,5538,18925,5757,NA,6731,12991,16992,3844,10334,15085,12104,5961,NA,7852,NA,17547,9976,19660,601,6188,14832,17277,8909,10453,5977,2485,2003,5111,18512,NA,14303,6266,4282,6141,18903,9747,16817,13999,NA,9068,12223,17557,2360,10022,1252,10584,6912,18779,NA,13127,17612,15771,3475,6141,7233,17844,1505,17251,15702,3263,13014,9273,16838
9395,677,9768,3528,13441,10422,10495,5755,17975,3651,17196,14751,8233,14779,6301,16793,NA,5330,3099,8170,NA,7248,4315,9902,10812,14053,14474,6216,1516,16442,5763,NA,8868,4688,1346,14157,NA,13688,9724,15451,17822,5683,8733,10017,7333,15715,9820,10467,19459,6709,9058,3631,11654,14186,14408,7795,16665,1699,16696,13110,12598,12592,3712,14415,12438,15092,8971,3798,19310,NA,12132,5311,19658,13804,3951
16667,15579,443,9637,8325,17992,12026,13476,7459,10708,10023,2754,11021,19683,1807,NA,7044,17722,13037,15108,NA,7836,14101,9840,11680,11329,17464,12634,4621,9004,2325,9947,6940,3693,1149,14955,NA,11165,16870,NA,18925,6628,6283,6035,NA,5436,12964,7026,NA,12072,19853,7725,11808,16290,10938,11438,2099,15403,19652
8818,11970,867,17783,10293,11420,16386,588,13874,15690,7564,NA,17782,16854,2998,11639,3444,15203,10676,11309,NA,11712,18896,NA,5023,9725,17970,11954,11902,6714,4826,1258,8532,17243,4883,NA,2375,18000,NA,11917,10566,15829,NA,12643,5,5485,7669,13206,16715,2406
17364,7337,14104,6851,3095,10501,12064,19329,7025,1922,16577,5172,15846,18737,1100,1656,13093,5439,11895,7555,4640,3394,NA,6319,1928,333,17265,8743,15173,NA,6989,11012,15573,15819,2911,6090,3860,7603,15539,5922,8599,16284,2652,15671,3725,15090,9534,NA,17523,1410,8061,661,5147,6868,10618,16747,6591,13350,7546
1486,16190,10971,765,19512,11513,9382,10169,14782,18915,13318,1176,16185,7302,10513,12092,14883,10817,17579,17,3479,16889,14883,9771,9387,11352,7923,12513,8565,18571,11266,4184,4579,19858,17197,NA,15618,976,18738,NA,11904,12434,11431,318,3317,11071,17143,19416,4441,930,5984,10353,1488,6803,16222,19698,5074,17882,3959
10349,16239,19708,7400,5751,11593,16523,7866,14689,12679,5090,2181,19560,NA,6341,16349,NA,5734,NA,1293,16359,4083,8417,2597
1046,17594,13772,8074,2063,11757,14996,3452,3283,1356,5688,1740,9086,17744,1384,5180,1599,1726,13320,1522,12060,17601,8335,7981,9451,15447,12114,305,9025,9611,2285,17164,10522,NA,17677,14664,10790,14172,8687,14801,NA,7472,15922,3615,5644,16441,19955,1466,18030,14625,5628,8156,3517,678,6568,NA,4998,9820,15469,138,10680,13081,NA,4733,240,5301,4934,6303,17938,17640,882,6345,16157,9660,7540,2669
10169,420,5956,17577,2008,15930,324,5950,6240,17034,19931,11894,5659,3404,3910,461,9931,5340,14081,8142,19778,17241,494,13755,18036,3687,158,7262,15613,6874,14269,12582,3984,15268,2531,6264,15363,8641,2623,14690,6558,5530,3713,13854,14512,10446,11852
17180,7121,761,12728,13058,8708,14004,18910,1612,16454,14776,9877,16569,6039,15501,10458,283,4,3129,12232,10782,2192,10994,5466,9385
9285,2646,1590,1942,8429,10257,17832,14926,5465,7012,4541,11617,583,8805,7186,18614,7263,14329,13015,5902,3999,19104,1048,5768,15737,15472,15685,NA,14239,19901,14514,14947,4073,8164,19982,4969,3992,12601,10817,16778,4753,NA,9519,11929,19024,NA,2347,10646,7555,4019,9850,421
2085,359,13235,10146,18520,10296,18052,11316,15739,11109,12708,6122,11864,10324,14259,9592,NA,11157,14260,13626,10268,8391,3216,9544,14036,19732,15907,12480,9351,14910,19793,18664,NA,12165,14690,2245,3448,2145,16808,NA,11023,15530,17992,14339,12679
2195,13685,8596,11233,11894,8041,18149,10744,19244,1146,9427,19866,6929,7810,600,NA,7312,11350,4208,8869,NA,9502,6554,6933,721,3594,NA,13849,11037,4364,19158,NA,10450,6017,7716,NA,19059,6079,NA,6317,18151,1593,8341,8949,NA,3793,NA,5158,19290,5679,7527,13081,15474,18003,18485,3638,10876,13223
14663,9162,9366,5599,7838,16665,9645,6123,12838,16603,13595,4518,12449,14046,14972,15715,7016,7725,4125,83,5670,11314,13459,11545,1708,9297,NA,12769,19927,9534,10099,15460,7722,15144,9447,15782,8054,18630,9313,17867,18067,12704,3532,7358,17173,12403,4908,4058,10247,NA,4932,6682,4962,15451,16522,15331,8040,NA,11523,13620,14513,NA,19792,10154,10898,12786,7178,15658,18688,18031,11448,18467,9255,10911,17441,9366,15027
16878,4963,8534,2837,8141,8708,19457,1830,3661,15253,14016,11506,11340,NA,8899,16663,19548,17908,NA,13453,5206,NA,5463,18099,10699,9554,7946,14987,15503,13535,9688,2866,2729,1179,13300,1668,19436,17368,NA,1036,16727,17064,NA,19900,13692,2399,1242,18372,2414,1487,1048,4910,NA,8268,8856,4702,14869,NA,12074,14164,3754,6674,10233,16932,3211,5341,14359
4865,4049,17831,7980,7668,15582,1752,3117,11964,12735,7426,9935,157,1131,4121,11751,2379,12984,11383,4851,9749,16048,13389,2561,9593,7735
8293,15778,16652,7241,2227,4043,3645,3731,8596,11447,15088,8642,16591,11658,9003,14703,17959,16329,4189,NA,945,18419,18172,NA,18318,17387,11890,NA,15115,5021,12319,16101,10484,9890,114,19312,18254,134,19530,15553,11752,5244,1311,14661,15921,7570,7614,7176,18234,15794,15324,13520,18047,11837,9667
10138,16080,416,10446,10791,9145,3275,19093,11937,837,7013,6367,17528,9809,9344,5919,14402,4925,997,9473,NA,7054,14623,4463,9640,14596,6253,6053,4284,5900,17414,7823,12058,17611,551,5510,6675,19857,19818,1803,3875,17782,16347
12277,1303,12453,17500,9331,9168,10282,16519,11298,670,11898,NA,6068,5749,11158,NA,7984,16605,5781,6864,3182,10658,16750,12265,19213,17105,7369,17904,16071,16611,3996,NA,18728,15700,4824,17910,4683,913,294,6624,9319,6428,6845,14987,15518,15229,9796,15534,14231,8794,15174,18279,NA,14058,12752,9221,18008,15575,197,8970,2421,6514,6465,17673,11373,8775,4515
14960,7854,872,538,4104,19357,17568,13149,11766,2372,6068,18799,1231,8531,2174,4368,17915,10646,14566,18385,10465,8386,18620,2076,10383,14202,4615,7571,10471
8213,5911,14969,3932,2415,17072,12623,645,15927,716,17599,14169,13746,10165,13160,6364,3749,1613,8496,NA,9556,7382,14697,4546,2511,8749,13780,4856,3066,NA,10431,15833,15162,18549,18569,5972,16375,10854,14268,4865,10966,18930,1426,19213,5568,NA,10971,5124,16331,10344,929,10742,16909
18794,7610,2492,18997,18425,4417,6939,16835,5842,4066,17709,18191,9778,15294,5833,12091,17233,4200,1961,7976,NA,18180,2940,NA,15607,7785,12087,NA,3284,15287,10577,6455,5392,19928,5520,2819,1601,14473,7845,795,7774,5837,1724,19233,17723,NA,17821,18228,19530,3168,NA,9546,2881,7007,4468,11610,NA,15776,17668,15045,4089,2519,12448,6466,NA,1859,16313,18658,9883,NA,18363,7705,10383,16041,11024,7732
13052,18657,5897,15341,14021,16771,12398,4822,18599,4679,12096,9860,19346,16329,14762,17307,9304,1144,8021,14577,9594,14526,14915,12894,NA,19465,15785,15356,12996,14295,NA,5117,NA,3022,9860,18072,3913,13493
19707,16902,9021,14248,10477,12056,1247,10579,14177,7193,2799,NA,2288,14793,1241,6519,10341,10922,12139,13548,12483,NA,7719,6627,11464,17451,9454,6607,9296,9932,261,7689,9791
1470,6904,6797,19514,15053,13433,5669,8540,6079,7261,17739,15763,16126,NA,1564,14540,15016,5399,4746,NA,1140,12350,14353,18985,2406,1207,12807,NA,4248,NA,4372,17415,15179,19738,4226,13962,17874,15107,18394,12107,14487,2184,15743,17853,12657,10104,11134,13104,11208,5312,18569,10276,16212,2320,14764,18075,10980,4458,9021,3041,NA,13881,15396,4248,18436,11547,5683,19427
596,5191,11942,5305,16289,11483,3857,18543,4056,18885,5715,2569,1636,18077,1556,4104,4098,4122,16437,64,NA,3436,11148,3584,15796,18825
3352,11610,18721,8638,19368,19164,12610,19004,2701,7529,18157,12781,18355,15073,8154,16886,478,6576,18127,3051,682,10897,5144,6056,15483,2043,12021,NA,14869,15177,3580,8328,NA,17557,8208,NA,17203,5394,NA,5660,16066,NA,7215,3454,10796,10522,12462,10238,19555,18035
17739,14822,11484,13990,478,9284,17532,10778,6061,10781,19703,6779,14326,11447,10496,3914,9866,16021,5596,17851,19205,17358,17338,NA,1136,17621,7168,18728,NA,5782,12224,7096,3179,3968,14758,16457,6406,13108,1958,9297,11839,11777,12001,19652,18109,13386,3295,17735,648,2184,15232,17549,13407,5065,1522,9498,6197,9888,9357,18612
15952,11641,7775,11048,1768,9993,9695,17986,12430,18037,19174,7937,2896,5278,5652,7988,12152,1832,4650,12181,8070,16964,6164,542,2346,9977,18992,1757,10549,13653,NA,15326,NA,3414,10295,12328,4965,7227,3151,1058,NA,14388,6244,19410,17335,15619,3940,11713,8174,11741,3050,12538,18393,1962,8094,4313,11967,18499,NA,10574,10814,7513,1479,5790,18423,13041,2769,18814,16596
14606,18630,16587,7531,17227,9046,18052,17018,19188,4291,10106,12944,3735,6635,10749,14487,19898,6208,NA,6791,15177,17516,10542,12806,7901,10098,17687,16698,4311,NA,13707,7856,10505,15713,7941,18723,4278,11387,10166,NA,12128,8067,NA,14460,2657,15561,16735,19955,6805,9383,9646,NA,18732,11936,7659,15719,6205,13822,2673,828,4192,9581,425,12846,15319,8497,104
13544,498,3846,15790,7033,6475,1333,15455,16310,279,16214,18607,3942,3496,17388,14093,11076,11592,4680,2544,11069,19867,16744,9743,19757,15294,13863,13271,8452,11648,NA,5452,3669,1138,NA,3968,13346,14203,6945,4156,2699,9290,11712,8515,16992,15220
7994,4481,216,14499,13722,7078,11820,19550,15501,3080,18500,NA,197,1129,5199,4972,18026,19084,495,17192,7002,1275,14625,15348,6717,10674,13721,NA,13221,18150,NA,19159,1628,16305,17022,18466,14106,16033,524,4993,NA,12968,13805,17823,NA,3622,8328,6270,17197,19827,11102,12118,NA,5792,5012,15510,8439,12306,10329,2221,4132,3748
12652,18076,2376,8310,5939,11408,8695,14134,19560,16894,13192,NA,7955,19537,18121,7360,8770,18502,8414,16462,12344,17242,6995,8650,2509,19937,10260,9251,9711,8810,NA,10871,18502,NA,13895,15022,12587,7638,NA,4299,1221,1261,5005,1187,14432,1143,6110,5206
7091,2303,17103,17708,13425,18118,10214,6471,16568,9021,1672,17696,9381,NA,1183,16134,1328,7747,12375,2861,8997,9242,176,2953,5160,4178,12199,15402,19595,4651,8441,16358,993,5679,2154,11846,11981,2922,17112,15100,9424,NA,15525,NA,3101,18987,11380,8262,13136,12126
2945,11677,16345,11040,4060,6828,8785,17911,19785,5660,9055,4045,8224,14675,NA,13867,16884,9742,NA,11895,1920,8834,16875,NA,11249,2539,11764,11544,8644,17894,11711,8173,NA,8864,14762,4896,2937,13973,4417,12187,3590,11712,8605,14939,5464,NA,12893,17930,9119,13022,NA,4823,12752,4357,9915,9191,18199,4587,17419,6053,17048,4955,18914,18205,17599,7821,9809,13020,8549,14093,16080,4311,17150,13923,3357,5130,7856,16412
8909,8033,3055,10681,7557,6250,5015,19365,16196,1401,16410,13831,14599,1640,NA,41,10237,NA,10231,14164,5904,16672,1239,16698,3872,15228,9343,19092,4771,13785,1757
840,2188,19760,16767,17231,2829,6959,8665,5791,4195,1050,1244,1281,10437,16781,NA,9344,12752,19219,NA,839,5701,14828,17156,7392,111,3014,14998,18941,14984,4706,18067,1712,6049,862,18068,1663,2450,5743,13960,NA,11726,984,10661,8778,12612,14673,2839,10862,11547,1529,9181,10585,7267,3436,10274,9780,6541,3791,11968
15450,13661,7872,2231,15048,16132,12910,15104,13189,11927,19175,19794,NA,12279,15445,NA,6353,10415,1089,13928,16151,17997,3672,2099,3243,17935,18950,1654,11621,5803,19944,3781,4476,7743,14834,15147,17927,2022,9428,NA,17240,NA,19016,7869,10595,14884,12071,19973,18731,NA,13161,18132,13086,2123,1078,1975,3464,16354,16750,18268,19093,3527,15958,19435,NA,8841,4782,302,5382,2491,4057,2808,1870,12862,10684,12371,14362,12317,17249
3184,14165,2731,5691,969,6483,916,10581,8707,8228,2427,16789,18949,3683,2897,2786,18441,15805,17876,7387,NA,36,6609,13394,16484,19587,13921,3889,17398,12743,2376,8378,10585,7673,14739,14966,326,6945,10422,18524,3313,9906,18585,17420
7819,16602,19874,15665,3308,1066,4708,19349,1685,19499,18486,NA,16103,15343,NA,5829,19863,10425,19951,8427,7209,2137,14481,10565,6318,14953,8560,5214,2780,5643,18595,6251,15294,3980,4253,8104,18116,6336,4872,3177,17473,16855,854,9808,19919
13636,4948,10201,15242,16937,6970,3252,12178,18545,5584,3844,19278,6895,328,4420,16152,10974,11780,14714,4999,12514,16319,16817,12874,750,17789,7863,15509,8292,4196,5765,17978,10455,NA,14891,10799,4467,7735,3796,2318,19080,2909,6927,6808,11155,19094,19271,18834,12156,NA,11056,3636,9763,10824,516,12253,6924
15718,19651,16115,10145,6835,19670,16999,3411,3423,18847,16549,1709,11639,NA,15315,11931,2645,NA,8864,NA,13229,18979,19263,NA,927,18714,16819,8944,1943,10156,10180,2706,4163,2830,10607,38,13519
15434,12540,4467,11994,7389,17557,5789,4465,5587,2160,8299,NA,19561,7129,15877,7740,11699,17903,3467,6089,1830,3762,15477,1509,15655,4612,18098,4295,785
13970,17473,7795,6877,11907,11497,12811,1618,18081,13460,16175,3932,11373,4123,4387,10972,8353,10720,10635,13724,14999,16494,NA,7335,12747,7338,23,5533,NA,18540,8262,11390,10516,3920,18715,12099,13696,1581,13076,1759,11322
11794,857,14389,14064,15845,14075,15031,19881,3896,3170,5466,14874,4373,8010,11001,NA,9060,5587,18824,10235,78,15115,2431,11254,2294,18503,NA,12105,11325,168,19692,10910,13562,NA,9686,3074,14270,18119,13038,16941,NA,2398,9654,10643,15044,537,13914,949,16533,8585,8392,4051,7903
12548,4471,17254,5218,7523,5611,17476,11766,19427,19836,12052,6575,1480,NA,11479,8825,337,16857,19327,18158,19719,11691,13755,14920,1017,17206,14475,1344,11800,19295,1560,17118,821,5178,14271,2978,362,7891,9362,19435,3982,2863,71,19809,NA,15128,8107,10734,NA,603,792,12940,15992,18889,18934,10839,3843,12408,7513,11993,14180,2500,17836,3902,14096,NA,2642,9952,6592,1074,NA,9361,4087,14765,7594,11989,16110,4592,16227
3140,6891,14859,3125,12532,17482,3970,6529,12510,17050,6195,2527,18669,15309,8240,NA,16819,5125,1774,9089,13639,10674,7460,15366,4983,2735,11370,3997,18183
14511,17567,611,2248,16595,8494,10094,3877,3673,10760,4052,3859,19278,2892,19997,13831,NA,1415,16256,4626,12498,17284,1943,16321,522,3179,2856,4014,9718,13048,NA,182,17505,18643,7943,18520,NA,7565,NA,7411,NA,17601,602,12492,1173,8430,18331,13848,11578,18010,1649
12647,18002,5435,5832,15631,13646,16813,1300,5709,8709,2202,4989,6181,18655,14301,16925,1484,18750,9676,2898,19585,18171,10929,5209,9388,NA,8865,12194,12957,NA,891,8341,12630,8634,NA,9785,19753,1779,1982,7204,17974,10262,7941,3719,7504,2800,15010,12512,NA,11972,NA,9394,15010,NA,3720,NA,8641,NA,17773,13368,9040,6680,17312,9817,19230,13858,7693,8240,14268,2900,NA,6971,15121,3443,3054,7007
7995,5066,19067,12353,458,8312,14388,2540,4350,3931,246,5088,17424,17930,683,13686,4999,13170,8370,4892,6124,5106,1933,10121,2001,8522,2198,2319,7553,4662,10954,NA,18910,5106,155,14821,15866,NA,1818,4092,10071,865,2016,NA,10076,2425,1596,9276,3271,3604,15685,1029,NA,7182,11889,6939,19566,12838,6068,6933,1292,NA,16982,762,5581,12653,665
18080,16828,191,7219,3686,8830,9881,9362,3220,2938,6004,16757,1016,8625,9107,11607,5893,NA,17545,7662,14847,6792,5548,12992,13281,10719,NA,12276,332,15688,9363,6577,12040,18370,1865,276,15603,12190,18613,2919,18577,16140,17691
16770,17910,13557,821,11409,14689,16425,2941,4787,7196,6850,12783,NA,1824,3786,9417,NA,8976,10313,14167,16761,16296,16750,NA,769,10808,3430,4736,1325,NA,8655,7023,19954,17481,13648,11302,6269,10754,7824,13683,NA,17334,5145,8829,10289,15155,NA,14428,5431,13574,18437,8583,12816,11271,7788,17010,3354,3551,19618,2746,6772,8763
11042,8381,13550,3157,1435,14112,13566,16456,15499,8425,14072,13081,18588,14169,12899,11255,17648,14712,6298,19010,3357,NA,7031,4434,NA,13384,16740,NA,1490,10276,280,2022,7356,11716
2268,11337,13451,1551,5633,10857,9571,16124,14649,13168,14355,7807,1840,5197,5926,11499,6009,4352,5460,3750,3891,13866,1523,14523,14677,17462,16448,3347,2863,5655
14384,4855,13780,18819,16508,15910,5673,14952,16770,15228,8215,15069,7233,15144,NA,5541,6828,19388,13104,16413,5977,2960,12368,1735,2911,17711,2390,NA,5104,1030,17908,19843,1035,4536,17424,8536,17661,3610,15857,8401,4045,2252,12503,12209,19067,13545,7830,15261,365,10943,13935,5667,11393
4709,6979,5888,13307,5035,4626,17255,8534,1206,12464,18354,NA,19252,19484,NA,4648,NA,16291,8814,2761,2545,NA,6986,NA,13389,18141,8672,11857,19736,19886,806,7448,8866,7717,17328,7109,1788,10004,17793,9956,4937,8391,18257,10646,4926,9743,12709,NA,4770,10968,16786,13564,6932,19219,7260,NA,17601,NA,5471,8261,NA,14188,15637,8210,7634,3235
4014,3387,9157,5738,1154,14876,11259,18613,13818,18855,11227,4694,5214,13300,17169,1282,8066,7580,8110,NA,10684,12200,1405,11906,5308,15672,15511,16489,4733,7200,18384,2904,17764,6451
14269,19349,10377,787,17309,12595,13741,7320,10694,6078,16306,18471,10083,NA,19410,9706,15657,2196,16143,4926,15013,16488,7902,11289,19334,NA,12434,4882,2236,11554,14233,17197,14145,3525,16508,15991,14683,3847,9327,10356,8289,13511,2796,2460,2882,13943,136,12283,840,4547,11708,11006,17526,15549,1972,8576,14788,6656,11160,19383,15776,4648,5331,4181,11472,2161,2386,6441,48,4763,10664,16775,6370
19505,6545,10353,11704,17990,2161,19459,10348,18065,7673,16358,11773,9840,12426,6489,5490,18259,NA,5272,9890,4597,9468,10149,1582,19442,19408,2918,5909,11465
6962,14258,13564,15779,14964,7219,1058,12402,10808,6906,8053,766,4744,16254,14761,4533,19139,NA,2362,2333,NA,14930,2286,9782,788,5718,18278,1390,11995,8177,NA,13870,16673,6158,15226,3140,1861,477,1698,11589,18127,18188,3176,15594,9551,19244,6204,16507,7764,4953,NA,7776,18619,19766,5933,12032,18152,6893,14736,12649,9826,15285,15109,19284,19220
17966,4741,16665,13809,1931,19748,17867,18025,19002,10939,10263,2607,9409,NA,1730,18947,14779,1701,10069,9706,16430,4028,18481,18967
4877,816,12915,7982,10025,3702,655,2843,15758,9310,16595,NA,13559,10884,12908,12259,NA,1326,NA,6311,3453,16107,638,2000,18929,5030,6057,1357,12573
8872,761,8439,1297,9376,10244,12883,18072,8214,10947,19649,NA,7694,14539,12534,663,14305,13155,11108,1094,11120,8395,15589,6510,5902,NA,12528,10599,7414,16292,8766,NA,9929,19534,4900,NA,13173,8996,18351,8,17099,8218,11691,9204,19973,11543,13785,16657,9509,672,NA,7157,8557,6495,16018,6495,16636,15694,2544,18975,2202,2186,19751,6045,NA,14685,8515,14623,17003,6087,5609,NA,9260,4247,13360,10265,6514,5563
2333,9093,3696,5825,18532,2368,5511,11202,1621,1622,15800,6326,4858,8437,NA,15873,NA,5567,12212,12358,16858,6292,18247,NA,11991,9898,16472,13384,5830,577
8130,5689,19618,3432,14411,17050,5588,7396,7988,14579,11116,9493,1095,3521,11249,3618,12973,10589,14852,7773,8335,19064,15402,5058,11655,3075,NA,9935,16585,14993,13544,1044,5905,15149,15382,12400,7303,12967,10302,NA,13704,19849,19414,12346,105,6787,2903,15841
5126,6544,556,19013,19628,19614,7961,3316,553,13677,16518,NA,1402,8894,NA,6038,6509,8363,10184,15823,13609,5577,5046,10848,2238,10148,NA,890,NA,19751,NA,16191,10009,19376,11419,6986,12373,8831,17794,17713,6385,2923,19535,17994
15591,16893,6882,17234,19531,11100,14767,17132,14820,1017,14230,19519,13135,3057,1175,16453,13831,17555,12527,16709,2661,11199,11319,6836,4398,NA,4184,15956,NA,5013,13857,17350,NA,4325,13800,4928,7282,7761,3557,NA,18341,18185,NA,200,NA,12105,16743,9035,1620,162,NA,16516,9852,NA,4369,7429,4122,18923,9283,15103,14476,5460,5349,18975,11101,3472,16112,12953,8972,15679,7485,14112,1887,13241,7415,631,19234
12980,8663,14262,11181,4259,11418,19288,1291,1567,4736,11432,12858,6002,NA,5175,18496,NA,10264,5150,12833,6370,5798,NA,5463,NA,17044,NA,10757,11841,7742,17702,12336,9050,16405,6042
15766,7785,11658,2755,6643,9430,19265,237,16310,6655,8773,15310,18340,10120,14642,15362,10288,11677,8725,12711,5884,13863,15845,14974,13321,11111,1488,NA,5900,6422,NA,7879,1405,1026,404,19421,5404,18527,19450,4061,14776,8098,19420,13585,3155,270,17359,13636,7449,12280
6540,17734,19238,1438,16326,19563,16287,8960,18250,17755,5984,12268,19642,3281,6492,10848,5507,7821,14398,17822,19003,3173,18087,9601,15620,14769,14988,NA,592,NA,5131,6745,11209,15018,9404,19410,1291,12260,2732,7789,16905,7527,5977,2290,6930,17827,5701,10537
3307,1989,16999,19395,8674,16823,18545,5588,2818,6453,17098,1361,8035,18426,10363,6539,2071,4266,11687,NA,11211,1484,6590,887,19229,4454,11786,1877,11034,16754,4704,5364,3023,7460,17960,3721,11384,1171,11105,7547,18301,6954,6287,7918,16196,7254,16728,9334,5732,NA,14757,4073,14570,7038,18078,7200,2188,4931,15542,16463,15284,12375,8872,NA,17078,9958,18361,622,9106,4679,6874
11172,19543,2765,19172,5323,18935,12696,19189,19526,3507,13529,6211,2103,15461,10039,7748,18197,16791,16078,4867,2322,NA,2539,16600,15261,17644,18307,6373,NA,158,6103,13352,14642,4639,0,15179,12558,6866,13124,2531,9172,12677,6449,14999,3409,12109,NA,16031,18098,1059,2016,NA,8632,9795,13202,17660,19214,3456,3185,NA,18402,NA,13572,1328,14982,1486,326,53
6075,13948,7353,9565,19382,13962,5688,8513,19811,7575,10727,865,11010,18629,3524,NA,6402,11785,578,5210,7452,15960,NA,1255,1447,18932,2425,17380,9703,14120,974,NA,18714,18683,15449,15722,19497,NA,107,14544,4121,11310,14272,15386,5961,3891,858,7650,18785,18983,12096,775,5847
4531,13774,16862,11334,17494,10164,6144,18683,1698,15146,8547,4049,NA,16816,2178,13132,9786,7146,NA,13667,NA,2688,14605,8250,19627,1099,8385,14577,10536,13592,7288,17739,9216,8952,8236,16493,NA,11129,6961,14747,7111,2603,13522,8852,18633,5314,13955,10929,807
719,5138,374,2841,18798,16118,12827,7046,661,2650,8214,5070,431,1837,15637,6507,1617,1061,748,12919
16991,1214,16679,6612,6209,13656,570,197,12544,15874,9056,15504,15268,9762,9913,6760,4521,17399,4920,10000,16443,11,19619,3240,5166,18312,5749,6052,9161,14048,19246,4019,4522,15981,17326,3764,7983,1880,3877,18394,3795,422,NA,5778,16019,3145,19915,3868,3151,4164,9199,15889,3986,11568
1850,14718,1777,17848,1934,9917,1720,16807,11145,16051,17078,10183,19071,15805,15381,1000,14060,4308,3505,18540,9311,3029,6398,13590,8754,17155,1280,3106,11976,2908,9983,7145,11174
11922,13861,295,17126,16286,15788,15283,15823,5499,19438,1410,693,14088,17205,8517,16242,4877,12965,891,15594,2878,10934,1344,9950,1306,NA,18681,8608,12581,10540,5191,4633,8591,7782,19138,14378,4975,15588,NA,4673,15382,3265,11877,16513,14717,6420,7523,NA,9903,1104,5373,19429,13684,894,15438,13313,16767,3,13400,6584,2580,6797,17619,7948,8155,11984,18590,19641,502,4842,14397,12606,9603,6094,11966
5945,8380,8043,14961,16043,16798,5553,822,11725,14358,13200,9355,5131,7213,11613,13839,14456,17604,46,5518,17939,3741,978,NA,3559,4205,19926,406,4763,NA,8608,6630,15920,18493,NA,1296,6968,19937,4842,7505,3731,4640,NA,418,474,16401,NA,17255,7482,12750,17994,1409,5450,NA,12007,16547,5289,16795,17089,17031,11860,13049,15885,1605,7060,13580,12343
9579,15055,12909,6496,13889,10112,9226,17953,6142,13182,1651,8649,16480,7820,11834,15140,17222,16502,14803,6807,6726,7960,15689,NA,19239,6230,17209,9503,16104,19091,17149,239,13200,17390,4757,10210,13776,4405,14703,14031,12026,1286,5829,10740,698,16340,15217,7507,4513,7808,6581,16092,13535,2430,18466,5240,17915,16888,12350,13440,6991,1476,14484,7538,15067,18433
1219,12701,13840,2220,11810,7637,19019,14883,16133,14417,19857,929,12493,16987,3501,14763,17682,5026,NA,14817,NA,14218,14412,8608,13221,8285,19716,3246,8994,13865,17433,19983,11386,3278,15266,11825,NA,11510,2014,10748,12257,718,15494,NA,4066,10070,11425,10399,8039
3519,10803,633,1454,9115,3933,14324,19714,9278,1487,17554,9331,NA,10534,NA,4926,19279,17773,NA,5815,18575,7222,19598,13894,11735,12305,15087,15080,10462,2916,3925,13904,4606,6809,8693,6642,1698,1977,NA,9569,15428,NA,17571,16621,2806,12110,5875,3074,13518,4122,4562,9481,17830,6615,12274,17909,14866
9291,3755,8228,16303,8171,7708,3629,11221,9170,4527,3590,2963,6681,15301,NA,2174,1544,14771,13299,4244,NA,17152,19754,4579,873,5608,NA,18910,11050,10010,6968,2702,8629,18841,8580,3087,9891,NA,4445,12980,993,17611,9289,6662,12438,5858
755,2114,12510,342,3328,12741,6514,7190,7014,10475,1699,18353,5743,6921,16324,10266,14727,11349,6236,17395,1709,NA,15218,10988,17896,69,5654,4075,16040,NA,3022,4306,12718,4277,3293,17466,9829,10376,10457,19591,2358,14377,18668,16411,8927,3584,500,2661
10985,6116,203,16319,6216,7207,5076,9886,12102,16657,11463,711,3002,3569,18994,8427,NA,18590,17051,9212,4749,10575,9113,9282,NA,13328,1706,1429,9236,17953,3091,2553,12792
2274,13454,16521,6886,13510,8653,6058,2401,15788,8910,6371,8807,4178,NA,5544,5036,2981,NA,209,11009,18832,2540,13040,11269,16190,390,5984,10532,11643,NA,18622,2025,3955,10163,17310,6193,1885,7050,2768,9809,15913,9598,5980,12672,18840,8538,5130,15449,15111,18106,13391,1466,15619,7982,18759
17350,9312,3580,5000,15456,4211,1407,17391,760,18251,15181,7857,NA,8668,NA,16224,15002,2783,1461,2520,3214,NA,3709,18415,1753,8571,6568,8016,15606,4003,14907,9114,13233,6553,7654,NA,6602,7001,1033,3618,19988,7547,18865,9102,8350,5444,16570,7548,17419,196,4974,10867,2858,14309,10367,NA,8243,14165,11954,3089,4087,944,4503,16272,8798,1906,6672,15235,16445
15708,15752,4271,8720,6254,5456,12704,16489,16863,8262,18688,16871,4995,10092,14740,5185,10407,9630,4569,10439
16056,15998,19328,8030,16836,665,9241,5214,1042,14814,15907,7352,19163,3867,5614,19581,16898,NA,8474,7869,19837,14526,7635,12298,6632,6670,6346,6927,15122,1371,15366,10403,14864,NA,16246,3316,NA,19433,17726,7869,19752,3646,8633,12356,15109,11160,16299,1464,11947,17265,10314,18012,NA,18644,13081,17006,10498,1156,18724,6185,1456,15841
17791,198,16199,8907,18887,814,12177,5109,15731,10255,12727,5527,16319,1144,14149,1675,9198,1719,729,7210,18066,1033,7737,10516,16163,5806,2455,18931,NA,10831,336,10983,18724,14846,3199,NA,17849,1821,9547,13408,18924,5856,NA,13225,2819,17053,17629,1170,19377,4651,6399,306,18259,17690,2739,188
12797,9980,10019,14696,756,13911,6845,12625,13622,15495,19102,3711,6261,5566,19927,19864,4762,NA,1860,5347,NA,263,10294,13813,4571,18336,12032,17099,2229,2737,14909,6829,10769,9214,2324,19154,14023,18334,10601,8192,14817,3159,19632,6364,5680,7981,4899,19401,14880,19813,7466,18326,7403,17168,11342,19431
12902,5076,10106,17380,15050,9068,19766,15291,1065,10882,15864,9387,13543,17368,2732,17932,7234,11141,6501,12737,10187,16153,14826,15827,NA,5746,16759,8586,4908,4191,8487,19939,18954,6463,19444,10057,13731,10143,16926,14252,6168,19320,13215,5396,11157,7280,2090,18378,19268,12793,5715,4565,2737,19975,18801,18895,16793,12602,14323,19920,5424
13763,14257,15554,11260,4075,19651,6066,5235,11931,12883,4882,7310,1970,10420,3324,16755,8570,2136,1405,4250,12624,11065,19744,14706,7850,8332,3925,4593,NA,13702,17179,NA,6662,17629,11376,17165,3762,1681,13662
