19280,11019,13054,15398,12566,14136,12081,4639,9006,11219,9736,15991,529,17976,15743,10607,2093,14650,NA,6321,NA,15142,18000,3405,9468,4065,10962,19047,5227,5855
13050,4375,6960,15674,18320,12612,19274,17515,15917,6435,11724,NA,19791,260,13239,15274,9138,11160,2186,4006,3911,19926,5487,14684,1558,13165,18436,7702,15139,1961,17811,NA,5145,11692,17253,5392,15806,4852,8900,10744,14518,14239,17084,2797,2693,8332,1800,18099,5716,16912,2140,12832
7768,8529,18068,14640,14761,17582,16044,5288,1176,15696,18765,12123,NA,6122,NA,7222,3245,2113,14329,15116,394,NA,12404,1412,2827,NA,5476,12833,19138,18176,10476,17675,6786,6690,11044,8707,NA,9309,14331,4151,15815,5865,1740,16891,2268,NA,15552,7446,14953,9987,1956,19989
2257,8684,9538,16600,15209,12030,9502,4855,19168,11719,6913,4266,19972,6207,3408,4783,14209,5849,18715,NA,2245,14719,10240,12178,NA,19999,18504,9507,NA,13060,7707,15366,7325,NA,14884,6193,14525,2200,3501,13441,2935,NA,14521,4689,NA,18713,12118,18398,17862,18733,13269,8817,11180,NA,2018,6444,17015,16736,12809,10754,4436,12901,4480,15772,438
13418,17165,18161,7168,8125,12834,3824,10658,9573,13171,7927,11077,NA,11823,13734,18006,18162,7903,15629,5422,15597,1719,6270,9015,10837,14906,5562,8735
3586,3110,11456,18980,18977,9488,4826,11951,2007,11917,3327,3945,7435,6907,8400,14365,18361,3985,7700,5196,12546,11013,1332,15970,NA,11896,10470,10945,2756,18713,NA,16976,8163,13803,519,NA,15756,11886,1888,1866,7368,14945,9335,1571,10464,13006
15394,14897,4093,19901,17130,7730,18736,316,19599,9529,4004,2373,3393,1991,13656,4751,11552,1755,12713,17640,15411,3317,4517
4409,9647,11763,6178,18698,6185,15045,6840,9316,15262,2402,11613,7892,NA,6801,17775,15986,14335,19651,19682,5979,19575,6134,4158,18820,7880,7986,10551,2276,NA,6396,2251,NA,18769,2471,9038,5651,19220,3319,16559,18586,15319,NA,3424,11869,16496,13990,11513,NA,14503,2382,689,NA,5935,6267,5373,9107,8306,12644,4375,12972
19010,14417,8243,13677,312,5905,12874,19432,13828,26,5740,13377,13087,19842,2605,9476,16801,10623,16550,10177,8938,17991,8557,3588,3973,11280,5116,17894
5050,3819,2867,2286,11178,4888,15811,14266,4602,11471,5608,NA,3484,4681,18235,NA,19346,9717,314,1508,723,7017,9550,16190,19357,NA,15065,7753,1289,2468,508,NA,18918,14790,10533,13407,14373,15434,12262,10477,16640,14491,2914,10498,8029,15911,1945,16989,NA,17649,16,10053,6677,732,7137,5739
11625,19060,19119,9081,16058,18733,19612,5231,19680,5613,7551,4944,1352,14553,12225,14589,17564,4816,19389,18795,8071,10376,1737,9677,NA,96,12083,7943,19589,16762,1134,1337,94,805,6302,5354,13840,NA,15025,1903,3726,102,797,15600,4229,16904,8390,19468,NA,8468,13410,14598,NA,13796,10028,10563,13536,17559,5291,11742,3513,13949,2392,16934,7704
9737,5888,15288,14915,4467,9191,15254,8045,19931,17623,13342,5706,9544,9796,19217,NA,14637,2271,6449,7972,8201,12279,16829,15690,11169,8551,1415,15978,6440,7607,9677,18689,17964,13954,8148,11408,17754,17252,17491,1187,18088,7218
1514,1958,14224,18450,16374,13880,1525,3510,6744,19386,9459,NA,9865,12192,10586,15500,10820,NA,1448,2779,14425,5850,18982,19649,831,4739,8133,12404,52,NA,7113,NA,9928,5796,9014,NA,7914,15736,12300,3714,10574,18371,19534,19596,10737,NA,16904,12087,10333,11838,457,7672,4071
16042,3868,6940,16785,16325,10056,15602,14064,6875,19957,11502,17904,11315,2393,NA,18985,2446,8216,826,2783,9753,6898,16191,10333,8605,17998,11048,6395,11300,5041,663,NA,14381,7391,18110,3513,14734,10123,11697,6579,10914,2181,8248,1169,3779,15748,7384,2181,1753,394,16610,2661,NA,13588,3639,7558,2925,8229,9433
1735,11471,1818,11788,19232,4051,11917,7490,1791,6702,14762,8121,4025,10941,6541,NA,10202,19532,NA,19163,12440,5074,12012,3838,10506,7463,10545,NA,6020,9571,6264,13551,NA,2656,2349,1032,3419,19368,7703,15453,2955,18342,15409,NA,8685,15402,13676,7171,12590,8191,13089,433,8231,1874,9428,4864,2934
7680,10108,10498,14308,8432,4675,2365,4884,19191,18149,7113,12403,10565,7790,7222,12713,11229,17015,6507,10523,7377,19181,15736,860,3500,9714,7317,19453,13053,3900,12260,14802,4446,19866,2650,NA,6148,15242,5293,5267,8118,18742,6260,19582,13112,4016,18308,6850
6405,16608,19715,4731,13549,17056,1172,19956,3729,18515,19637,15479,6302,3576,15038,13088,6943,10914,1200,10936,11793,553,12253,NA,14062,12752,7625,8013,10480,1809,19078,5136,11490,2342,NA,15552,NA,1832,NA,552,2822,8776,19716,13791,17536,9255,12087,11224,2313,10703,18151,NA,16621,7499,11859,3125,1520,12753,19478,12581,8404,8808,7943,1506
12012,16777,8220,11584,174,3678,10061,5755,9398,19979,11076,2345,9190,15236,9888,414,19334,16163,7995,1334,17053,4887,10011,4243,13514,11805,10111,11432,4571,NA,1666,2390,16767,4767,8678,19679,17270,6217,8203,2325,NA,13025,11221,7084,NA,13577,18709,13538,8608,14985,16722,12345,19485,3871,18335,12738,9187,1618
13628,7431,6870,3531,6514,12997,4314,3997,7761,18325,11365,14481,813,6099,17113,3905,18572,4784,17645,17506,18730,12788,1140,14578,15362,7502,11662,5336,7599,2840,7323,1275,10409,12075,7153,10441
6409,17180,19088,18597,7720,9530,4111,10975,7080,1481,1349,15801,5548,1583,9860,17057,9649,584,15205,7644,4851,1833,14516,7997,5174,87,8501,14533,17853,19853,5565,12203,5743,NA,18994,3483,NA,5201,14558,3188,NA,15566,2592,12535,14525,1032,2425,13990,18093,6941,19829,15452,16364,NA,15621,10238,NA,11589,4133,4206,504,13937,4211,2177,1212,10864,3738
13620,1443,16485,10170,13793,9563,5054,1576,16443,17130,11921,14380,16806,6928,13436,9549,NA,15437,16606,10050,13454,16696,4592,19551
11152,2401,8008,3977,10841,13984,9976,10826,11325,7471,15737,8169,6368,7207,9988,16845,11603,18562,2519,13803,9704,8525,16010,18135,3394,835,6716,6158,4286,18609,19425,19372,58,16726,17300,2568,6456,10654,10970,19147,NA,2797,8503,11035,15809,4653,NA,11757,478,1262,299,13248,19403,7850,NA,16567,7289,5127,NA,16879,11992,NA,19549,15206,2718,3900,NA,19022,18705,18000,15072,4871,1736,3097,14822,11544
12041,5324,906,10745,10874,18376,11152,3739,12439,203,17420,15866,3601,17603,16611,19704,14139,16383,7734,7417,5840
8438,11807,17506,9990,16960,16724,14409,11951,7991,14573,5430,15916,8203,170,10578,6713,4958,14912,5867,952,14402,16854,4371,17372,14409,12344,4156,19432,13635,7249,9565,4300
3422,10112,627,11139,3959,3358,13315,12670,8138,10453,4157,NA,2371,18085,18659,19233,15269,13145,4463,14739,2319,4614,16521,15137,9440,5277,11070,6638,19422,15165,17275,1683,6991,NA,17377,17209,4691,3974,9258,10679,4148,NA,10342,3975,16260,9505,19062,3748,15680,6850,17799,1845,10234,5461,17379,18318,7436,10087
12412,11663,10799,5468,975,18738,8627,17383,15908,435,8685,496,12021,18143,2742,7478,5701,16508,16576,14296,5691,13736,11182,629,1350,5771,13231,8477,15166,6962,10296,7881,11655,5795,4727,6773,1637,17024,4673,4647,16659,13752,2937,NA,12105,9673,4839,562,19668,18569,12780,4339,NA,16023,18900,13051,8308,13003,7495,19157,805,2415
14613,16458,11471,2169,12589,7196,4585,18105,6327,3026,19084,NA,4304,19628,12861,18836,17803,15799,11354,10843,7183,NA,12460,5049,4448,5382,7807,12876,9874,9158,1490,1727,17190,11128,13181,12897,16276,634,14101,7983,14489,7401,13209,9823
10885,19292,5060,5194,5817,12946,11535,7682,16918,110,19365,12284,6253,5295,11628,9433,7935,6291,7706,8430,NA,7957,10484,1833,12398,12169,12243,NA,9204,10144,6863,3902,1733,15161,NA,10025,NA,14785,2207,10498,2548,9494,15632,2116,4771,3556,19647,1305,16650,16822,10557,6395,2845,7424,18454,15775,3534,15929
9576,16493,8265,7149,12388,14170,17463,11332,5772,15044,14979,2332,5112,5798,2269,17942,2143,19840,2080,5894,4865,3559,2534,15303,6649,12345,2070,1969,NA,15888,15784,6877,15823,NA,369,7138,16976,10160,4986,7224,1409,19479,16244,10115,1715,4415,6594,6199,9493,19311,NA,12045,10149,11593,16178,13478,3909,5316,14726,15718,1752,17800
7872,225,10371,9975,2140,5001,12981,8845,15796,15023,13758,NA,13194,15794,7368,3405,NA,11547,10954,NA,49,9706,18824,13732,928,1842,11398,NA,15206,6783,1235,19203,2982,17077,1169,4888,8333,8481
7913,19800,1520,7357,14876,12792,9064,1352,18707,5217,6075,3815,8029,4847,13355,6544,9586,10847,4603,17572,1697,9199,4313,14789,17226,17525,11184,12283
8008,1746,5386,4787,17215,3952,18382,7381,16164,19858,10386,NA,9479,16710,5376,11065,14224,8547,NA,2961,NA,18902,5266,5702,3829,11362,1157,7503,5073,7421,6757,2544,NA,16069,3210,7548,12447,7327,12217,11427,10992,13655,11750,17604,1175,5648,17142,2692,4954,10510,15061,3085,9795,3858,9548,5715,15179,1592,17233,1140,NA,14816,16042,14994,12437,9952,14783,7710,7311
5538,6733,17061,1391,4584,13309,4443,8793,17219,9498,16690,4953,6502,1099,6948,13840,3893,1686,7797,8401,7439,2836,3203,4867,1240,NA,7163,18805,13133,6140,12089,6540,7754,15787,9028,16457,16094,3552,229,449,11219,14502,16739,NA,2350,2890,NA,13498,15931,7819,7797,12678,1661
11566,15388,470,461,2640,6001,11006,672,8356,4441,6962,12257,7422,8209,3791,19759,17754,7820,19574,8859,16175,4822,7681,13635,12381,396,14675,4960,17672,2950,13131,234,NA,9581,13835,7132,12974,15480,4576,6811,18256,19098,NA,2987,17863,3980,19362,610,10237,16678,NA,12471,5369,612,2323,14810,8901,7948,10425,1449,11968,4241,3509,NA,4846,17736,586,14850,18043,14202,13271,9831,10889,16788,10856
2296,6044,10578,17030,4361,9360,12006,5053,6305,17730,9633,12345,1028,16573,13110,10170,10061,3817,474,8830,18485,4357,19942,16439,15321,16033,5846,10825,2524,7852,17199,794,15530,16804,5523,16666,13196,17113,10489,NA,7330,12220,17160,5291,NA,790,15593,6743,2435,14658,17129,17387,6022,12304,19369,17433,4728,1292,16206,17470,17440,19762,11230,3684,11058,16108,NA,9424,2470,653,16142,5617
2363,17914,6132,2552,19823,13470,409,14490,6109,13470,1448,6951,12846,14886,1015,7177,5104,1324,18512,NA,3732,235,12745,4717,6885,5971,11087,14348,8884,NA,6966,6881,9134,3254,9974,9912,17796,13683,11021,334,13502,14224,369,4402,1657,16713,17361,12609,14600,12058,1362,NA,4902,16104,615,17971,15787,6494,19138,18479,NA,7925,3503,NA,17912,13874,17340,14215,3686,15599,17249,14445,17561,14548,13974
4876,3734,6122,9038,137,18950,17646,13986,6179,9052,19870,17740,NA,3261,12642,16647,13941,7654,16859,3382,13275,15672,5581,11289,5370,9612,5537,15673,9831,13808
17417,16461,12825,5451,9484,8414,5934,4967,10580,2169,12152,NA,12801,19575,4087,8279,3662,16424,16676,5433,NA,4976,9638,2896,19038,18292,13,3557,12224,11747,3350,7,15623,12554,2252,NA,5867,14945,13642,2541,12544,2920,292,2665,9108,17694,317,9364,3735,7245,10725,9264,989,4429,6,18950,4781,19754,1696,2869,3418,NA,2851,7067,10556,5080,10895,13401
9356,17671,8617,7739,6517,199,10370,12989,18774,18640,3834,14148,8073,11100,13055,8320,19039,12255,17273,15470,18207,4966,15205,7784,3159,3616,18687,18610,2334,19372,12943,8613,10727,19538,19225,17841,6291,18968,18455,11914,9664,19071,19374,13029,19021,NA,16347,12721,174,964,7618,1972,16958,13509,1975,10471,6944,NA,4730,15970,6132,15781,17178,9760,13490,5089,16366
7385,2536,4094,18777,9537,4588,16579,3150,14895,5581,15354,9957,12256,4562,4386,5811,15705,5057,4103,15951,8996,874,176
10743,2825,16080,15748,17590,16575,18524,14842,13844,3754,781,18571,6500,18947,11367,966,16468,16211,10566,6353,3899,19779,595,7563,13635,18220
8156,4679,11034,1979,18694,16793,7608,8393,11146,15886,8290,14252,1226,NA,14546,12981,NA,17882,NA,14841,14189,12822,6840,14141,8578,13522,1302,6878,17817,5377,15749,11335,545,2908,14762,12016,13609,6329,15332,16146,18651,8919,9404,14855,16535,2581,9560,4165,2233,10432,NA,2844,7376,3517,13369,5642,4120,11268,12327,15755,16903,13404,17205,NA,10000,12127,651,19093,13877,7808,18615,11196
10117,4582,1768,7588,6860,254,12545,651,4496,13421,14168,6281,19531,11900,18031,17496,2620,11420,216,18419,9805,8948,12743,15539,4309,14740,NA,10101,17873,NA,15019,386,19120,1707,13129,16993,8212,9115,12052,13645,17209,NA,14289,615,10215,14738,14909,12502,6612,NA,13954,11823,8187,6305,5207,8298,7049,10201,3322,17809,1342,6545,19974,16086,3701,5799,14087,2335,3349,12554,19897,1645,14038,11786,9026
13182,9097,15711,1383,9327,11723,9269,4638,9601,3298,5273,13362,9760,12406,11688,6263,NA,16213,8790,2822,5490,3043,10145,14748,19039,11746,10044,NA,15807,16283,10634,6511,7746,17777,8332,13931,18763,186,14157,14962,278,7842,9526,NA,13897,1183,15432,10592,18251,2095,19488,13929,9255,19805,5721,11665,101,10328,15787,18972,19066
7763,13221,12280,6335,6952,3641,1857,13788,13940,547,5773,14459,8479,6018,9230,1616,1143,16599,NA,749,196,12728,11609,16240,17478,7315,2079
7010,16098,6781,10927,5167,5894,8405,2565,17848,7275,13253,18292,1538,12315,5514,4102,11099,12344,658,1464,10156,15924,3217,9687,16380,6969,17587,7844
3361,19092,2255,2038,1115,6314,15067,6539,12685,12042,7931,10184,7527,17709,3186,11328,9571,17624,4236,4226,8516,7465,17362,11646,14689,13698,10166,NA,8003,18124,17290,15692,10691,1832,9077,19399,2239,506,15310,14170,13599,16657,NA,18773,845,14269,7575,9438,12632,6534,6939,16477,8643,NA,876,18107,NA,10898,10050,10571,14888,14054,5619,6064,15206,13957,18257,8168
17767,4075,7785,4562,2360,547,12213,3312,11068,10654,3198,417,9463,12564,17800,301,11217,7149,15890,5942,2096
17315,5632,6940,13949,11787,4800,18093,1245,2736,10362,2034,17748,16866,19597,15566,3460,NA,899,17064,15035,NA,4748,15022,3620,3021,11707,11822,15384,14380,12872,15229,11894,17194,19942,11581,11767,12089,11544,NA,7585,19979,2479,11701,1257,2863,5993,3945,12361,833,1344,NA,10775,14191,10153,15869,3277,17945,5671,1474,1293,9912,7293
13149,17012,14232,7342,1044,12798,104,12071,4834,9530,1308,NA,5492,16673,7872,5149,16208,3183,10080,8610,17814,18171,8281,8889,9475
7650,19009,12307,8949,19008,16328,10599,7825,5367,6466,7904,8276,NA,28,NA,13042,4885,3049,10127,15956,19312,18145,8699,4154,2798,10654,7337,3098,2878,19781,16479,12573,15015,18093,11735,12885,14979,12817,16775,19150,3782,3036,2293,11519,5838,15151,4536,2622,12353,7462,17117,9310,1968,2821,13585,4688,5797,19397,5740,12061,11517,1296,7010,10398,6352,4242
6970,5074,6792,9350,345,12508,15716,8425,11230,19033,205,1979,2936,15089,5038,7836,5582,18595,295,3080
5517,15807,3941,1332,10346,19729,12193,16218,19580,6127,9428,NA,13880,17860,5466,13505,3698,18865,8996,18526,17097,1375,3108
8698,3787,13891,12576,12563,1488,17397,337,15563,14383,9424,13737,17515,14784,14947,16935,15933,1977,9702,18542,16077,15375,17017,13182,19321,376,9170,3800,11701,5152,10713,16741,6829,7375,14770,5241,17368,NA,18193,11211,18477,16112,7990,15679,11449,10505,13203,173,4893
13721,10946,18832,11352,12085,17647,3235,19376,10703,7024,2238,5691,9792,11934,4742,7945,11431,NA,2541,NA,1834,14034,8820,2391,6215,3400,18281,10417,6768,17311,15014,9287,11947,11921,9415,3482,4611,6209,14670,10674,10142,16126,15856,11430,7183,10542,4967
19521,14349,2261,5620,5665,9106,7494,1047,5181,19773,11755,10483,11065,NA,2390,18456,5225,9408,19641,1676,17252,14640,6636,NA,3214,19384,17627,5670,13496,16365,10656,5309,12289,100,17022,12888,10793,1980,928,NA,16138,14814,2972,14690,19072,4921,1294
12705,15634,5881,15498,17775,7029,14282,1242,9666,4205,14462,19212,1337,2174,753,19147,NA,7836,18027,9612,13078,5879,16339,15571,NA,10786,15414,7483,3173,5550,10414,NA,14288,10337,19124,11925,12239,6200,4805,NA,13799,13223,6197,NA,17492,8827,13471,12440,7221,18602,1993,18913,13289,15779,12717,3913,4763,11370,1691,17664,3122,15531,17875,15721,10644,10598,4490,4503,11013,13272,5018,NA,2751,NA,11792,8571,7100,12927,13497
5714,6501,12352,14287,15889,1797,329,2218,11392,6547,16460,6481,10088,11584,4730,8912,5821,1465,16923,NA,11843,19082,4929,5257,8374,12527,2746,5399,19776,12748,12865,11985,3742,17557,3813,NA,14953,11524,17624,8065,14216,11579,5657,2115,12345,NA,5202,16443,1872,10639,16151,4576,15782,12021,9041
18962,1240,19035,6458,19035,10332,5862,1147,4229,7898,10556,9792,1579,10824,16104,NA,14945,19378,7265,13005,193,19642,15549,5384,18700,16624,19548,14319,6675,1463,1615,4406,16689
5580,19796,2575,7877,14380,13421,1277,1868,13665,14682,140,2987,13261,18299,10546,263,NA,8360,17089,109,10321,NA,4205,15530,3270,18676,2846,15469,10786,18348,18447,13308,2474,7667,5179,18981,482,2643,18350,6379,19807,10080,19007,17966,12660,19943,15221,7735,3509,10973,16405,14897,8385,17846,4445,NA,19013,6769,19891,10723,2501,17776,6373,19492,15969,15187,9893,804,14411
11547,9462,2774,11768,12483,6250,8306,16891,4963,5575,1999,2231,2216,13878,6805,NA,11558,1289,17083,18585,15117,16479,13719,16458,4984,3622,5728,4818,10048,16655,15106,19153,8339,12489,843,14583,10121,8825,1934,11783,8167,5802,5291,18996,2424,13306,8655,12054,2080,662,17534,10548,5258,6191,18681,18583,5200,1632,10638,3191,88,18511,13156,16036,8421,12221,16540,2840,3705,758,4621,18186,17139,9004
17400,3419,4928,13323,19731,4307,5121,1206,12003,10258,3840,11448,3651,5754,15030,NA,16419,4356,NA,18665,16466,11315,NA,13953,8648,NA,7527,NA,17553,3341,682,2351,5996,7471,11947,4267,6729,10504,606,4672,16767,11417,1743,7837,6979,7851
18123,8605,15736,12762,10058,15090,4281,5426,10184,1134,122,14054,6468,NA,15143,6821,6307,4359,12068,4152,14002,18391,18421,9241,826
7810,15610,8611,7708,11572,11225,15736,12130,17483,19737,7886,NA,13222,4308,5173,13468,4639,NA,14829,6152,15924,17685,18760,1975,18409,NA,14074,12284,15075,8810,NA,19574,8892,1927,12894,13654,16414,NA,13747,15911,8113,7710,14373,NA,1528,8460,3216,9984,4811,12849,NA,13967,2893,NA,10219,NA,8451,NA,9746,3964,1358,5312,8161,3827,NA,16288,14583,13411,NA,2032,19815,2444,13914,19236,2364,7857
9020,6190,11284,14341,12056,7731,8658,17269,6209,3278,19790,17625,838,15314,NA,19736,5108,17898,15813,NA,8885,12517,15812,18410,9051
3677,4657,14178,304,19451,12612,12582,13097,6687,3559,17687,16208,18981,6373,3511,NA,15759,9223,17738,17234,11808,4996,17007,10795,13094,12089,13113,3205,12625,5250,NA,13436,NA,1212,13032,18429,16889,5126,6559,18896,2336,NA,7746,3633,9652,12176,10998,12506,18552,5580,5725,1371,18803,9497,3015,11176,11196,5444,6222,19772,12114,5742,14371,12828,19809,17791,NA,16518,15027,NA,13181,14154,16746,6435,2019,181,8236,9328,16607
13707,5402,2892,13551,16441,11773,8789,9799,8608,18946,8495,8677,12142,1132,2286,1879,32,16962,9476,10352,12545,16400
184,12115,221,606,1071,15796,10315,10921,4085,3528,17614,11140,6402,16714,3808,16025,16201,NA,5505,NA,18396,16768,5781,16180,NA,2526,11295,NA,12746,5513,1494,19598,4575,9923,8401,18242,2001,11728,11957,555,9333,5335,8825,7287,14314,6706,15680,14101
14701,4829,5858,13283,11259,19013,2747,12962,756,17615,10262,5196,15281,16108,11076,2477,5114,11613,14548,8799,19463,16038,11390
9597,13618,18320,3247,17256,3054,7486,14120,4905,14175,16413,10513,14165,3696,NA,1480,17687,5261,8448,1924,19132,17285,15951,860,8991,10563,7458,12767,17036,6478,17277,11403,9485,19180,2944,NA,17486,6191,9689,13247,10572,11392,18277,10566,3829,1543,148,7574,17083,10448,10265,7139,17657,16271,2318,14930,6319,16712,1409,19635,13808,2966,16738,2070,3587,19631,13163,1660,1053,8059,19618,14047,16905,13870
2233,3401,7352,7641,17657,783,13827,8036,9746,11415,9923,10557,14888,9501,9492,6323,14750,NA,16335,19504,12250,766,NA,12565,18908,12140,2967,9429,17572,18902,16669,19695,14433,17270,14148,12813,14504,12766,8820,12679,326,5655
5289,19891,1111,6221,17315,11164,14706,9729,3538,3792,8820,11563,NA,11856,16636,11104,NA,17240,9245,9636,648,9189
6564,5822,1271,478,10002,1795,4098,1080,12475,5908,19997,1608,4021,17790,NA,19402,8836,19044,8378,19372,14918,3441,3538,3526,19386,7754,4651,15362,5872,5231,7984,5116,4574,NA,18334,4397,15535,12955,4104,1874,11697,15039,9442,1087,19970,18332,4134,3840,NA,17373,628,14562,5588,18171,2124,NA,12658,8188,4751,3096,NA,14730,7087,2408,12686,16104,15942,17745,18662,7854,13731,6329,5696,1399,7443,19867,4829,2951,12715
7394,18078,4066,7788,12712,17301,16417,6360,17930,8093,2045,10106,15080,NA,17684,19359,7149,4461,3619,9114,13129,6035,15973,5634,3919,13979,7753,19421,13720,18564,NA,10518,1458,16610,NA,6140,11830,19848,7285,NA,16379,19661,7767,7330,12960,8765,8970,2640,4052,3154,7534,15221,16800,13750,2758,1584,7818,13699,1575,10196,5844,12047,16283,17504,19232,4343,16352,15742,19640,9145,4778
