5980,5884,18425,5266,14198,5963,11624,11465,4208,11420,15556,12356,9111,14402,3269,7950,3846,15210,18557,9423,16003,14390,623,18788,6137,7063,8400,10779,NA,15204,12045,6960,11365,885,13986,3342,13947,12455,12318,13818,NA,4144,16927,14241,19684,1218,NA,10960,7404,8914,15465,13450,8099,4036,2203,19855,14172,NA,18534,17361,13124,14026,16045,8017,15625,14677
15974,1809,10052,16136,3503,8789,2825,9585,3430,10175,15874,16658,5000,1717,14608,4400,4987,8714,12608,3379,13847,12128,7378,280,4544,17420,13908,1713,19597,1120,NA,8393,390,17671,NA,10374,18688,11646,13153,2126,14735,17488
546,14308,17770,15339,1004,10367,12639,17174,14274,13523,14624,17438,12227,5250,9472,15151,3999,863,13190,NA,18734,16443,2222,13903,4528,19939,6067,13010,14613,9000,11790,429,6574,2711,NA,10554,7928,13965,13742,3703,6626,18716,7197,14471,16738,7983,16710,NA,12151,555,15099,9706,12451
3526,8377,3128,12460,13336,5051,6300,3588,1424,15540,9882,15785,16218,NA,9101,623,9613,18265,5483,9169,1488,4641,15830,5157,5190,NA,8884,17795,NA,16013,11783,4299,12349,12101,9622,1527,6547,1611
15822,10354,8595,15996,10596,6449,6068,4189,15077,15267,18073,6611,5867,16321,11735,6310,8256,NA,11251,6931,1706,13812,137,1414,1519,12616,3777,17543,16855,NA,12984,8543,NA,4391,19332,9596,879,2541,15561,7462,NA,6015,14160,19713,12819,3787,17340,11619,2615,10518,9479,2135,13211,16946
1619,1130,2015,9172,19180,12896,18518,16701,5170,6850,8364,2039,11911,1832,2859,7602,948,12694,8494,16768,11326,9788,NA,10998,15204,4456,5662,427,NA,7237,NA,16212,936,8208,13280,13392,7505,10529,4772,16274,13192,5723,11948,12881,442,3320,4314,10849,NA,6388,2820,12754,6167,9484,2208,7344,NA,15457,16989,16457,4282,3122,8715,8972,19329,4488,18134,13121,18099,14013,15465,14337,358,7970,8026,17409,14641,15407,13695
8929,17080,16103,17006,2519,18711,2847,18502,5613,14775,15789,17913,16466,16079,184,5948,18372,8692,16788,14425,17521,17648,2028,14929,2702,19935,409,5471,4957,NA,6119,9657,1987,8950,18959,5970
9909,18736,9524,14233,19053,11434,9978,11866,13491,10293,2927,10570,13705,4274,9672,9304,NA,18004,3345,2809,3083,10882,18879,NA,6983,11849,2716,1736,1380,18193,19087,15557,NA,19432,NA,4660,19243,4325,5965,16219,11487,10089,13327,3064,1255,NA,16645,NA,8360,13504,5991,12399,6849,7027,13465,6866,1918,12097
14764,3354,6954,17649,17411,1861,574,614,18063,13192,1933,6344,NA,16327,8754,214,13194,7239,5208,15896
19683,9523,17933,12734,17271,8135,6735,5576,5982,18069,6431,758,3364,NA,11290,4288,16007,7169,NA,19531,14240,6758,NA,16687,9999,2515,7019,13381,12472,10929,16818,6880,13318,19343,15564,555,10455,4888,13990,9342,2428,3381,13207,18071,15163,9147,15744,10203,1129,30,3168
14541,2982,14044,1297,5751,7711,17273,701,6797,17588,15180,663,15525,13346,8729,15659,656,2270,16897,10218,17794,11471,1614,13489,3,10346,5646,975,10914,6577,NA,17329,3235,14319,15937,9367,11428
15792,636,12293,5802,15643,7078,18374,18013,4286,18215,2860,10652,NA,14464,7266,12837,17177,NA,11791,1443,19350,1586,1299,6104,NA,11155,NA,14743,17205,14758,11374,15644,9008,19887,2856,NA,11433,11343,17092,8084,6060,11104,14057,11257,16499,15032,14588,16840,5508,5438,1803,NA,6089,4623,9011,8638,12788,19122,1445
19934,14506,13992,8185,6215,7134,16108,4348,14241,8706,13145,2342,12256,3841,16218,10279,8977,4986,7868,9291,14527,11973,13535,9308,18272,5507,10238,11509,8021,5959,NA,3946,6150,15960,19387,8568,NA,5460,18149,NA,18276,2935,NA,11400,8867,17518,3226,17294,5785,14959,9965,14821,3664,8038,10943,19297,7546,19019,15000,14931,5660,2641,3202,1822,4147,7753,4744,3684,5461,879
6092,3875,16302,6654,17568,16611,11921,11423,3196,17386,314,15974,5522,12259,14038,NA,13265,9835,13414,2037,19143,9279,12026,10599,11774,6893,9227,16169,15379,16291,13919,10708,4435,11216,1848,5401,19262,NA,9655,9363,17966,NA,5233,5291,3128,9930,15626,7716,3584,19577,760,3288,4138,325,9928,1700,10259,2604,NA,5471,11649,11676,11861,11326,11471,12033,14180,5218,18973,9989,10836,1227,15136,19725,15756
16537,10103,19397,19838,13277,1587,9706,1808,10022,8616,10321,85,18314,18592,83,15019,68,18662,8283,368,16543,3854,11793,NA,7060,4671,3361,2436,3450,6034,417,14205,NA,6777,NA,14661,18333,11360,18456,3876,1981,10876,571,12598,628,2380,11818,2436,7096,4124,5675,11774
3076,8666,17255,25,16663,12652,11464,12405,17760,536,9297,NA,3530,6843,14467,7298,9895,14533,16649,NA,9455,7820,1199,4363,7370,7121,16323,12009,19759,18999,5544,19412,401,11586,16382,7185,8789,NA,11195,2167,6329,1326,7701,10439,809,3179,4851,2857,206,5113,10943,7486,4884,17105,4011,3342,19383,15316,13753,4425,7881,5295,5680,2820,14198,13822,12302,184,7987,8386,8388
16739,17155,4001,12544,7702,12789,11044,18372,3842,7788,12804,16797,16044,18713,3505,7102,8680,6038,19875,NA,1585,7174,7738,12415,5816,18417,14912,16037,4341,10255,15110,1595,NA,18866,14460,17734,9778,6945,10388,3520,16809,14058
15345,710,1087,7919,5995,17291,3131,18124,14122,13990,13646,6198,19329,NA,19334,8485,19904,16475,16987,3151,12021,13407
5742,12362,18830,6068,19876,19149,7711,2948,17394,3217,8883,10856,NA,1005,16877,15788,9501,5006,7083,11893,15250,9953,4031,4058,2364,8248,8790,10593,9675,10811,NA,19705,15895,12309,NA,15179,9017,11764,7081,NA,16022,8657,15206,3904,2346,4711,4069,9799,1942,11972,7630,497
6428,13495,6452,16043,1530,13699,10524,14045,6146,18198,1755,6980,14548,6331,855,3570,18955,7220,14487,11489,2151,14580,13196,5525,5111,4314,12488,15519,4834,3312,7634,16030,11448,17466,13948,11257,NA,6850,9073,3858,208,8567,12542,864,6751,9358,7407,19403,14165,401,NA,16793,NA,10874,4433,NA,14529,10880,12180,3384,10102,8886,11501,16282,7168,3881,9893,NA,6150,12154,NA,14547,17899,8665,765,16126,1988,14256
11689,17908,8393,6328,2024,15346,4494,11986,14017,7329,17147,18968,5046,264,8512,16565,6417,8669,NA,14035,13662,12770,NA,7233,NA,10343,4440,1329,2019,11098,18058,1744,3381,11725,3530,NA,14915,2438,10670,4559,11638,NA,16156,18848,5184,18465,5117,12532
681,14489,13220,10102,3877,12117,15671,12519,10442,18914,16179,6690,14774,4619,13298,8157,144,16528,18547,5432,4962,17274,1949,15800,3802,13067,6422,NA,5871,16639,9783,10805,16176,2908,4401,2418,3595,2400,14729,2768
13748,11847,14545,10873,5237,15428,19282,4903,9916,10939,15425,9757,7588,158,NA,7200,18292,19271,19135,5422,19607,10638,3368,164,9502,8137,11340,5785,10825,9940,3347,9890
12580,4537,3266,10013,922,12167,3081,7232,13967,17630,4541,7010,6315,4018,19063,12015,14432,9532,9221,2312,15604,5800,17021,NA,3775,17620,10295,4246,10352,NA,1706,1307,14915,16024,4137,19954,19810,19731,16159,9373,11943,2465,16146,2067,6202,3838,12999,8135,12582
17239,15738,6211,18078,6911,15271,12232,10695,12810,5682,10905,2173,10272,23,6180,5902,6335,10611,966,18182,6488,19281,15462,18792,7982,1508,13106,2023,5970,14556,18373,9347,17627,19585,15877,1753,8648,NA,19136,2096,15511,9284,16770,12520,10117,13267,NA,16735,3168,2270,2018,2214,17450,1482,11661,16875,18637,16306,13775,18786,5768,17384
17203,14179,7152,13255,2791,19984,10920,14053,3302,16544,673,19270,10964,5813,8145,12432,693,5931,1558,9192,NA,15558,17301,9129,1574,NA,2007,10768,2656,3992,7234,9877,7087,12650,18001,2344,17254,14116,11514,12359,8545,15322,14827,1354,19321,13969,6598,NA,15732,19110,17797,11213,6603,7135,3869,7975,1186,17967,11090,15216,13482,3656,17635
1842,19522,16497,1340,13260,16813,16234,2500,6859,3980,13165,1484,10687,15295,19757,702,5203,12473,11225,15643,16127,13043,15151,11114,19978,8991,8038
13020,673,2880,17982,8546,2876,13205,7746,16852,8577,17121,12538,12224,7837,9507,9504,14277,7449,4424,14318,NA,12038,18204,NA,408,5844,NA,18934,18619,13009,7976,9881,2431,6777,5693,5897,12601,6750,16440,7488,3829,5041,NA,11039,12859,11779,9555,14464,13464,14989,9287,5696,NA,16783,19217,NA,8711,1613,2076,2473,13564,15081,10349,18173,9725,2584
695,6616,2535,1815,7445,14393,5844,14287,8427,2717,11936,NA,7148,14167,19568,15678,16447,7292,10247,6213,13865,10621,11433,14515,6157,15182,5078,17025,333,1577,9444,17209,6100,7746,16181,4220,7595,16460,15297,7342,10771,16840
582,14524,19223,1287,1937,15531,12847,14507,5878,17107,3264,13845,10905,17213,8888,1065,NA,8550,9059,2500,10103,12912,15241,8958,2398,6273
4648,18374,18420,6859,5244,16550,8919,6612,123,12056,7327,10267,11449,3397,879,195,5186,1297,11494,13502,15879,10061,NA,19832,14419,5305,9741,2225,19448,10787,2548,5800,14959,NA,7240,11232,13561,1466,41,14703,3039,6150,9460,434,NA,8625,721,2696,1234,11069,18145
1800,15733,6301,12450,4137,9187,13838,2375,2622,12202,18018,9122,18025,12533,2194,8982,4901,12367,7730,3028,10234,16143,11965,668,NA,17436,NA,13638,12625,14446,10694,6776,16448,18981,12496,5604,17816,945,5021,8204,9580,12035,7795,6074,16041,8845,NA,11752,3438,6166,5518,3650,12234,9418,14406,623,2307,1290,12453,19394,7453,17476,15789,913,1015,7098,7976,13840,3115,10767,17658
14114,15219,11087,8694,14048,2311,16860,18690,1370,14044,6635,16720,12957,16514,14418,7083,18881,2993,NA,14060,776,12097,10338,14037,7031,6371,5539,4640,11452,NA,8788,1320,NA,15361,8567,11759,4413,NA,8882,3215,9368,10274,4864,3522,810,NA,8227,13510,10223,3152,17474,6801,11439,14975,719,4360,7942,10420,17511,NA,18532,17356,683,14768,19068,8649,10761,1839,13882,8445
202,14277,19486,9804,11762,17756,17405,13257,18458,16793,15897,590,9899,6589,13984,NA,8727,2932,19064,13990,11568,3476,14727,14599,1891,5973,811,11272,13096,5912,18312,5697,17783,18557,2994,3007,3742,15877,18386,7666,12830,7430,10726,13223,6173,14693,16095,8412,1797,3927,1400,214,9687,382,11228,7630,2214,18838,18272,7270,8597,4869,6202,6576,15557,NA,3277,NA,17172,3800,7890,18691,336,3890,18104
3214,6052,12565,12396,11196,792,6152,11189,17443,14586,3659,893,NA,6965,592,18219,14829,9777,NA,14807,1580,18040,8244,1281,NA,2194,4079,16769,12030,6220,8498,3221,2104,1131,NA,12205,4413,6588,5739,7315,12131,10757,3572,13555,3716,7282,15312,6073,8888,15858,19438,5111,15976,NA,4112,NA,11303,NA,13914,8583,16962,10518,15948,7532,1207,11431,10028,8597,17513,16645
1276,13391,16239,10571,2317,741,6539,2919,14741,18478,6108,18397,NA,12872,1365,14232,18113,12831,17563,10646,13512,9221,10672,17711,NA,16330,4821,15658,3490,15912,19755,12298,4085,4264,11835,18341,9077,12384,3825,3048,18133
5078,15512,9277,603,3855,11366,3347,16932,19072,12306,5541,NA,1411,11923,17637,15437,8593,19832,16781,6451,1347,568,6989,3205,15537,NA,7593,8947,13897,9217,12110,14053,1208,15442,10816,19990,2990,9553,7798,6786,9647,10026,5703
16122,12807,15587,4063,15046,12195,15772,10150,18211,19169,3012,975,12115,8036,NA,7153,9631,18359,13006,9043,17119,12883,6998,NA,14044,7558,13528,3261,4618,15808,5676,13395,13856,1814,11968,4768,NA,960,14507,13967,NA,13002,2336,6255,14885,11841,10572,9523,5796,8670,2077,17369,9128,10835,10140,3928,6719,NA,6589,10546,17047,121,9765,2075,15887,NA,11256,11954,5142,13641,4919,17008,17116,2217
7958,2063,1226,2251,15071,16019,4076,19541,18195,19929,4292,16269,14324,9547,6521,18596,6991,13927,9872,NA,14384,13374,18923,13900,12054,344,12026,10938,6712,NA,19420,10775,14969,736,12386,9743,15347,8173,2160,9651,18052,6997,11725,7378,5876,8052,3439,365,6586,12503,18349,14509,9794,17292,9678,13325,12120,18419,17754,NA,19574,13079,5867,8303,13001,7690,NA,19769,2805,10987,13647,9713,17287,4948,10651,14584
5683,447,13564,6389,2926,3387,17014,6728,4775,11642,15409,287,332,8209,NA,2836,57,11033,14041,10409,4558,8186,2861,15130,2989,13327,13113,7112,16839,543,6226,11632
5954,2581,11258,1068,424,11568,3443,9169,19791,5798,14493,6993,4257,11144,4190,10494,7371,1773,646,11999,19228,6282,3988,9330,5743,15060,6664,5067,4014,6351,4306,NA,2293,11967,7569,17100,17833,70,9000,5500,15876,2624,5400,840,14695,17147,4616,11102,13145,9775,4948,18749
4655,8873,11970,2983,1020,15473,2420,3669,9387,8445,12209,7967,6138,1822,13968,5976,15949,4041,5010,1649,5772,11338,14899
17726,7827,13910,10937,13053,13675,6601,7899,3815,9526,672,2231,7886,17983,8049,1097,4383,5504,326,18593,2815,4845,3741,535,NA,106,18192,8887,14009,19540,3598,19030,9460,15429
7198,2724,18260,702,8293,15985,79,16819,16627,8254,19262,15595,9528,6578,17548,17467,10309,13592,9158,14805,14752,18449,6288,7972,14699,3842,18015,376,6815
7087,6827,14788,18279,12049,14261,14511,12552,18415,4562,7978,4998,19145,NA,18997,17201,1379,1303,9263,18460,1876,NA,10139,11828,8729,11501,14365,6200,16350,3940,18576,10041,4821,17295,4613,NA,4942,NA,5069,14165,13033,12816,16952,6534,5879,10611,13897,18893,7497,3019,NA,10533,10068,19777,15143,1717,11079,3458,5569,1777,NA,10031,9325,11426,395,2473,17927,15146,16397,5620,7506
11310,3612,15993,13763,16010,1075,18758,19320,15810,17096,10048,12798,2829,12377,NA,3646,18040,10134,3805,19960
7313,13737,10740,9773,15756,877,19383,1570,7311,15134,17616,13145,3039,18747,10638,2391,5678,6869,2038,4889,1449,17815,NA,17646,3325,18731,14419,6408,16605,1985,3997,7805,11350,10782,14534,6721
16344,4198,14377,8229,13738,18220,13123,10016,15684,1446,16520,15826,7368,8106,3424,NA,3951,6402,16730,6432,5327,7201,9584,NA,370,16427,4504,5089,2945,10842,17725,15740,14331,5563,4907,14593,15214,9428,NA,18817,13565,18749,7763,17055,16335,16042,15157
19706,19684,5921,14463,9565,18258,17042,10402,9815,18803,17642,NA,4801,1089,19452,11175,9822,17551,13512,14166,8730,19006,12709,14440,4385,9788,2046,8144,8517,NA,13331,NA,17844,13553,4806,19273,9810,2331
9149,1099,1786,2681,2416,9646,12218,6159,5048,9140,8546,6031,NA,1316,15676,4389,12190,12652,18931,1710,3906,NA,15977,18612,197,17247,5412,10746,12464,6877,16709,259,12939,2417,3218,4659,10090,17345
3835,18249,5597,18477,4641,14246,1630,10474,15633,1132,13326,18647,14292,5926,19282,15849,14766,15227,16440,4637,13759,NA,1362,13453,NA,17125,14789,2431,384,17152,4237,19167,NA,8935,15216,15326,8588,801,15996,NA,4115,5899,11222,17076,10552,8038,13357,19793,4957,19020,10422,19177,19403,7942,15650,18142,2478,9435,NA,17592,17437,19503,7026,12550,1931,5067,5771,14865,12775,15405,14271,NA,12463,18608,5183,13405,4170,13182,14231
12530,7834,19905,3355,4844,2773,17350,6525,16930,14076,9958,6890,3378,17221,1491,10362,NA,5274,4595,10432,2636,10430,18069,2605,3153,2125,NA,7995,6530,18559,15264,10047,NA,3792,17990,11397,1678,10133,15628,3752,8276,14411,7501,15576,3434,17887,2266,NA,16958,NA,7299,16339,12450,10562,5609,13005,1340,240,5945,18836,5991,NA,11070,13127,16607,8994,NA,9223,11490,18119,5797,7246
17186,6290,15123,12814,15602,10963,16926,19874,705,1641,19377,1503,9989,11870,588,15159,18171,1203,4933,7615,17212,11073,NA,4081,13287,10853,900,11639,12341,5280,600,NA,9316,1762,12116,3541,9363,15247,9206,17675,11710,15978,10669,10487,NA,18230,13374,13870,6259,1091,11331,11950,4806,NA,11482,13639,5044,6824,10039,8250,9754,17960,13267
8042,13631,3344,11319,13210,5576,6640,7176,4724,15281,6012,5067,10222,NA,2451,18770,15348,4110,10099,872,813,NA,16068,13146,15851,NA,14256,18896,15101,16796,16149,6212,18507
11346,8676,14026,10473,8448,8475,1106,4096,7928,1539,8085,NA,18224,9066,6125,6829,NA,15380,18825,7623,17706,8292,15558,5470,238,7730,7026,5116,NA,15133,13693,18667,7096,2902,13995,14081,8768,12599,297,13775,694,4173,8098,6111,1351,19717,NA,763,NA,127,2209,890,5536,10306,3288,458,17412,7121,8037,13903,NA,11036,7713,15616,18465,18956,9492,8323,4074,19898,16326,1339
2590,3180,1283,6189,2101,16440,7832,4096,13483,10480,13203,4801,2870,15744,950,NA,6106,13135,16098,11492,7495,1019,14550,11071,18672,10463,16244,1098,13628,6855,11873,NA,18060,4181,14945,12855,7726,9969,8964,19794,2716,NA,4493,10060,3584,1003,17028,16799,9822,NA,5761,4240,16504,12412,4731,11142,11928,2030,16620,7961,574,1628,6063,18727,7649,19653,18261,16264,6449,9322,254,7311,14892,16506,10613
14022,10110,6032,10655,4218,7195,10108,8901,5644,6216,8551,10597,1034,8484,1953,8227,13054,2784,8896,6523,15142
19424,8161,3755,19726,9221,2012,16136,6875,7388,18610,1946,8384,7905,11053,8570,NA,6581,17749,NA,8626,14254,1563,4421,7324,17808
17810,16424,3796,18201,12464,10260,8092,2086,7265,17449,10633,17102,16628,612,NA,15286,14253,16300,1874,12177,11683,3411,19003,4722,NA,11455,13745,19414,NA,14005,12205,10212,16626,382,19572,17458,12092,16219,15295,12204,13573,1251,2235,12969,17222,2130,4546,18217,7353,9206,9209,8045,15982,13848,13882,18826,8638,18459,14958,NA,8603,17843,16870,1528,16708,3072,14487,1398,2753,16528,4788,6206,15422,12729,7851,1796
5411,17764,12506,3443,17619,763,4953,13324,13628,12312,15567,NA,233,1014,1888,12621,19415,NA,2814,9806,NA,3308,19165,16863,434,129,8115,15633,18080,NA,4610,7719,18958,14899,18611,15556,8259,17828,19202,1125,7478,6113,8030,11448
14182,15590,3516,1805,8531,12874,14648,15834,19781,14377,1421,15741,NA,17781,10071,8377,19358,10737,12431,10557,3324,NA,3378,16700,NA,14161,5753,10619,8113,16689,12265,11507,15639,6934,19405,2606,11476,14579,2992,3188,13181
893,19010,17262,16291,14199,10763,923,1837,2634,8449,19927,2918,16983,15443,13597,8822,11102,2882,5741,NA,3518,8758,12101,12082,17918,4687,14460,4409,6254,6115,7851,15155,NA,17121,17389,14104,12100,6255,4740,5369,5814,17654,2089,1030,12532,12368,11434,213,91,4347,2328,1918,17038,6884,17848,6313,9648,13093,15427,NA,10652,17876,12966,13575,11909,11077,4328,15328,12706,9210,17232,6139
697,17292,7332,6355,12044,3832,13009,3134,18463,7501,9042,2595,7114,16602,18690,3145,8258,5478,15151,4685,269,17376,18576,3786,4291,18751,19873,5407,16604,17873,19880,5174,4344,6697,17107,11816
511,12561,3073,15757,10380,12903,2408,5239,18853,4745,4158,5006,114,15651,18957,13191,7874,6312,1032,13366,15543,7576,6179,17590,13669,19330,8338,12510,9399,6326,2692,18423,6810,12705,2945,13711,17603,6297,4658,10908,14724,NA,5515,1517,12795,10203,11220,15690,14377,18791,NA,16061,14279,10818,8098,18671,2112,7406,19840,8874
9126,15550,2089,12850,8774,11841,10876,2237,13137,17852,2173,18891,4347,1742,7643,807,7736,18234,NA,9343,19741,12027,14439,15448,13229,14631,6740,8583,17221,17528,16021,4037,13889,3572,14972,6230,NA,15625,275,16293,1857,19723,9804,2945,3176,10323,19857,15859,19996,5601,6187,18700,5340
15344,7847,8762,5974,13021,8480,6940,5368,13555,7452,18826,9336,18147,13987,18697,11769,9378,8988,3915,10904,2720
512,12937,8590,14168,9676,8470,12102,8284,11879,16397,9206,11842,10063,6980,NA,18541,8613,16816,604,7496,10390,14724,12884,13474,11140,5117,12899,1229,17031,16084,19549,5033
18866,13845,16284,6519,13646,3920,11111,10058,109,6493,17855,4022,17278,NA,10552,NA,1837,11228,441,87,8788,8158,7217,16998,13241,16941,18205,NA,1492,14735,6997,2743,8953,4526,3212,14987,13272,17708,18284,14625,5059,16839,15805,14222,18742,16085,8961,7602,19379,13623,18048,15350,16002,15676,17630,7073,2939,17321,56,12364,NA,2845,3575,16837,11636,2924,999,2481,16568,18028,11381
6577,6007,693,12788,3019,19183,16164,8355,3535,10705,19604,12528,NA,7840,6493,14778,1738,6795,926,13137,NA,7666,829,14371,14995,17581,12340,18075,6653,19797,6575,4962,15613,11359,2539,6572,335,12279,13703,113,8910,6698,6757,15805,17711
17550,14712,1987,9294,6965,19137,13936,15484,7863,16169,8717,10540,17910,18803,13954,7765,16494,13722,12297,2275,5710,18743,14483,1298,5784,19647,16933,13837,17138,NA,321,2570,11622,17603,7974,2084,7579,19116,5529,14370,19486,3575,2324,16351
15031,16653,16733,1750,15553,434,18344,11657,16328,506,16545,19414,11617,8746,11537,10678,14241,12096,15658,16061,18559,17362,16779,18516,1101,8132,1823,8290,1244,8307,NA,8046,344,998,16670,12363
7150,16475,10134,10462,15231,12057,9780,4956,14439,17109,2958,176,2304,11233,4500,1654,12077,15532,9534,NA,14712,18216,11516,15414,18037,12312,10099,16234,16265,NA,7983,10948,15061,7040,12102,16466,18376,12575,9147,9254,19069,9927,7882,19296,921,11673,5260,NA,7787,2059,7301,19124,17647,15839
7694,4428,4892,6153,13515,764,5045,6043,17928,19283,7566,11890,289,14518,9499,4797,3913,12958,15688,16856,16009,18634,17401,11705,NA,2967,16849,13402,8739,4895,NA,1608,14171,2033,2845,13924,6739,10748,NA,9432,18922,13537,16946,11770,10656,7501,17627,4745,14448,18697,NA,349,3985,16095,2283,7701,4288,9107,3749
19353,10529,9293,13520,7605,17475,3501,321,11805,5622,19619,17293,10467,7464,13965,11541,NA,1004,16766,8690,4174,NA,5486,16527,NA,15116,18445,13340,6576,NA,12562,17219,10582,13704,18470,17336,4279,7815,17113,4918,6423,689,12606,4552,862,12400,14527,4245,9031,7821,14653,13261,11996,11008,13733,NA,16574,11198,14880,12781,4605,10771,10726,7315,8122,10199,17630,9462,4863,11351,2484,18863,2834,13612,16536,3933,5858
19095,19027,19740,18121,915,18097,12444,9030,8040,16126,688,12742,15277,19798,18624,15493,1255,16573,10055,NA,15990,NA,8709,1079,222,5935,6691,4005,10823,826,10189,5291,16536,12850,19620,112,12148,13113,16316,71,15640,14229,16333,5186,17972,8580,1376,14884,15848,11000,19168,NA,5517,770,11599,8791,16016,5133,19538,525,18938,16785,15435,19826,1881,9490,15668,14601,NA,8696,9569,2137,15897,11800,4933
12890,17509,13724,16385,14590,8081,15865,17510,8726,6723,16976,15702,15737,15680,16902,14659,15354,19669,18720,8607,6471,15739,5222,9226,14672,2252,4768,10760,16140,4968,13100,1527,7399,15948,16310,18897,5389,7284,4975,230,4777,5593,9879,5377,2699,10411,17957,2815,5078,9297,3729,NA,16447,16143,13253,4935,11054,17933,3574,18286
17095,1981,17299,1189,19229,7732,3200,10804,5905,7335,8178,18211,7672,10476,12307,16232,11317,4037,16654,11491,13690,5912,9704,19199,4427,10925,9637,18390,2325,1297,13640,10704,8828,NA,15476,5832,NA,16504,15613,3996,14499,1912,5399
9602,4003,14906,9986,567,1887,18466,11135,12744,218,10314,NA,2643,7530,NA,9113,2169,19880,5304,19544,8675,16333,11653,2127,NA,1864,4568,18328,996,610,17720,4965,6462,16476,15692,7720,10137,12019,6024,5917,5418,7771,7571,6773,NA,603,16701,15857,18686,2010,4799,NA,16535,4532,10257,7070,10633
6722,12783,9178,13440,15187,1239,9575,4366,17174,12647,17068,17235,NA,16736,395,6026,13714,19305,NA,8156,17715,2147,15248,1200,16683,1660,10827
14560,7941,11970,17835,12910,7892,3488,7455,13181,19551,5934,11173,18451,13858,NA,18401,9076,12702,14556,9435,NA,13903,18616,14571,6852,9451,8363,9935,15126,13195,10963,NA,9648,14562,NA,19116,10505,70,12267,14073,NA,11128,16310,16995,15553,11425,8395,5011,3352,NA,3634,3418,8100,NA,9877,4174,19140,106,17840,10346,13628,1698,12626,10612,4481,1557,NA,13901,8977,19372,17495,13856,4312,12531
2309,1017,1488,4849,5606,9735,15477,7232,4956,17282,645,17171,16855,16630,1047,19079,4113,481,6637,12719,13817,14121,16714,756,15723,18963,3787,17878,NA,6452,9224,12412,14161,8955,280,1951,7460,1826,15439,12610,1410,18983,NA,10128,549,12780,1518,17152,7671,3337,6079,NA,12194,14220,19222,2363,11778,10731,16414,10669,3826,8580,17273
10469,9223,16402,11613,10253,13279,2942,7539,1523,289,4340,12226,15466,16700,13050,8408,11401,8546,5239,3429,19457,12396,7139,6983,12065,3265,1821,NA,4873,3423,19625,NA,15889,16920,3264,2201,11926,5858,19682,12880,18194,8079,2076,1356,18637,6425,12493,12346,9226,4359,5605,3996,9839,3795,19685,16332,6651,11271,9199,13151,18160,11926,14591,15109,16715,6779,14969,13087,13551,3513,9055,1578,18270
19933,7840,10110,2468,14356,16718,16471,3553,13270,4664,83,9648,8194,6693,18975,16312,15881,17018,15793,612,9726,12905,17076,3176,18793,7461,12318,13157,8796,19209,5913,5582,1040,1682,NA,10095,9696,3421,6267,16137,1251,7090,16747,7404,17497,5092,15269,12568,4926,4452,13321,16850,7424,8918,14028,1006,11378,15185,14963,NA,10121,11789,8091,8956,12766,12952,8775
