17425,17509,3529,12521,14564,9944,9258,6770,7983,7723,10155,3142,17066,2233,10771,13055,8870,11500,6970,2886,16736,NA,4470,9853,6275,15602,2148,13253,19635,NA,5929,11611,2282,12811,1653,18250,11158,4492,14079,8804
11077,9251,16464,11649,12887,878,14621,1571,15596,6572,10544,6925,19345,NA,6648,3739,4532,12248,14938,805,6201,14281,17338,2512,11277,2837
4566,7576,5456,17671,18703,18207,2513,16087,5047,17191,19064,17146,19008,6251,13589,7579,1851,8095,12912,738,641,16897,1865,13196,9922,NA,14928,19457,8824,3570,1002,19190,7480,17138,14364,NA,1071,NA,83,12366,4603,2835,15404,9187,17956,10710,4243,8164,14999,14981,17027,2030
13393,995,9090,4392,18424,4439,17648,16416,9631,15149,2560,5477,11451,3466,13118,14071,NA,3286,7592,7270,11014,4381,16097,13314,18214,5657,11110,13802,8124,5930,13415,264,8681,1530,289,6860,14377,12597,8937,15785,14669,14021,13955
11485,8638,12652,1953,6892,10305,11630,8635,10739,7170,15899,8504,NA,7450,11987,18042,13646,7662,9025,16611,NA,12078,NA,4245,4683,16213,7366,10897,NA,18140,11289,6591,8433,15619,1349,10943,1596,17152,5197,9941,7488,6189
16315,10092,6800,19979,12205,12575,15367,3418,2105,30,1340,10429,13894,NA,11267,6909,13135,7783,17162,1543,9079,17435,8315,1516,6008,3557,11002,13165,NA,15602,13178,9199,2030,6940,16242,8085,3981,NA,896,13968,15599,11813,4109,19306,19960,17402,1867,17577,17745,NA,16314,15565,9544,13008,7137,5536,19436,NA,6923,11029,7146,11653,17904,294,19557,9424
11651,10951,13065,13356,9084,8396,405,16277,4032,12344,16385,2535,4133,19453,17837,6636,1307,11675,10711,16140,6874
16281,6509,16945,15448,11625,17914,17763,14586,10947,10661,18981,17240,11787,8497,372,5115,12089,895,15656,17615,13316,NA,5095,13114,15344,8063,10879,17494,15446,17064,3614,12975,17380,17107,4275,1626,1283,9724,6371,3087,13070,11185,11329,10608,10625,19033,8758,6790,17888,13024
9921,13338,1608,19253,7606,4677,8919,5048,11433,6355,16523,NA,977,14704,860,14310,19060,5104,NA,17354,2217,14027,13209,10817,9633,NA,3166,12197,12979,NA,1636,793,2254,11654,9776,7841,16611,1031,15619,2083,5652,10070,18319
17710,10116,5835,16400,1970,2164,7724,3811,11161,5508,7875,13687,NA,1984,10427,4295,15548,NA,5997,NA,9303,5288,19752,4210,4815,5208
1774,17480,11462,11328,14801,16635,2798,11853,15283,10559,18397,17712,19150,13073,17104,2812,6560,5114,15017,14244,19061,14186,10406,12100,7262,19541,7318,NA,17166,1977,10926,5884,18156,14944,13990,6631,13442,1676,12969,16303,8552,4846
7858,11202,881,10702,17275,16207,5038,8631,1704,19295,15563,NA,11705,6478,70,16528,14280,15970,NA,9157,8645,6621,9281,18621,8472,5448,13525,4732,16720,829,13713,9550,17185,8737,7710,339,3323,7729,13204,13815,8850,9850,3988,18981,1984,6558,14917,10820,14997,8443,642,10810,NA,18578,1815,13402,19258,17660,4498,12335,11704,6993,3602,17529,NA,13703,8259,NA,10589,NA,10790,17944,3145,14844,1536,3707,11806,10127
13724,7253,4882,13024,12936,14864,3498,15988,12204,12560,6221,NA,2829,17456,15973,NA,14760,16647,9408,11644,11003,3791,616,16428
10008,11949,1219,16327,5220,16034,899,9930,2594,9408,17909,8571,1972,19693,18939,NA,18248,1740,2492,6288,17588,2014,10964,12704,18252,NA,3965,471,8728,16198,6163
13480,9166,4652,6749,11212,18867,12349,14909,17052,8768,1848,19380,15103,10599,18475,3389,13474,NA,7643,NA,3761,NA,14818,3752,6900,5452,9986,4931,7645,259,14984,6030,11468,1293,618,5843,12519,8028,7620,4942,14610,6901
17505,14873,10843,19867,4943,11086,4894,6788,6822,2321,16165,13189,NA,700,13266,NA,273,NA,16916,13287,10867,2691,13460,7016,3519,9879,NA,6164,11330,2811,14364,3735,3657,NA,15422,766,7381,NA,19765,9455,17382,19419,12633,8554,57,863,16991,1701,10298,5586,3408,19532,5515,15952
9864,1665,16758,18174,15020,16191,7018,18374,12633,16403,11974,2119,12108,10559,NA,2128,16326,6553,15952,3061,5790,5030,11492,5528
8361,3234,8878,4694,17292,748,17528,1590,19726,13947,12669,4379,736,5620,16523,185,15597,6709,16865,16737,8347,4942,2135,12080,NA,7977,17986,NA,17778,3668,4817,NA,9106,3239,18822,4452,5546,NA,18590,3898,4958,7036,15453,13188,7884,3044,434,NA,2429,18233,11377,16928,2172
197,16833,15512,11739,14799,9342,3078,17325,11230,19844,15973,12891,3397,3347,12950,NA,7012,18285,15472,1497,9848,19585,7969,18588,11729,778,5281,16857,12596
3153,3097,14737,1847,716,9136,18048,4658,14174,18229,13598,12035,16436,19737,4375,17469,12632,1474,NA,16534,720,14282,1152,NA,13062,2486,537,3505,890,16840,8791,4137,18746,14297,3190,3428,17105,NA,16178,16845,12593,11446,8279,3184,5074,9405,1939,NA,9185,NA,8708,8639,3215,16544,12285,11124,15236,806,19288,17771,17740,4488,16779,14411,13696,1385,NA,18712,8354,7977,2350,1646,16008,17835,2008,1721,4375,3263
10845,16571,12057,6692,11030,1977,4958,5036,12318,17793,14360,14249,14823,15485,12676,NA,8436,5826,12114,8608,NA,13967,10139,17941,5675,7439,6976,5072,4060,1100,11822,NA,17812,5851,16133,1634,12409,NA,18590,NA,4434,11658,18752,NA,14825,10100,7105,11875,NA,14529,16791,2121,9539,15791,1591,12490,13157,5457,12651,3981,19107,18340,17948,11137,4685,11712,3474,2027,6867,5156,10200,4456,8642,11759,2758,1654,15370,15902,9423
7475,12334,17779,1082,19801,7715,3729,16122,14775,9620,6238,1983,6976,15418,290,NA,13490,18327,12913,5839,11677,11224,16839,8107,1872,17655,8587,14672,18646,16300,13387,NA,6731,2671,5995,2753,2341,11204,6748,6972,14678,NA,0,3894,19925,10067,1591,12454,19957,NA,2022,19105,6920,6381,2992
9964,15771,7458,2813,6549,14483,17712,13113,17740,12553,11981,9636,17597,9518,15349,4640,2051,18185,19007,7453,13999,12731,1406,16330,13234,4372,9113,11746
16358,16294,862,18047,15956,19,11418,14717,16082,17080,11615,9566,15612,9407,NA,4966,12888,4793,5973,4802,1198,NA,9414,17675,9897,3111,7399,12343,NA,7595,18109,NA,2656,4483,6813,12832,16414,NA,2652,9375,5094,13859,NA,18440,NA,9762,4310,15316,15077,4700,13841,3112,12509,19011,11928,11899,6688,2932
1568,504,3748,432,16708,13277,13496,16200,15560,800,14747,14063,17881,1927,5402,18031,18770,19913,10172,10950,13602,11423,16463,5876,1955,6866,14946,9441,9893,10930,18505,9485,6869,4744,7450,11056,515,2041,2857,2395,10147,18854,19156,NA,12529,9891,13984,NA,2525,9345,4998,17978,NA,15786,14052,3124,NA,6457,NA,9715,8938,17605,19976,17604,3394,11712,5451,9179,5566
15555,9884,9853,12368,998,11768,518,1642,5028,6175,14732,6507,8228,NA,19912,14851,2210,12265,5644,14144,19115,NA,5472,11871,5955,6941,11890,16783,16719,2183,200,15692,584,1023,14459,10790,10458,16748,9830,1695,7113,9505,2569,10257,14943,9809,2562,677,8200,5455,7946,16411,2242,8428,8392,544
1532,9664,13287,19020,8664,12849,12662,10380,9814,17366,10033,7547,870,18109,NA,13303,10325,17476,5166,15629,NA,11086,5002,NA,14136,4921,17431,NA,13054,16819,12032,15314,12885,8972,NA,9273,5131,14900,NA,4710,11468,13991,12889,11632,7889,NA,11474,NA,15020,132,18957,6423,NA,1275,8904,11603,16282,18929,1888,10633,6100,NA,14229,17781,4010,4613,12229,5485,13915,15570,654,12008,4173,12891,5040,2140,10176,12059
12074,1789,2258,10667,7398,11398,12085,11161,14954,19777,17678,14806,14694,1442,14289,2343,13317,NA,11652,10573,873,19415,4361,15443,3643,14222,19837,3216,19397,15366,3779,NA,3012,19930,1888,17434,18861,7574,8011,5779,514,10490,8903,9183,4914,12082
5821,14194,899,14893,2570,6656,775,17904,6729,18871,1180,3816,6906,52,NA,16631,14415,6709,9856,2575,930,8998,6274,18995,NA,13118,4926,8924,10371,13805,640,16436,9785,445,7588,9731,8684,12734,NA,1994,18234,18527,5379,17178,1379,13236,NA,11256,8414,6938,7236,10031,17011,498,6613,14479,11049,13536,6810,4926,8117,1619,NA,278,4193,13378,17794,7435,NA,161,19776,2962,2743,327,12601,9991,14259,3417
7989,6349,13194,15390,8835,12799,8313,5499,9295,1806,17844,11465,15616,NA,4049,3594,4088,3816,5950,19900,14138,2669,10484,18506,16905,9864,16835,3718,16954,4757,10344,17650,18939,1087,2250,1855,16942,2880
15501,19167,3243,18811,16998,4609,17979,1746,17653,8367,4275,1725,8546,5780,13077,16208,9625,NA,17044,18062,NA,14103,NA,553,17181,17270,4306,12477
869,6275,11933,14239,9697,19651,13837,7990,13506,9439,2079,18716,10752,NA,2343,1010,NA,903,6620,17204,16881,4809,2260,10501,2636,17685,4769,7032,16807,12535,2413,16984,19353,9025,19053,19007,12940,1914,17371,1531,7367,10603,15733,16176
18406,11679,15667,5265,13359,11600,18727,1682,12566,7987,12323,384,16648,15451,NA,11152,19257,18273,642,8098,14306,4956,774,17747,12352,4759,1459,13842,7294,19618,5877,4658,NA,3984,1611,2296,4884,17572,17162,2666,2084,5421,3283,14322,12883,16436,6598,2708,3392
7247,17819,4638,6249,459,8984,3932,16687,3553,16740,16653,16908,18146,1549,7919,9943,11578,16405,13339,16934,3590,7697,16597,1924,7757,13566,4863,NA,16991,1747,5469,8485,4713,4328,8312,16742,16189,19752,NA,12699,15602,700,19143,7571,18832,NA,4696,3195,11151,8375,15524,12422,17249,13508,17968,15747,11716,1377,12386,NA,9349,8718,6846,16026,NA,4151,12368,14391,8914,2983,12023
12227,4661,1107,12992,13913,6674,6855,4116,11646,9530,14159,11785,13414,5067,11382,19441,1175,19033,6718,2352,17966,3573,8662,2075,16348,4288,13539,16399,17697,9348,9845,NA,10773,7826,13092,18469,7955,5371,13971,10164,4563,19388,12338,NA,3813,NA,6935,1839,3949,6580,8157,17685,15603,344,13383,NA,13513,16568,5077,NA,5305,9784,14548,5403,19190,NA,13881,NA,15662,16426,19327,NA,5851,2411,18454,14214,2667
16118,18113,15599,17104,11994,7867,7329,19735,10267,7264,10646,10507,NA,1797,14783,8724,19916,18808,7110,13312,12768,5534,10881,19337,15401,4335,NA,1228,9902,19792,5502,6742,7030
13524,9656,6691,1069,12104,12310,13743,2734,7207,11979,12116,14182,19028,2393,NA,10958,5719,18609,5807,9837,NA,19464,5285,NA,15563,9834,NA,157,3739,3297,18390,18059,12001,7123,NA,1491,NA,12620,18023,2980,1552,5229,5957,7701,12427,10370,12099,11329,10138,3323,12022,12042,19795,164,5890,3693,2135,15574,16738,5277,16951,13239,12961,12703,6037,18632,8811,19188
2526,298,13365,146,10230,6575,1085,4994,15183,14993,6598,7936,12214,3616,NA,7844,11894,8983,4802,16909,13245,3417,11464,7003,7972,10185,NA,4999,6813,5123,14972,8379,11121
6300,4386,15566,14911,3594,3697,19217,5229,16434,7901,11644,12668,13118,18481,634,15789,17889,4406,18766,18912,3754,3717,13407,10224,19500,4222,15245,19893,10205,6140,40,3175,5335,17518,1988,14217,10721,3668,8880,NA,9001,NA,16515,19374,2860,6646,NA,15103,3247,6969,9238,9775,11147,12783,17935,NA,15242,9752,13628,6068,NA,418,18659,4217,9208,7966,16871
6521,16600,2517,10776,9653,7892,11898,6816,4274,3973,2523,8314,9383,7952,17788,8220,8179,12201,13051,15041,18871,3154,2956,6214,2001,1936,12520,12444,6276,12615,3386,6917,16965,14589,18658,9172,12270,14795,10511
9075,9255,12742,445,9559,16661,5917,11091,8500,19763,18955,17271,12773,5127,15165,481,NA,14057,2989,7752,NA,10539,14548,15487,19563,18840,4104,16571,16387,NA,7908,15505,7330,14599,18513,4185,NA,2740,8857,NA,13721,3563,NA,7031,9452,9467,7857,1582,8972,19758,14741,NA,10330,9054,18205,17950,15469
3289,14994,8596,19374,16748,8025,9131,13543,17417,16670,16741,18535,9825,1680,3078,18766,10495,10214,11768,12911,14163,17429,4751,9201
8264,11463,2422,2408,16265,17556,18180,397,2678,5251,16142,7201,16781,14700,19526,NA,9490,9687,2308,8602,5092,4504,12116,17711,2661,15352,13614,5866,8035,NA,14758,14759,11957,5065,3166,12329,3777,9153
9947,4879,4823,8239,10273,9938,1803,9034,19790,9831,5252,7009,7931,17106,12341,1846,NA,5444,NA,10162,17733,5322,NA,7971,12259,15694,3267,19008,16877,18537,18084,1369,10627,10848,11231,9531,19679,2886,12470,3638
3680,17446,19768,15205,11,2642,18710,6405,6129,3165,13126,14243,1226,19303,14246,19634,9657,NA,11095,4851,5552,NA,11410,NA,10170,12543,772,14542,8326,10586,10936,10805,7737,NA,1849,10596,11646,12601,3673,11382,15594,16404,15998,NA,17592,12945,11124,4057,8105,11698
13190,13622,18211,10749,17827,10588,6779,19452,17632,9347,4713,NA,1432,1018,1521,15815,8087,14907,NA,11209,NA,240,17066,11627,397,9027,14742,4410,8556,18892,17277,11246,NA,11102,14579,10123,14393,NA,2958,NA,10274,18000,11213,18034,13183,6088,3267,5933,3534,9877,3758,12315,5293,16190,5404,11900
5342,3995,6770,288,14156,16901,3131,6126,11510,1396,6035,16094,NA,16108,11810,11984,2389,17772,12130,17441,NA,14411,12362,NA,15609,19332,11867,17139,13984,14634,17438,4040,3613,993,7875,1313,NA,8705,6206,4654,10049,12050,17537
17867,18974,10583,10924,2287,15318,19462,4799,2474,16611,7820,16932,17219,17045,5822,19622,2040,11166,5349,1378,2617,2498,4590,3724,11311,19328,354,18370,9491,12475,755,1392,4980,15988,8588,10000,NA,19094,14074,15752,8091,11879
3730,7601,2439,990,14773,11612,1695,17149,17051,3061,15224,12246,NA,3226,13632,661,18295,16582,17548,7946,14245,4091,17112,NA,5701,1172,7111,NA,3883,18852,10985,14123,4574,4912,11048,NA,19996,12633,6250,5229,2747,18017,17648,15374,8299,2415,10242,4003,5421,16357,19945,NA,16517,18825,15263,17241,12399
5882,5257,18698,17215,19002,5976,14044,13720,17157,14526,17519,5595,5795,19805,7392,18830,1640,4356,12724,4119,17505,14445,9496,7084,NA,16801,15398,7478,6229,9466,4473,5106,6817,6049,18788,18895,18136,3508,NA,12951,2324,8054,13149,6551,11270,13760,17962,12652,NA,9928,12725,4121,17797,12814,15366,4779,4665,17711,6076,19790,7782,14544,13391,4662,12201,5303,4464,NA,15178,2669,17930,18166,9420,777,6153
12405,17966,9733,8162,5402,1535,12215,7754,9417,12091,11232,2841,7824,1497,19041,8451,NA,11083,9538,12326,3159,19120,5140,3385,19899,12076
2395,17096,14678,15144,10891,1172,523,14035,19200,4266,8392,1923,3073,8705,17020,16328,13249,9697,2412,NA,9827,6774,12894,3068,14548
10289,15618,199,19890,6762,5960,8168,4047,17098,18644,5687,16436,13718,18917,17199,17848,9615,69,11599,16333,10848,7949,6024,14582,2335,9930,19468,19512
16457,8406,4863,7403,6979,12063,3560,6817,5910,14408,12741,15721,1194,19260,6021,17120,8487,5176,8255,5496,19400,5236,16796,2676,NA,2453,10463,14073,NA,12516,4797,12053,17914,8087,3752,12810,13016,8793,4895,15964,19524,3186,19654,11127,15978
8842,19281,4136,4124,9312,6672,2024,1506,3124,16075,11187,14722,7308,NA,7118,7943,19622,5885,17764,9418,1881,19865,3584,14610,18731,2393,19393,6564,6462,7584,10353
7043,19610,1781,11827,4239,5816,6601,10061,16907,2243,15448,17384,19271,NA,16499,15953,10060,13476,2881,16979,15812,14888,16560,9902,5387,10035,5741,12542,322,2416,11824,9458,6863,9313,6372,7101,NA,12493,16594,16002,5322,NA,16798,7587,7229,9280,17694,3080,8464,18882,NA,3470,13143,8096,10616,11982,19096,15701,1838,13891,NA,4158,15401,17459,14530,NA,18834,18871,12983,17799,16659,15006,14070,784,4266
8101,19023,16110,2907,15180,14519,18656,128,8872,669,4842,5964,3440,2949,15336,3148,5127,NA,6152,7582,16307,12907,7783,7818,2520,18220,13016
8021,6151,1348,12105,7752,18576,19509,10365,14269,760,757,18097,1023,NA,3907,1557,2165,15823,461,16769,8772,4864,906,NA,9541,8110,16299,19644,9422
3317,12958,8641,7970,14506,1642,8817,19058,5088,10412,3260,7534,18171,19085,2736,6669,11801,18242,2216,NA,5396,17974,5653,5702,14148,17705,3294,6939,9921,13347,NA,14871,1445,2858,17866,17467,7663,1364,7932,5684,NA,14492,9065,15789,11485,17276,7924,13707,11436,17925,9725,19250,1162,9179,9794,2271,19657
17463,11075,1936,1097,9826,8297,8661,6829,11128,3167,881,NA,4923,17734,14230,13067,4672,10217,15889,9709,15237,19465,13248,15181,17541,2036,9029,19848,12352,18154,5262,4636,5077,6996,4863,4994,7089,19249,6223,5581,NA,17206,NA,537,19988,7102,13952,16982,4144,6996,374,15096,NA,4193,19264,NA,15128,13658,8203,12176,8651,7170,15163,NA,8753,14822,13762,3647,3294,6853,19298,13643,6878,5360
2578,19533,19742,174,11625,6298,12480,8504,16385,3232,17304,4041,3735,NA,11055,5827,18910,NA,16224,NA,5537,NA,19936,17089,19316,9690,2831,19025,14431,16086,5259
15020,10214,2601,17486,14258,19057,16279,15119,13125,4833,9084,16347,1072,5347,7022,17247,7738,4963,12064,7376,17132,16424,14070,7012,9566,10914,3239,1013,NA,16587,2202,8487,13754,7917,NA,17317,NA,8882,9811,19965,6504,6967,17271
18319,422,15440,18034,7189,9201,11623,18252,14618,5464,8546,10144,276,11994,9055,5651,8504,5215,5025,18514,6130,5953,NA,17393,16903,2293,1698,11729,14085,3663,8513,18136,16442,NA,18817,4782,10107,18543,9572,11784,850,15047,6068,2504,NA,3066,1636,10309,8017,11591,11782,10456,5964,7022,6646,14682,13402,12075,1858,837,304,4734,NA,3709,5173,13450,61,NA,15469,NA,5987,11741,NA,7511,14690,12185,19625,9807,19549
13755,8763,7108,8174,12580,935,5562,12296,17208,10173,12363,15315,9468,3283,8657,7064,8344,14815,9479,2338,18629,3587,7388,9735,3043,17249,19480,19261,16042,15937,19547,NA,346,9037,4449,2817,5829,3262,8202,5059,15409,8539
18918,9689,9834,10358,15268,10706,5982,3071,9692,8728,12792,16403,5627,9201,2150,1696,8991,13049,19746,10360,14927,4790,10129,2742,18339,2086,3488,NA,17739,NA,16706,4912,13275,5038,2885,12241,9509,2766,13910,15845
13291,14340,19495,7474,16877,10557,10799,19222,16687,985,3230,13565,12822,NA,8690,13423,11831,5326,13810,19122,16338,8278,12521,2725,4842,9004,12259,5789,18935,7092,407,14261,12787,9465,16587,2757,1023,14373,9578,5277,12529,NA,6246,NA,2916,16260,2604,2406,9529,14168,1108,11867,5682,4807,12138,9078,11975,13058,19475,NA,19306,5008,15537,2142,4952,11513,8713,13129,14175,5922,15538,7180,17115,18318,7493,15859,15559,18139,13654
5733,18072,1915,9118,6948,1367,12799,14362,1603,10693,9370,3765,12863,4756,14968,454,3892,7379,8100,10870,2518,1919,11883,14914,18445,NA,18017,51,1450,11068,NA,2646,8496,3708,7894,NA,12775,NA,12952,13576,11048,8826,5483,12871,2292,9853
14031,6995,11025,11510,4128,12863,11909,2422,2652,10344,8635,18929,15339,8583,1349,7354,14002,5020,16619,4650,19162,2288,19229,12684,3878,17214,18906,13471,161,9250,16744,6896,1018,16128,17768
