19892,10923,16753,18376,2637,17234,13290,5915,9887,17470,5214,17910,9929,3167,2625,2512,337,9466,19061,10469,6284,12496,7092,NA,7080,NA,7369,NA,7549,3189,3477,773,15765,16049,17090,4795,11307,8890,3650,8705,18721,5005,3399,NA,2454,15996,5904,NA,15587,2228,17410,17122,6334,3779,11814,7992
1165,3703,11909,13056,9114,15049,17863,806,14018,3792,8431,11453,9209,4874,7868,17575,15763,19247,2173,8207,14953,7362,50,10892,16522,236,3885,1851,11065,NA,1085,5896,11411,14444,19196,11423,10615,8673
6786,17755,481,579,11759,17113,2077,17989,5209,16652,18135,8998,17856,7190,785,1287,1961,3663,9456,3504,10291,9238,2299,11009,17438,15890,14128,5204,4168,13361,16717,2543,13221,18902,19291,19877,19923,6058,5501,14564,501,6078,4416,8115,14153,10865,15599,1010,NA,16575,987,11674,14346,15262,4717,4227,950,7996,14829,NA,615,6921,13275,NA,420,17757,4251,6901,13022,14394,3948,6594,7362
7814,19015,13370,17550,9801,11754,15890,11509,13028,5539,2137,2597,11158,14621,NA,5962,12506,19697,1637,19498,11027,3529,12112,3218,5746,13317,14326,2044,7721,8079,3342,14907,18606,524,3764,17117,6877,14805,NA,5173,2878,4816,9836,17614,5440,19968,17021,12599,15323,10473,1484,19000
12465,7687,12398,2974,10979,1054,1316,13978,4816,14499,913,12312,3492,12780,19499,7411,7058,17871,2206,8165,4670,18395,8833,9858,9679,1180,9700,16416,3614,6948,10052,NA,3218,4460,14742,9352,NA,3285,14662,NA,16307,7248,16865,4786,697,10952,5261,13845,3394,18724,5692,NA,14780,8752,13235,19553,17991,8072,1922,14637
136,14987,8913,8186,2003,12235,10244,16409,14175,12905,15971,15956,17718,10532,16420,3218,19373,15750,149,3118,4850,18038,NA,4477,10953,7618,NA,6421,15431,1190,4820,8344,NA,17989,4200,14239,7244,18170,15522,200,83,12222,11332,NA,3490,17087,19194,9059,15973,2323,14904,11707,4506
14159,3340,3713,13581,15058,7508,1023,11843,11418,11657,10958,19546,15775,9806,18563,10552,12379,4577,NA,8026,407,NA,16659,19307,19095,5662,6456,6936,18004,10095,1166,8073,12041,13500,6289,19393,19447,19506,NA,14835,98,4242,6368,2982,10515,6950,15793,13565,19662,2976,8127,582,12987,17708,1586,12835,5364,11117,16758,15742,6216,6994,5891
15778,2662,19669,11750,4372,8108,11690,3131,18234,9315,11363,12340,9967,4362,19606,11362,13299,NA,18368,19105,16941,12589,8764,8303,16674,18658,10305,16870,4599,9200,4267,3510,5964,NA,17649,2000,10673,12113,11701,6479,14006,12335,13398,19002,18715,10588,4190
17230,2819,13360,4886,12016,7346,4841,6169,13243,1549,13426,2856,3212,6504,2909,17757,7885,19919,14066,3682,3042,707,263,10189,17271,13896,NA,11066,4271,NA,16583,204,6426,14545,11861,18608,407,15915,9508,17273,1577,17851,7824,8310,16437,24,6625,14477
15045,7764,4310,16564,6067,6885,1327,4427,12797,10554,2357,17255,11677,11601,NA,19192,13433,8428,8607,13874,14115,10360,15742,9155,354,5489,8260,NA,8691,13229,19528,13989,15618,1424,2153,1223,15933,16337,12533,14680,10350,9191
17500,16890,2562,107,14149,18761,924,3720,9363,11134,1495,12490,15424,10269,505,1046,17515,NA,727,9293,11092,13894,759,17257,10850,10288,11265,17851,13142,5335,11775,18381,3889,8166,15444,9249
17056,18385,19214,2276,9094,15233,6592,9923,738,18809,13863,17414,19333,1855,15457,2225,8741,2443,17734,2087,8102,10349,5027,12674,723,5185,17377,12380,9789,16802,13619,2594,1318,14259,NA,8956,19470,8019,10607,NA,5109,13871,18694,2670,17840,5165,484,3733,17482,13540,13910,6981,18109,12098,8620,5827,12763,4699,10411,5275
15871,4481,8083,1233,674,4604,9972,12335,12359,11269,14930,1111,16486,3799,12670,15445,13069,9510,4755,4806,4186,3266,6980,NA,17932,14667,4381,12180,NA,6778,130,7364,NA,1563,12650,17947,5171,4665,9350,18542,17300,5292
17973,9082,10533,12232,6391,1325,5282,975,5627,17910,6737,4340,19105,13078,14637,7794,19396,2416,18399,7757,16906,13801,12450,8758,13191,2508,12545,11225,8031,18756,6738
13262,8673,17471,17848,5343,2938,10172,1690,6806,6435,12274,664,8740,NA,4376,NA,17295,18595,3645,15104,3494,14232,12922,5607,2601,8506,19653,612,15541,169,14509,17369,17114,19719,18750,5652,13471,267,7210,3184,12648,11377,5116,14280,18086,7191,15755,NA,14101,18654,18341,19892,13557,NA,16388,18798,8077,16152,3230,11411,NA,4286,13470,NA,9122,16842,16968,3198,11718
7426,14396,18744,19763,7517,3446,8702,7628,17418,9993,1415,3981,14491,2640,16753,7257,NA,15018,11456,17658,2194,8163,16705,19507,13867,11916,11914,12385,10882
2351,10238,19090,1121,14585,9086,5728,8538,17604,11787,11266,14174,NA,198,15251,NA,11144,3713,5866,13288,18272,10501,11502,14857,8287,12691,15375,2890
16968,1365,6977,1721,14638,11512,7823,534,2701,2601,13238,166,NA,13423,4969,16554,NA,984,10895,7288,NA,14676,5950,5582,8081,1545,11528,16907,6666,16814,17054,19567,9642
5250,16276,9339,2320,3169,6890,1529,15192,15623,5864,4066,19185,4465,NA,10597,4937,19682,NA,14903,14160,3368,4485,10050,2585,19514,8284,10127,6513,6188,2020,NA,14691,3664,11275,NA,17844,17900,12851,209,5303,827,4181
2923,11315,13289,13572,11836,16250,19893,415,509,3787,18697,10869,18090,4107,14717,2272,9349,17155,3210,6262,7810,11058,NA,5405,18489,11748,1332,3561,809,NA,3967,11091,14807,5739,16048,47,14510,13589,17936,3923,10237,19123,789,5934,5312,8917,14181,1610,2115,15815,9628,5100,10836,16296,13773,13217,243,12298,1248,60,5338
1925,12162,19174,18556,2145,5042,11379,18614,5232,15410,16083,18297,4059,12197,NA,5787,4692,19676,8747,NA,1437,NA,43,18207,5400,1332,2873,14214,10300,13102,17112,18139,18820,15117,4750,10005,NA,1230,10091,6761,860,8599,11939,10423,11040,NA,3720,NA,3581,12460,15314,2796,11031,11040,12809,5930,8833,17855,1816,5779,5183,9864,10324,2763,7544,2045,6368,5260
3074,830,16535,3202,5605,17664,16061,4640,19790,4164,9808,555,5688,16187,NA,18303,374,9726,2295,13240,15228,1402,14473,6774,13154,12724,11363,4576,16505,14939,18296
3922,4281,14266,17024,4690,15784,10077,2490,13375,5383,2583,4144,18156,6128,19224,17936,13691,16602,10564,8106,4694,NA,5337,9430,16177,6153,NA,15439,10045,15122,18858,9,5899,7270,57,19170,18279,6938,1326,12881,11223,14823,8136,5017,10414,1886,18552,3179,3742,1222,5099,15274,5810,18683,18184,2217,8834,15545,11770,7746,2793,6562,19097,989,180,13785,5389
17409,17384,17738,7526,2098,14731,17291,5097,12390,5989,7651,4574,9744,19937,1642,15155,4794,10563,5372,NA,13498,205,13722,13582,13703,12084,992,9724,11675,5482,17131
13451,9391,15311,17385,9910,12587,2889,16994,9328,341,12174,18090,5973,10304,14717,5097,NA,5116,3832,8033,7101,16340,19556,1956,16663,11084,NA,464,NA,19597,15362,17056,1657,13630,9051,13402,NA,18958,9122,36,8035,14895,18599,15807,10348,4362,NA,18710,10453,7783,1927,6619
12159,36,16644,15916,18117,19253,19998,602,12951,4919,10262,8352,19085,10343,2477,15798,15399,10643,12415,5910,NA,4733,15195,10709,13273,7946,18662,4090,11584
11575,15623,19154,3287,18568,9808,17360,10951,16848,15407,12957,5485,5346,3616,6736,663,55,NA,12483,18604,13541,13476,3180,1135,1445,1327,386
964,9016,20,6999,5958,13327,9,14132,5620,3886,10427,13685,8067,18851,13991,9012,17644,8936,2121,13308,12330,4712,959,8487,5606,1082,18116,18934,6865,11489,13085,6700,8745,5246,17232,2207,15317,1667,2546,7026,18686,19439,8000,2886,6767,9682,1106,17974,7659,5496
7612,14503,9404,15052,10031,4943,2548,18793,708,14024,4759,3386,16899,19991,1645,9539,4693,1331,18732,3047,8003,5865,10279,8074,10366,7577,NA,10106,9026,9992,19948,15209,5521,7528
3368,17874,4448,382,2100,6782,10538,17992,2040,724,13562,18869,5511,9149,3892,14816,7867,10258,8770,11537,8186,12470,15041,12413,10296,12158,2449,16999,14776,6968,13132,5487,3790,1175,8358,NA,10133,12625,12729,16497,5503,3673,2173,11474,15509,13864,19379,9369,8529,19350,11499,19159,17613,13557,9642,3687,12518,893,4651,14620,17241
12072,15945,15953,17967,18227,4654,542,2997,15699,8921,4535,9293,12220,18634,11895,14564,16896,4275,11037,1780,15749,17311,4610,7637,14252,18003,17753,7204,19979,6726,2372,18847,5137,14597,15077
2251,14633,1246,6603,19078,993,10010,5416,17076,10951,14168,6393,1176,15188,8017,8452,15573,8379,15055,19192,7612,11320,1610
4943,4338,9549,7012,18602,7392,11998,17002,14782,19395,17666,3112,8314,2708,2574,4076,666,151,6050,16822,17255,3687,1158,10547,2305,5143,14560,1529,19289,6317,2797,NA,19194,1023,18032,5100,6704,6246,7049,7895,15910
8397,2521,4134,19968,18144,12898,10700,1542,2614,15561,1189,8278,8584,18550,16821,18478,16897,15926,10704,6174,13078,17245,8298,3252,12694,2388,4514,17394,4593,18993,12650,4734,3281,6919,12160,17077,14408,7319
18772,8285,14611,14529,18318,15878,10558,11128,16007,15277,5391,2112,13520,15832,277,4714,19175,6873,410,12399,7007,19151,4099,11666,NA,11432,19769,4320,10134,11741,389,9622,13844,1647,6430,14687,15887,14856,16745,1033,NA,16571,17152,6218,11150,19799
17666,2296,14571,15913,14264,15935,19664,3607,6180,11265,16070,5142,4287,10583,2493,8500,11127,NA,13134,17368,16656,11845,14412,10457,7492,10875,14581,12657,4526,15300,2883,3911,3079,18725,17821,13208,18224,7023,NA,6069,12677,19966,5410,2912,11919,15560,2789,395,8520,3784,16355,3256,8415
19153,18060,19088,13143,8376,18730,6269,10133,4582,1512,10049,14767,7306,3163,15835,6870,11472,2471,16993,8647,4595,8831,1813,19677,13682,13483,5343,13678,1750,755,1112,8727,11322,5006,2438,374,4354,10889,350,2010,1175
13225,6060,5899,14284,18849,13605,18331,1990,16370,10083,14831,13173,5594,NA,4814,NA,7494,NA,7208,5869,6072,7003,NA,1984,8144,10198,19041,8568,999,2692,9874,7529,15274,3566,12411,16133,6767,14313,8687,11251,14261,6231,19884,13208,2514,19328,1262,9391,3394,12516,11441,6173,10218,485,12883,18888,3739,18875,1735,18132,8208,NA,10760,14734,813,12639,4991,18548,7730
6922,13199,14741,7467,6771,15757,2865,8936,10082,6189,10660,16183,6697,3001,8636,10414,3710,1060,1273,18927,3641,6188,16397,16759,13404,10602,10427,17447,17450,14545,2495,14896,11465,NA,1257,16546,19657,13148,2796,4482,5219
12352,1014,6810,296,16984,2246,4620,11630,13436,14973,8069,3959,661,14126,11879,19170,11725,5326,9961,2485,NA,3014,8332,15536,19200,18373,NA,19524,9724,3296,8125,15209,11263,13979,15881
17205,14258,5505,3859,10811,17629,4496,764,8137,16092,1745,4925,9203,4065,12085,18816,NA,3920,13912,NA,15067,18700,16932,9065,787,17394,2952,14745,19787,8692,NA,14813,5657,6483,10925,8776,10277,18803,7716,11098,10427,12825,1066,2249,18273,140,2864,2306,19747,6273,16290,142,4798,16901,12838,1190,18589,4567,7851,3893,6551,598
11251,8425,3319,9765,13958,13613,10732,2956,10406,4852,9384,15461,4826,15308,16599,3717,232,12639,12663,12446,18107,12229
4870,2001,12700,8322,14764,9412,11378,7862,2274,4404,12291,18470,1951,12010,5502,5954,12670,NA,274,9399,16063,7860,11612,9825,17735,8293,12462,4732,13596,19189,14866,13880,13673,14492,12135,3764,3497,1739,13559,17745,9752
5122,18074,2725,3512,3637,5410,19024,2013,1693,14582,10110,18352,18031,17522,6732,9205,19739,12794,15050,16551,1894,11865,8157,10506,2926,17146,6858,16706,15012,14,17618,1600,471,11308,17344,788,7040,7554,3882,16112,3149,16408,7095,99,4396,12775
14126,19605,11456,11296,6869,14583,5743,869,4732,10878,7653,18467,3548,4399,16397,9018,3458,18883,5226,10472,16328,6135,11246,7341
8546,9058,11430,19379,17173,7878,19884,10661,6532,19182,3563,17715,7508,18240,11251,NA,18403,8858,2601,12955,4399,10236,1987,6028,19088,631,9681,11654,17404,13020,1221,18970,15513,13049
3041,11256,17451,9727,3373,19171,179,9657,10480,1028,19235,15759,12977,8998,NA,9592,14556,2079,18114,NA,17443,2928,14226,16965,3601,5249,4381,5942,3611,3857,5535,8064,17957,NA,803,3587,17386,1892,509,2123,15156,8772,10520,14381,2529,5868,19830,4774,NA,1726,7669,8162,5638,11882,6692,7949,17109,11264,19162,317,12507,12679,7152,11600,5305,NA,8842,7207,14267,3776,4008
12482,16196,19818,9788,11022,12047,10516,15562,18731,8476,14147,19733,9446,7043,8772,2853,NA,17392,18582,17419,15676,NA,11875,16653,2301,197,11971,7170,16236,15840,8581,3438,10627,19422,7367,10829,6127,13594,8299,8152,9381,8009,7170,5990,14881,11133,2023,17898,17552,10963,13395,NA,2644,8158,NA,446,336,8582,690,2551,3084
934,8903,16791,7817,1609,10233,4517,1095,15470,3556,16322,11714,17552,10268,106,9646,NA,13961,13526,19849,3243,18169,8443,16337,6236,18607,8635,4415,2038,NA,3235,6009,NA,16104,11411,6876,19679,6912,8925,11896,17268,19503,1432,5837,18684,4273,22,17025,14649,3558,12991,3519,16745,4337,17610,4750
3627,3901,3192,8826,18707,8956,3471,2810,7888,12261,10766,11252,2506,9878,15654,8502,3765,5768,15412,3999,13984,10,82,NA,5638,16795,6128,8166,13280,NA,1186,1260,4409,14609,16428,6547,9186,884,19231,4522,10849,16726,777,19258,8106,19270,2101,19507,11583,4751,8533,6779,2608,18218,11347,6146,11128,11761,NA,4475,7650,13051,10775,1961,9716,2289,7582,1131
14898,11271,14760,15926,5779,15600,4786,13757,8153,17946,17024,6457,5478,8971,NA,9714,3225,13545,7530,10367,13913
12974,16012,4857,13465,8958,18199,707,13439,13735,13823,4509,15461,3675,12928,7984,NA,8703,18543,1161,NA,14293,17292,7467,NA,7861,NA,7538,NA,15171,12984,13937,NA,7052,4245,14478,NA,19488,6375,NA,7158,16925,NA,7865,60,19637,6453,5160,17432
19070,14134,16481,1542,4980,11781,10053,15899,15408,6573,13291,16675,14363,14715,8666,15362,19378,NA,15678,2347,9228,4715,2299,NA,17525,17839,15931,10605,11411,4518,9005,4756,4749,6881,13346,1523,1254,16760,13209,1214,4735,15074,3973
14820,11292,4765,11034,8901,3649,6125,19551,3321,5454,17122,2970,16428,4841,4888,14957,8739,10245,146,17894,11307,13267,5453,3757,1955,4589,4347,17666,13642,11429
5675,9348,7793,7789,10967,7501,6425,17022,18818,9523,6148,13724,1694,17155,10913,18226,18592,14736,8384,13922,19167,NA,16719,15628,12305,14395,7492,17925,19396,15595,12246,10515,16781,NA,166,2367,NA,2607,5198,NA,9536,17105,9245,61,12492,14421,12457,17759
10624,4008,1752,3313,5667,7597,180,14779,13100,13362,19992,NA,14888,12411,5985,16490,946,9833,172,4643,84,19049,5491,4248,17824,2348,8979,17410,6926,15500,12044,NA,10059,18443,10501,NA,13442,3036,5890,NA,3653,6195,5275,2279,3470,4849,483,19541,19286,NA,16364,3684,14550,14865,17847,6687,NA,7528,NA,12805,14515,6599,7786,12667,1743,11946,8973,11100,1418,6450,12814,8164,10113,1490,18509,8308
16319,6212,9234,10504,18297,5739,2940,668,11242,10374,13379,18790,18381,11005,NA,8111,6024,13911,11664,14366,7601,9970,3072,19749,8382
6220,3289,1173,8072,15156,13584,254,8502,10222,17344,10980,15025,NA,6683,840,13094,12003,601,11566,NA,12069,12193,10317,18105,2056,7213,2024,3253,13187,6750,13396,3594
422,7876,5281,14792,19076,14945,16357,1016,8455,9907,2587,804,4179,17734,15328,838,6113,14422,7362,15654,846,12646,5745,15333,8154,NA,16631,721,2122,8885,9975
8968,17376,19719,19662,9161,8671,14485,693,11099,15658,7521,9000,18931,NA,12070,18347,10485,8714,5466,13647,3510,NA,3054,3694,11378,13161,NA,363,837,NA,17969,NA,17954,8752,2229,7003,8130,10594,9611,10204,NA,16867,8397,7001,5218,12132,9176
6396,13831,8864,6,8704,11915,13316,12479,19519,14534,10440,4617,8801,18147,16986,9944,1977,9962,17863,7167,17114,7036,10944,13959,1662,8443,7219,NA,6025,1196,NA,11806,16419,8846,14936,2255,9307,16954,339,5398,17169,5870,16974,14953,16159,5597,699,12072,19008,8260,4238,4283,16937,4037,17251,4736,1783,NA,11350,1776,10619,3663,527,10432,9672,8342,5739,NA,12823,NA,1435,8597,5582,14683,17032,2650,19540,19875,3937
18744,4943,1699,10706,7627,12961,19626,5818,10598,9328,6608,18060,NA,17614,11611,18868,13327,7957,537,1244,11927,3238,552,8814,17614,9448,17593,19092,19132,18904,9544,743,10387,8941
8935,1382,12795,4042,5068,14537,4660,972,3888,16356,10526,8274,4145,244,3345,18517,4799,NA,10836,17433,6824,15673,6603,9533,7010,11516,9570,3495,2277,11814,NA,11789,14077,NA,7485,NA,385,2324,2521,NA,16333,11100,55,NA,5787,15570,17603,19946,2184,5555,16632,6706,5629,11077,10838,7848,3491,13244,15579,14735,6070,15585,17134,7495,17039,NA,5963,18298,9306,4044,11773,NA,6837,16629,4789,5181,13689
8605,16713,12666,11627,18593,16021,11971,3737,1356,12275,8110,13168,3872,16149,3459,9576,NA,3717,7798,17434,1933,7524,12131,7031,10453,12149,4831,9865,2363,8373,2352,NA,8052,17717,12815,5165,14934,7213,11407,7996,9349,629,17617,3860,15824,12950,8418,12546,12799,5112,5504,19913,15429,7824,18099,NA,15307,4825,16224,14603,4667,16181,7401,3909,15163,4439,12447
19699,3696,15978,15075,9748,1249,4679,12904,6159,5739,5778,14518,17018,9642,18821,14076,2965,17929,12834,3080,573,12189,14929,2613,9574,793,5715,19252,14125,NA,14038,3385,4470,16840,11788,16648,9757,3052
19417,2633,8755,17209,3258,7207,16993,19993,15445,1291,906,4233,6246,13622,16516,12903,12904,242,NA,16138,4069,15396,NA,11022,NA,10503,12895,7952,11725,16507,4266,2737,13455,8540,18325,7883,15615
11984,4930,12371,12786,10720,11006,16300,10710,7597,1722,10722,494,213,9727,NA,13667,8686,12646,18068,4583,19423,3951,6602,15702,1075,1360,15423,10279,2526,2002,10147,11077,17215,7742,3231,3324,1485,19437
1233,6669,6832,11519,19279,16636,17512,11647,2658,10976,3435,18194,10736,2163,15975,16085,4114,NA,592,16738,NA,5940,NA,8840,NA,1063,7188,11235,10041,17286,NA,19040,4036,9426,19178,18759,NA,11926,3586,148,8561,12870,970,19919,12851,16433,11345,16840
8765,5461,9525,3239,6537,16439,1284,247,19558,5885,9608,5368,2513,684,8765,10767,NA,9339,6490,NA,1725,17137,11871,13181,5183,17535,12797,3658,9660,6926,14376,18122,9899,6848,4213,10822,7302,12793,12064,5586,9843,15751,17395,18414,1376,18621,17588,10694,5729,3918,5450,11311,17736
17729,5639,9499,7345,19870,1024,18093,2140,18994,16737,15572,14110,15226,3357,13783,4850,4361,13695,13406,18927,3781,NA,10372,11777,9010,9416,NA,10625,277,12697,8877,9441,4281,NA,404,18582,12348,680,11962,NA,2727,5899,NA,10816,13931,15520,100,16226,17317,2181,6105,NA,5331,148,17553,9752,13862,NA,8843,939,732,6024,5168,7037,8523,14397,10467,6061
7490,14220,3243,17248,14609,10577,2649,18891,13456,14157,778,7339,9216,NA,13385,NA,3311,6185,13180,4752,3663,6728,177,19133,5759,1955,14983,6711,4706
14021,16933,7886,4872,10461,9307,1362,7969,16908,276,2866,6493,18198,15917,8567,17405,9954,15647,NA,19881,10681,13560,2111,3539,2969,5778,7141,1599,2447,11872,NA,2753,19862,16585,777,NA,7728,14695,2919,18458,7229,1230,16250,3065,14870,7808,4162,10772,2271,14301,10649,18107,13447,2567,7578,NA,15574,7736,16143,823,6072,9574,5367,19977,18077,15644,19159,734,5850,11846,1916,4092,18649,6906,12416,13978,6
4713,8738,13614,15377,18857,17915,4422,12299,2417,1363,14002,9405,6250,3574,18348,11726,NA,17584,4579,13095,1990,11595,13974,3717,578,11871,15369,12604,7888,NA,19575,7301,16917,305,12549,10365,16999,5666,7410,2677,18231,2437,7280
15744,19069,9697,1586,1542,18719,1666,12796,17030,17028,11215,NA,17500,16521,16003,13470,17889,11717,11829,15759,3980
