14781,14931,4008,10956,18760,19958,595,11476,18351,3671,8257,4297,1978,12988,9885,8631,NA,13257,5777,6828,NA,2254,4626,17519,13263,5448,8078,15594,18249,7155,2498,1349,9125,4649,1256,2978,6129,4381,6223,14745,15108,5095,16909,12336,1141,NA,3468,10811,7615,11225,2919,19118,19906,4805,12921,11349,11881,8746,11119,12222,16664,11685,4903,6749,7795,NA,13733,497,18625,1168,14217,8592,12210,16491,10821,19869
1983,15397,8928,4367,12415,19135,2369,9562,16619,3653,14296,828,2502,2691,NA,1617,18677,NA,6187,7560,15744,16916,10328,15089,12848,15997,NA,19042,13066,11822,18471,5625,18703,8147
4663,5138,19119,17661,18163,6526,14288,16819,14325,8220,1461,NA,11886,4791,19597,NA,9517,3066,6932,12802,7559,17233,15942,2027,5431,7252,9314,4356,8921,10318,15280,14045,12829,16126,NA,1296,4146,8639,291,15975,11266,11446,16921
5574,9518,10877,361,7001,4474,4662,19124,14023,12608,8505,471,16982,7958,808,863,12179,11245,12479,10686,14593,15929,10896,9875,11049,8568,NA,11346,12035,6645,5240,14696
1451,10615,3919,2978,12387,10981,6086,16534,16957,11175,3383,9081,2340,8560,3814,14954,7681,9933,1799,15192,4316,4943,6206,8806,19991,10725,18812,19993
1490,13308,9019,8452,10508,9775,17998,13338,1055,18133,117,8096,6777,15890,2837,2434,7982,112,17366,729,6880,11567,5958,5332,2873,7301,7495,4899,18503,7201,9487,5177,19440,9002,13304,19055,7361,9667,3088,7549,5034,15352,12668,4504,13775,5269,193,3547,13671,14021,2246,2183,9442,2733,6847,8146,15574,14014,13476,11183,18806,15525
62,6585,2004,15828,14671,5705,19608,11700,4448,8272,347,11101,19752,13859,12782,3715,7100,17591,4095,2341,2654,8141,16202,12157,14797,6475,17218,16595,19987,10159,6963,1233,1012,9036,9856,18743,1036,2759,1261,10446
6298,4332,19342,7407,5334,3257,11643,7453,10062,18898,3568,1795,NA,11965,5248,NA,1097,372,11157,13188,NA,3826,15715,8422,17586,16486,10457,14406,13369,14457,2454,NA,14097,8830,19207,806,6715,NA,4558,9165,7602,4690,9142,10970,4823,11871,5867,2575,19255,9205,15256,18808,10093,5596,8830,5663,6690,8136,13752,19665,4511,1730,8443,16430,12112,7205,11263,12995
14776,584,522,7342,14604,18594,2822,12329,14937,10004,1340,5584,11635,14194,1652,NA,18220,19880,4312,19879,7899,11714,17712,19241,11176,3431,797,12819,982,10147,4896,5008,19386,16401
10963,8809,14566,79,8881,8424,18305,8312,14254,4555,8424,7037,3342,NA,1486,6694,19611,19415,1285,NA,2132,12416,924,5884,NA,9292,3632,4265,8876,12019,4864,4656,NA,10839,NA,19955,1739,13702,17855,6600,5754,18141,1884,14858,13519,17081,17883,7607,12845,10631,7715,11848
2152,18141,5225,8426,150,14701,8796,15728,14866,19786,2825,12368,3858,5873,1973,14063,16573,2221,7656,2891,3233,10372,17766
13999,18812,7873,16422,7044,18088,15188,10310,6413,18459,15694,4100,17812,NA,18877,11521,18758,16145,15542,10626,11987,19840,1266,6331,9232,18283,12474,19243,486,6639,11859,NA,4309,15340,12899,1365,6373,13127,7660,12126,7816,18683,2920,6202,195,18659,8185,12921
15993,1896,7987,8660,3269,10335,12241,4815,3199,2457,604,3595,10131,2714,12028,18196,9395,13768,15894,16936,15327,11588,10165,NA,16335,6831,1152,5278,3730,19197,7561,13779,7028,NA,17646,12479,13502,NA,338,3481,NA,19417,16857,17166,621,2035,3777,15293,3905,10437,7422,12998,2412,12329,9804,NA,16553,4104,6953,19170,6401
15103,13559,11193,4345,3070,11366,18312,1587,7046,15120,15209,8904,17117,14684,1246,13153,10600,9278,NA,8473,9116,7586,NA,10909,1647,7363,NA,10876,11270,1680,NA,4760,19013,16645,14359,5956,17195,11497,15922,3619,1337,6518,2061,NA,2195,NA,11456,13576,19996,1326,14083,15959
10967,11749,4607,408,7316,1188,4227,16663,8438,18156,16914,14768,3840,11943,3634,5836,3036,NA,4515,7809,15344,17856,332,13070,11468,12768,9447,6760,17431,12771,14967,13323,19001,11233,11477,19146,15409,10329,18174,1848,8528,15034,14250,4784,6041,18630,2957,12307,18680,6581,4114,9685,2373,7201,11901,4168,16513,3699,12228,1610,19964,1394,14286,NA,15486,2559,10515,419,10777,2171
16691,13009,17077,14576,3651,17893,5934,19917,11845,1351,18322,17075,13582,NA,16207,6961,1952,8947,5860,15214,18940,13468,11819,7280,280,3582,7731,15139,9274,13384,9632,3262,8622,17074,3559,7549,2498,14961,3452,1128,NA,19795,12423,17668,7914,1799,14311,792,14104,NA,10734,11457,7662,NA,999,13660,3965,7189,6434,19128,19638
1627,10421,10793,6636,11490,4235,1649,2674,18740,8213,11724,18311,5879,NA,11007,13074,11380,12759,12116,19545,11567,3576,16873,9998,7543,16540,11709,15274,8702,NA,3124,NA,18044,7457,18611,9038,5583,7689,NA,18610,1853,NA,5937,8361,7718,15124,7340,10767,1680
13608,16586,19622,7983,5462,14383,16283,7096,1357,10677,977,17130,18356,7889,15530,NA,10422,1122,NA,16484,8932,11572,2237,5474,17921,10886,9287,16850,12937
8047,5354,12578,19593,5944,2666,2514,3472,6319,6443,7566,4444,3072,9871,17868,804,17357,7898,3,4271
5709,3751,6785,17651,4174,14684,15781,18985,19877,4936,3865,10785,11060,2070,7663,3704,11896,9755,5843,10071,1346,10830,12526,13000,12885,NA,1940,3478,16186,9903,18166,11042,8025,NA,4484,4424,6245,11899,8983,14811,5958,2292,1139,3882,328,4117,11848,1200,NA,9300,9215,18730,10355,6705,6346,3598,13728,9464,19712
12457,9016,19501,17534,168,6703,14834,13218,10227,12286,19426,8884,5615,10539,11747,14449,17582,6526,14538,2738,9783,292,19813,1456,18964,15960,4942,NA,12478,15284,9930,16622,19191,1420,14349,14956,1849,8860,14456,2213,1034,5071,12138,5682,11829,15258,10849,13164,16140,10862,11927,9927,12874,6920,17378,9643,9299,NA,13938,18668,2956,4829,17098,17862,18166,12178,6204,536,10031,13947,9119,11301,7334,8984,4491,11654,2193
16860,5502,14323,6944,6904,10234,5063,6925,2138,11625,12718,13984,19939,15753,16142,12939,9826,1011,15699,1882,15230,7644,18810,8853,2685,536,NA,19775,19474,2771,16091,16484,1063,NA,9371,17745,8107,1082,13524,2973,542
17564,8932,12498,3892,13330,13109,13894,5769,15740,9521,73,8060,16189,18132,8738,1001,3258,NA,2977,NA,15168,1625,NA,8286,19519,1808,14245,8639,1119,17708,17541,17834,11565,10239,4202,7743,6138,NA,18275,9173,13991,1339,16050,18929,1862,6978,6033,12258,19276,NA,13516,3962,11977,12531,4563,NA,16341,15662,8656,608,13991,3892,8412,18544
13386,19811,5449,8645,12645,12857,6185,4957,890,12570,6794,12762,18706,1689,7820,8727,275,10791,5602,18838,1989,15621,17680,16583,19534,11694,15046,18214,NA,4985,13635,232,9957,1155,12067,11435,17081,15039,1857,976,3622,4892,NA,9537,5349,435,14359,14886,NA,11194,19428,10414,18663,8569,8107,1025
13067,15866,12582,9342,4945,15491,6728,6436,12064,7691,7204,12964,7507,5261,7161,NA,9836,16075,6066,NA,11253,7518,12805,14799,13033,16335,5023,573,5934,7421,8831,17774,2333,17395,8817,8096,19645,15252,6756,2278,13694,NA,15121,19231,19648,NA,1061,3021,4802,976,NA,11486,3311,NA,17634,8654,10216,255,12844,5530,18758,7057,NA,12390,8421,2873,NA,1262,13089,15569,5698,16938,17881,11675,16851,19645,5638,13913,4
16179,16248,16975,1460,2545,12627,12878,16311,4342,18052,13680,4968,18010,15863,17238,4706,19340,NA,14843,17506,9896,9818,9759,NA,1980,NA,13883,3154,13291,18060,NA,14377,11909,9583,3787,12989
6771,9684,11603,14937,9390,12696,12913,8068,3721,11491,8379,1447,670,NA,4942,10856,797,11504,NA,8687,12836,1508,2368,10414,18354,2554,11261,16548,5482,5046,18334,8823,8116,3780,16847,4944,18742,18027,18484,8650,1254,9898,3569,2790,15178,11455,8048,1110,6752,5529,2148
4068,4661,11333,8883,11345,3624,6321,5767,14739,11424,12260,11252,16359,3540,6963,9017,15845,14336,6611,7534,3650,4766,15007,1680,12823,9103,9597,10709,16971,9004,16165,170,NA,11839,12072,8438,5701,3864,10319,9061,2895,NA,9365,12908,8191,19365,NA,11092,14388,NA,958,324,1411,14661,14022
9020,6916,11610,3694,10205,8774,3209,2651,6091,4658,15127,19488,853,3743,1671,12176,11033,16813,558,17990,17223,16957,15000,9723,3101,8331,6083,4374,17950,130,17326,14791,4150,6005,473,7213,NA,5467,NA,15862,18541,3831,14107,9949,16059,NA,18681,16218,9311,7705,2211,15995,6961,6666,6128,19111,2614,NA,17136,19682,15986,17427,4523,19492,2184
16348,15976,15574,13027,2381,10423,3709,4240,8922,10356,15393,3284,3513,NA,2698,NA,7781,6639,13731,4515,11758,NA,16373,16845,15481,10040,16376,12298,9065
8739,16341,14350,10378,6594,6525,7924,16989,6502,9744,7375,922,9494,2959,NA,1658,943,15555,9853,9215,6954,10418,12155,NA,13129,4132,4997,2552,10947,511,4180,18562
18009,18449,14613,15070,14789,4230,9175,19822,13624,19044,7682,NA,1122,NA,2872,2392,2803,19664,8260,16174,10130,9621
15122,7379,1356,12798,11901,3013,2383,8397,5826,5581,16052,10162,5857,17352,2371,10809,7520,NA,14049,802,329,17992,4048,14714,14912,12810,12650,11888,NA,13869,18455,7864,19676,NA,16505,14059,16775,6043,11317,15000,9953,6797,3649,12554,7678,16334,16810,13365,3163,13614,13262,8659,13294,631
17852,11947,15182,15952,14744,5168,11290,5035,13461,16791,17342,5574,205,14284,18773,10043,11731,19340,17635,10089,4721,17189,18356,5856,NA,15747,12073,2149,11320,5610,671,3546,8460,15284,3209
11645,18343,16214,14430,608,4804,1210,9645,13001,3498,9497,18414,9492,11885,17406,18748,15063,17894,2879,7821,6362,15587,8495,6269
2082,5857,437,10382,1740,4461,18317,7153,17205,12923,14371,11609,12509,NA,18330,7798,4424,NA,10731,8464,1303,6905,11727,NA,4227,NA,412,3372,NA,228,11555,12876,13717,7503,12569,NA,19530,6809,9269,10537,12833,5125,15362,9271,13519,8942,16829,1255,17892,15016,11935,11719,8911,17236,11267,13592,3856,10572,2441,5491,NA,19044,2220,979,15038,17076,1012,11055,NA,11743,324,6397,1049,395
7811,11274,11069,13765,6578,12318,13537,5167,12606,3753,7342,12852,410,18763,17794,10876,3530,NA,15223,8256,NA,4881,NA,19549,7590,NA,2532,13140,NA,1725,6767,4107,6396,16748,17120,230,18460,NA,14333,3380,13100,NA,13833,10272,4143,6713,11717,10452,12730,NA,15106,15750,159,1606,NA,17411,11880,10203,4781,6126
864,13747,9940,10467,14656,18964,11144,18038,7464,2949,7497,11849,12674,14395,19228,18213,NA,19493,74,11867,2359,13103,19261,15006,58,1947,3694,16501,13162,8128,18090,19194,16562,13348,NA,10963,12142,NA,11792,17483,NA,12374,8345,9941,14062,14947,3925,NA,11047,15996,12432,5198,2418,15755,17762,6604,547,15119,2166,9455,17581,4620,NA,5406,18271,7872,2014,87,15196,792,17484,19412,3946,9107,5851,9578,6899
980,9846,11239,15707,6684,357,11656,9136,18908,119,18119,14988,16717,15717,13624,NA,14594,NA,10636,18798,16687,4389,NA,9360,1411,533,13730,13217,10225,13319
14548,15,2543,14154,13757,454,10497,12148,15580,19164,6771,2242,12315,1135,4713,19750,3002,8232,19689,465,13613,10654,17389,7002
14302,12816,10106,4734,4339,3355,1291,16584,18087,3866,9792,6260,14248,2701,12405,7324,15746,15888,9643,NA,12641,9484,7924,1624,14514,16573,5039,19372,8294,16225,8006,10666,14974,19960,887,16173,NA,2280,14874,NA,19174,NA,11518,6514,5454,NA,15141,NA,16484,14849,16545,18687,NA,15258,118,13003,9264,NA,6500,19779,4757,2024,15243,9708,9033,7782,16773,791,13343
1064,11418,5305,15666,19963,8083,19195,7010,12037,6647,7788,17974,NA,4287,10267,4170,11057,5144,321,8509,623,8680,19642,7541,NA,18172,NA,17058,19688,1260,9923,10326,3572,13727,17784,7230,17693,8265,2835,15289,3316,10605,15210,4596,9138
10113,17116,12856,17467,9984,18545,6367,18370,17212,5193,6336,19194,11859,NA,15444,NA,7851,16945,11338,13733,5436,13581,10579,497,2994,12500,15992,10068,17468,9582,3325,18913,8003,8772,12892,17599,14333,10783,11006,5621,13771,424,10122,1089,11187,6118,NA,438,3074,785,634,8279,17782,5690,9975,17750,17640,12359,792,15850,7402,14978,17045,10922,4229,7518,2480,13159,4265,15917,18397,1641,5090,15002
15404,137,13166,4703,9248,15425,11202,4567,1072,14011,2681,NA,2043,6551,15446,5377,14369,7309,11977,15397,16560,12895,12197,2440,7328,14414,8703
8235,10466,4858,14035,13506,10314,11174,12648,19767,14462,11519,1061,4375,2268,18254,3959,NA,7610,10426,3285,16536,5924,19022,1316,4835,15107,3996,5889,7397,14082,4089,19763,5207,19130,6951,9964,10718,5407,NA,18102,5681,2816,10566,2076,15460,19609,2935,3285,1470,13488,16038,688,7724,4478,1689,7118,NA,12183,5240,NA,1411,6381,NA,2774,10678,1120,6370,1598,17662,10603,7068,965,14421,5408
16578,1001,4906,15802,1297,4412,2982,2359,343,18344,12310,10519,NA,14155,995,7944,12289,7428,9836,1147,17547,10577,2545,5508,7186,14679
17834,12844,5395,15492,5473,3549,17020,5899,1920,8618,15263,7677,18659,16695,NA,2786,8123,13909,18007,10437,16625,18389,18200,4662,16357,210,5395,NA,1861,15841,NA,6518,16735,16435,14733,14016,4057,15637,14610,7138,9902,16862,8293,1396,19714,2502,15411,NA,17061,18474,19515,16738,14340,10962,17163,11566,2889,14933,4515,1117
10990,6616,13946,17973,3884,11698,8361,17958,547,16652,2200,17306,11527,6687,NA,11990,7899,12790,7524,16958,3465,12677,11555,389,13815,NA,5333,10499,12494,9511,16190,NA,7113,6908,3745,12897,19838,12570,375,8851,11864,11590,17359,1694,13932,11824,7279,578,8351,13453,19290,2755,14813,10547,11758,3219,11405,NA,10648,8013,11169,13631,4992
8646,11945,8653,11427,1105,18551,2310,12916,15304,1382,19475,7445,15122,14763,17244,19405,9067,16871,19137,12694,847,3930,13329,5298,11576,3900,9942,NA,18109,4826,10657,14413,13013,14633,17930,127,7922,17958,4802,1676,8385,13530,17541,7182,11232,16596,17800,2931,16818,NA,9297,11417,1514,6110,4726,16546,1350,18151,19387,16546,12906,19114,3679,11302
12875,9629,10995,12332,10671,10402,19446,1982,12859,2520,14420,7400,4923,3882,19169,9519,NA,14740,5211,17292,16961,8092,15240,4953,NA,5487,12710,5500,12335,12395,12197,NA,781,10052,17940,8938,NA,16151,NA,11458,18535,1430,2099,14582,8339,17201,14670,14136,8401,16573,NA,19308,16749,7794,4913,NA,3463,1264,8465,NA,10907,5861,15193,9751,16870,3505,12123,11591,17374,17373,13614,2978,3790,16743,19633,19257,14380
18334,14521,9368,19465,6339,6828,1846,11210,9622,6591,8193,18708,17087,11217,13681,19921,16599,2063,2755,19750,13628,NA,2218,872,1913,NA,13667,6489,390,8001,5974,NA,6089,16733,5710,16996,4265,19308,43,1914,3748,4593,807,13399,15836,12893,635,2362,55,6734,3882,16321,16929,109,6586,2968,19200,1432,19889,19426
15304,4142,8035,1818,15053,6618,7899,6832,2562,18471,2410,4661,5704,11473,6263,6763,9266,241,9490,NA,9071,7307,NA,11814,10489,6354,3843,4846,613,NA,19083,5059,11000,7538,11961,2237,1774,10657,16187,18271,9956,3631,12919,4819,8310,6560,12391,18426,16765,15924,6514,1901,2417,5737,8901,431,17568,4332,6602,19167,2836,16291,16660,6501,17960,3541,10165,10973
17773,715,16978,17109,5895,7158,8602,8539,14380,19471,5350,NA,9183,16698,16655,9741,14615,NA,10479,6282,6801,NA,4746,19607,16693,6547,1592
16352,6241,10123,17653,13720,13129,11711,1779,3009,1850,16098,1516,11638,NA,8132,18609,NA,11749,3235,19856,NA,15122,14130,NA,10440,3402,10818,15384,11017,9249,NA,10053,17377,NA,15848,2950,7856,15181,7257,19171,16743,13992,8873,2335,4539,16003,18694,12447,15521,11243,NA,19300,15786,1624,4308,3612,8627,14699,15503,14452,2910,14743,7713,8305,4653,15212,6753,18983
2076,14850,12141,5252,9897,7460,4465,14868,13933,1486,15572,NA,1987,3116,NA,19887,18031,13772,5370,NA,10030,4364,3079,9749,3487,1232,558,838,767
14336,8568,14779,202,13673,1735,1558,9218,17892,18315,9695,3258,14009,NA,18369,4262,9165,15196,NA,4568,2891,6763,17207,18767,7124,3532,12605,10736,NA,11767,17522,2449,15541,11582,15838,17077
706,12383,5592,16527,19804,10233,12240,12168,1659,9029,15881,3174,NA,7758,3832,19667,9329,7328,17445,16551,8860,11996,19599,17094,2348,NA,9722,17774,8047,6433,11791,9710,18901,NA,6109,3518,16815,12553,6818,15650,12956,19010,15988,6581,13874,5321,13139,14035,3168,10398,15216,18559,999,12786,5190,8335,3040,12430,19545,11526,15058
10924,2969,467,13421,1475,3041,819,7704,12332,5064,8956,5229,11574,8485,10743,17715,406,18074,5053,10343,11971,5568,16829,4055,2413,7650,4956,17389,18808
16631,7552,11795,14577,9878,10974,11301,61,17740,455,17672,15450,19781,5116,12184,12150,3950,9106,11870,6134,19751,10391,9172,13783,13601,NA,14570,13712,NA,7425,1291,16726,876,NA,14723,14577,4056,4130,14213,7594,15910,1812,3293
1885,5445,19429,5252,19361,3449,1743,11780,14318,15460,18003,5892,10063,7402,18504,12010,1829,16555,4599,2687,19706,15556,5353,14973,15144,11845,15878,239,4616,10703,16208,10136,927,10107,10096,4392,684,5441,6534,11548,5953,4943,1853,4440,4104
6711,80,12391,6663,11533,15348,9432,4419,14572,8661,13758,5560,17921,19981,18439,18937,14549,4815,991,9978,NA,10829,10541,18649,16894,15889,13244,11348,NA,13683,11934,9781,3423,8716,16642,9388,2624,7851,8807,10977,12224,14508,18639,459,10802,18555,16053,5808,13151,6536,NA,15323,13782,18279,7209,16995,13044,5207,10757,9460,4078,3611,5188,18569,18228
170,1783,16506,12173,3903,11249,8303,7730,18185,14875,3700,NA,4103,17965,NA,3101,2481,NA,1991,18494,1857,8303,17089,NA,8378,2107,11384,17389,NA,5936,7049,2395,9968,7030,1406,7869,13419,19141,8303,19105,12072
1528,3889,10122,19259,16488,18416,4230,10925,9478,6094,3388,12776,8844,17516,8620,2836,2320,7580,5456,13757,13445,11385,17138,9388,420,17606,6008,19639,3919,8060,15443,12705,7319,13615,1837,7677,1540,NA,1174,13485,977,7372,18426,13917,10179,1526
17173,17842,8968,12168,10496,5943,11230,1741,7157,16010,3028,18721,11221,15656,11052,17895,8205,17037,19428,7311,2466,528,13636,16549,18627,11742,5750,16358,5879
11976,11449,3762,19982,3962,13626,8901,4315,9012,8267,7074,14204,NA,4288,3036,15652,19471,11960,5567,NA,12486,8110,2057,1042,741,NA,14697,16676,NA,5272,8691,2271,19064,NA,261,18285,9075,13855,7746,6472,2105,3362,16333,12266,803,5695,3083,532,1749,11781,2807,17541,16160,8143,NA,13164,8,14365,4610,18655,11111,12026,13638,17487,NA,9781,8849,8533,4452,6417,17212,15063,19287,14795,9679,5437
19736,10552,18200,6880,6672,2329,8683,1422,8800,8187,14017,4868,1304,NA,15323,7642,6665,17163,19122,16801
17119,19377,5222,18980,14427,2950,8719,15412,7976,18552,8532,19138,2909,11799,3991,NA,3447,16961,19503,15154,10218,7850,7925,13128,NA,8198,9336,9172,903,16358,1877,18133,9255,12600,4252,16771,NA,18548,15284,1840,10999,11241,18487,12910,2512,11397,4241,2792,10529,11625,2858,15259
3680,971,18472,10555,12738,5089,8154,18371,18983,5114,10088,6564,14315,15710,4124,12526,6698,NA,17840,7252,NA,19187,8016,4750,11943,12384,3004,855
9976,19718,16538,15926,14779,12283,7886,19343,13387,7317,13186,1032,11123,13191,8602,4284,6324,17638,14708,2953,9740,13298,3428,18951,12340,3055,14369,3639,NA,7827,6455,7615,12007,13993,9242,2052,13577,7202,4899,16018,18452,19040,7188,15977,6740,5762,5894,8426,11727,4731,6007,11489,18497,1077,3156,18347,14917,4388,173,8719,10520,2260,18346,7299,4297,664,3605,19739,1076,12292,1643,3561,16946,2210
17228,8490,7919,14729,8418,16093,3304,13660,16269,3333,9274,17779,11285,4478,2776,7882,16344,4418,12843,2530,446,7480,11375,10487,NA,16186,5583,19736,17639,16246,17032,14718,5076,13832,18592,2656,19849,18948,11847,3975,16890,12972,14403,10097,151,15010,3409
2930,11008,13811,5094,17863,8047,6741,16869,7410,19061,6618,6940,8864,10149,10089,13674,15425,14796,852,9598,15884,17127,11290,5759,7392,13321,9842,1139,9121,10966,5339,NA,19826,7642,1320,NA,6052,9928,13259,1257,18968,15528,10422,13429,18178,10529,NA,18617,17782,14705,15527,16549,19480,2434,12111,3915,6248,14772,6359,2125,10047,11446,12632,19621,17763,1173,8898,8203,15850,11185,8499,19600,4351,5301
12319,3866,12889,3779,15236,11809,774,12142,7895,16310,3542,17033,58,NA,5523,13079,3853,6028,19933,8524,14275,10834,8471,5701,5306,13469,19288,5439,3835,3829,10147,4469,9927,9196,NA,37,10466,5393,NA,15996,10325,NA,2216,15824,18238,2397,18429,19060,6253,6752,8539
3050,11868,7994,6605,10628,15796,17668,19081,15631,14327,2855,NA,17323,11332,10626,19807,19498,4885,6089,8022,18704,8526,18138,NA,15938,11573,10348,NA,14668,17185,10373,14338,7430,3958,18398,108,18997,7508,15212,11972,13211,9444,4352,7344,16741,244,15269,4074,17410,14122,12703,885,5442,5045,3991,NA,9297,6403,6677,1120,16402,5769,13020,14964,4782,1767,17676,18054,15135,7385,6284,4239,17464,16566,11772,3054,12923
5248,16074,15003,12323,3275,6106,10441,18690,13896,1762,11534,10441,3311,9812,19856,4116,8374,9107,19827,14152,5222,11159,NA,18909,1121,NA,777,13806,3195,6096,NA,1583,11193,16885,16608,1632,2431,17448,14720,306,NA,11109,1694,9959,15611,5604,10128,10938,8558,3012,9262,13522,1950,135,429
9429,5969,5911,3203,4108,9009,16954,12508,14647,15228,10173,13059,10216,15882,7216,231,16282,10099,9568,19544,7110,1632,NA,8319,6107,12659,3207,10280,5829,17322,9268,15115,10957,15899,13620,13108,13199,5837,13675,16189,15900,5746,7808,10172,6761,16023,19363,6810,16234,8554,15095,19283,8885,2352,18989,19978,16513,14838,2684,NA,5538,16419,13682,14416,16593,7368,12421,2346,3995,6476,5615,14372
6674,11240,18337,17589,8605,1209,6969,12663,12898,12349,8494,815,4549,8601,5188,18311,NA,3586,NA,9371,NA,17459,17886,6808,8266,16292,NA,10306,17795,NA,10758,7091,8120,1750,1386,6140,1401,19963,16467,17343,1109,2832,4784,13193,7305,6122,8898,19247,17509,17991,27,11414,5423,NA,10009,5186,2781,1316,13292,1557,12616,1539,12829,14461,10132,4206,11006,16781,17119,658,19646,4009,2509,4050
19441,2521,3902,7943,8353,15338,5153,18748,13832,6528,17178,2003,NA,2817,12558,4514,11169,11707,7438,2302,8950,16409,10907,11146,5711,NA,18373,3154,19029,9094,3151,11987,NA,19345,1548,13906,NA,12661,13247,16460,5196,6063,16956,13266,NA,1109,6935,13766,19916,1986,14706,14380,11421,4649,7846,11021
9402,7575,15481,1479,18307,6520,1894,11866,14572,18319,19808,18444,8313,16815,18727,NA,13876,12295,4029,1332,14772,10701,2849,NA,6625,4510,17096,13929,NA,13045,15785,15915,16781,12561,12933,646,3224,11202,6155,14748,8801,5493,8815,5185,6732,9688,15220,11387,9596,8607,516,12153,11204,4379,4816,18010
