6085,16561,6383,18318,15539,8653,12064,13200,7842,15074,8748,13768,6140,10442,7153,14405,808,NA,3038,6280,6390,7469,4576,4520,447,19017,18132,11637,16074,3065,449,18334,1364,18487,11900,15625,489,15424,17435,6438,10389,15165,5667,4185,4537
9558,3956,10860,13918,7278,1923,644,19617,9784,15530,9302,325,8531,3175,13474,10630,5981,12874,9994,7047,12869,1270,6368,17426,16390,4507,9258,18882,14171,15796,2613,9049,583,19566,6081,10123,11448,2121,NA,1457,NA,16864,NA,12611,7796,1672,7249,10098,15829,1652,19519,3592,10099,3660,4058,13657,11556
8516,18752,11264,19563,11922,16781,3726,10213,16091,13362,8387,3847,8035,10976,19324,NA,2371,17985,16958,6707,9727,15324,7515,7267,13166,NA,19936,5196,103,6556,7062,11555,2679,5595,NA,626,2251,657,10323,17818,17323,18588,15256,15737,15852,2708,10520,7314,3382,711,17930,6133,10446,17394
4059,4458,4159,6381,8119,197,3250,2205,5167,19082,15375,3460,15427,6912,10741,10721,NA,15555,11592,1420,7250,NA,5886,4869,9811,13430,3054,13774,5235,3414,8658,18533,3791,12312,18003,18419,1010,15387,12003
15642,14862,1785,11503,19015,1992,4329,5457,13503,16176,1781,15219,NA,7635,8386,1556,NA,11206,16743,3043,7379,13086,6942,18785,16897,8268,6617,7519,9203,14312,17805,5686,10631,16584,NA,18075,3046,688,17166,6328,9804,14566,10344,18186,18529,12558,4563,2522,19109
12404,17743,15870,13201,12734,2427,13725,11731,19969,6825,12841,3889,8985,NA,3680,8809,4975,14370,18255,6887,16201,15456,1220,11112,14557,5032,NA,9819,9877,12996,16501,1207
12647,11394,5125,8833,7725,1321,5395,16642,18022,10336,6071,9377,7587,NA,8718,NA,8632,8658,4311,5309,6570,12877,17577,7209,NA,3089,18368,15,17585,11226,16678,6528,7027,5875,14871
17598,2370,6918,5211,2531,8119,17123,875,6359,6229,15394,14586,18475,17886,11739,2490,13880,4376,14344,18775,5060
19952,236,16562,6406,3739,11340,7745,15092,15038,9186,14840,5090,18346,3097,13575,2794,379,19181,5694,11587,11673,11737,2416,16807,12848,4676,NA,19915,14602,7459,1704,NA,7302,9314,19565,NA,9942,11373,2140,5519,16558,51,6912,16483,16019,9217,19351,12341,19360,1736,13538,19684,7411,NA,8968,NA,19310,9914,2985,9941,2447,16113,4362,15788,4338,9368,16062,14666,18955,4959,7623
4663,13981,8591,6404,2941,14052,7146,6001,5118,13100,4720,18351,8450,10384,11493,5756,378,NA,1106,1232,2788,13331,13617,9882,NA,4443,7833,5285,3133,12530,13656,15503,6365,NA,6164,7760,7985,1459,NA,11956,6894,5441,4090,8043,19814,8141,2438,6874,8252,16858,9434
16984,797,18195,5523,18553,18969,7591,7959,13149,3592,17773,6097,NA,10545,6697,5980,3790,11348,5681,18581,2381,2536,16372,NA,19435,10408,4404,2777,NA,17413,2317,16677,18132,12834,18325,5002,4948,18105,7065,3098
19720,8086,2032,17788,12225,17416,9065,3482,4532,3352,12298,19315,19590,13404,5176,9045,10559,12417,7684,13057,13802,2009,NA,12010,8884,11278,2359,9382,18984,16136,NA,7035,18367,306,4106,8231,NA,10316,NA,7728,19212,14877,16160,6658,12749,15841,1077,16243,14553,17466,13344,12273,16363,6615,1492,7423,11703,18991,11504,540,12777,10554,4553,10908,3026,1639,14875
10721,4925,15602,393,677,6948,19828,9078,13723,14165,3523,9920,5071,9494,17131,1561,3323,70,17819,2225,2018,10573,1333,3623,13271,6490,19633,5560,13111,18060,4960,7084,261,1148,13967,12451,17181
8305,3202,12697,7124,4279,2339,7233,14866,9147,15214,11867,13153,4754,9173,18990,NA,11782,9977,13839,15311,17594
6373,7452,3667,9740,957,19140,8433,12259,10243,371,13233,6937,6355,11214,NA,3253,NA,14576,1729,19750,16698,15278,10594,7103,1421,18958,NA,13881,15229,15050,11767,10810,9364,9755,4830,6971,4132,7868,15602,4872,11243,15704,1253
6160,4547,4910,3418,802,14138,11804,5249,18508,17237,16042,2938,11226,988,11841,16329,276,18521,1971,19591,1094,2861,15132,7247,9038,429,19787,17414,15290,11595,10064,61,5113,11978,3250,7872,26,19275,2423,8053,14263,883,14760,9736,678,3761,3841,18062,7978,2466,13407
14004,14751,19087,7113,18610,2086,4559,2023,16296,2184,10828,6246,17380,3259,19638,5873,2530,8844,16810,3638,16450,18348,18971,5972,2373,2330,4010,14628,9817,9065,3024,NA,19082,1038,4045,2904,2479,8471,17619,3871,6640,NA,7934,9920,12821,13444,6429,15229,16552,12302,19743,6215,1953,4047,3440,3645,NA,3612,8489,16510,9438,15738,15647,17341,5541,3474,14517
9940,9859,89,16564,6705,6819,8081,3588,6955,7746,19339,19601,17943,16380,16932,3947,NA,13911,15972,16218,13470,10599,18745,1736,14199,13143,11547,NA,15085,17139,9899,14257,648,15973,9898,4113,19247,9416,826,17316,3119,14753,7566,1474,14263,1565,8941,12001,11521,7970,NA,3092,NA,121,14834,15434,NA,5229,7454,8675,7784,19189,14529,1848,2442,5606,2010,5793,8673,NA,8801,11683,14318,430,8426
8882,8201,17085,17353,13841,10650,19729,692,16257,7343,14511,15390,2810,18415,12338,11404,18128,3209,NA,6611,11022,NA,13113,1401,19713,10897,1753,1532,17037,8680,3727,16323,19267,19031,18096,4999,18783,NA,14384,18264,10261,10721,5782,1760,10401,1671,19917,8459,7721,5323,9419,2669,11173,5179,13,14443,4723,6966,11989,14390,8562,19450,14408,16276,1721,10661,10830,6813,6347,1278,17190,1166,611,16483,19627,12305,8631,18224
19330,16386,6714,18919,5809,595,14194,18013,5204,2782,14280,12409,5159,10686,11208,9140,7315,12762,12570,4625,2092,2744,1817,8326,17635,3218,1208,4977,NA,3256,18935,16534,15920,17354,3211,2942,19496,14279,25,13472,11905,NA,15048,14232,2514,10117,10814,872,4186,12306,3936,13237,123,10887,4848,16961,18907,5700,10054,282,14601,13393,10284
17847,5545,10529,1381,4143,3354,19577,7661,5328,12572,13844,15216,19177,NA,13772,5772,6503,7295,12,9113,1534,4657,NA,16789,5448,6865,5112,16875,18556,17111,NA,15857,873,2136,14411,17721,1807,NA,2477,16646,13058,12031,19512,17835,5100,4374,18034,4432,11099,9755,922,6943,10789,5851,3837,685,8699,10275,17347,17802,12907,NA,15671,7278,5962,2101,13499,17153,13163,6037,13270,14905,2087,6118
6135,11531,3483,2781,5081,17023,6547,19860,4906,16258,9587,NA,16726,12958,378,15987,18084,NA,6809,13349,10178,4872,7661,8237,18529,16197,13841,13216,13088,9535,14896,16682,NA,11842,7127,14813,1333,4007,15636,5837,4606,NA,19689,16731,2312,3144,5711,342,572,4191,17251,234,1001,12677,16264,4583,4252,NA,985,15538,8737,1433,18256,1603,14795,3349
17521,8090,6734,19056,4995,10652,9516,6354,1425,1638,10312,16481,6855,11537,3572,9458,1970,NA,5188,2239,18796,6630,9700,3128,18672,1125,NA,19226,1015,5764,18491,NA,19199,959,6181,NA,9955,15589,11008,15133,14148,875,892
9014,17339,19675,16726,6598,5932,18015,16796,12236,5296,13968,16325,8428,2599,16836,15391,8469,13109,NA,12901,6842,3079,13818,7707,9812,18576,NA,3426,NA,12492,6508,17676,5778,10970,203,14453,8581,10585,6062,4529,6583,1674,8741,14759,4157,14928,7936,18998,10094,13612
17121,5254,10803,19118,14197,14106,19643,18855,9306,3178,19307,3634,9016,3960,7986,15381,674,12600,1998,7016,2513,7220,19079,12233,NA,8201,16477,8507,4375,13856,19695,15780,7315,3884,15963
656,16312,9541,7611,6537,17930,14709,7900,15773,13164,4969,16350,13111,3235,9943,2791,NA,3537,11366,17022,10764,12687,18391,1557,9728,17679,16599,784
15413,16215,672,4730,3604,10676,2134,3405,11531,5867,752,16971,12065,7949,19725,1525,2485,14585,19754,13089,9350,15387,NA,2430,7322,NA,1012,18342,10839,16299,8541,8852,19339,12726,8379,7250,2103,8760,12757,NA,1840,5121,15385,8929,9020,13928,3918,9495,NA,578,912,16220,19027,9667,1249,NA,12527,4440,4212,6549,10932,2018,17722
12818,13408,4821,542,1655,226,19746,17631,2647,16840,18971,18462,15562,17743,12922,10057,7016,665,13555,5994,3429,4998,NA,9317,2972,10044,6315,12621,13857
5493,6427,11990,14878,12434,11295,11201,1837,7169,17604,10668,9389,16954,8927,4230,1262,10213,NA,12166,19864,9469,19353,15332,7686,4058,9074,5870,7955,18395,6702,19891,16678,11708,445,4400,10614,11623,NA,12720,14764,13647,7240,14909,8151,1598,15693,6621,4374,10344,8862,15202,9892,12966,18435,1723,14830,18774,12476,1427,14012
18989,150,15332,8025,6840,18598,3144,5272,11007,12703,13801,11998,19766,10330,17006,19799,7850,15979,19588,13991,13701,6055,14660,5381,2141,9078,15768,NA,15168,17717,4193,16658,3210,7139,1073,825
15208,16901,17918,6651,6915,6416,3447,7531,17751,734,18081,2212,7128,18895,301,9202,12600,9126,16618,969,8677,4158,7439,13916,6144,9213,6186,13351,8561
3258,12907,2919,825,15784,3907,4826,16574,5427,13594,15957,5932,12165,14115,1242,12674,13215,4977,14044,2236,17129,19983,6017,6082,5047,15359,5358,6817,18936,19420,4940,14806,17581,12982,4058,11430,14774,NA,16511,19907,9341,4128,18261,860,17988,6196,7680,19291
14599,14677,11914,15055,9705,18503,6128,14299,10217,12732,15986,9062,10986,5722,3611,7403,2564,3892,12056,9062,2229,4870,17478,9230,4446,10052,18176,15318,17546,17782,6117,NA,14269,14615,9573,16701,NA,12621,9421,13648,16763,13596
1194,5321,864,10315,6269,12447,2190,4797,4707,16590,11386,5372,11266,7973,19671,908,9977,7608,11647,3777,8009,7391,12456,2037,NA,12164,13457,13947,10487,9598,13786,3173,5,6060,17518,8602,5646,19903,19219,19367,12894,11715,19641,7345,12306,3567,12350,1103,16992,12419,1876,6731,18579,3160
17770,11609,9278,9474,2884,6692,2833,11862,115,13528,4934,17907,19669,NA,1322,17963,17153,8855,2510,12965,17255,16258,14574,17272,NA,19736,2087,1116,13987,7189,5035,15783,10232,16462,15385,249,8023,2247,12404,7289,NA,15892,18711,16314,16188,14940,12110,11036,NA,4943,NA,14693,1512,13799,19963,13024,10257,4516,14164,10052,14119,6266,1075,3332
1303,13950,17604,17886,19722,18229,16716,11470,15750,15274,1763,11511,6925,567,13473,12915,4240,16843,17472,15978,10671,1402,9619,17379,4726,17309,2294,698,14815,NA,13320,14743,4482,8584,19935,10513,5011,10471,NA,5902,8381,10012,10313,9723,17782,477,1486,14054,10238,12342,NA,16592,17279,10228,1663,17067,995,6898,17982,15123,16146,16986,8733,18527
1146,19475,19737,7761,19047,6210,18899,341,10766,3314,17754,1963,13229,15958,15997,3220,12686,9772,6572,3329,6744,8290,12901,16435,3120,11273,12456,7062,7192,35,NA,18363,3494,18081,9333,19954,10574,10761,397,NA,8478,4183,2191,7353,NA,6852,7318,16093,6788,16723,NA,19054,NA,8718,3260,NA,9202,8755,7474,3360,11950,13675,9984,19264,19652,11426,6575,18735,3935,12475
12758,13835,1793,10562,13905,2227,11603,8805,9803,18794,14386,7141,6738,10889,3401,2119,15847,16850,6257,18226,2093,6684,17942,15978,9326,961,16407,1855,12659,5338,3429,17601,4151,1847,8788,14127,3549
11290,12178,10135,10527,4463,8690,12100,7263,9472,10064,6732,3381,3904,18002,6367,250,18591,NA,12453,19657,6597,17192,13329,13549,8053,1884,15157,3356,16629,9748,NA,9817,8280,560,3149,333,8788,1438,7111,6634,9863,12174,4289,5335,12271,17841,6627,4044,11444,12565,12564,10801,16625,19189,1664
10500,9901,10958,11755,4050,17345,10857,12910,17896,18978,13407,17710,13067,3210,15353,18150,15794,11127,15856,5935,131,7022,19294,7191,13643,15583,9626,3763
11639,9516,15023,1905,6847,769,16323,18571,7913,17659,9868,NA,18929,6986,NA,729,8165,1541,13242,14451,NA,11947,14647,13928,18997,3634,10516,14111,NA,8352,6299,7276,18610,10525,11546,7479,1925,3037,13755,16674,NA,18835,4629,6793,16208,14877,7245,13899,17733,19384,NA,11517,19322,11972,1018,2450,13262,9467,2719,3910,7829,19687,18433
8629,6811,3112,2283,9882,19944,16483,9301,1464,15000,18712,13466,2020,18336,15624,7901,8527,743,8695,15475,9051,1087,6094,14532,12327,4570,2764,980,8247,3805,459,12113,15805,3780,18978,18163,10541,5913
11032,19882,13228,13018,4548,4211,1418,13246,18459,6640,13682,5007,18090,3231,NA,2376,7215,19545,6267,3638,858,18796,4920,10281,14409,19811,18728,2755,12193,876,14051,17680,18646,755,5905,3978,NA,10332,7824,13743,NA,4882,NA,5724,1655,8505,3965,8477,15992,8375,10142,3537,432,12356,10746,NA,3325,NA,4784,NA,670,7109,710,8559,2070,765,11789,4010,7669
17127,3974,8690,6681,8529,10303,15894,18063,3910,2971,7657,1814,6081,16633,4991,NA,14268,16893,6427,NA,15155,2268,10671,3338,11235,11706,10299,8983,5686,9248,12450,19785,10385,2933,176,15814,11955,15349,9986,14343,14235,19770,14544,7223,3334,7433,9209,8760,14881,19538
11305,6701,10694,11653,506,7739,15873,4179,12995,17754,9682,6259,12884,12407,18567,3879,17036,18608,11615,6076,NA,18144,8752,13128,16423,390,15568,18879,16933,NA,9726,11498,6822,17267,16611,15273,9937,13323,7522,15626,12522,4525,16107,18177,14622,8642,3654,9776
11599,17665,9675,19111,4742,11745,6653,15186,19256,6121,9228,8162,4669,2706,11553,10967,8062,10958,NA,3219,NA,12917,508,764,7915,19537,14931,8886,11028,174,5294,NA,1483,NA,11536,7683,8797,3265,13406,15601,6935,10054,2869
430,10127,294,3963,5449,9957,12784,6490,7096,14471,4153,1166,6284,5261,NA,10230,5948,7734,14146,19618,7034,12812,11162,16723,4132,4874,5388,3185,4726,17408,NA,906,11137,8516,5391,NA,6709,1846,11859,8591,17862,NA,11277,6680,1226,11948,12166,3224,11499
16884,9885,7239,18756,19215,6171,15598,12748,18807,5876,4627,1217,14140,8996,2283,12059,10308,8858,1678,12656,15740,10269,8194,15813,1414,8826,10788
18073,10121,7574,15847,5780,4524,11279,19542,10419,14918,7322,8616,14042,5827,14607,1468,7699,18141,7373,NA,10165,NA,9363,16657,19272,10152,555,18922,10451,19717,18639,16123,3175,6984,15947,1155,7548,16867,14116,15624,7270,NA,10767,18482,NA,11099,15519,910,10551,5121,8423,4299,1958,5584,5643,14998,10662,10715,8245,38,1309,6538,4570
11400,11322,12149,6415,19164,5722,15077,10749,12803,17065,3823,17006,8119,12784,2328,6379,10887,17661,17227,8558,15016,16271,3774,6787,16493,10998,1666,5955,10881,16684,12783,12845,4450,14797,8942,18408,14736,13593,4789,4837,1827,18515,14336,982,5546,NA,19313,5741,14374,14932,9339,NA,18675,14605,318,17665,9508,NA,15510,17455,8528,13034,3846,3756,15618,8245,8836,1912,14662,10560,18442,14538,10487,12774,2017
5278,12984,11506,13220,2806,7861,4602,4237,654,7399,8823,NA,6979,15354,5825,7512,3068,16995,NA,8662,15493,16358,18690,NA,11065,NA,1692,NA,1506,NA,11115,4724,7951,17113,12020,15161,11510,NA,16550,16893,11575,15829,NA,15919,18752,NA,1200,9819,2565,NA,6473,1715,19210,10881,19664,6031,11101,NA,16907,13562,NA,15026,15898,4543,7187,2868,6526
14387,3316,6256,13846,4231,6005,11715,2344,10404,11275,5728,11473,2767,8762,17363,8820,7750,4037,18445,1342,1267,5742
12282,550,11456,2653,2874,12974,16667,7479,8255,15922,5098,552,13581,9561,NA,17679,11935,NA,6413,10395,4582,13391,8029,14605,13409,2981,9724,1943,13110,11206,1625,12814,18518
13397,6243,6030,4033,2020,18655,2200,5695,15134,14599,3709,8817,13534,16224,NA,1916,13648,19298,9880,15545,8533,18842,7568,11834,4380,11168,7258,7171,9405,15819,2253,13492,559,19327,5614,7090,5263,5440,NA,7115,NA,15848,13352,12467,1328,239,13747,17120,3398,15326,19023,2947,18137,NA,43,13614,13384,6188,8301,11227,8955,13273,14478,849,NA,12493,3820,1656,3919,16103,12185,2550
13358,10715,16841,16294,6137,18940,18944,19831,18333,3657,14868,7257,13622,14491,4155,5952,19152,6678,16969,7805,488,17802
4280,12549,3708,9130,2766,7765,1503,3961,14561,12906,16681,16480,5784,19728,16440,18343,13484,6297,14335,14615,2835,7254,9173,6338,9325,2368,8890,NA,19598,3892,1206,16277,11053,18222,NA,13812,2892,8298,7810,606,3181,6383,16832,4377,4121,16675,17070,15033,15912,7111,542,NA,15147,5911,2760,2510,691,1776,17447,3325,6426,7607,6545,1535,11671,9969,11182,14591,15972,902,1614,6795,17577
11263,11131,5529,19183,651,11927,2932,19567,4167,1213,14264,6131,19498,13315,12969,10797,6652,17063,16628,4719,12102,4460,11510,14638,NA,17973,10376,NA,4856,8880,4745,12863,12524,5376,15909
743,19260,18883,8637,6010,13855,18318,17419,9171,8064,3201,NA,2125,NA,12942,1487,14322,NA,9487,NA,14935,15712,16999,17109,18482,5570,3377,19684,16912,NA,13219,1331,16298,17359,10060,13567,3914,1866,4875,4624,11915,17410,15528,7415,2593,733,16290,12217,10044,14443,3631,3646,12198,19172,NA,1828,18374,6826,NA,16275,11325,2492,7810,12013,12999
268,16953,12322,3736,8292,3231,12675,256,6778,280,8393,4386,11225,14151,17098,199,13913,12427,NA,5556,13406,19481,5152,434,14721,15638,11683,5358,NA,13627,14146,NA,5023,111,50,11701,4999,6259,12886,18002,19662,4406,9892
15946,18114,3923,17484,14939,15071,7913,10792,19968,2000,19381,14019,9067,19466,5442,13718,6787,NA,6109,10681,16479,NA,5308,3592,10111,NA,6132,4742,5345,11267,1281,16228,13115,17213,11900,2002,32,2149
7228,10959,17059,5921,11033,3313,8485,17467,12903,8691,15318,515,17323,9137,13870,10164,19576,6388,13888,NA,1570,5421,13158,14969,206,11965,9437,NA,10137,14909,13988,4270,1469,628,15272,13220
14536,11306,13150,9625,5529,16674,1719,13745,5238,4557,6359,2235,19989,5808,16399,5998,10953,3624,17166,8702,6471,7764,17084,19781,15714,9454,5895,6303,5695,19961,19336,19667,13744,3361,NA,9317,NA,13218,5229,8537,10533,15937,8453,10262,490,NA,13177,7383,7016,17451,2411,9392,19900,707,19038,6107,11004,13775,6290,13718,34,NA,4438,429,6740,5407,5051,1794,14623,17458,5584,15404,4087,8663
7801,16855,2125,796,4038,10980,14598,15539,7557,17333,2362,11689,12199,2433,NA,15891,19516,100,9074,17734,14275,16107,268,3543,NA,11259,18801,16507,19182,19518,17011,18945,NA,4343,6267,14295,5010,10951,2059,5234,14898,NA,16333,3380,3238,NA,15551,14786,NA,4730,3164,14299,2274,9853,15961,11749,10793,17552,8312,271,15054,19116,9572
14450,9760,4577,5220,16161,8507,11193,11075,12399,9141,16359,19476,3838,14910,1599,NA,8314,3845,4153,5333,5316,17417,128,1619,7648,15286,15034,2541,4926,5360,7682,197,8907,294,15483,18316,3297,16557,6918,7698,17193,17827,7701,NA,15748,9126,13285,10131,17017,14853,18356,19502,14101,10642,3744
7984,18247,3471,4551,166,13286,18826,17140,16143,13096,7349,NA,7485,9605,13950,1860,13414,NA,16244,7978,13700,688,14053,322,15754,15764,10607,14609,13303,10345,3229,10277,10239,19372,10340,14081,2273,15046,17094,10100,2835,10529,7424,1785,9989,2812,1429,18778,11690,16050,14563
7445,18449,10377,6048,9953,12288,475,17270,9115,11362,1103,11536,9193,9345,NA,18219,5532,4401,12778,14159,10668,16706,2693,14197,NA,6761,3449,NA,4950,2267,7194,5416,5087,4063,9581,14017,11311,11468,15321,17118,13450,12935,4957,18393,477,12790,NA,13799,15289,9256,19967,17687,13414,7306,13947,2158,NA,8770,NA,763,17993,19066,17716,16027
13946,11567,4584,1351,739,7945,6562,18922,10782,13834,4833,13967,17450,18620,3721,9193,12180,NA,11922,4046,13640,17227,17527,5557,19041,19661,NA,4685,17929,17088,12763,6653,2702,12419,9862,4530,3162,9001,14666,11887,13916,1325,11918,18077,7517,2859,2861,18794,15625,13274,8956,8270,973,17225,18863,14511,4746,12200,7751,10385,13793,570,12012,15072,17700,18211
4905,17620,238,10910,15070,12865,14936,6265,18186,19030,1175,9590,NA,5373,1281,3299,3542,2910,6742,19790,15769,7637,9289,16332,13444,NA,14315,NA,14122,9570,1381,NA,11088,4272,18166,1863,17612,4608,12760,12766,16842,8968,7125
18674,12202,7614,11538,7856,9615,7840,9367,4859,18182,6344,8255,9172,7432,4423,6116,10596,8772,8593,15863,1562,18745,15147,15025,8033,5236,6068,5066,6802,8683,538,14716,16790,17932,7699,5689,11404,15767,11148,17109,2083,11281,10895,2961,9022,16434,7871,8275,5713,11189,19825,8614,10070,7910,9526,733,3136,8706,4012,13421
15344,1656,8953,7565,14491,5070,8665,3951,19855,1063,11012,19696,14667,16267,12086,7192,NA,13384,7973,NA,11914,5309,2255,12971,17211,7001,10318,9710,11760,7952,NA,10085,NA,4985,4425,19446,9159,2717,12326,17371,4770,12242,15204,4484,9015,9359
13696,3434,13077,1204,12880,5300,1314,16845,739,9034,11812,1561,16329,17216,NA,7546,19307,13083,NA,7535,16977,4242,NA,18680,11177,1586,16705,NA,15999,1549,12533,14848,NA,3554,NA,13198,5346,9643,12258,13249
19697,12735,4532,15047,11508,13518,18682,13384,426,16380,17087,3833,12470,1202,14395,16699,11532,12820,8222,7371,6578,4707,1374,15588,333,17638,6457,8540,9757,NA,16260,16200,12000,9546,7237,5750,9741,NA,12169,15973,10518,10676,7829,17857,7462,4753,545,8373,1978,10449,15003,9545,19561,9916,16879,19695,19122,4760,19553,12959,14901
9767,166,603,15854,1194,7304,19319,7158,3936,13916,14226,13917,14819,11478,155,4522,5716,8771,11055,4974,1430,18677,15626,12030,3014,7119,5937,18464,6980,6555,3609,8014,6702,12375,NA,5269,11806,4035,9913,1890,19757,12678,5258,8718,4306,3066,11052,NA,4137,12604,NA,7275,8282,3015,706,7915,17695,15604,10743
13489,3026,12840,7476,1614,9595,14695,15809,6017,14481,10507,15946,9138,3580,7194,17226,9697,17649,16897,9097,5035,4205,14867,1791,NA,3793,14295,3341,1330,17831,2910,12441,10082,15010,12443,16664,9036,5449
10728,16558,6962,11036,9695,18701,10024,3484,14132,9427,8587,15212,13038,17184,4164,NA,12338,13145,16409,15204,504,237,18272,16198,17885,7038,19406,11509,10450,17593,7861,4721,6051
13,664,5341,2444,6407,8542,2505,11298,14814,3664,8542,17132,17925,3018,15447,3014,19694,19742,16552,17295,17269,15083,5781,18683,12437,19685,10611,19463,7379,1574,10999,6737,11023,17658,16025,4915,9590,6848,9686,7942,10942,2567,NA,8503,7866,17567,19429,14054,17098,6090,10817,9045,3449,12109,18472,3496,3490,18591,16396,10728
19,14694,4803,19206,4197,10610,13570,12752,5205,2293,13381,6844,14802,NA,19017,105,16834,11999,13360,13862,7136,16017,NA,559,7175,432,18657,7248,NA,6780,19684,1480,16445,17802,NA,7169,377,15175,8338,19882,NA,8760,16638,5921,5793,11138,2351,17567,11064,4789,12433,19740,10921,NA,16922,19628,16272,NA,11703,1228,3756,3172,8979,2964
14527,14304,7331,10686,2626,15434,17855,2004,17949,5163,9277,14673,5144,10477,1799,NA,18616,6500,9216,11087,19753,3575,12182,7321,16783,9486,19212,17721
17248,16269,1030,19311,2323,738,14996,15314,19677,8101,5240,3901,8746,14495,1787,4800,NA,18275,18045,7443,11591,NA,13445,3206,11897,12088,7530,18309,8962,7459,16344,NA,5584,7114,13271,7550,4743,9240,557,1791,16714,14166,11725,6652,11263,9551,2052,16263,8354
16268,11788,9598,9833,4509,3059,7851,4160,19663,6399,545,19305,NA,9431,14834,10868,17631,7032,12941,15101,15572,NA,136,18072,5882,NA,4742,NA,19972,10902,4286,9197,14636,5293,7051,14304,943,18429,10037,180,19613,16251,11862,15444,5257,7059,16066,13545,555,2880,5933,NA,9642,NA,3516,19125,14043,9304,16970,1714,551,2640,4659,17480,17571,14533,12168,5241,11760,6292,10067,643,4236,178,8991
8073,16894,1065,7170,526,14931,4834,461,18822,5743,14388,10632,15798,NA,16179,17190,2679,NA,10984,6825,7024,15662,8104,5274,14165,12126,NA,11351,2212,NA,354,NA,15467,17726,3497,335,5262,15371,6052,11511,13632,16137,14989,19234,5700,5142,1349,5255,10671,2964,8270,8847,9427
5127,2524,4622,4046,12076,13578,18288,16513,7145,9618,1193,NA,11743,17473,4773,2597,12821,6125,6812,NA,16751,16729,NA,15898,3383,13457,14324,6684,6933,11852,5453,1450,8561,11145,15436,1385,15054
17854,10905,19046,16876,2736,16008,19666,16136,12343,6768,9283,704,NA,7279,11572,10108,5643,4835,5980,11157,NA,11417,12151,6243,16813,9859,332,NA,18556,4412,NA,8578,6023,9506,3035,8369,12138,1232,16306,2134,11670,12215,18477,1246,9072,11031,11972,11335,1008,8780,15118,18263,13233,19062,17994,9318,10318,7687,18476,18860,12493,15034,17131,NA,15784,596,16603,5904,16501,4918,17320,12468
4253,15185,17307,15520,6126,19448,7406,9268,6701,12324,19435,15163,14791,9734,10066,1984,8252,8151,7799,13283,13339,1425,16853
