15828,2502,7337,6344,19806,13691,1311,8970,12839,11616,14608,11796,11727,18288,7271,11151,495,3479,9974,6290,3988,5525,12206,1794,16741,969,4732,4933,5820,17055,987,4412,8100,13229,18211,10311,10020,11403,603,14180,2571
11573,7729,2153,17358,6642,1536,3511,6821,3058,8782,7302,3929,3431,17637,2378,12890,15450,19868,NA,18338,1064,NA,1995,5559,19090,10289,9156,2822,8475,9708,NA,625,18374,16711,NA,2521,7040,19294,7686,17327,11021,8516,11416,18106,9282,11452,1106,124,9644,12894,4083,10128,NA,15244,4881,17450,10415,4984,15123,1854,3776,45,257,8129,9235,5739,6760,4159
18588,15896,2011,14661,12213,8436,3417,11822,17452,18669,3266,14199,5032,9353,13992,19829,NA,6820,541,3124,731,212,5718,12467,17279,14830,15471,18939,18107,NA,13521,10933,3201,4716,12777,19509,2514,9356,13715,9170,12755,9349,8742,14727,14351
5197,62,12037,3315,18682,4142,12280,19718,15649,17922,1257,7496,11685,14713,135,14820,17351,13944,8320,18008,8787,62,13302,10588,35,NA,3304,8145,12614,17465,8154,18351,13694
17568,12862,7973,18894,2955,7590,13463,2080,13194,17453,16224,NA,10983,18112,2735,163,270,4180,14743,16482,11507,2602,11719,9695,11283,5240,1631,13786,12747,12421,14573,7421,6995,885,15021,9314,19747,11564,1605,18281,15543,19801,NA,19319,8395,8880,5735,2486,4428
18383,14187,3265,12439,7658,16857,14568,8181,18215,4885,33,5741,16383,13485,NA,18434,1417,18675,10541,10722,15505,14464,13713,1880,14383
7629,3478,200,17861,12061,18814,7265,1960,12717,7129,2833,15625,5420,4155,14196,19476,19447,16284,19041,4946,5442,14054,4971,11693,13493,4212,10433,16738,7628,17675,6795,9952,11606,13516,7261
6607,7326,17646,76,18612,11173,1731,8932,3338,14683,10536,10445,12010,13042,1088,4569,2796,1209,8042,3158,9728,3245,17394,13516,8377,5003,7562,6038,4079,15550
12492,15685,7667,1716,17193,7614,8514,10351,16427,10240,9773,11362,7685,13347,1394,1492,1608,774,335,3179,12826,18049,17559,8957
12927,6389,6393,13340,16940,4496,3767,19597,3859,10429,8850,17471,9504,6888,7150,12350,19752,15639,9026,416,NA,15487,948,4914,3352,208,18078,9622,5924,11822,11845,15789,13324,13071,4107,4883,11627,18830,18269,9579,NA,380,7809,16338,17322,7128,7814,6335,NA,17331,NA,12813,8480,15720,7409,9608,14731,8674,12575,8391,13139,18708,11825
9126,18107,3554,2471,16457,3751,725,2259,16723,19540,3668,19292,695,NA,26,19378,8109,11309,16885,12848,4092,4705,910,16710,10686,7219,5263,337,2091,1835,12039,8369,590,19836,17777
12784,275,17316,2544,11495,7359,6935,4594,190,6276,1222,8400,9221,311,10387,982,11859,14333,NA,15055,1236,10381,14203,5671,12638,1181,6582,5455,4799,3009,15831,6613,19699,11619,17847,10223,18932,12143,16330,14072,6261,5901
9224,9425,127,18814,8629,16382,16082,7316,8549,16416,2674,19724,19210,19152,10259,14009,13212,10061,13784,NA,19030,308,9877,5342,19127,9114,6011,6788,13783,12302,12573,14392,9789,1275,596,2042,7434,12169,13384,8601,658
14416,1925,11653,13,19162,11805,1055,17052,9706,656,9125,690,15988,15155,6773,NA,9850,12999,2141,12622,19293,4446,18446,7461,7820,12814,560,12422,NA,6084,13141,15298,15856,18014,14902,NA,19991,2429,10825,6464,15728,10640,14652,9617,9627,11959
2015,19720,14139,9192,15403,10239,9074,15590,11740,823,11669,13680,17090,16887,NA,8638,10254,17707,18342,8301,19891,15851,11295,15534,15673,NA,19044,9644,18917,17558,5435,9645,2513,NA,2929,5183,14918,8806,8774,18195,7880
2828,16979,5589,10788,18348,11161,8591,13533,6396,3751,19666,15450,4095,19170,NA,11922,17059,14574,10003,3093,6746,19458,17022,3665,5581,9060,NA,4468,5346,NA,5043,12738,NA,1272,2008,12367,18773,12210,2653,11941,NA,2644,9808,19172,10874,6104,18945,14827,15984,14236,10292,9374,NA,8986,10010,19901,6591,13411,11112,15633,18922,10975,12388,2461,5292,2811,8430,1569,9108,113,4871,13717,5564,11934,15787,10953
49,129,11574,16944,537,8855,10982,13536,5285,2266,11121,17194,NA,8487,10721,15820,NA,6152,19641,NA,15323,18668,6369,19808,12573,19986,12240,19459,15614,12863,NA,13964,13178,12332,NA,16299,6948,6778,13376,12279,3726
13718,15191,12385,6182,5239,15937,2104,10148,16086,6627,4327,7154,15558,8942,13325,8219,4667,17103,3852,9706,14410,8394,5503,3629,13834,NA,17852,NA,6971,16636,8691,11864,5751,2385,7655,7559,11563,10574,17464,6803,1002,19901,NA,13731,2906,7276,10191,3329,974,15714,10256,1738,2319,11706,14644
10662,12795,19001,10604,8138,6376,4477,3474,8410,1408,17369,6335,5717,NA,8317,5196,5274,7070,9386,2771,5937
5599,11074,8735,11622,6366,17238,13006,15513,2373,8932,15021,15768,13067,6841,171,18198,585,4559,12668,2348,17742,466,17296,2757,11951,15474,4704,11494
4176,7321,12374,9236,17421,11363,112,16124,10289,5732,18902,3954,19367,9101,NA,3247,16358,2620,12952,2414,13469,14185,2320,1203,NA,1535,NA,19225,2075,14456,18086,9449,2896,4391,16088,6165,10596,13930,14586,2658,7961,10760,6815,534
1185,13762,7714,18144,18807,17043,7085,14887,4446,17191,5726,6487,NA,3635,9618,759,14204,4624,10032,7466,785,13066,3900,19132,18008,NA,5057,9817,18723,8886,6201,11712,952,8356,3941,457,4628,NA,588,11364,9083,1808,16821,4759,6524,15965,14542,17337,280,6869,11702,13836,18777
4624,17450,18568,10714,13068,19632,15100,17117,6408,9833,8592,1257,NA,14456,17954,9962,1,6692,1544,6837,17336,2788,2332,NA,10798,19645,17583,9416,16498,319,19634,NA,8186,NA,16740,12283,17597,8002,7229,1774,3909,NA,7631,19834,15162,420,11350,8376,6355,4113,697,4434,11676,14647,15241,15742,5330,19758,4338,15475,12277,4303,1531,17728,15077
1263,15485,4639,6992,14488,5098,15212,7556,3039,19849,16196,2594,1583,8254,NA,11968,18751,9558,13275,13349,4406,11726,15292,14941,9428,NA,2883,12821,17472,6840,NA,5970,10139,NA,1638,6178,11518,NA,2012,827,10528,18969,NA,341,982,12336,18415,12886,18665,9586,17266,5096,1481,18181,NA,13814,6823,15090,19422,9482
16195,12951,16386,11679,16428,1871,8156,894,16195,14622,1892,1791,15257,13011,8097,4252,10682,7481,16974,7305,7862,18877
4354,2024,1666,12910,6971,19950,8146,15176,4524,5225,14567,11223,4510,14997,5926,6527,8839,12864,12334,6854,10677,NA,18457,6647,13306,18961,2289,10053,19724,19987,16371
4972,7862,10640,2116,1903,3608,7233,19066,894,471,3025,10628,NA,5861,5257,6222,19722,18123,18254,NA,10039,9623,9626,2447,7642
18794,9378,10588,6563,10753,19688,19393,10183,2973,3335,19529,976,15351,7970,2943,10950,7681,9997,11073,7990,8478,5668,5482,6117,18484,832,NA,18959,17914,17220,NA,12490,NA,3344,9942,13725,11411,13882,16169,785,13668,13007,2137,6215,5462,13109,NA,5010,18622,2783,14096,2300,6843,3082,5505,2765,10640,12020,9674,12232,4417,9560,13237,13421,10630,19630,14033,11600,15336
441,18457,325,13831,13828,9486,592,17997,1123,16346,18018,16374,NA,129,13881,16081,NA,1220,NA,3719,12375,12512,NA,17208,3404,17722,8141,17109,19774,1242,2208,8359,7616,11671,14553,11959,10898,15916,10399,15134,5141
11363,7473,3579,11678,3043,9557,13829,19225,201,745,9935,12329,11509,18515,10876,7742,NA,9080,17080,8062,5124,14770,8428,12442,15616,17594,15487,13042,10640,6020,16124,18505,1400,15519,7891,11682,3959,5497,NA,13432,4239,1252,8446,2727,15116,11027,13485,8151,14240,548,14839,4459,213,19991,7669,13755,12327,1192,9019,14534,1945,519,13515,5310,10633,8904,12337,4274
13161,14362,18619,1985,3739,18223,14964,11628,12032,12329,8789,3941,2985,9965,4951,10378,NA,2539,14917,11236,15956,8898
2116,4347,16241,1827,1532,11991,17252,1343,17647,4897,1040,10615,10698,7229,5674,1176,15080,5294,13708,16125,13422,9697
15456,11212,3012,16218,10217,3213,1323,12888,1528,1575,5448,1379,7776,5172,10454,7720,2303,NA,9511,7813,1898,7719,NA,6787,17777,4358,12050,5661,11647,10154,15793,17626,12722,4599,17856,2304,417,6645,17124,11284,17297,6066,12305,17802,14468,4517,9,2343,16929,NA,11162,7609,6505,10350,19916,16426
608,18845,3613,16642,5102,12729,18691,7963,5793,2985,11831,14650,2387,NA,2339,NA,3725,17441,16560,7387,5706,17817,16096,19865,13381,5588,16639,16022,19573,10735,14330,9084,17180,NA,3223,7599,7265,NA,1718,8035,5644,309,10240,888,14969,7450,13429,15164,17005,15675,13638,1710,1222,1713,5629,4075,18079,3935,3542,13927,1818,7183,18956,4270,2988,15793,10145,8678,14696,14416,16235,9812,10797
12513,16142,9214,1116,12387,15030,2528,13711,8266,17460,4372,9074,14452,949,6420,164,19685,8156,10243,15082,10166,2112,7603,11430,7014,6674,18016,11527,12536
18355,5130,6719,10251,2782,254,14725,9668,6130,12737,8460,108,2671,5280,1463,7376,6995,6334,NA,13165,9116,2460,18075,4116,2332,2395,1101,15986,3129,NA,12145,7488,4357,14281,14265,14823,3073,10653,502,14586,6607,5361,2439,4723,11460,NA,10401,9072,18340,8071,5712,13862,1586,5157,2250,2917,17487
2142,13643,19499,7172,8916,1114,6343,19390,10542,16740,9609,18443,13390,6604,14808,949,11151,5140,11254,2093,15799,7819,10760,5262,11658,11357,8010,NA,6086,5060,18799,2453,19333,17372,13237,14920,8367,5795,17287,15274,18428,15316,9107,17469,12887,10823,3226,19847,3974,5884,13517,13336,10620,9994
7650,18064,15925,2564,6339,5370,12291,1100,5595,17641,5474,10804,16459,7368,NA,11583,NA,3107,7093,NA,1667,9076,15047,1584,6995,19882,18591,7695,10567
5343,5634,18336,9676,5514,7202,1412,14736,13089,16732,3788,2018,9608,19460,3766,14272,NA,9267,4208,11366,14726,11882,18166,416,16289,NA,11446,17074,2527,3693,12811,9433,4906,727,8355,18314,NA,18193,1262,6580,NA,19831,17981,7672,15265,8361,6598,19313,17437
7239,825,13758,1030,16194,11925,5128,8001,17848,16205,2161,1310,8695,14352,337,5374,5399,9867,1591,3993,12410,19101,16820,13737,5242,14865,NA,11925,11332,5958,5477,7552,11015,19615,10876,16915,10232,12788,17728,11317,6245,12652,2396,15599,4030,1175,7193,6483,17069,5803,3580,NA,18378,9948,NA,18287,3664,NA,9980,10218,13831,13892,16778,4364,3937,13472,16941,9913,14553
5787,19251,18847,2765,18664,15684,14043,11920,14314,5067,18078,814,7064,19951,2096,10508,14916,NA,10350,18044,15315,15877,18731,6446,19270,8058,12311,7659,NA,12555,NA,9998,9840,12521,18327,7591,3941,15717,5376,13990,4472,15319,17485,12644,1745,7049,9351,8692,4090,NA,15421,14823,14277,6587,16170,3030,15719
11527,10720,7879,16972,15502,17802,3879,15265,3617,3551,8136,2074,16652,NA,4881,3330,1268,9895,7110,16432,14170,12760,2138
11107,14204,13416,5300,10016,10408,2556,5707,1973,5756,17902,3530,3666,15612,7725,2377,328,19036,NA,13160,NA,13015,NA,7955,3096,6555,2759,18995,14118,17037,4886,12842,270,14778,6346,12440,NA,13542,4704,5280,16355,10994,2613,9716,13465,19764,8635,13652,7486,17192,19635,13017,NA,9054,2309,18180,6599,14624,15996,5289,3840,14669,2981
6035,13017,5013,9641,12471,9219,15957,15886,8378,18834,8462,18404,NA,19918,12969,14081,8099,9304,12755,1195,4611,NA,580,16145,NA,15091,10756,11750,16163,7851,6159,3721,8718,14743,7860,13323,18770,5823,14340,8197,12339,NA,11708,16718,NA,17356,1874,19893,14769,18637,11105,16198,16881,19251,2023,419,19857
17363,4572,16439,9966,13979,12310,9554,8029,12928,6963,14391,6923,4546,10693,NA,5698,14097,9489,9585,18901,6066,7780,6081,16133,11148,4338,13725,13698,NA,988,9858,4316,13744,NA,1667,10726,2831,13905,19359,12145,NA,11459,11570,9045,8312,8588,7294,10366,14880,5614,4218,9913,15076,16147,4517,5956,7642,19650,1769,12227,14077,19767
17116,14168,19599,432,10134,17374,6832,15809,5370,14109,8693,16354,362,1552,17676,16963,17182,16161,10651,7658,84,19035,1258,16290,6754,10091,45,NA,2603,3323,NA,1647,3071,10966,13970,3693,NA,5901,15662,1548,17858,18430,11053,14453,10670,7068,17825,7731,16325,14550,12892,3093,2189,16183
16415,16551,11921,597,19306,1445,19384,1721,9803,6374,6303,19650,267,1372,9924,8888,18216,1753,9217,15088,NA,8984,2718,8174,17270,15075,7492,19393,14373,6430
18505,2077,5167,15179,1319,3994,201,13853,11989,6925,7339,4626,18296,10533,NA,13116,19956,6341,10870,12347,6145,17232,17245,11461,7233,NA,4110,8516,NA,15323,10346,17698,16721,3052,14135,6957,14182,203,8896,13049,3596,14239,8940,16892,18769,8101,1185,5147,NA,16072,6739,4570,19538,5802,13746,4487,4116,12100,16138,12508,139,7972,12156
14660,11179,10604,13414,18184,7439,1442,1743,3427,1233,18354,NA,13943,19664,9570,3392,5715,358,13822,18324,11989,3574,17034,940,NA,18223,NA,10373,9802,19750,NA,12793,17271,8192,2739,2560,18725,19102,17358,669,8276,15071,11624,978,14675,10941,8715,9659
7727,6676,10175,10039,238,2400,18020,8067,13605,8913,6842,19944,3060,13719,65,1902,17454,12482,16161,15499,9440,14986,8142,2581,15831,2429,15086,18370,801,1886,17147,2697,5576,3140,13250,8408,12498,16669,19380,13462,19861,12508,9977,3442,NA,1695,15476,12154,17427,3539,19195,17572
3289,12204,12535,1433,5466,16566,7026,8250,5514,3517,19448,14311,15607,NA,10095,14908,11469,7367,6535,4159,11760,9940,2330,8375,10100,12165,14141,10342,9040,2985,9848,12213,7896
12312,7146,1040,5026,8647,6991,19760,19976,10099,5449,13509,NA,2351,3355,11040,22,291,8632,2603,16551,5303,535,14861,4764,16219,NA,9197,12424,12883,16642,1094
6404,3604,550,5068,17793,1448,11254,3504,15890,7003,5585,9141,10015,17265,14438,NA,8833,12287,2758,5180,3814,15631,3097,6313,18439,4746,2371,683,16924
12189,8280,7926,9065,14319,11924,15939,2758,18796,10180,7883,NA,12263,12405,17125,NA,15849,8534,12624,NA,2516,19747,9304,17094,6179,3068,NA,5010,19272,16873,13814,6824,18994,3034
19573,2139,15411,11044,1883,11676,19157,17148,2296,9645,778,9231,51,17755,2863,10938,13439,701,1141,11202,874,14665,7215,6419,4158,14784,18465,3713,1302,1193,NA,8231,16966,NA,9760,19851,6868,953,10043,17514,19870,18037,7562,2814,14587,1801,14807,NA,19623,12192,7032,9524,9628,14569,8031,4688,6603,16638,15887,2123,9808,11313
8532,11105,17643,12921,1459,18505,6632,9281,8417,11960,14486,8548,17296,1349,NA,5903,17996,13789,2258,16947,4001,19318,277,7630,13619,14186,12622,8779,19384,18819,8098,9612,1531,10496,18926,NA,14980,11957,5763,15350,1159,19536,2155,710,12256,1268,7427,7150,2097,19749,12446,2494,2689,2280,5179,17131,5839,17293,18965,NA,1184,1028,10888,6711,5135,14172,12865,7147,5248,16501,5986
