13646,16525,16018,4048,11192,9114,8209,7974,3739,4811,14537,NA,14752,12325,3167,2406,12231,6388,7013,12541,5654,648,NA,10400,5829,2075,12037,3447,16490,16487,NA,11533,17942,10006,NA,16658,12340,9352,6119,14754,107,15727,NA,7954,663,503,5428,2117,13149,8717,8922,9939,14175,3893,10480,8470,13746,4969,2994,8543,13026,18738,14994,NA,12610,9256,2399,14898,8386,638,18109,12490,6245,12734,1090,13600
8454,7202,18754,2079,7678,17841,5209,12756,3056,18797,5293,16828,2979,7392,8477,3354,19150,7186,2632,4737,6556,13400,17041,10906,19600,6192,11677,1110
773,8362,18826,8987,13561,10509,1135,19384,10717,7477,6432,8306,18576,2246,5320,NA,12972,6952,6857,17807,8919,13221,1759,13796,14746,15246,11264,17873,5958,7998,1021,12353,18179,15745,16618,17998,9460,13505,18775,2401,15000,12674,14818,717,NA,19496,3383,15709,655,9064,6707,9926,14607,14875,5146,9136,15810
16590,17704,10880,10909,17351,17416,3660,12932,14277,3125,6899,237,13141,NA,94,15475,1707,7161,16019,2040,16156,5310,14793,16285,308,4991,NA,11180,1968,3368,525,17976,7833,14768,902,12548,9501,558,18804,14817,11340,14784,14465,15808,16339,13226,16643,14158,6317,5543,12913,1962,14055,18224,13816,11792,5675,14585,17172,10645,6924,11898,14542,1455,18630
17063,832,3242,10570,17915,10405,12759,5604,9455,9652,10441,NA,12004,94,2944,17476,13219,11181,NA,12835,5955,6947,8022,3105,11912,1505,15594,10670,5261,9718,11406,18795,4478,12728,9185,891,16625,13054,8764,NA,4947,19225,5928,16317,16360,3521,18371,1962,18913,4881
4397,19063,11673,10697,2357,4629,14663,7992,2219,13445,15396,2214,4320,12798,NA,14499,13471,9330,16353,18478,11751,13076,15292,16098,4042,NA,5030,1607,9922,9345,6953,15020,18607,18775,12282,6247,15591,14340,8319,19429,NA,3868,14770,12540,7205,10958,9845,NA,10955,1245,4125,17606,17456,10829,13818,13802,8491,17427,14892,2513,17532
580,11065,6170,16036,1468,17507,13552,917,11480,18044,4593,2636,6506,12022,3800,7814,7768,1249,18638,3751,2686,12564,13919,9638,5065,12736,3859,14139,2751,NA,11863,6611,NA,13728,14348,18008,4007,4716,8771,1063,18582,13331,6496
11519,13782,10790,6529,15237,18507,2506,19588,16696,3958,1018,NA,18119,10316,10628,NA,1401,17880,5153,5415,9610,5978,10466,14810,2033,9650,15843,3552,249,13186,13816,NA,5911,NA,10979,19694,14620,12677,10151,519,18714,5128
17133,13950,115,2746,11151,784,3916,11333,7132,2995,13678,6079,NA,193,NA,5764,19080,11281,1293,5049,15389,13891,12046,15164,9179,15968,18380,NA,16211,9031,2661,1656,NA,243,16253,8905,10468,15515,19853,266,12469,366,1443,12543,13863,7436,15320,19998,19036,3902,1878,8775,8684
19404,16213,116,18789,9380,8116,10249,4987,1898,10870,6631,13210,4014,797,4955,173,4773,15513,NA,7033,15847,13923,2364,16433,5087,5671,13672,2625,9449,11100,14459,13949,15761,4328,14030,7919,5255,9,3297,8224,9976,18658,7446,3455,NA,18152,3247,69,883,8973
1552,6054,7310,16992,1257,142,18191,15892,3265,17126,12554,19549,13421,8621,9259,7696,19885,19214,8125,2878,17193,10749,13117,6914,9678,7264,5089,569,14993,4895,14385,3753,1627,15896,17548,10726,6877,3765,5402,18456,14355,8230,14680,15492,5034,19345,1956,4519,5323,18799,3889,5422,7755,8284,15763,16588,18844,18317,18953,18473,14580,15627,4037,14633,12971,3772
6182,3913,4112,2881,5081,11994,12325,15756,16468,12759,14788,17631,2104,11024,10047,13682,5557,2310,854,8119,2729,4345,14213,15876,11478,3470,13105,7734,9215,NA,12661,6317,2809,12004,2671,NA,2091,17010,4564,10233,13634,18409,1585,16008,9720,6034,6438,NA,12086,12604,12704,NA,17694,1524,10933,NA,2916,2448,18898,14457,1101
8048,3379,14297,18589,9123,5716,6170,14144,1610,17632,2783,5360,19167,418,2347,9443,10216,NA,16585,10587,9933,NA,4170,4776,2572,11470,2604,13905,18671,15454,7393,14688,14463,2715,13412,NA,16838,16738,16081,2688,16831,9003,14220,7132,11758,NA,12004,12334,9892,6978,4851
9198,16498,10766,7379,6977,3569,456,17937,16276,11822,8454,15010,NA,2671,11667,8951,15375,11479,9922,18981,5412,10648,9246,17523,14115,NA,14923,2942,14980,19132,NA,11755,12025,18482,14423,5681,4205,5204,3709,1295,9287,18210,12904,NA,310,11965,719,NA,12440,4220,19401,17587,15685,5269,1294,4660,2113,1083,12608,18773,12206,18498,16055,17089,8528,7341,12310,8346,9386,18455,2209,7079,14982,11416,7393
11275,9829,19203,1337,13401,18762,18893,19983,3338,13979,5971,14138,7378,2199,5501,5946,8869,11638,6031,762,13540,9384,3103
5301,10496,10142,16678,11909,6176,17120,5729,13312,19474,4327,2613,294,NA,17145,17904,10511,19426,7576,8313,5815,4447,7673,8447,6473,2616,10054,12629,NA,13071,16586,16043,18210,4486,17037,6822,NA,759,NA,7603,1675,11732,4690,4332,1675,1795,17689,9278,9571,297,1008,4651,16023,18815,14311,19689,12426,7211,11204,9466,16401,18954
9706,7293,13894,8902,13766,11836,3344,8650,5930,750,7847,NA,17875,164,1875,18083,12290,9687,1707,18664,7585,4678,15804,NA,9082,14342,6754,9405,6399,11894,NA,11932,16520,NA,1772,19007,6149,18941,3623,5505,9363,5250,2560,3799,7884,13197,98,17510,4643,15275,NA,12280,16029,4860,2964,NA,3558,16561,19981,NA,17414,2563,4149,355,2145,11703,19398,9245,2795
580,12335,10282,6231,9435,13474,15588,12849,6054,2903,9458,5001,13935,19307,11634,5298,NA,16597,NA,1904,7326,9253,7765,3350,13090,13043,3661,NA,2055,6563,11067,17504,15875,4546,16740,14689,18453,9702,NA,2945,12472,15058,5797,2005,18877,18241,10547,NA,12886,2294,5713,7939,1490,12616,10109,18286,4018,15015,2724,15523,1575,13792,645
626,10873,16791,10586,19078,11857,4664,7172,14752,14048,10124,855,14047,996,19253,NA,17906,NA,9404,8889,NA,2864,14681,13669,18672,11129,5992,15281,15927,11547,6224,6880,8950,11601,937,321
2019,15354,17966,18586,17416,12281,19380,1814,4887,17305,10469,8226,11263,902,12839,17193,NA,16663,9004,11531,12818,12833,1488,11120,5235,17847,8947
4976,8265,13635,5569,5969,19988,16705,13581,19508,17802,1577,NA,6179,18141,14731,6534,NA,13054,18767,7579,514,10532,19036,18420,5489,14243,16120,2102,928,9202,4672,3369,4056,16299,12106,17550,5774,13983,11738,13981,10397,13368
9766,8818,7110,9214,11698,10539,10369,12340,19133,8433,3567,13153,10591,5061,13623,7623,1474,1144,8689,18409,12930,942,9218,12708,3554,1145,NA,14682,9491,12165,NA,4283,4889,17375,4359,NA,8630,6792,216,15461,9394,18911,12707
10505,19441,14088,11366,13795,13556,17390,14641,13932,12900,853,6323,13940,17993,8535,16662,3519,18878,3589,8527,13981,15918,3526,1049,19661,15736,12368,2235,19363,5755,5861,11382,5546,16169,18495,3141,7903,10471,1239,494,17801,17869,4912,12175,12687,19069,11301,8323,5458,7020,11388,4274,6281,11538,NA,6027,12034,13072,1608,18645
856,16728,15470,6580,19625,17845,8447,3487,10087,10010,6808,NA,5819,9118,18742,11970,1218,9321,9856,6585,10141,6783,17549,18924,15127,NA,17692,NA,12158,14149,13107,17326,9661,8721,381,NA,2674,17640,374,6671,3491,2922,3942,3479,15612,3968,4602,NA,1794,2727,13488,10231,6684,2269
17762,8105,18472,16666,4820,18851,17524,11586,2482,11726,8062,11149,5393,8256,10654,17767,19823,1990,810,9589,2985,1340,12215,NA,458,19376,14986,17428,10380,6181,8782,10532,13584,NA,19306,17231,14220,18129,14009,4279,18058,3507,6628,12345,7035,15776,5479,NA,7900,8691,2182,4386,6708,5420,19877
10484,4260,7035,7347,16748,13883,18137,14151,12856,15613,4571,12823,NA,11008,1884,16346,18568,12127,3141,12521,11294,13946,6229,NA,7984,1134,11004,10607,3507
8577,6041,1118,3,13887,9173,15684,10902,10653,15094,13820,347,1706,11959,16535,6669,NA,18976,15173,2987,5316,14846,13531,8079,1182,3377
19853,4936,15924,14101,17029,12092,2396,13406,16092,14673,9350,11127,9885,7641,6744,1167,11719,5268,4725,4810,8833,11393,NA,4696,12380,2275,3151,12651,NA,18008,19038,15053,13158,19173,NA,19521,11989,1876,19294,16875,NA,2714,11159,6704,5604,2719,543,7956,NA,4306,NA,1287,11309,2632,13035,18413,NA,19444,7568,NA,12537,8205,1647,16890,10244,19610,5497,11521,10050,8507,8730,12648
5138,4855,19189,17763,682,13299,3593,19760,9027,5958,9653,9469,15518,10798,266,10229,12892,12456,2900,112,11983,10932,16708,2101,9437,769,NA,17391,NA,2069,7742,19745,16465,6510,17585,12317,10850,6515,14749,11940,12672,1539,1886,8633,5266
7531,2009,13962,5009,14072,7989,10371,4974,15978,9214,7510,NA,19026,9180,19370,13466,19820,NA,1155,NA,14535,NA,9603,11627,17555,2140,4740,19749,16254,18300,11330,17053,12067,12294,19764,11511,15726,13624,12541,6932,7850,14829,13250,10963,1850,15825,14030,2443,5617,15162,5545,524,7938,3166,NA,5416,6055,NA,17797,15043,1668,17428,9089,16185,15115,556,10892,12651,19388,15178,2229,4519,12364,9941,15701
9574,2018,10331,8041,13050,10891,13158,10038,6283,5541,6209,17827,14331,11618,2604,8098,18906,18375,18202,10935,83,7723,2268,9859,13002,19597,6655,18893,16201,837,10290,12907,NA,19563,19151,8805,7618,18179,13557,17198,9955,8297,12016,2444,15232,5952,11525,1999,2350,9816,466,15142,591,6821,13533,17229,10880,NA,4248,19052,5826,204,6139,19817,18846,8192,19391,17792,19780,2691
10635,14575,8988,4720,11033,12391,3797,16799,2259,9163,13760,155,15758,2724,8989,9230,NA,11589,NA,12297,16190,5191,4908,5987,8211,17560,11478,17062,2503,7696,NA,15608,7474,9462,9996,5366,NA,1937,14973,17712,2456,NA,7752,2588,6349,11961,12913,7735,1035,15829,16154,4451,7689,12431,855,9476,7343,3426,13118,10407,6854,16830,8183,1359,2883,14163,14516,7633,6658,7422
12306,12029,15496,2768,12460,11396,10207,16471,17516,17526,8366,19141,10190,5711,NA,11401,5027,16849,12275,13528,9725,17076,5291,11116,NA,17399,5064,3693,NA,15253,12389,5466,19934,10456,9806
2615,2180,3050,9948,16613,18359,17646,12981,4676,11893,9020,18580,7298,3969,NA,583,11019,7086,NA,11193,5272,12199,19886,17808,3006,5483,17569,7854
8821,18404,14149,2600,13918,7415,2723,2098,4079,7344,11694,5785,12422,15019,11192,NA,2959,12438,4524,11726,17648,1851,9917,10110,6479,10508,16815,NA,5559,4963,4245,8420,13129,18458,17908,NA,19089,7547,1599,13305,16419,15099,14215,13668,4321,3692,9843,NA,7582,9381,17497,7875,4228,4009,NA,11741,12747,1456,66,10952,6458,5445
14374,10365,12992,11021,7727,17354,16784,672,2869,3817,15144,9214,12520,16538,1537,12658,1983,14635,12253,NA,16993,11761,4546,2562,1384,12959,9161,10421,2616,NA,11804,8138,19690,NA,5960,15217,2060,9227,12034,5756,NA,14896,NA,12524,16133,5260,5128,9416,10167,17199,12995,12584,15897,8392,11355,17870,14238,15247,6674,11747,NA,1876,16755,18449,18996,16265,4760,14887,17267,18654
7844,434,19215,14992,13607,16171,7696,11051,1657,1435,14353,16698,5924,12592,NA,16342,17760,5975,19790,19797,16600,2806,8133,19404,6450,13160,19495,1303,4099,719,7164,15224,18645,3634,4525,NA,3002,17477,17299,9661,NA,13754,17452,18607,9783,1425,NA,3978,18477,NA,14083,12197,9800,7522,14429,879,14872,5892,8237,7558,5933,NA,3594,3270,3826,12676,16634,2750,808,7813,13692,1660,5836,11072
18754,8079,19575,13090,6240,7108,7215,9477,17987,5432,17836,9471,3272,6620,4844,6153,879,12361,15942,10296,12049,1532,NA,2057,15557,1877,8793,16395,14792,13860,NA,18954,3821,18901,4327,11461,18941,12118,4617,4316,13477
12567,19705,12716,9216,7937,7585,12192,13865,6453,15750,15214,5097,NA,18471,4537,1700,4676,1628,8869,15193,9570,19325,15111,6000,8057,15784,19242,9525,6403,NA,2335,8560,15879,11129,19134,8159,962,11142,13377,13888,2117,9546,8944,11310,12457,7706,12156,936,1178,13919,NA,10752,NA,17054,11032,6566,13349,1836,17518,3583,14318
2459,10866,7652,14589,7048,12716,791,12251,16752,15549,3576,9741,3341,15497,5083,6719,18560,15887,18581,2109,3303,16438,8335,18794,NA,15949,5764,18974,8890,7028,193,NA,3046,17414,5564,11371,5584,510,9348,11614,NA,417,17038,4631,13746,4878,2393,18520,8959,7266,13569,11681,12617,4977,8327,5097,14494,NA,2637,8084,18976,NA,5643,12629,NA,211,6141,NA,6120,15342,2235,596,3520,17570,3425,2432,1943,11243
6340,2128,6891,12557,7296,18620,6464,13424,7262,8485,1748,12263,2257,9419,14342,6167,16224,19311,NA,14494,3484,6222,5713,6907,17143,6555,18401,8411,NA,12516,8549,NA,10033,5871,4143,6377,12718,14714,4970,16331,9500,5883,12886,9648,12258,5385,13035,17171,2347,5179,525,11140,10497,7778,6800
3807,19801,19534,6078,11099,929,2911,2866,14403,12325,15156,3598,3479,19481,5340,19615,NA,7873,3008,2241,8644,7619,4618,15848,7392,10555,NA,1654,NA,13009,7180,15107,NA,17322,526,NA,12323,19633,16636,10916,5888,1307,15641,14967,10423,9465,12003
12607,10573,13813,5379,3189,13396,1533,927,8493,11030,1095,8948,933,10424,12121,NA,2507,18429,4237,16955,7524,11645,2876,13077,8360,3117,4036,4382,11919,1053,3615,4149,18725,19295,19987,615,17908,17101,15593,NA,6793,19709,11458,NA,18055,6555,8109,13672,NA,13923,6544,7489,3922,15740,2955,7840,16329,19890,11164
6947,8694,16867,2881,8253,10241,11166,15458,3660,11827,8104,655,16714,10390,12348,11138,12960,14708,13104,5604,5749,9521,12495,NA,2607,17692,737,16665,11031,18370,421,18181,18442,409,14523,15804,3144,3833,18124,3451
3882,12512,15234,11072,6374,2660,390,5072,6690,1126,16543,15034,2598,14285,NA,14520,10172,NA,1169,8360,18015,16799,4664,NA,12869,18691,6962,11711,18338,4874,NA,15996,4107,10356,7161,1801,14479,18277,4433,NA,18504,11977,11887,19180,9172,3580,3833,981,2184
17615,6362,11447,17792,7866,3111,8986,10325,8453,13332,1310,16628,18434,18371,NA,7835,1074,7982,11373,10315,4761,11408,1776,359,2774,11203,2198,NA,18079,4567,1694,11514,14112,10714,19746,10518,NA,4693,NA,9575,17470,372,11403,6655,14864,NA,14662,1892,19845,3147,16966,15708,16964,13498,14242,14767,560,3503,1429,18719,14938,5101,6578,NA,19087,11599,17602,138,3036,16179,17703
19416,11157,13475,5545,1158,19950,3029,8588,6225,1142,3726,8890,18765,5964,NA,2477,1964,750,12346,5079,18416,NA,5259,76,3371,1663,NA,7246,6235,4496,9018,8313,5224,11138,17218,9432,8803,7443,17275,985,18241,8499
6054,17014,15997,990,8853,12330,14084,18067,5244,19672,4481,NA,2470,9143,NA,10838,14523,2362,6440,18831,2967,12763,4730,18527,NA,6385,12376,11578,10762,18319,18582,10240,13916,17340,19934,7062,6174,17319,9768,1155,12322,17414,18281,14335,16969
13925,13999,8822,1836,13843,2297,7515,18990,11352,15804,6133,14238,11856,9747,17347,1680,8930,359,1260,6601,16313,3017,14074,1498,10130,15895,11928,2145,15361,12900,4706,9983,3662,5209,13082,15276,2881,NA,4650,17785,17100,8025,1936,12689,6231,10456,12987,5729,6457,7457,18632,19162,12571,7874,11462,2144,160,18500,3232,7422,3893,1179,7399,7564,11429,8875,2015,10861,10656,3747,14004,9805,9563,16790
18676,13045,17684,14782,7942,17232,5318,12709,3106,1060,11737,4843,16668,4788,4210,2498,16735,NA,3746,15223,3190,12456,1284,856,3112,15035,14768,19520,7705,12525,10029,7380,4250,5517,18104,2655,17846,1812,4161,9328,4408,11633,4164,4189,16684,11971,16373,6366,10548,12295,6447,3199,7437,2136,10752,5093,12836,18905,8946,743,14236,4926,5085,12730,19978
716,12,2212,5738,4322,11143,13924,12667,19559,8182,13758,1077,3538,17534,3716,1725,17748,2957,7647,NA,382,5684,17260,12777,17960,15877
18268,1049,1455,9103,18573,4026,2945,11639,3926,9188,3397,18698,3960,1845,17290,12525,4256,1444,4822,6691,14409,7888,14087,13716,16615,12271,8731,2487,8294,12003,19346,9383,18630,7275,12697,18477,5125,6220,19959,8209,19423,11245,NA,15846,291,15382,11655,10061,8796
14652,17999,18363,4045,12881,6642,3686,11306,1784,16536,12015,NA,9071,5684,9520,4477,5459,6580,2874,NA,17046,11047,NA,16514,144,9304,606,7810,3454,18884,15102,16001,19254,7552,15682,16392,2029,5960,14801,10499
2583,6790,7767,11729,18473,2811,4458,3576,9793,7020,6074,18977,1264,10417,4481,2038,4755,8543,11268,6993,1265,19403,19530,5684,4079,6716,5271,18743,9952,16058,18632,13000,14627,NA,5898,8661,3145,13831,15291,3067,16385,NA,18997,12228,17518,19814,17026,15205,19922,17437,13656,1974,876,17854,NA,17846,NA,19868,6811,5112,NA,4463,6765,15676,15709,17903,12793,1955,17440,6104,16273,12714,7888,780
14342,14246,2705,14855,18523,11783,7646,10267,7399,5535,1883,NA,11476,8574,2486,18449,12607,3611,11095,11751,5375,NA,16141,3688,NA,16936,5382,NA,3063,16662,4807,18749,14211,1743,4339,6095,NA,10825,11380,NA,7231,8301,NA,16762,19332,8936,1038,16113,6968,6357,98,17488,3873,9515,3716,15400,2514,14278,8909,1322,14083,15120,2554,17414,12493,13086,6575,NA,4003,NA,18550,2095,1709,18803,13934
6909,1079,17160,14492,3171,10563,14246,19465,8268,2156,15638,488,3156,10700,12658,NA,12628,NA,140,3025,9231,NA,8937,18698,NA,14836,9576,19053,479,2528,10318,19808,12073,19761,8284,2730,18936,685,16152,7646,15831,19682
16764,2184,5393,4723,14112,14340,17926,11339,19194,19078,15207,12753,8234,15204,17922,3909,760,8871,4288,3168,5495,1823,18324,13464,11869,18544,NA,9624,16103,19065,3966,15004,15003,15669,2979,NA,13734,4063,6938,13313,NA,14344,8647,8748,4183,16012,10934,8351,NA,19644,17744,9831,NA,7681,5248,5374,14115,616,17369,1518,12684,11913,7312,9287,9047,16548
14129,15570,10510,4162,1468,7693,10952,9060,6415,2635,4743,1617,15864,419,16723,4315,7530,5662,12908,2323,3743,NA,2769,16302,10710,NA,1377,10374,5194,17185,9779,16333,18074,6172,15119,NA,11918,11075,6862,12530,13934,2356,15241,14356,17555,8588,18982,8544,11179,3429,5759,4176,15014,12259,9510,8443
3975,789,5806,16770,4878,19501,11694,1895,8094,9650,7150,1759,7213,9697,9755,NA,18322,5526,9415,19472,NA,13021,NA,10299,14653,14024,7614,12873,4879,10068,12549,11278,6220,NA,4895,NA,13855,17881,808,9743,10547,7741,NA,13075,9748,19343,8424,6503,12453,16749,NA,18441,409,15823,7247,18390,4832,NA,9957,9861,6178,NA,19958,18331,11470,3958,3689,16970,204,6736,16219,19174,11912,4551,17985,2134
12693,10284,3629,10183,16138,18506,11494,16889,16363,4791,11705,18698,375,2271,408,7436,2010,14940,NA,910,15430,NA,17145,NA,6498,11662,NA,9676,15107,16258,13927,5387,14216,4742,9885
10452,2168,7797,1389,15072,1604,1902,356,7415,11712,18973,6221,15697,NA,19271,5083,2630,713,16515,16299,NA,1791,14551,8561,15709,913,15040,10285,13654,NA,14298,18252,11237,15082,5299,8609,3214,16193,15700,NA,15488,NA,10796,6448,19427,4087,19006,17973,15226,5687,11992,1203,11984,17336,9793,124,9709,14521,19877,14917,1624,12686,13326,9958,2955
2743,10812,12984,1645,16485,16230,11959,18325,14031,14960,9221,3988,11190,9193,3123,13533,7582,7431,18225,3110,5609,142,15421,1741,4440,17149,1094,5239,9865,16980,4133,15971,15320,16269,8197,8726,NA,1440,7247,1724,17383,NA,16694,17098,12182,10160,18047,19681,11692,935,NA,496,18732,15393,7437,218,19061,10479,13542
18725,13196,5226,8801,12304,18801,17848,10582,15523,13492,16163,18788,6512,NA,15502,11347,1577,1100,7920,5305,17673,18127,803,5808,1242,4542,19749,NA,6256,NA,1708,240,NA,11942,12069,5848,7011,483,4800,19965,14734,18478,9551,8678,NA,19626,3438,16639,6279,7957,16429,4154,3407,14070,2495,13486
9004,1662,2764,5309,1285,4170,8766,6862,13018,3251,7303,11511,2692,11147,18026,15411,5722,6033,NA,8575,12709,19756,9583,17612,16980,5466,4866,17935,1582,7368,12169,8406,3547,13665,417,4297,16580,NA,4531,13315,15025,9250,16344,7929,9733,12640,8138,16152,15736,5495,NA,11404,15841,6828,16303,8344,NA,243,2162,12871,7512,3157,2226,11775,9829,17907,10866
228,10375,18896,15460,7923,2255,19221,7581,12890,17341,15581,2793,4318,16572,NA,8549,940,18933,5333,4581,16175,16345,3517,10816,15445,5223,10152,16127,19336,NA,8780,1587,14766,7442,5838,13919,1667,7739,18874,16428,7351,2090,7140,17321,920,9861,14516,15440,4322,3781,10262,14182,4348,8219,16515,13885,10103,17307,19924,12892,12377,9116,NA,18933,5114,3515,9088,157,12242,7673,12080,6798,15410,4161,13150,290
16599,12604,18428,2621,17010,7140,8804,6219,2914,19217,2011,17839,8555,18552,1073,6413,18720,18340,2299,3172,6644,NA,16877,18664,15752,912,12857,13323,6035,7521,13656,17681,7191,7369,17276,9915,234,14181,3946,3716,18561,15782,8046,11827,NA,6504,9958,5922,10092,5141,5279,8098,13448,17265,7346,2006,8644,14663
4846,8047,18903,1963,911,6834,17322,13881,9170,10071,14630,3613,4802,11288,1974,8897,6435,17747,14655,12850,214,9786,12249,14320,8823,22,6171,13406,5084,14280
19683,19015,16223,654,4069,10048,3741,8290,13614,11223,2440,5832,8063,2563,12358,19923,2105,551,9402,3416,2063,13821,17678,18790,15277,18317,10971,NA,18223,11095,9879,2756,940,11645,13340,NA,4748,2002,19348,16504,16344,18923,13877,5727,18009,16396,NA,3466,14862,12553,13480,19926,19409,1353,5658,17558,703,10889,NA,3983,10207,2731,NA,927,17608,NA,9968,16306,4888,15668,4388,13230,16407,2183,3124,7333,11306
11655,13684,6568,12156,2682,7255,10052,424,19551,4863,15039,7863,15815,NA,6568,2685,4779,NA,6958,15536,2744,16170,8552,5177,6956,15040,NA,1666,4385,7158,15272,4774,1839,1200,6234,17829,2092,13325,3203,15412,14118
9672,8364,4129,19156,1924,14672,6455,11879,15857,13685,15842,18705,8844,16106,13314,10719,1018,1782,3728,6127,3835,3830,14379,NA,12679,19780,18834,11752,16070,14409,NA,847,NA,2696,8062,4967,17708,13005,6992,6446,18050,12200,4464,7607,1991,5780,14627,19054,18745,11367,NA,3209,3654,16820,8511,11246,3307,1252,12158,238,13911,1742,17422,11007,4641,5664
15959,8132,7197,17261,6938,17175,16767,19364,13329,14900,6606,3752,7293,15838,7737,9799,3027,18592,480,3800,7198,18507,16652,14267,12984,1783,NA,10585,9968,9517,445,4913,16018,15582,16287,NA,16893,NA,16748,14975,NA,12355,15043,12855,19107,6137,19388,4370,16720,2597,8541,5763,18548,7645,19846,18461,NA,7229,NA,13008,11309,4240,13997,8435,11972,19933,16566,3330,9922,12820
10511,17811,17054,8402,5790,6173,9972,10742,5044,14350,13213,8076,3759,9421,12769,8924,3334,5567,6104,6271,NA,7674,17020,19374,13401,19823,19813,14265,18074,14075,12142,6497,NA,3831,NA,15746,15370,8829,18636,7902,NA,6846,1105,19719,11963,16281,7951,3953,6825,17721,3537,12469,16868
14384,17733,17580,2529,12661,4779,10937,9522,8906,11631,13175,15635,7007,2816,2929,14466,9103,4483,16969,10180,3918,7638,13517,18106,5524,18166,19220,4619,205,3492,18929,6,15686,19003,8235,7971,6790,16911,4138,1995,19554,11060,NA,11500,15484,18321,12535,8140,8889,12196,NA,16569,2737,5242,19593,16064,4107,10362,9048,13291,17036,3035,18712,19966,10468,12814,430,8909,2453
849,14804,13880,6360,13056,12448,5643,3611,17633,18239,11399,5846,3060,NA,12703,3243,12668,11998,18642,14309,18546,7574,14638
14310,4733,16335,13667,16770,17452,13850,15143,7167,18665,3904,10145,18244,9213,6778,223,14623,7291,12711,3153,12169,1019,18759,10612,6417,4316,9876,14279,18364,6602,17217,NA,11169,13378,6043,915,11024,9044,6094,18023,5480,14182,12015,5126,12613,15708,1897,3487,18096,NA,7271,NA,6337,1086,19328,14672,17570,7112,13187,17495,2675,8748,4026,NA,17314,10062,2237,16830,5409,6069,7910,12906,8408,5839,17612,16442,4807,1053
1160,1615,7085,16824,14932,18203,17086,15954,15066,4725,10865,4741,5495,327,13182,5058,2966,244,3145,5100,5419,10394,7054,7308,3724
10769,10462,2551,1152,10770,14674,1557,13706,6652,19218,17677,NA,18796,13026,17399,NA,5970,13404,14804,13253,9626,5298,NA,3978,1842,9711,17121,9095,11083,13331,4726,NA,14462,9076,NA,17776,3998,18741,8234,NA,13427,19392,18361,7422,10979,19521,6241
17607,3255,7306,5702,17680,6549,18854,4329,6310,14049,12924,16910,10112,16363,4465,2460,NA,13643,19658,14027,17691,13203,319,19390,18204,3186,15086,10098,NA,3082,4267,3042,19547,13939,15597,18225,19962,1370,7736,NA,11351,11219,16857,11949,5049,18956,17035,5847,6419,14414,13411,6718,14927,1097,566,10062,9754,6666,9466,8246,8000,5843,1768,16088
1654,6444,15523,9765,9348,16492,11966,19403,12889,7001,4833,4241,NA,19527,8661,11857,11469,15543,5184,19769,17378,14363,19353,17006,7986,9838,14645,3860,15393,7633,5759,NA,2696,12806,2387,14606,12756,8532,13226,NA,18103,4806,5333,9440,5047,11451,4894,7071,17279,1704,16800,12534,4170,NA,633,17342,4321,NA,3649,14691,3250,7731,13276,6460,NA,6704,2223,5725,4646,5879
11128,2545,11439,15492,12031,7639,13844,1821,15292,6788,18456,4667,11747,12447,17149,158,14684,5305,223,19418,13255,16674,6908,17993,13141,11495,13296,15662,10805,6949,1984,18631,3686,9122,16108,4191,7067,18091,3420,5105,14558,8956,17899,5706,4674,6913,14625,15102,8592,14693,6795
869,5253,6670,12630,2863,14132,14170,9388,4913,18334,10878,9222,18081,14689,13536,8195,14292,6906,NA,12073,127,14832,19792,12809,19378,1228,3649,16972,10309,2780
19110,11978,2127,2643,17856,19409,11875,15842,11746,4387,17593,19842,NA,11732,8713,3586,634,17794,1376,19192,NA,13323,417,15024,4596,17656,15718,NA,720,8286,14782,4769,11914,2432,9455,6629,5569,14437,12244,11901,1932,4879,NA,6688,NA,5439,6960,6321,16813,427,7546,NA,15594,16368,11210,11078,480,4277,12738,15916,10225,13094,5205
3111,19292,11200,3144,14285,19230,9367,6495,7227,7886,6158,NA,227,16969,13576,18012,14482,5250,18797,3143,11279,5680,NA,13515,381,2777,12827,14628,6261,12288,2936,14799,7976
1349,12342,7289,14260,17966,8312,14850,16521,17357,4609,8621,19943,1523,16819,12409,3066,11536,10900,16785,15721,310,12568,19817,16417,6124,16528,9295,12679,2692,9095,13774,13914,3987,2663,3576,5316,5728,14466,NA,1498,13200,19900,5764,NA,13055,12291,5160,11031,9569,11342,13758,6471,16939,14308
15522,7314,12380,622,7165,13691,320,16810,5248,8270,1560,5449,NA,2699,NA,18770,9588,63,18042,NA,10597,12067,17971,13109,8002,5959,19854,16830,15494,NA,19476,17388,18075,7622,720,2584,19993,17701,7714,2924,7945,13412,NA,10688,14722,15807,833,10964,2561,2879,17684,5290,3736,4921,6194,3536,8722,12074,3679,2728,19108
4207,7706,12415,19253,12582,2989,18803,11318,7392,15139,7725,16965,3425,NA,10738,NA,17864,6960,9061,NA,10177,15681,6702,3288,NA,8319,8988,16851,1277,19688,16207,173,2907,1565,8460,8909,12797,17275,13985,NA,10800,NA,10009,11509,17114,10465,18667,18431
10308,7198,4753,9525,7039,17029,6281,2190,27,4996,19037,14546,8621,1415,4047,15183,10958,2378,NA,7210,5923,4571,13249,9476
18280,16950,19688,5969,14631,6966,3864,5377,19366,5962,7448,7365,8239,9877,14193,3446,1194,NA,12783,10408,NA,18743,12618,6294,18817,6774,5732,2863,11785,9612,3509,5335,15896,16388,15667,NA,3698,4742,9777,8276,NA,17283,16660,3088,624,14444,16307,2985,269,NA,16493,NA,9987,5031,14834,15697,18632,14205,7730,NA,4438,12300,13955,NA,6921,19866,2127,3498,16032,13434
11938,6493,2440,12182,3769,12454,11843,3119,12223,4735,18087,10941,9805,17219,9412,7277,4323,17797,14292,19808,10141,12003,2057,6473,10306,9651,8748,8523,17510,3082,4869,6219,779,17930,9113,1074,16157,1274,9966,1540,12265,5319,12241,2700,18203,9749,5665,14859,3971,12213,12359,8292,5018,4684,3447,13973,2247,14508,14293,3973
676,4523,5654,4147,3697,473,6623,3811,7095,9081,9233,NA,9870,1332,10843,1910,559,16342,13943,18868,6581,NA,2051,NA,10730,17020,2851,3718,794,6572,2583,8032,7681,9462,11601,3215,5885,2802,NA,13097,17890,6498,3860,12710,18590,NA,10385,NA,10115,15494,9595,19854,16880,7935,15330,6049,1103,3911,NA,7612,11837,3436,7356,19982,15281,16799
4599,13508,17279,3545,5875,19793,10172,1563,7838,9731,6594,NA,10758,15511,19015,13680,5993,6487,1061,18250,2623,NA,11977,17861,9567,8721,6887,11008
10322,2677,11913,8188,4759,1938,17564,12567,19107,1649,1127,8923,19380,10824,16748,4033,8096,NA,2637,13350,2595,11848,13092,19168,9130,18827,NA,10201,19036,231,9783,2210,5204,NA,1528,4155,8503,12261,16888,7569
