4118264952
12496150852
-8812135660
-3082528167
1552529380
-2039831638
-5449465138
2671633657
325036625
-18894112491
-2575452610
58319229
3600545863
-7097445779
-8154029444
-2874204671
3008604225
-15592654446
-4349112376
1236502257
11367088357
8750961669
3831382123
-9335875880
-2997280661
-301362421
3774829539
5875456988
1077021969
-1876520761
-4264296923
9100232126
-463700834
-1488780214
4360731881
-6865178525
-1365560393
449923168
7087504353
5997905127
-8837175824
-5895062037
19613414081
10479001845
-1501816812
-14971827772
12911602519
-4076767270
3942744136
-1517822923
10174520195
-3484962983
19575997661
7867371536
