7752
7522
8188
10314
13846
16919
16096
8825
17435
9688
19482
4848
7403
15052
12329.0
9606
12067
4991.0
7612
16257
9849
3967
10729
11116
19701
18927
7829
11894
17832
19046
4953
17401
17732
13572
16636
10913
18642
17291
16114
10723
17255
7996
13187
10868
16781
5526.0
9455
18292
12403
13562
9449
19968
18992
12973.5
6955
13242
12808
11364
14000
13886
18415
14758.0
11101
14429
9637
6287
11795
15106
8928
11269
5622
19479
10708
7628
18973
10280
9381.5
17840
17560
13938
15304
8362
9487
19547
5243
18060
13032
15064
10321
8465
16601
18064
12651
18558
5416
16842
12561
7096
16141
13731
7811
14004
17572
11465
8099
16594
7913
15591
9396
10515
19500
10058
4274
17400
10116
17666
10515
16822
13505
16712
13056
17375
15358
8491
5089
7864
14990
8996
8220
14122
5183
4033
8360
7544.0
6728
8979
5965
12310
6981
8217
9956
7261
6629
5959.5
5290
4355.5
5615
11358.0
17101
8909
11778
12442
6749
5964
7237
19352
19687
11663
6676
11352
8500
9858
13142
12211.5
11281
16293
7837
16090
14191
5321
13206
13304
11865.5
10427
15222
6789
5072.0
4104
16870
14087
16873
12480
17593
7466
19453
6232
6777
9854
10045
4024
6916
5286
12399
16045.5
19692
4415
13650
5933
12459
11978
9320
16421
19861
14661
17352
16182
14028
10359
14320.5
18282
15815
13832
5961
15811
9507
11176
18230
7726.0
12741
8691
13521
5970
14750
18986
17998
9385
12077
10203
7488
6038
10906
10588
4269
5810.5
7352
12875
14260
16957
12011.0
7065
15316
5892
7607
14879
10409
12418
19965
12301
15793
5974
11154
12782.0
14410
14607
14553
11639.0
8725
18366
13404.0
8442
8492
5792
5005
15823
7209
9696
5030
12173
16255
19244
19938
13233
9820
10513.0
11206
6348
10357
18460
19177
15258
9332
17279
16234.5
15190
5689
8651.5
11614
7459
6557
6435.5
12248
7965
8397
8057.0
7717
10717
9586.0
8455
11624.0
14793
14173
7430
18659
9680.5
6956
8085
10089
12791
10331
11972
7254
6474
14719
4981
18147
14911
18172
12152
6758
4594
4357
10877
12579
11075
9619
15057
18965
15277
5746
19136
7459
12819
7493
8754
15920
19900
12260
14882.5
17505
8647
11855
13864
5193
16596
8602
6098
18526
12727
13616
7773
7129
6040
13032
11394
4855
6623
7211
12598
16633
10618
14060
16313
18612
10968
5474
6394
19764
19622
7499
5205.0
10143
15748
5295
19398
9620
10663.0
11706
14143
6392
6216
10249
7204
10698
15440
15061.0
14682
5975
17294
15070
16858
5433
11358
17357
19919
15510
14295
9171
15785
8350
7348
6319
12370
9275
15744
6729
18617
7492
13393
7254.5
12474
6071
7907
4193
18158
5280
16249
19146
7242
16729
15040
18069
17684
14313
14167
19233
13390.5
7548
7811
15697
12202
16165
10619
19904
13493
18850
12100
3875
6990
4957
9179
12105
19675
16082
6271
17644
4525
19361
8231
13251
6033
16588
12510
16011
9187
8564
7570
19405
9747
3851
11666
14053
15321
7897
13671
18722
15651
17744
10987
11514
18382
16451
10269
5118
17464
4957
9266
11385
8830
11282
7075
17914
10896
11128
4727
11410
18544
12834
17377
18349.5
19322
10770
7172
13118
6992
6151
15426
9903
5574
10882.5
16191
12425
5705
10192
5472
5095
7730
17079
4951
5701
17477
14716
7756
8184
14652
14868
12791
8167
10713
13404
19820
8247
18599
10202
6241
16523
6954
7049
6160
15396
19080
11035.0
19455
10049
5527
12887
8750
9691
13328
14399
13832
18858
5787
17015
14832
16559.0
18286
5818
12777.0
19736
5073
16933
7913
13719
16717.5
19716
3975
9150
5729
12629
7376
9071
9551
16910
14638
15215
12829
4553
5339
12152
15501
17076
19521
15532
15015
6954
16344
19506
5874
6161
9355
14725
6962
12172
10910
17955
15403
12897
6354
17783
19152
11230
12393
15030
11625
14679
7756
7559
16728
17386
9570
14694
15813
17016
7776
7766
6241
15339
14045
3984
10549
16425
10770
12877
7233
15092
13778
16318
15542.5
14767
4100
19415
15439
5709
7372
16087
5776
7486
4104
7756.5
12925
18285
15713
11596
9597
17556
18162
9343
12524
13890
9769
11408
15249
9392
17683
8815
19989
13073
19206
19490
6143
8162
7755
8528
17425
8781
9454
10426
12079
7618
6155.0
4692
11103
5459
13415
8039
17549
7010
16666
12080
7601
7998
6181
14926
12094
7313
19961
19305
8863
13535
11668.0
9801
13558
15134
6409
4275
7256
5113
16602
9192
14628
10943
16272
7396
8844
16992
14340
4929
19872
16037
10605
8572
11447
4361
10116.5
15872
15316
13701
19770
12908
4802
5379.5
10289
12121
17075
12114
12279
16950
15816
10104
7328
4166
4651
8950.0
13249
10096.5
6944
15042
5797
5518
10544
6450
18706
13229
14343
15078
4265
14666
5186
17143
4996
4212
18145
4707
4331
16995
13765
8236
11388
9362
13784
14087
9051
8403
14600
8921
12199
7620
15721
10133
4475
10915.0
17355
7755
12838.0
17921
5366
13843
11213
12510.0
13807
13488
13435
12629
15622
16978.0
18334
8187
5677
11020
15444
10197
16760
9190
4984
19506
13424
11246
13273
11356
4557
14875
19343
11165
9969
5253
7780
15822
11545.0
7268
7393
13051
5351
15588
13688
17467
6182
16846
10721
7744.0
13628
9764
6633
19607
17759
19444
18456.0
17468
17987
4042
11986
14812
6165
17579
9606
14752
16723
18906
12047
10439
8153
9858
11591
8201
13030
12303
11391
10381
18897
4287
16976
15045
8089
13998
16840
8117
10907
9053.0
7199
18122
3983
9836
4741
6910
6902
14874
16540
17351
6692
14247
10402
17254
9805
6282
11845
9459
13188
16181
15405
5286
12572
18696
19494
18531
15863
12535
16650
10472
4348.5
6253
5301
5060
9728
4812
6310
5588.0
4866
12634
6008
16510
8106
5293
8173
8294
18003
6749
5155.5
15295
14791.5
14288
7839
5659
16909
16488
16513
4913
15081
6084
17751
14075
18742
12232
4079
4000
12616
12103
5859
12231
11765
18026
11672
7477
11871
16735
9691
4976
11446
8735
16029
17205
11530
14137
13982
5169
3944
9212
5060
11061
7876
4610
15565
15464.0
15363
6626
6232
9664
8482
5439
13472
7940
15108
14125
14061
7526
5924
17528
6928
8289
4388
14553
7985
7491
14723
15276
12087
5472
11674
16510
5840
19299
6267
15902
10890
4297
10676
15623
15062
18381
12040
8527.0
5014
5451
7329
18651
18842
19740
8810
6157
8355
7575
9928
15267
6678
13698
14553
14193
10664.5
7136
7688
17190
5729
7916
18619
15595.0
12571
12371
13597
5010
9402.5
13795
6230
4699
8502
4174
5352
3861
12382
14872
17363
15136
16815.0
18494
14934
5574
7553
19542
10190
15347
8300
19152
13540
8366
13103
19712
10485
17789
7697
4608
4672.0
4736
7623
6790
10767
7383
15304
15987
19091
4707
12181.5
19656
19189
8420
8946
13898.5
18851
14643
10620.5
6598
14803
12050
13049
15865
6525
14420
12284
14171
17018
15212
10604
11000
15088
18397
8706
18537
9762
10325
8157
11126
5682
18693
14546
7878.0
19052
5309
17644
11124
8924
6856
8946
16385
4551
6597
10619.0
14641
9375
9999
10496
17551
16656
16526.0
16396
19894
8434
18360
5285
17601
17757
17056
10452
6698
8854
9124
19634
6019
18068
8925
17274
18554
8727
11096
4495
6518
7463.5
12586
10183.5
7781
18850
14993
13463
9717.0
5971
14928
15725
7401
15286
18124
9988.5
5607
8709.5
11812
9462
6357
19675
14621
18179
11091
16522
9717
4144
18292
4488
9963
6699
5285
14401
15973
5354
18521
8910
14459
13414
14477
16800
12448
8451.0
15420
9597
11048
12750.5
14453
8430.0
13760
4957
7569
11742
5840
4879
10096
12908
11663
8750
8740
19631
16406
7396
15227
13470
9754
4407
11587.0
18767
12384
12498
9968
9998
16060
12109
9397.0
6685
15199
18394
17084
18808
3905
15527
10876
4913
4112.0
5150
8242
8866
16747
4795
6605
10544
5272
10229
7763
16304
6579
3897
3848
14746
14087
4041
6190
13217
18174
7424
6968
12466
14845
17323
13928.0
10533
12327.5
14122
7181
10085
13359
13104
7841
7608.5
7376
5482
8156
6026
14187
10865
12349.5
13834
8109
17344
8849
6606
15333
7941
15381
16592
7394
16127
9433
17039
9007
15273
7537
8449
4890
19327
11929
17264
7233
6726
10160
19234
3990
11044
5797
5723.5
5650
8002
9509
11433
14055
13176
9740
12474
6762
7332
16024
13108
17627
19554
14359
12088
9628
9307.5
8987
8640
4573
19814
8667
7271
13110
19264
15409
15520
4714
12445
9034
4254
7974
16976
14787
14533
11822
18943
9647
14367
16279
11541
18960
5256
10276
6177
11121
10518
19887
17558
5515
4447
7638
18889
15315
7843
14255
18676
6377
7044
4486
5014
11285
19558
11566
6431
19891
10020
9955
5827
4322
18220
16612
9726
12572
8337
7941.0
7545
10751
12883
12208
15004
10341
14790.0
19239
19015
18773.5
18532
8184
15632
18785
10153
8871
7981
4739
8915.5
13092
5818
16885
17131
11721
16427
15276
5474
7805
19527
7434
10706
13649
18240
17215
10742
5057.0
6868
5523
6377
6080
5034
6660
11269
17368
12590
5534
16523
13261
12536
4011.0
7907
4848
6499
6607
15943
10140
9343.0
8546
10199
7445
4293
4761.5
5230
18482
9615
9587
7218
5862
5593
13935
16275
7846
13045
13370
11387
16763
7027
6547
17833
19835
19382
12735
10543.0
8351
3877
13952
13149
4386
15019
10356
7477
12030
19942
3861
8432
16352
12051
19424
18169.5
16915
8937
17507
13273
10091
12900.0
15709
18900
14036.5
9173
7229
10626
12369
6175
9906
12907
7453.5
6427
17837
13576
4137
9145
16210
5597
15890
13920
11604
4904
7464
8588
13659
13349
10051
8863
12443
4982
8881
7603
13809
13025
12632
6995
9014
17048
16525.0
16002
7171
10144
10316
16477
9140
12615
11335
9689
5836
11014
19479
18942
17203
8279
19708
17438.0
15168
13935.5
12703
11856
13891.0
15926
12359
14637
18193
13677
9940
5156
19814
15432
17224
13142
6333
11604
10437
5224.5
5186
7012
8272
10167
19506
5620
7267
7399
3972
19677
8862
14432
12304
16750
13676
18801
6235
14684
4285
13030
11541
9091
17777
13831
5772
10728.5
15685
14952
8903
3995
18331
11561
19842
5095
15978
9784
16419
7205
5506
15159
13060
8611
4377
17841
12431
16046
11762.0
7478
5437
4858
9152
19231
17144
6748
5067
18114
8733
14016
9164
6546
4254
15018
3982
13971
6689
15310
11371
12689
15720
10170.0
4620
13716
14949
13456
8275
10134
10896
12214
5527
7495
12204
16839
5137
12304
12487
15436
19999
5086
11156
15881
9596.5
16933
13659
11523
15294
6159
14605
15881
5858
13895
8912.0
3929
6479
8727
14108
18545
14978
7840
11115
6144
8160
10065
18425
9248
6120.0
8892
14009
16084
12457.0
8830
15295
10555
16409
9941
10399
15850
10431
19423
17247.5
15072
7879
6834
12106
6908
12405
15394
19630
4595
15787
9366
17463
10028
12469
6051
8906
4146
15644
7497
4435
4530.0
4625
11236
5161
12423
13224
7817
11628
5640
15344
11049.5
6755
19120
7102
9038
4333
6588
10874
6732
6421
14989
16244
10119
10414
16346
7666
5434
11225
18724
12037
5581
4049
19313
7846
3859
17117
16457
6605
4022.5
11836
7676.5
5303
10882
19881
17382
5791
9233
13605
6774
7236
3861
5434
15397
16891
7212
16210
7356
10487.0
18298
6423
8412
14886
7901
18531
16489
13709
12888
16372
10855
19761
14554
12699
12040.0
11381
19495
16760
7432
11895
8509.0
5123
4154.0
4499
14710
7281
4877
9636.0
14395
18241
6577
8565
13345.0
18125
3905
17355
12375
10192
14953
11382
16842
9875
16023
9847
7543
14293
17937
13468
17171
7032
6453
12872
18496
16390.5
14285
8202
10531
16935
18930
8699
8492
16295
13845
16510
16431
11168
16747
10261
4209
19076
4420
10145
12691
15267
19496
13860.5
8225
14465
19071
13572
8944
6304
9446
19498
19647
19548.5
19450
8060
8956
8891
17091
8500
13538.5
18577
8653
8195
8411
16933
4856
5389
5348
16761
18312
4352
16574
19450
4564
4381
8725
18212
13645
6581
13732
8318
8187
8949
18980
7366
6147
8029
12103
4502
7892.5
11283
11271
15257
19570
15500
8843
9421
6069
11996
17178
19501
16589
6474
10614
15055
5731
14917
12704
6458
15999
9953
8473
15318
7775
17880
8002
4378
11133.0
17888
5816
18397
12588
18206
5054
4907
16864
11662
18825
17913
8715
12333
11007
10814
7820
12052
19736
13338.0
6940
7228
5731.5
8535
6421
17854
13923
18383
16390
12627
9995
17257
11273
16404
11208
10909
6983.5
14746
9687
19137
15077
16477
16206
14637.0
13068
10580
14722
16842
5249
14747
15015
17702
8095
14888
11674
12555
4993
9803.0
14613
19458
19159
9673
6428
10730.5
15033
7697
13323
16598
16631
18542
12031
15702
8074
16328
14718
7694
10342.5
12991
10875.0
8759
16588
5440
15107
17819
9731
17195
6593
15002
17442
13970.5
10499
15250
13256.0
11262
10185
11112
15571
4738
9117.0
13496
16670
14461
14938
18077
5782
11008
8992
6119
10664
19890
11325
6615
14059
4478
19035
16659
10709
11089.0
11469
12588
16341
5875
11348
4517
7953.5
11390
14652
7640.5
14933
18324
12643
5786
19671
13333
17791
9857.5
13203
16359.0
19515
5868
19349
14430
8293
16816
16869.5
16923
12579
4858.0
9451
6734
5057
15621
9122
8112
7683
4620
17330
8097
12668
4502
12497
10408
13011.5
15615
5304
10848
16190
8156.5
16213
4289
8552.0
12815
18970
6515
15250
13916
10456
6670.0
12082
17513
12962.5
8412
6613.5
12441
18489
19094
8113
16858
13418
3972
8128
11802
7948
4205
8538
12661
17310
15926
7232
18892
8459
8276.0
8093
12877
13267
14750
17193.0
19636
8161
5047
17848
6074
16854
13800
17470
14852
4170
15818
15025
4967
12979
4519
11054
5852
11774
14930.5
18087
4491
9258
19868
6788
7484
16162
10674
12799
11011
6834
18238
18509
13626
11531
4104
5493
19486
18245.0
17004
9639
19608
12599
8994
16803
15808
17781
14209
15913.0
17617
9070
18143
11043
10771.5
10500
14806
6219
4539
8047
11725
5310
10371
6963
7480
14835
9508
8673
8857
7151
11497
17999
12945
11423
15949
11770
14337
6021
6392
13585
17149
14272.0
11395
16102
13837
11134
12080
8217
12930
8544
9604
7217.0
4830
12680
15457
18723
9955
9927
11664
11014
8209.5
15808
17157
14077
15734
12393
7647
13821
9182
18873
13218
18764
19018.0
19272
9151
17893
16075
12152
18410
9620
17216
17585
18022
8715
11134
4605
6418
14405
10784
9319
7295
5109
5653.0
6197
9445
16048
11846
4967
4751
4518
6486
12071
6637
6805
5858
10232
7165
10385
10832
16503
6704
15586
15368
8639
16645
7174.5
13361
18077
14002
18554
17474
5916
7966
8365
8560
5540
16098
10257
7332
15134
13175
16613
6290
10388.5
14487
9100
11414
11432
11626
10955
8891
3890
13292
8206
5368
9821
14989
10515
13950
11652
18464
16169.5
13875
16157
9096.5
15631
11794
13572
5820
17578
19689
19220
7062
6656
15110
10319.0
5528
6973
11101
8052
13421
4180
16113
10897
9242
5428
6212
19598
15302
19594
12438
10349
4977
8664
11284
12428
10892
19761
18254
9585
11896
19059
14320
5305
5573
14611
4268
3902
14956
12799
15258
11457
14850
19232
10562
12461.5
14361
17117
15358
6224
13360
13661.0
13962
13688
11659.0
19847
7550
14171
13352
8854
12938
16847
4353
7959
8091
5030
16631
11655
19310
7685
6458
14177
16654
5104
13929
14252
9200
19513
6143
9193.0
14615
17401
16567
7816
13916
14987
19964
14012
16053
15361
17242
4913
5035
18986
9545.0
5129
4548.0
3967
9023
18114
12985
4987
12533
11206
7220
4251
13410
9174
7336
13280
11759
13104
17478
5668
16277
10162
13640
16140
15870
8721
5581
14946
7762
9984
18384
19196
11774
11716.0
11658
5323
8678
13230
9059.0
4888
9082
9936.0
10790
9920
6075
18489
4977.5
7559
17452
10538
12723.5
14909
7444
13973
19248
8487
9180
15109
18151
14952.0
11753
9272.0
15391
12774
11020
9762
12122
9130
11515.5
13901
10410
4609
5987
18537
19317
8283
17177
4603
3995
18477
5411
18252
17154
7439
12692
8394
7385
5601
12423
16209
6181
17669
14535
15489
15555
6163
13423
13763
18878
13522
7615
13968
11379
17573
19267
4683
7130
17418
5511
5949
14841
8709
11092
18858
10295
10487
18705
8616
9729
4391
16919
6327
9275
10533.5
11792
17398
13557.0
9716
19484
16787
4059
11961
16949
11010
14847
16999
10778
9510
18508
5794
15512
10481
6855
8850
6486.0
4122
8030.5
11939
11468
13754
19277
7442
19863
15963
4550
19007
6612
19651
17474
11123
11535
16396
15126
10800
16042
10538
9383
19897
14193
16989
11267
7736
10843
18705
8875
16200
18220
9246
18854
14048
11902
10525
14901
13033
6493
13680
10385
9623
4723
11515
8871.0
6227
10165
10837
9364
18509
8652
19229
19598
10553
18769
7905
18382
18205
4274
10738.0
17202
13372
18371
16345
11196
8364
13818
9285
9834
7287.5
4741
19668
11960
6135
4512
19611
8819
12282
5215
6211
16657
10333
15638
9436
15999
11854
8451
7299
9707
13986
8741
16277
4748
9595
12755
19218
14962
11211
15136
9567
13067
19262
16202
13736
10143.0
6550
13014
9668
7512
5316
8194.5
11073
12580
8090.0
14348
9835
13263
11840.5
10418
8682
11398
17591
15413
12733
6002
10074
12159
16786
5295
7211.0
9127
19128
12535
19938
6829
4120
6821
14357
17160
18272.5
19385
12838
18938
4380
16819
17356
17705
13299
10810
6201
8318
5897
7700
18005
10058
12992
15142
16218
11390
7100
19807
10527.5
13456
12785
15507
4442
17357
17667
11288
19708
6875
11201
13411
19322
12156
9893
14770
7973
16638
3871
12664
7966
17776
18367
11911
8535
8662
7353
5826
6605
9061
13462
4015
17450
6489
4368.0
4824.5
7402
18706
7688
16695
5338.5
9842
5216
12402
9545.5
6689
13331
14660
11430
7150
4778
10179
8748
14526
15817
6161
5758
13340
4757
4350
6763
4633.5
15866
12722.0
9578
9335
13928
17366
18356
8082
7066
7316
6676
14627
7878
8376.5
8875
8120
14943
11423
19325
5822
9819
15775
18171
9893
17426
8429
4851
11621
10437
4689
16971
11813
8627
12354
4173
19908
5239
15734
7571
5120
12339
5646
8939
18024
8401
5798
15888
19628
15469
14131
13076
16929
8332
4386
12497
12989
18566
14831
17888
5658
17140
6792
5384
17929
8094
4905
5308.5
5712
7067
8766
17315
6033
4414.5
8190
13626
13860
8078
14931
11650
11190.5
10731
13649
15102
15498
4280
10270
6695
15481
15131
9309
15949
8331
16332
12086
17703
11320
5030
4240
19159
12414
16618
16705
15231
14336.5
13442
8100
6207
5797
16158
6254
16070
9073
8765
16005
9716
16673
17458
13785
5434
6922
3927
4152
13151
4553
15337
15292
19272
17910
6755
16463
6973
15282
9062
5802.5
18231
9681
12667
12817
12781
6096
5053
11655.0
18257
19647
9933
6154
16471
8100
5504
15653
15663
16580
11092
14591
4423
15941
9263
15293
7951
6344
9573
17441
18541
17767
4967
19025
18422
6900
8715
9084
7753
6232
9289
19406
16565.0
13724
11170.0
8616
4206
16019
9339
13901
16608
17448
8799
4951
17535
15411
19245
18865
6904
17164
7678
9252
4560
16001
8103
19593
11407
13039
13462
17928
6694
6699
5925
18893
3957
15608
7615
13976
5982
16599
9143
15601
12152
5284
17350
15591
19379
10916
10437
11402
9029
8283
13927
4770
8444
12390
9297
13503
8663
11191
7990
8566
6885
11300
5228
17864
14549.5
11235
17892
18090.5
18289
8312
10233
18870
19704
17355.0
15006
12130
8629
16959
14453.5
11948
8771
14075.0
19379
13202
5993
7639
10131
6333
13105
9026
4050
12016
13539
13803
14926
5992
8126.5
10261
19625
5070
4806
16598
14478
14717
16683
6837
17813
9293
18937
18170
16223
4815
18533
12638
11926
12595
6088
7093
18789
13542
6981.5
8241
9556.5
10872
9541
17770
12524
14832
17432
17797
17768
10237
13964
16884
19552
5158
9239
13227
8558
14764
17985
8403
6594
5163
4811
19952
15287
3931
7136
16374
12241
17351
18382
15959.0
13536
9680
4202
10253
10295
15132
